number of input SNPs = 
number of AIMs used = 
Loading conda/23.11.0
  Loading requirement: miniforge/23.11.0
reading command line				0 ms
reading sample ids and ploidy			0 ms
creating states matrix				0 ms
reading data and creating emissions matrices	780000 ms
computing transition routes			0 ms
creating initial admixture model(s)		0 ms
estimating 1 parameters
starting golden section search		
	iteration	low bound	low test	high test	high bound	lnl low	lnl high
	0	1	3820.28	6180.72	10000	-249878	-250117
	1	1	2361.44	3820.28	6180.72	-249482	-249878
	2	1	1459.83	2361.44	3820.28	-248878	-249482
	3	1	902.609	1459.83	2361.44	-248052	-248878
	4	1	558.225	902.609	1459.83	-247007	-248052
	5	1	345.384	558.225	902.609	-245772	-247007
	6	1	213.841	345.384	558.225	-244407	-245772
	7	1	132.543	213.841	345.384	-242997	-244407
	8	1	82.2981	132.543	213.841	-241641	-242997
	9	1	51.245	82.2981	132.543	-240424	-241641
	10	1	32.0531	51.245	82.2981	-239394	-240424
	11	1	20.1919	32.0531	51.245	-238558	-239394
	12	1	12.8612	20.1919	32.0531	-237901	-238558
	13	1	8.33064	12.8612	20.1919	-237397	-237901
	14	1	5.53059	8.33064	12.8612	-237017	-237397
	15	1	3.80006	5.53059	8.33064	-236736	-237017
	16	1	2.73053	3.80006	5.53059	-236533	-236736
	17	1	2.06953	2.73053	3.80006	-236389	-236533
	18	1	1.661	2.06953	2.73053	-236291	-236389
	19	1	1.40852	1.661	2.06953	-236226	-236291
	20	1	1.25248	1.40852	1.661	-236183	-236226
	21	1	1.15604	1.25248	1.40852	-236156	-236183
	22	1	1.09644	1.15604	1.25248	-236139	-236156
	23	1	1.0596	1.09644	1.15604	-236128	-236139
	24	1	1.03684	1.0596	1.09644	-236121	-236128
	25	1	1.02277	1.03684	1.0596	-236117	-236121
	26	1	1.01407	1.02277	1.03684	-236114	-236117
	27	1	1.0087	1.01407	1.02277	-236113	-236114
	28	1	1.00537	1.0087	1.01407	-236112	-236113
	29	1	1.00332	1.00537	1.0087	-236111	-236112
	30	1	1.00205	1.00332	1.00537	-236111	-236111
	31	1	1.00127	1.00205	1.00332	-236111	-236111
	32	1	1.00078	1.00127	1.00205	-236110	-236111
	33	1	1.00048	1.00078	1.00127	-236110	-236110
	34	1	1.0003	1.00048	1.00078	-236110	-236110
	35	1	1.00019	1.0003	1.00048	-236110	-236110
	36	1	1.00011	1.00019	1.0003	-236110	-236110
	37	1	1.00007	1.00011	1.00019	-236110	-236110
	38	1	1.00004	1.00007	1.00011	-236110	-236110
	39	1	1.00003	1.00004	1.00007	-236110	-236110
	40	1	1.00002	1.00003	1.00004	-236110	-236110
	41	1	1.00001	1.00002	1.00003	-236110	-236110
	42	1	1.00001	1.00001	1.00002	-236110	-236110
	43	1	1	1.00001	1.00001	-236110	-236110
	44	1	1	1	1.00001	-236110	-236110
	45	1	1	1	1	-236110	-236110
	46	1	1	1	1	-236110	-236110
	47	1	1	1	1	-236110	-236110
	48	1	1	1	1	-236110	-236110
	49	1	1	1	1	-236110	-236110
	50	1	1	1	1	-236110	-236110
	51	1	1	1	1	-236110	-236110
	52	1	1	1	1	-236110	-236110

					SEARCH TIME: 1.25e+06 ms

optimal model found:

	type	time	proportion
optimum: 
	type	time	proportion
	0	100000	0.6687
	0	100000	0.6687
	1	1	0.3313
	1	1	0.3313

creating per morgan transition rates		0 ms
creating transition matrices			20000 ms
computing forward probabilities	lnl: -236110		0 ms
computing backward probabilities			0 ms
forward-backward posterior decoding and printing			70000 ms
total run time:			2.12e+06 ms
number of input SNPs = 
number of AIMs used = 
reading command line				0 ms
reading sample ids and ploidy			0 ms
creating states matrix				0 ms
reading data and creating emissions matrices	550000 ms
computing transition routes			0 ms
creating initial admixture model(s)		0 ms
estimating 1 parameters
starting golden section search		
	iteration	low bound	low test	high test	high bound	lnl low	lnl high
	0	1	3820.28	6180.72	10000	-243822	-243973
	1	1	2361.44	3820.28	6180.72	-243577	-243822
	2	1	1459.83	2361.44	3820.28	-243209	-243577
	3	1	902.609	1459.83	2361.44	-242708	-243209
	4	1	558.225	902.609	1459.83	-242081	-242708
	5	1	345.384	558.225	902.609	-241354	-242081
	6	1	213.841	345.384	558.225	-240568	-241354
	7	1	132.543	213.841	345.384	-239784	-240568
	8	1	82.2981	132.543	213.841	-239060	-239784
	9	1	51.245	82.2981	132.543	-238436	-239060
	10	1	32.0531	51.245	82.2981	-237932	-238436
	11	1	20.1919	32.0531	51.245	-237544	-237932
	12	1	12.8612	20.1919	32.0531	-237260	-237544
	13	1	8.33064	12.8612	20.1919	-237057	-237260
	14	1	5.53059	8.33064	12.8612	-236916	-237057
	15	1	3.80006	5.53059	8.33064	-236818	-236916
	16	1	2.73053	3.80006	5.53059	-236750	-236818
	17	1	2.06953	2.73053	3.80006	-236705	-236750
	18	1	1.661	2.06953	2.73053	-236675	-236705
	19	1	1.40852	1.661	2.06953	-236655	-236675
	20	1	1.25248	1.40852	1.661	-236643	-236655
	21	1	1.15604	1.25248	1.40852	-236635	-236643
	22	1	1.09644	1.15604	1.25248	-236631	-236635
	23	1	1.0596	1.09644	1.15604	-236628	-236631
	24	1	1.03684	1.0596	1.09644	-236626	-236628
	25	1	1.02277	1.03684	1.0596	-236625	-236626
	26	1	1.01407	1.02277	1.03684	-236624	-236625
	27	1	1.0087	1.01407	1.02277	-236624	-236624
	28	1	1.00537	1.0087	1.01407	-236624	-236624
	29	1	1.00332	1.00537	1.0087	-236624	-236624
	30	1	1.00205	1.00332	1.00537	-236623	-236624
	31	1	1.00127	1.00205	1.00332	-236623	-236623
	32	1	1.00078	1.00127	1.00205	-236623	-236623
	33	1	1.00048	1.00078	1.00127	-236623	-236623
	34	1	1.0003	1.00048	1.00078	-236623	-236623
	35	1	1.00019	1.0003	1.00048	-236623	-236623
	36	1	1.00011	1.00019	1.0003	-236623	-236623
	37	1	1.00007	1.00011	1.00019	-236623	-236623
	38	1	1.00004	1.00007	1.00011	-236623	-236623
	39	1	1.00003	1.00004	1.00007	-236623	-236623
	40	1	1.00002	1.00003	1.00004	-236623	-236623
	41	1	1.00001	1.00002	1.00003	-236623	-236623
	42	1	1.00001	1.00001	1.00002	-236623	-236623
	43	1	1	1.00001	1.00001	-236623	-236623
	44	1	1	1	1.00001	-236623	-236623
	45	1	1	1	1	-236623	-236623
	46	1	1	1	1	-236623	-236623
	47	1	1	1	1	-236623	-236623
	48	1	1	1	1	-236623	-236623
	49	1	1	1	1	-236623	-236623
	50	1	1	1	1	-236623	-236623

					SEARCH TIME: 1.22e+06 ms

optimal model found:

	type	time	proportion
optimum: 
	type	time	proportion
	0	100000	0.850906
	0	100000	0.850906
	1	1	0.149094
	1	1	0.149094

creating per morgan transition rates		0 ms
creating transition matrices			20000 ms
computing forward probabilities	lnl: -236623		0 ms
computing backward probabilities			10000 ms
forward-backward posterior decoding and printing			60000 ms
total run time:			1.86e+06 ms
number of input SNPs = 
number of AIMs used = 
reading command line				0 ms
reading sample ids and ploidy			0 ms
creating states matrix				0 ms
reading data and creating emissions matrices	640000 ms
computing transition routes			0 ms
creating initial admixture model(s)		0 ms
estimating 1 parameters
starting golden section search		
	iteration	low bound	low test	high test	high bound	lnl low	lnl high
	0	1	3820.28	6180.72	10000	-245527	-245887
	1	1	2361.44	3820.28	6180.72	-244974	-245527
	2	1	1459.83	2361.44	3820.28	-244182	-244974
	3	1	902.609	1459.83	2361.44	-243138	-244182
	4	1	558.225	902.609	1459.83	-241866	-243138
	5	1	345.384	558.225	902.609	-240438	-241866
	6	1	213.841	345.384	558.225	-238966	-240438
	7	1	132.543	213.841	345.384	-237579	-238966
	8	1	82.2981	132.543	213.841	-236372	-237579
	9	1	51.245	82.2981	132.543	-235390	-236372
	10	1	32.0531	51.245	82.2981	-234639	-235390
	11	1	20.1919	32.0531	51.245	-234099	-234639
	12	1	12.8612	20.1919	32.0531	-233733	-234099
	13	1	8.33064	12.8612	20.1919	-233494	-233733
	14	1	5.53059	8.33064	12.8612	-233346	-233494
	15	1	3.80006	5.53059	8.33064	-233256	-233346
	16	1	2.73053	3.80006	5.53059	-233202	-233256
	17	1	2.06953	2.73053	3.80006	-233171	-233202
	18	1	1.661	2.06953	2.73053	-233153	-233171
	19	1	1.40852	1.661	2.06953	-233143	-233153
	20	1	1.25248	1.40852	1.661	-233137	-233143
	21	1	1.15604	1.25248	1.40852	-233134	-233137
	22	1	1.09644	1.15604	1.25248	-233132	-233134
	23	1	1.0596	1.09644	1.15604	-233131	-233132
	24	1	1.03684	1.0596	1.09644	-233131	-233131
	25	1	1.02277	1.03684	1.0596	-233130	-233131
	26	1	1.01407	1.02277	1.03684	-233130	-233130
	27	1	1.0087	1.01407	1.02277	-233130	-233130
	28	1	1.00537	1.0087	1.01407	-233130	-233130
	29	1	1.00332	1.00537	1.0087	-233130	-233130
	30	1	1.00205	1.00332	1.00537	-233130	-233130
	31	1	1.00127	1.00205	1.00332	-233130	-233130
	32	1	1.00078	1.00127	1.00205	-233130	-233130
	33	1	1.00048	1.00078	1.00127	-233130	-233130
	34	1	1.0003	1.00048	1.00078	-233130	-233130
	35	1	1.00019	1.0003	1.00048	-233130	-233130
	36	1	1.00011	1.00019	1.0003	-233130	-233130
	37	1	1.00007	1.00011	1.00019	-233130	-233130
	38	1	1.00004	1.00007	1.00011	-233130	-233130
	39	1	1.00003	1.00004	1.00007	-233130	-233130
	40	1	1.00002	1.00003	1.00004	-233130	-233130
	41	1	1.00001	1.00002	1.00003	-233130	-233130
	42	1	1.00001	1.00001	1.00002	-233130	-233130
	43	1	1	1.00001	1.00001	-233130	-233130
	44	1	1	1	1.00001	-233130	-233130
	45	1	1	1	1	-233130	-233130
	46	1	1	1	1	-233130	-233130
	47	1	1	1	1	-233130	-233130

					SEARCH TIME: 1.19e+06 ms

optimal model found:

	type	time	proportion
optimum: 
	type	time	proportion
	0	100000	0.835957
	0	100000	0.835957
	1	1	0.164043
	1	1	0.164043

creating per morgan transition rates		0 ms
creating transition matrices			20000 ms
computing forward probabilities	lnl: -233130		0 ms
computing backward probabilities			20000 ms
forward-backward posterior decoding and printing			60000 ms
total run time:			1.93e+06 ms
