number of input SNPs = 
number of AIMs used = 
Loading conda/23.11.0
  Loading requirement: miniforge/23.11.0
reading command line				0 ms
reading sample ids and ploidy			0 ms
creating states matrix				0 ms
reading data and creating emissions matrices	2.38e+06 ms
computing transition routes			0 ms
creating initial admixture model(s)		0 ms
estimating 1 parameters
starting golden section search		
	iteration	low bound	low test	high test	high bound	lnl low	lnl high
	0	1	3820.28	6180.72	10000	-694700	-694705
	1	1	2361.44	3820.28	6180.72	-694689	-694700
	2	1	1459.83	2361.44	3820.28	-694669	-694689
	3	1	902.609	1459.83	2361.44	-694641	-694669
	4	1	558.225	902.609	1459.83	-694607	-694641
	5	1	345.384	558.225	902.609	-694567	-694607
	6	1	213.841	345.384	558.225	-694518	-694567
	7	1	132.543	213.841	345.384	-694466	-694518
	8	1	82.2981	132.543	213.841	-694424	-694466
	9	1	51.245	82.2981	132.543	-694394	-694424
	10	1	32.0531	51.245	82.2981	-694373	-694394
	11	1	20.1919	32.0531	51.245	-694361	-694373
	12	1	12.8612	20.1919	32.0531	-694355	-694361
	13	1	8.33064	12.8612	20.1919	-694353	-694355
	14	1	5.53059	8.33064	12.8612	-694354	-694353
	15	5.53059	8.33064	10.0612	12.8612	-694353	-694353
	16	5.53059	7.26112	8.33064	10.0612	-694353	-694353
	17	7.26112	8.33064	8.99164	10.0612	-694353	-694353
	18	7.26112	7.92212	8.33064	8.99164	-694353	-694353
	19	7.92212	8.33064	8.58312	8.99164	-694353	-694353
	20	7.92212	8.1746	8.33064	8.58312	-694353	-694353
	21	7.92212	8.07816	8.1746	8.33064	-694353	-694353
	22	8.07816	8.1746	8.2342	8.33064	-694353	-694353
	23	8.07816	8.13776	8.1746	8.2342	-694353	-694353
	24	8.13776	8.1746	8.19737	8.2342	-694353	-694353
	25	8.1746	8.19737	8.21144	8.2342	-694353	-694353
	26	8.1746	8.18867	8.19737	8.21144	-694353	-694353

					SEARCH TIME: 1e+06 ms

optimal model found:

	type	time	proportion
optimum: 
	type	time	proportion
	0	100000	0.999
	0	100000	0.999
	1	8.20005	0.001
	1	8.20005	0.001

creating per morgan transition rates		0 ms
creating transition matrices			20000 ms
computing forward probabilities	lnl: -694353		10000 ms
computing backward probabilities			10000 ms
forward-backward posterior decoding and printing			270000 ms
total run time:			3.7e+06 ms
number of input SNPs = 
number of AIMs used = 
reading command line				0 ms
reading sample ids and ploidy			0 ms
creating states matrix				0 ms
reading data and creating emissions matrices	3.82e+06 ms
computing transition routes			0 ms
creating initial admixture model(s)		0 ms
estimating 1 parameters
starting golden section search		
	iteration	low bound	low test	high test	high bound	lnl low	lnl high
	0	1	3820.28	6180.72	10000	-703381	-703384
	1	1	2361.44	3820.28	6180.72	-703375	-703381
	2	1	1459.83	2361.44	3820.28	-703366	-703375
	3	1	902.609	1459.83	2361.44	-703349	-703366
	4	1	558.225	902.609	1459.83	-703323	-703349
	5	1	345.384	558.225	902.609	-703290	-703323
	6	1	213.841	345.384	558.225	-703248	-703290
	7	1	132.543	213.841	345.384	-703183	-703248
	8	1	82.2981	132.543	213.841	-703122	-703183
	9	1	51.245	82.2981	132.543	-703079	-703122
	10	1	32.0531	51.245	82.2981	-703051	-703079
	11	1	20.1919	32.0531	51.245	-703034	-703051
	12	1	12.8612	20.1919	32.0531	-703026	-703034
	13	1	8.33064	12.8612	20.1919	-703023	-703026
	14	1	5.53059	8.33064	12.8612	-703025	-703023
	15	5.53059	8.33064	10.0612	12.8612	-703023	-703024
	16	5.53059	7.26112	8.33064	10.0612	-703023	-703023
	17	7.26112	8.33064	8.99164	10.0612	-703023	-703023
	18	7.26112	7.92212	8.33064	8.99164	-703023	-703023
	19	7.92212	8.33064	8.58312	8.99164	-703023	-703023
	20	7.92212	8.1746	8.33064	8.58312	-703023	-703023
	21	7.92212	8.07816	8.1746	8.33064	-703023	-703023
	22	8.07816	8.1746	8.2342	8.33064	-703023	-703023
	23	8.07816	8.13776	8.1746	8.2342	-703023	-703023
	24	8.13776	8.1746	8.19737	8.2342	-703023	-703023
	25	8.1746	8.19737	8.21144	8.2342	-703023	-703023

					SEARCH TIME: 950000 ms

optimal model found:

	type	time	proportion
optimum: 
	type	time	proportion
	1	100000	0.999
	1	100000	0.999
	0	8.19302	0.001
	0	8.19302	0.001

creating per morgan transition rates		0 ms
creating transition matrices			30000 ms
computing forward probabilities	lnl: -703023		10000 ms
computing backward probabilities			20000 ms
forward-backward posterior decoding and printing			270000 ms
total run time:			5.1e+06 ms
number of input SNPs = 
number of AIMs used = 
reading command line				0 ms
reading sample ids and ploidy			0 ms
creating states matrix				0 ms
reading data and creating emissions matrices	1.814e+07 ms
computing transition routes			0 ms
creating initial admixture model(s)		0 ms
estimating 1 parameters
starting golden section search		
	iteration	low bound	low test	high test	high bound	lnl low	lnl high
	0	1	3820.28	6180.72	10000	-331780	-331910
	1	1	2361.44	3820.28	6180.72	-331578	-331780
	2	1	1459.83	2361.44	3820.28	-331252	-331578
	3	1	902.609	1459.83	2361.44	-330748	-331252
	4	1	558.225	902.609	1459.83	-330037	-330748
	5	1	345.384	558.225	902.609	-329120	-330037
	6	1	213.841	345.384	558.225	-328024	-329120
	7	1	132.543	213.841	345.384	-326806	-328024
	8	1	82.2981	132.543	213.841	-325553	-326806
	9	1	51.245	82.2981	132.543	-324357	-325553
	10	1	32.0531	51.245	82.2981	-323286	-324357
	11	1	20.1919	32.0531	51.245	-322377	-323286
	12	1	12.8612	20.1919	32.0531	-321631	-322377
	13	1	8.33064	12.8612	20.1919	-321035	-321631
	14	1	5.53059	8.33064	12.8612	-320568	-321035
	15	1	3.80006	5.53059	8.33064	-320207	-320568
	16	1	2.73053	3.80006	5.53059	-319933	-320207
	17	1	2.06953	2.73053	3.80006	-319730	-319933
	18	1	1.661	2.06953	2.73053	-319583	-319730
	19	1	1.40852	1.661	2.06953	-319480	-319583
	20	1	1.25248	1.40852	1.661	-319411	-319480
	21	1	1.15604	1.25248	1.40852	-319365	-319411
	22	1	1.09644	1.15604	1.25248	-319335	-319365
	23	1	1.0596	1.09644	1.15604	-319316	-319335
	24	1	1.03684	1.0596	1.09644	-319304	-319316
	25	1	1.02277	1.03684	1.0596	-319297	-319304
	26	1	1.01407	1.02277	1.03684	-319292	-319297
	27	1	1.0087	1.01407	1.02277	-319290	-319292
	28	1	1.00537	1.0087	1.01407	-319288	-319290
	29	1	1.00332	1.00537	1.0087	-319287	-319288
	30	1	1.00205	1.00332	1.00537	-319286	-319287
	31	1	1.00127	1.00205	1.00332	-319286	-319286
	32	1	1.00078	1.00127	1.00205	-319285	-319286
	33	1	1.00048	1.00078	1.00127	-319285	-319285
	34	1	1.0003	1.00048	1.00078	-319285	-319285
	35	1	1.00019	1.0003	1.00048	-319285	-319285
	36	1	1.00011	1.00019	1.0003	-319285	-319285
	37	1	1.00007	1.00011	1.00019	-319285	-319285
	38	1	1.00004	1.00007	1.00011	-319285	-319285
	39	1	1.00003	1.00004	1.00007	-319285	-319285
	40	1	1.00002	1.00003	1.00004	-319285	-319285
	41	1	1.00001	1.00002	1.00003	-319285	-319285
	42	1	1.00001	1.00001	1.00002	-319285	-319285
	43	1	1	1.00001	1.00001	-319285	-319285
	44	1	1	1	1.00001	-319285	-319285
	45	1	1	1	1	-319285	-319285
	46	1	1	1	1	-319285	-319285
	47	1	1	1	1	-319285	-319285
	48	1	1	1	1	-319285	-319285
	49	1	1	1	1	-319285	-319285
	50	1	1	1	1	-319285	-319285
	51	1	1	1	1	-319285	-319285
	52	1	1	1	1	-319285	-319285
	53	1	1	1	1	-319285	-319285
	54	1	1	1	1	-319285	-319285

					SEARCH TIME: 1.68e+06 ms

optimal model found:

	type	time	proportion
optimum: 
	type	time	proportion
	1	100000	0.5
	1	100000	0.5
	0	1	0.5
	0	1	0.5

creating per morgan transition rates		0 ms
creating transition matrices			30000 ms
computing forward probabilities	lnl: -319285		0 ms
computing backward probabilities			0 ms
forward-backward posterior decoding and printing			90000 ms
total run time:			1.994e+07 ms
