242
330
502
507
555
571
571
579
601
673
671
675
701
725
759
754
756
761
30
30
49
827
835
904
925
923
951
978
1189
1213
1251
1233
1257
1329
1342
1350
1389
1381
1599
1642
1561
1561
1548
1569
1587
1568
1614
1611
1634
1649
1652
1636
1640
1641
1649
1655
2041
2157
2183
2242
2248
2435
2466
2487
2463
2514
2567
2662
2693
2717
2696
2753
2749
2783
2879
2923
2875
2951
2986
2954
2964
3329
3327
3335
3398
3374
3453
3541
3527
3592
3615
3565
3631
3684
3662
3638
3667
3712
3709
3735
3749
3777
3922
3980
3955
3976
3985
3980
4231
4332
4399
4433
4520
4487
4615
4550
4643
4602
4726
4693
4794
4776
4846
4910
4953
4902
4990
5000
5064
5091
5100
5080
5200
5243
5273
5266
5237
5328
5400
5455
5465
5425
5384
5468
5560
5613
5703
5462
5596
5718
5754
5791
5767
5778
5664
5950
5946
5953
6016
6037
6013
5921
5876
5892
6016
5927
5919
6030
6086
6102
6156
6100
6168
6043
6140
6256
6191
6231
6000
6089
6214
6267
6248
6201
6263
6228
6172
6343
6217
6199
6179
6201
6212
6339
6304
6564
6488
6698
6728
6763
6680
6599
6499
6659
6598
6180
6562
6507
6509
6492
6388
6284
6544
6628
6439
6625
6600
6547
6566
6555
6528
6535
6772
6832
6781
6788
6653
6810
6801
7120
6956
6973
6889
6772
7046
6814
7086
7170
7289
7320
7268
7211
7327
7406
7309
7512
7484
7523
7642
7672
7931
7972
7754
7819
7734
7997
7960
7933
7802
7741
7645
7714
7763
7735
7672
7634
7721
7755
7800
8142
8108
8077
7985
8006
7937
8066
8063
8070
7884
8004
8065
7742
7877
7995
8100
8240
8248
8139
7945
8118
8034
8179
8136
8138
8221
8225
8220
8262
8100
8129
8132
8176
8178
8190
8199
8184
8179
8154
8134
8097
8291
8395
8343
8292
8296
8320
8368
8236
8166
8104
8236
8295
8162
8080
8007
8100
8120
8201
8251
8298
8367
8400
8364
8477
8561
8506
8618
8460
8470
8484
8504
8506
8344
8039
8319
8192
8279
8215
8268
8217
8289
8222
8313
8375
8391
8455
8536
8500
8562
8505
8518
8400
8434
8622
8544
8625
8516
8559
8418
8563
8926
8989
8952
8946
8993
9133
9071
9099
8917
8916
8946
8943
8993
9106
9152
9065
9113
9094
9006
9094
9054
9123
9047
8978
8921
8820
8971
8942
8823
8905
8776
8800
8840
8822
8826
8662
8652
8656
8625
8711
8796
8774
8719
8798
8916
8970
9048
9027
8826
8725
8671
8643
8837
8887
8862
8881
8998
9090
8997
8961
8942
8934
9005
8913
8877
8825
8515
8945
9021
8979
9022
9033
8952
9029
9050
8978
8710
8897
8863
8972
9029
9103
8981
9068
9036
8931
8954
8951
8942
8812
8834
8898
9080
9150
9088
9090
9082
9114
9171
8867
8945
8945
8904
9025
8982
9010
8882
8984
8925
8877
8734
8867
8877
8708
8723
8596
8777
8824
8687
8669
8596
8877
8813
8785
8819
8987
9023
8900
8850
8956
9072
9188
9037
8797
8894
8910
8855
8838
8967
8915
8647
9055
9058
8931
8868
8903
9059
9089
9040
9113
8782
8905
8857
9007
8946
8943
9103
9117
9176
9100
9042
9086
8881
8785
8748
8930
9051
8829
8765
8811
8873
8876
8895
8859
8880
8784
8746
8756
8690
8632
8650
8691
8674
8787
8750
8879
8845
9006
9103
8985
9044
8978
9086
9003
8900
8854
8795
8823
8853
8672
8680
8716
8649
8814
8657
8699
8727
8830
8891
8864
8961
9024
8973
8950
9028
9029
9111
9040
9055
9114
9017
9030
9050
8985
9091
9110
9123
9053
9116
9128
9129
9069
9064
9111
9038
9149
9134
9117
9092
9055
9269
9038
8832
8900
9013
8946
9086
9097
9171
9176
9062
9288
9277
9253
9290
9118
9283
9229
9235
9264
9158
9041
9188
9043
9092
9157
9175
8976
9159
8959
9226
9064
9215
9171
8938
9029
9107
9143
9208
9137
9058
9144
9140
9125
8957
8997
9027
9050
8984
8982
8880
8891
8929
8980
8955
8886
8969
8975
9145
9133
8998
8841
8951
8867
8704
8670
8453
8382
8443
8452
8360
8245
8204
8374
8363
8146
8050
8099
8093
8082
8012
8095
8021
8063
8027
8070
8281
8447
8535
8458
8435
8515
8526
8432
8440
8266
8327
8190
8065
8165
8042
7903
8023
8052
8045
8083
7918
8136
8199
8249
8323
8295
8235
8269
8298
8305
8068
8123
8059
7878
7981
7894
7878
7948
7853
8015
7908
7934
7926
7937
8014
7932
8007
7972
7866
7907
7815
8074
8084
8100
8237
8333
8442
8333
8336
8301
8378
8434
8512
8452
8412
8424
8736
8772
8717
8675
8707
8844
8918
8904
8920
8842
8793
8796
8885
8801
8736
8935
9021
9157
9147
9048
9115
9199
9236
9170
9212
9187
9210
9291
9201
8899
8873
8980
8932
9077
9157
9076
9059
9021
9138
9082
9099
9174
9195
9090
9105
9008
9073
9163
8958
9100
9052
9006
9082
9047
8967
8914
8692
8801
8781
8847
8787
8835
9036
8969
8931
8944
8860
8914
8969
9027
9056
8981
8905
9026
8991
8887
8988
9048
9100
9069
9038
9006
8934
8935
8818
8846
8892
8665
8849
8874
8854
8822
8768
8552
8622
8669
8690
8749
8600
8580
8722
8787
8836
8779
8761
8538
8592
8480
8551
8584
8548
8455
8555
8565
8531
8516
8560
8585
8651
8726
8744
8692
8800
8730
8619
8528
8723
8710
8730
8662
8652
8843
8866
8836
8878
8732
8825
8803
8567
8533
8457
8652
8746
8683
8719
8663
8698
8751
8627
8502
8246
8540
8568
8490
8438
8256
8098
8182
8147
8082
8501
8514
8927
9016
8947
8843
8846
8891
8889
8883
8930
8879
9037
9277
9163
9219
9166
9206
9277
9250
9135
9243
9325
9112
9218
9114
9036
9064
9147
9147
9099
9010
8968
9058
9064
9207
9018
9102
9035
8994
8961
153
63
25
12
965
9308
9257
9251
9262
9237
9221
9109
9063
9195
9144
9130
9200
9211
9061
8966
9121
9230
9193
9004
9101
9191
9157
9286
9281
9174
9304
9261
9251
9252
8996
9114
9134
9169
9301
9275
9265
9307
9300
9226
9287
9267
9233
9227
9248
9242
9275
9302
9230
9302
9300
9352
9320
9178
9283
9272
9352
9315
9310
9179
9160
9262
9283
9150
9108
9202
9320
9224
9331
9310
9365
9336
9235
9226
9047
8956
509
300
210
163
174
172
638
1081
9013
8986
9029
9275
9228
9055
9030
8979
9174
9305
9161
9118
9115
8967
8908
8824
8777
8902
8890
8936
8971
8968
8990
8832
8775
8763
8789
8450
8569
8550
8539
8639
8520
8531
8571
8609
8551
8407
8472
8467
8446
8402
8500
8507
8533
8459
8592
8635
8672
8686
8715
8734
8831
8827
8904
8864
8924
9048
8987
9019
8954
8953
8883
8882
8886
8613
8561
8541
8626
8541
8592
8691
8674
8734
8727
8700
8898
8930
8908
8958
8899
8902
8852
8942
8826
8742
8861
8944
8897
8971
8946
9100
8857
8919
9124
9105
9216
9216
9140
9258
9016
9154
9272
9168
9194
9037
9173
9114
9181
9238
9260
9193
9103
9253
9137
9224
9231
9295
9247
9287
9265
9250
9204
9308
9235
9148
9259
9216
9216
9160
9090
9185
9246
9141
9033
9009
9054
9089
8940
8934
9170
9163
9071
9065
9191
9261
9242
9080
8903
9085
9176
9386
9375
9196
9158
9129
9252
9371
8957
9019
9155
9015
9117
9291
9112
9260
9120
9292
9327
9290
9225
9297
9375
9320
9348
9318
9253
9275
9011
9270
9288
9335
9261
9247
9353
9138
9315
9448
9125
9378
9383
9380
9446
9371
9238
9449
9408
9326
9263
9007
9328
9143
9190
8893
9194
9357
9341
9081
9028
9180
9404
9387
9221
9315
9298
9398
9313
9376
9393
9239
9281
9284
9268
9188
9328
9372
9246
9144
9313
9372
9206
9217
9244
9293
9292
9197
9221
8964
9061
9025
9053
8904
8878
9125
8848
8929
9053
9114
9114
9144
9267
9239
9206
9260
9280
9087
9165
9285
8897
9196
9266
9227
9361
9196
9359
9324
9145
9215
9256
9330
9307
9242
9308
9288
9294
9225
9327
9211
9188
9174
9103
9259
9147
9342
9230
9182
8968
9250
9114
9036
8881
9181
9228
8720
9021
8968
9030
9052
9105
8979
8817
8728
8703
8750
8856
8780
8820
8677
8712
8815
8723
8737
8702
8505
8592
8513
8632
8531
8264
8175
8134
8318
8289
8235
8546
8575
8644
8908
8910
8787
8711
8755
8647
8716
8675
8681
8744
8763
8666
8622
8670
8579
8716
8665
8428
8665
8625
8715
8656
8576
8618
8763
9008
9002
9073
8907
9110
9116
9258
9010
9058
9096
9081
9183
9083
9166
9144
9366
9357
9369
8990
9281
9379
9242
9151
9204
9284
9342
9256
9204
9192
9231
9392
9311
9392
9436
9295
9397
9296
9387
9464
9477
9470
9181
9433
9416
9382
9245
9465
9358
9212
9291
9303
9207
9142
9151
9139
9146
9255
9353
9272
9379
9380
9422
9403
9404
9370
9462
9327
9480
9396
9499
9523
9491
9463
9427
9347
9353
9467
9543
9419
9497
9474
9354
9489
9484
9486
9295
9255
9321
9343
9312
9403
9412
9435
9280
9237
9276
9250
9333
9315
9427
9363
9368
9373
9405
9321
9366
9397
9307
9360
9393
9360
9345
9345
9371
9210
9415
9379
9434
9255
9141
9156
9151
9246
9159
9172
8763
8839
8961
9050
8791
8888
9002
9004
9022
9115
9029
9044
9100
9006
9146
9390
9350
9252
9261
9270
9173
9265
9263
9120
8757
8663
8726
8634
8501
8593
8522
8367
8426
8277
8467
8558
8545
8380
8590
8668
8443
8593
8528
8610
8568
8740
9045
9080
9094
9102
9158
8996
9086
8868
9206
8899
9149
9268
9181
9250
9268
9318
9249
9261
9237
9352
9060
9050
8900
8969
9341
9286
9311
9301
9326
9268
9344
9265
9155
9197
9300
9215
9112
9020
8897
9326
9056
9148
9201
9169
8974
9160
9082
9166
9115
9317
9345
9421
9286
9443
9367
9309
9230
9360
9235
9170
9355
9086
9343
9323
9320
9345
9318
9274
9101
9082
9120
9007
9159
9325
9269
9279
9347
9364
9163
9303
9329
9345
9307
9222
9242
9162
9264
9261
9257
9321
9258
9290
9249
9276
9006
9176
9171
9390
9273
9403
9341
9286
9285
9269
9333
9159
9140
8932
9087
9203
9239
9248
9264
9230
9172
8987
9093
9007
8903
8929
8915
8958
8987
9146
9000
8832
8818
92
8966
8892
8937
8978
9103
8985
9014
8784
8627
8575
8913
9022
8967
9317
9241
9167
9300
9229
9134
9211
9252
9164
8991
9063
9094
9119
8999
9195
9204
9143
9255
9234
9180
9228
9158
9119
9252
9077
8949
9197
9297
9191
9291
9257
9325
9135
9073
8983
8878
8918
8517
8949
9018
9161
9097
9048
9109
9050
9031
9233
9185
9304
9218
9264
9169
9181
9155
9205
9342
9332
9345
9214
9186
9102
9085
9042
9086
9291
9283
9354
9335
9369
9345
9351
9212
9237
9127
9251
9252
9429
9338
9267
9352
9349
9383
9305
9261
9257
9261
9217
9210
9189
9317
9292
9278
9277
9195
9306
9376
9369
9299
9232
9247
9359
9265
9338
9163
9088
9066
9187
9157
9188
9178
9278
9307
9349
9346
9262
9350
9255
9362
9231
9078
9121
8831
8967
9255
9273
9351
9238
9180
9236
9159
9154
9119
8975
9018
8964
8650
8787
8877
8801
8835
8982
8866
8857
9041
9252
9164
9075
9074
9145
9109
8954
8996
9117
9179
9283
9246
9173
9223
9216
9250
8996
8954
8822
8982
9056
9149
9087
8998
9039
8971
8978
9108
9088
9040
9001
9041
8863
8914
8955
8942
8872
9042
9024
9028
8875
8896
8963
8903
8994
9057
8970
9113
9182
9152
9202
9092
9032
8853
9064
9107
9024
9178
9231
9202
9091
9103
8969
9013
9012
9032
9042
9120
9019
9077
8994
9010
9160
9199
9183
9151
9116
9206
9140
9206
9197
9163
9153
9191
9237
9172
9262
9109
9225
9319
9191
9196
9122
9284
9306
8967
9106
9187
9294
9182
9124
9183
9052
8996
9129
9201
9151
9199
9159
9146
9178
9205
9202
9184
9179
9122
9114
9116
9205
8953
9018
9063
9088
9068
9184
9133
9124
9100
9138
9070
9131
9070
9072
8990
8758
8557
8959
9010
8880
8953
9154
9218
9142
9080
9086
9061
9075
9159
8941
8906
8772
8856
9091
9065
9028
8822
8985
8991
8908
8707
8647
8767
8766
8875
8871
8767
8639
8642
8683
8521
8505
8420
8527
8562
8552
8553
8532
8481
8542
8351
8386
8497
8437
8599
8519
8581
8744
8777
9023
9202
9230
9320
9044
9058
8951
8854
8894
8968
9095
9190
9183
9223
9249
9219
9053
9065
9138
9091
9113
9062
9071
9052
9056
9002
8914
9072
9034
9009
9007
8987
9016
8889
8986
8867
8729
9065
9063
9041
9117
9124
9218
9173
9005
9087
9007
9246
9048
9056
9027
9353
9282
9336
9257
9413
9350
9323
9098
9159
9238
9251
9345
9352
9359
9370
9339
9220
9196
9317
9346
9359
9257
9243
9343
9341
9302
9174
9070
9075
9033
9247
9159
9185
9168
9334
9251
9232
9112
9089
9155
8956
8887
8834
8837
8865
8830
8808
8772
8883
8774
8677
8638
8747
8783
8813
8732
8657
8851
8748
8790
8684
8610
8506
8565
8563
8593
8540
8510
8449
8428
8458
8426
8315
8254
8369
8530
8662
8699
8762
8848
8857
8978
8924
9120
9025
9037
9065
8989
8965
9132
9093
9173
9099
9204
9125
9053
9321
9187
9251
8937
8964
8941
8923
8859
8923
8934
8953
8689
8690
8557
8526
8516
8572
8566
8561
8599
8596
8491
8587
8525
8494
8544
8517
8543
8868
8839
8777
8987
9168
9328
9225
9223
9275
9286
9281
9193
8969
9137
9030
9143
9101
9312
9201
9395
9228
9329
9252
9180
9007
8931
9000
8945
9058
9207
9162
9193
9221
9127
9013
9090
9169
9005
9190
9139
9008
9056
8814
137
8830
8866
8854
9188
9099
9275
9193
9219
9307
9312
9048
9140
9111
9094
9096
9050
9011
9036
9185
9169
9109
9147
9142
9044
9105
9124
9297
9151
9291
9216
9258
9197
9218
9233
9117
9090
9185
9207
9175
9281
9005
9024
8891
9035
9080
9017
9019
8994
8982
8928
9105
8885
8933
8773
8958
9139
9116
8791
8505
8621
8690
8682
8760
8887
8725
8708
8532
8496
8473
8614
8835
8835
8687
8809
8578
8704
8678
8813
8815
8609
8653
8524
8509
8745
8677
8586
8613
8723
8679
8730
8671
8788
8790
8813
8848
8757
8715
8900
9039
9006
9091
9056
9192
9171
9152
9108
8945
8885
9102
9083
8780
8724
8562
8589
8814
8776
8776
9005
9006
8958
8762
8904
8926
8814
8717
8953
8810
8928
9106
9026
9062
8980
8940
9084
8801
9027
9202
9170
9269
9204
8997
8765
8767
9130
9147
9145
9142
9114
9208
8986
8683
9069
9159
9167
9173
9264
9234
8963
9173
9051
9128
9074
9328
9090
9009
8754
9100
8993
9240
9158
9045
9011
9151
9198
9280
9262
9119
9227
9268
9361
9278
9280
9240
9326
9315
9243
9166
9131
9041
8812
8848
9053
9018
8968
9146
9236
9228
9199
9260
9231
9249
9253
9265
9172
9069
9055
9092
9088
9094
9116
9131
9095
9091
9116
9240
9131
9115
9058
8956
9138
8997
8914
8887
8879
9283
9256
9135
9121
8925
8899
9005
8891
8937
8670
8702
8664
8776
8756
8661
8571
8622
8689
8741
8889
8682
8772
8785
8670
8666
8813
8759
8779
8832
8814
8847
8836
8834
8764
8643
8580
8623
8604
8503
8551
8472
8639
8654
8322
8460
8434
8458
8479
8287
8460
8449
8430
8419
8258
8192
8129
8247
8215
8113
8070
8207
8177
8104
8196
8272
8451
8602
8604
8582
8548
8587
8628
8584
8558
8359
8538
8533
8562
8522
8520
8664
8657
8715
8704
8580
8577
8468
8641
8615
8665
8762
8804
8820
8851
8848
8831
8897
8950
8959
8828
9053
9052
9096
9059
8969
8996
9053
9123
9173
9059
9150
9134
9246
9183
9168
9139
9027
9196
9241
9224
9223
9198
9206
9229
9202
9193
9212
9174
9084
9126
9275
9271
9279
9305
9162
9221
9183
9184
9121
9054
9153
9233
9188
9120
9148
9085
9176
9357
9276
9105
8855
8767
8766
8695
8788
8951
8935
8864
8977
9087
9113
9016
8989
9049
9204
9249
8822
8938
8946
9095
9098
9174
9226
9129
8889
8833
8901
8915
8810
8682
8802
8761
8928
8946
8850
8920
9226
9205
9174
8904
9044
9067
9080
9085
9078
9046
9024
9092
9176
9039
8973
9222
9112
9179
9201
9179
9151
9189
9018
8958
8779
9036
9209
9174
9033
8718
8732
8753
9131
9121
8981
8948
9131
9158
9191
9046
8879
8924
8915
9085
9042
8998
8984
9100
8992
9034
8997
8960
9020
8985
8801
8882
9081
9193
9101
9117
9012
8911
8934
8947
8727
8982
9104
9183
9218
9137
9084
8998
9011
8962
9031
9113
9009
9001
9063
8976
9130
8981
8940
8960
9086
9066
9065
8938
8980
9009
9042
9016
9033
9115
9033
9021
9046
9080
9074
9011
9089
9170
9210
9008
8903
8864
8901
8936
8784
8913
8857
8667
8645
8741
8823
8934
9017
9019
9094
9181
9194
9201
8962
8761
8860
9014
9150
9026
8906
8905
8830
8808
8702
8378
8424
8462
8412
8416
8173
8431
8403
8380
8397
8316
8191
8048
8092
7720
7692
7738
7748
7644
7614
7414
6681
6658
6632
6637
6641
6572
6651
8539
8664
8666
8600
8784
8671
8825
8956
8917
8991
8735
9287
9151
9330
9223
9173
9133
9253
9174
9199
8765
8805
8860
8911
8933
8742
8622
8665
8443
8400
8606
8537
8397
8348
8511
8337
8427
8860
8943
8774
8925
8923
8950
8958
8748
8948
9110
9117
9203
9127
9056
8984
9179
9165
8907
8723
8650
8558
8819
9033
8991
8872
8958
8882
8850
8709
9006
8866
8867
8846
8782
8729
8949
8973
9077
9079
9039
9078
8918
9138
9022
9189
9041
8797
8854
8789
8686
8759
8822
9079
9046
9088
8862
8805
8794
8709
8870
8964
8922
8977
8995
9063
9049
8977
9018
8763
9055
8840
8669
8773
8762
8777
8720
8324
8357
8416
8547
8513
8558
8540
8576
8473
8623
8527
8568
8711
8696
8682
8730
8686
8591
8616
8554
8532
8146
8207
8284
8244
8484
8501
8544
8516
8491
8459
8477
8633
8536
8501
8473
8537
8393
8463
8393
8225
8379
8509
8390
8490
8509
8384
8434
8247
8336
8289
8252
8276
8111
7939
8203
8233
8253
8158
8122
7923
7783
8199
7804
7629
7156
8465
8540
8409
8502
8639
8235
8739
8720
8434
8107
8237
8617
8670
8700
8737
8331
8461
8463
8618
8577
8597
8606
8700
8707
8759
8606
8704
8756
8674
8696
8609
8453
8675
8797
8772
8662
8667
8814
8984
8928
8964
8831
8640
8780
8553
8548
8628
8836
8959
8902
8903
8809
8833
8954
8810
8814
8742
8760
8378
8418
8165
8141
8226
8131
8156
8656
8739
8817
8734
8681
8720
8161
8378
8389
8375
8294
8243
8151
8368
8755
8809
8599
8381
8703
8943
8850
8959
8085
8394
8436
8563
8605
8717
8659
8655
8418
7804
8307
8790
8450
8458
8608
8533
8653
8474
8362
8089
8156
8236
8588
8505
8690
8372
8319
8752
8846
8770
8684
8675
8727
8726
8783
8857
8997
8569
8669
8581
8703
8826
8694
8723
8733
8626
8611
8833
8821
8918
8943
8753
8611
8830
8976
8778
8710
8626
8935
8941
8737
8695
8567
8293
8343
8265
8153
8757
8832
8550
8555
8699
8406
8397
8677
8588
8739
8728
8720
8555
8483
8388
8347
8411
8232
8310
8320
8149
8370
8214
8174
8254
8117
7976
8068
8036
7930
8097
8222
8203
8100
8095
8122
8299
8257
8161
8347
8443
8443
8437
8386
8398
8371
8415
8489
8367
8444
8436
8422
8402
8317
8045
8019
8046
8203
8749
8842
8913
8983
8960
9022
8884
9062
9073
8907
9019
8953
9052
9096
9074
8910
8901
8979
8984
9060
8991
8985
9037
9016
9050
9037
9011
9053
8970
8904
8810
8860
8783
8692
8680
8911
8950
8996
8972
8946
8933
8813
8693
8810
8824
8860
8812
8826
8901
8912
8714
8669
8492
8671
8832
8754
8598
8689
8642
8561
8630
8726
8796
8593
8656
8673
8417
8517
8374
8282
8357
8318
8334
8539
8699
8764
8864
8689
8795
8802
8955
9092
9052
9026
8952
8828
8790
8898
8980
8898
8980
8971
8982
9022
9034
8938
8894
8948
8952
8638
8621
8644
8540
8541
8696
8842
8970
8956
9008
8914
8921
8844
8765
8517
8868
8909
8913
8835
8927
8826
8760
8605
8610
8713
8849
8699
8464
8432
8239
8079
8134
8251
8261
8377
8393
8355
8230
8450
8399
8403
8296
8367
8351
8605
8556
8102
8269
8379
8430
8478
8608
8437
8499
8369
8365
8287
8241
7959
8127
8152
8097
8214
8776
8804
8857
8864
8981
8727
8804
8853
8895
8909
8869
8910
9054
9088
8950
9004
8987
9032
9064
9071
9015
8857
8852
8839
9041
8990
9023
8886
8991
8972
8986
8976
8869
8980
8935
8849
8774
9028
9012
9017
8981
8924
9028
8994
8905
9060
9023
9092
9152
9181
9100
9110
9035
9211
9235
9210
9105
9085
9121
9018
9143
9047
8980
8923
8995
9024
9124
9200
9040
9016
9027
9037
9273
9334
9168
9247
9037
9104
9014
9188
9088
8973
8945
9016
9051
9007
9000
8917
8899
8920
8741
8770
8839
8847
8869
8849
8856
8751
8890
8907
8867
8913
8906
8984
8911
8968
9103
9047
9225
9163
9087
9085
8863
8955
8995
9031
9182
9055
9067
9018
9183
9159
9206
9168
9165
9002
9086
9174
9196
9126
8985
8925
8861
8974
9063
9002
9055
9027
9163
9096
9114
8721
8619
8664
8774
8865
8775
8566
8426
8779
8997
8981
8852
8929
8971
9056
9114
9043
9047
8913
8755
8839
8940
8998
8982
8984
9023
8910
9008
9056
9076
9059
8861
8945
8908
9008
8952
8768
8598
8633
9080
9123
9192
9054
9025
9119
9009
8876
8991
9001
8894
8879
8974
8938
9027
8885
8959
9010
8999
9030
8981
9058
9122
8993
8966
8929
8896
9125
9030
8935
9122
9087
8954
8922
8795
8916
9036
8802
8851
8846
8931
8844
8674
8800
8905
9084
8996
8906
8888
8640
8873
8882
8954
8884
9008
9007
8982
9011
8915
8933
9064
9045
8979
8955
8687
8710
8727
8715
8789
9090
9036
8971
9018
8867
8857
8915
8883
8794
8709
8814
8842
8832
8716
8797
8682
8692
8779
8735
8782
8803
8615
8521
8634
8613
8684
8623
8554
8513
8612
8616
8637
8602
8629
8609
8569
8590
8504
8489
8336
8498
8694
8722
8719
8733
8874
8888
8839
8852
8310
8503
8514
8568
8581
8431
8640
8518
8577
8558
8582
8567
8721
8623
8246
7423
8819
8928
8564
8740
8827
8820
8966
8940
8897
8866
8917
8914
8794
9096
8812
8923
8670
8691
8804
9052
8999
9051
9003
9053
8924
9070
9145
9032
8892
8876
8887
8924
8867
8882
8793
8618
8773
8873
8995
9021
9101
9092
9098
8967
8921
9111
9141
9104
8929
8918
9192
9028
8982
8829
8941
8933
8994
8938
8904
8799
8869
9023
8999
8770
8857
8842
8810
8900
8836
8640
8806
8764
8900
9088
8894
8820
8911
8857
8817
8861
8819
8645
8333
8322
8338
8371
8383
8331
8918
9127
9249
9220
9182
9044
9073
9078
9059
9013
8929
9073
9211
9183
9214
9119
9221
9091
9231
9212
9116
9078
9064
9144
9177
9058
9117
9077
9240
9239
9224
9035
9097
9173
9162
9199
9061
8915
8893
8754
8839
8703
8922
8989
8962
8938
8890
9268
9246
9292
9340
8962
9146
9109
9172
9323
9117
9006
8987
8981
8974
8870
8835
8925
8966
9077
8999
8892
8912
9186
9182
9138
9038
9178
9087
9083
8724
8839
8883
8962
8927
8968
9000
8983
8850
8885
8762
8805
8793
8736
8889
9033
9019
8923
8955
8984
9013
8991
8901
8948
8890
9023
9196
9210
9175
9157
9072
9118
9211
9220
9097
9228
9172
9054
9225
9121
9105
9086
9146
8961
8855
8531
8761
8898
8824
8841
8856
8715
8617
8567
8698
8438
8285
8212
8210
8378
8535
8578
8374
8453
8505
8412
8558
8488
8542
8406
8445
8496
8124
8259
8367
8383
8601
8831
9011
9047
9028
8916
9097
9136
9070
8957
8876
9007
9015
8926
8754
8866
9080
9030
9124
9196
9045
9163
9165
9267
9147
9085
9094
9138
9128
9140
9213
9116
9047
8872
8844
8952
8901
8911
8922
8811
8693
8586
8702
8818
8950
8462
8441
8470
8423
8446
8315
8498
8501
8002
8363
8484
8466
8531
8380
7978
8274
8016
8274
8406
8375
8408
8403
8254
8100
8192
8303
8330
8139
7877
7987
8134
8130
8211
8263
8229
8210
8301
8258
8092
8172
8260
8069
7911
7825
7787
7813
7905
8046
8291
8277
8231
8254
8268
8223
8109
8078
8079
7978
7832
8009
8086
8208
8055
7995
7711
7843
8082
8091
8002
8013
7943
7923
7936
8006
7936
8028
8095
8043
7941
8036
8039
7955
8168
8114
8145
8136
8167
8122
8213
8179
8062
8377
8358
8269
8276
8238
8404
8375
8643
8570
8451
8407
8430
8734
8913
8617
8294
8424
8434
8414
8383
8279
8002
7861
7995
8027
7934
7996
7830
8500
8646
8693
8623
8585
8684
8819
8733
8667
8690
8780
8781
8973
9009
9121
9051
9115
9057
9077
8947
8932
8141
8228
8263
8268
8253
8224
8839
8923
8959
8865
8965
9227
9110
9136
8910
9037
9047
9034
9106
9166
9109
9145
9083
9190
9125
9151
9094
9112
9160
9097
8906
8714
8671
9074
9026
8664
8745
8691
8677
8785
8857
8839
8819
8792
8845
8737
8785
8890
8955
8852
8838
8961
8865
8692
8972
8995
8846
8970
9060
9069
9024
8993
8844
8718
8886
8753
8820
8907
8771
8816
8713
8709
8683
8445
8544
8566
8596
8606
8616
8671
8647
8645
8705
8775
8739
8514
8564
8550
8594
8581
8527
8423
8503
8487
8522
8576
8424
8447
8471
8402
8561
8367
8348
8192
8321
8454
8374
8415
8373
8378
8427
8542
8651
8319
8127
8191
8255
8214
8424
8441
8317
8348
8257
8545
8626
8794
8813
8771
8581
8715
8740
8843
8873
8940
8876
8951
8752
8718
8929
8749
8857
8686
8798
8731
8725
8640
8538
8173
8448
8562
8470
8647
8597
8624
8625
8713
8914
8718
8970
8936
8893
8904
8965
8989
9059
8944
9060
9031
8938
9077
9154
9119
8911
8776
8778
9117
9101
8940
8991
8973
8908
9012
8898
8727
8697
8993
8972
9143
9118
8927
9110
9148
9056
9095
9034
9079
8964
7962
7803
7950
8051
8008
8059
7943
8098
8090
8007
9095
8858
9121
9017
9103
9117
9170
9110
9030
9212
9163
9180
9155
9122
9111
9161
9203
9176
9170
9096
9019
8981
9109
9130
9050
8897
8727
8760
8773
8707
8918
9098
9115
9016
9082
8948
9142
9116
9102
9058
8859
8984
8860
8892
8903
8829
8948
8848
8665
8437
8140
8072
8073
8106
8130
8235
8291
8414
8466
8508
8447
8191
7990
8205
8274
8256
7755
7739
7596
7591
7642
7609
7612
7586
7621
7570
7462
7465
7324
7366
7390
7347
7291
7232
7350
7295
7202
7356
7373
7509
7545
7391
7341
7127
7193
7233
7128
7097
6673
6751
6745
6612
7165
7418
7390
7498
7607
7722
7735
7839
7899
7893
7718
7896
7739
7938
7850
8010
7839
7947
7826
8097
8134
8254
8185
8057
8133
8383
8354
8474
8385
8397
8456
8355
7967
8321
8489
8519
8579
8722
8640
8469
8565
8484
8597
8681
8521
8373
8326
8511
8727
8528
8678
8581
8983
8957
8820
9064
9006
9212
9225
8985
9223
9140
9197
9007
8993
9239
9187
9237
9223
9137
9261
9223
9179
9184
9120
9182
9078
8903
8945
8935
9091
9120
9034
8885
9086
9131
9187
9187
9126
9150
9104
9145
9120
9043
9069
9074
9124
9075
9107
9065
9070
9097
9083
9066
9133
8862
8883
8605
8873
8975
8835
8890
8791
8934
9037
9064
9128
9030
9148
9105
9092
9040
9061
9079
9104
9059
9176
9132
9177
9166
9145
9109
8995
8694
8729
8969
9110
9050
8978
8810
8825
8801
8995
8995
9020
8879
8925
9043
9061
9066
8907
8775
8369
7884
7822
7845
7926
7929
7887
8377
8593
8552
8790
8831
8747
8811
8865
8900
8732
8359
8135
8302
8326
8322
8548
8767
8801
8765
8857
8768
8777
8842
8756
8660
8556
8287
8476
8596
8566
8785
8741
8638
8632
8510
8692
8715
8726
8612
8500
8597
8543
8436
8370
8383
8297
8355
8231
8349
8567
8579
8676
8719
8751
8919
8892
9166
9044
9071
9123
9039
8967
9035
9085
9105
9042
8841
8954
9003
8988
9087
8983
8902
8982
8894
8833
8868
8887
8823
8833
8849
9022
9004
9014
8836
9024
9188
9184
9186
9174
9058
8957
9088
9030
9084
9049
8994
9113
9127
9073
9059
8996
8958
8982
8902
8860
9054
8949
8822
8906
8805
8946
8919
8889
8991
9117
9139
9055
9121
9096
9127
8954
9065
8909
8947
8990
8969
8959
9110
9102
9026
9158
9027
8957
8942
9125
8967
8782
8799
8515
8506
8534
8846
8929
8936
9044
9069
8949
9000
8957
8812
8769
8641
8701
8603
8530
8568
8839
8924
8962
9089
9035
8779
8794
8595
8511
8669
8554
8316
8534
8464
8457
8656
8711
8624
8793
8652
8767
8741
8649
8533
8436
8374
8600
8688
8417
8263
8457
8758
8653
8690
8671
8610
8807
8765
8874
8794
8769
8695
8594
8672
8552
8737
8694
8619
8451
8368
8514
8517
8578
8591
8756
8850
8785
8688
8637
8819
8861
8814
8763
8703
8898
8986
8855
8892
9000
8954
8980
9027
8974
8968
8924
8919
8873
8841
8857
8895
8905
9088
9022
9110
8831
8974
8955
8926
9031
8982
8686
8943
8889
8632
8909
8907
8745
9023
8956
8868
8821
8929
8923
8935
8884
8837
8822
8954
8940
8866
9043
9113
9041
9106
9151
8909
9070
9061
8902
8849
8977
9001
8939
8992
8976
8991
9035
9121
8947
8940
8967
8838
8637
8234
8502
8443
8312
8815
8695
8956
8899
8894
8942
8931
8639
8990
8775
8622
8086
8235
8285
8020
8228
8289
8417
8422
8291
8211
8307
8363
8315
8606
8577
8594
8378
8422
8526
8445
8673
8702
8804
8686
8732
8626
8677
8664
8557
8809
8715
8830
8591
8768
8756
8810
8899
8916
8926
8689
8910
8758
8817
8865
9014
9053
9091
8955
8984
8910
9085
9097
8956
8927
8967
9077
8997
9041
9112
9050
9112
8981
8952
8977
9202
9075
8891
8771
8906
9049
8942
9009
9060
9097
9091
8861
8753
9057
9039
8985
9044
9073
8921
8812
8829
8768
8944
9047
9078
9252
9179
9166
9184
9087
9040
9000
8971
8884
9062
8962
9107
9088
9005
8818
8979
8858
8581
8986
8886
7796
8947
8986
8701
8936
8923
8881
8922
8789
8802
8721
8667
8738
8933
8909
8838
8747
8627
8448
8888
8693
9097
8956
9115
8620
8624
8558
8344
8331
8378
8459
8711
8722
8525
8745
8748
8758
8545
8631
8658
8662
8645
8491
8517
8554
8829
8896
8939
8798
8841
8870
8871
8622
8864
8890
8716
8776
8834
8712
8666
8598
8653
8493
8270
8226
8181
8215
8452
8333
8117
8033
8062
8200
8207
8216
8179
8249
8373
8161
8046
8139
8195
8243
8228
8214
8097
7984
8169
8297
8148
8225
8179
8326
8377
8404
8477
8385
8266
8287
8346
8409
8463
8457
8447
8301
8224
8208
8225
8167
8163
8026
8133
8198
8116
8228
8210
8167
8259
8249
8199
8193
8138
8066
8458
8612
8517
8279
8355
8523
8830
8794
8836
8802
8806
8770
9022
8970
8802
8873
8822
8998
8920
9003
9029
8988
8956
9195
8978
9064
8949
8933
8867
8789
8834
8749
8519
8741
8828
8860
8739
8661
8680
8702
8764
8728
8641
8713
8673
8666
8700
8662
8644
8551
8563
8741
8759
8651
8543
8465
8524
8534
8535
8441
376
205
426
860
8892
8962
8959
9030
9117
8761
8764
8860
8921
8855
8920
9065
9039
8965
9041
8928
8903
8917
8910
9042
9131
9026
9111
9037
9166
9301
9320
9282
9163
8956
9056
9032
9058
9125
8998
9025
8969
8946
8872
8980
9187
9235
9059
9098
8973
9119
9189
9240
9156
8869
8734
8774
8848
8925
8975
9018
8957
8785
8972
8720
8496
8944
9076
9076
9047
9048
9149
9228
9326
9168
9225
9147
9159
9203
9063
9065
9042
9055
9102
9093
8964
8905
9103
9235
9124
9047
8896
8921
9074
9116
9042
8379
8522
8513
8468
8818
8854
9052
9193
9226
9247
9281
9042
9022
9031
9021
8970
9054
9090
9091
9151
9166
9095
9220
9227
9198
9126
9144
9180
9119
9153
9202
9184
9257
9200
9167
8899
9072
9057
9227
9068
9143
9127
9124
8971
8492
9008
9021
9172
9103
8797
9178
9207
9166
9162
8923
8969
8824
8870
8909
8829
8863
9102
9265
9263
9166
9100
8967
9148
9163
9151
8989
9038
9103
9156
9233
9152
9240
9171
9100
9041
9014
9073
9158
9151
9083
9234
9246
9189
9171
9138
9146
8967
8910
8813
8823
9162
9200
9088
8755
8732
8944
8998
8922
9036
8826
8919
8910
8999
8911
8971
9060
8965
8896
8953
9016
8902
9036
9040
8960
8853
8891
8703
8813
8885
8812
8778
8719
8790
8894
8828
8828
8776
8780
8764
8795
8781
8779
8730
8849
8816
8986
8937
8917
8929
9162
9090
9001
9017
8805
8849
8811
8682
8536
8441
8541
8567
8826
8751
8579
8648
8717
8663
8583
8670
8752
8826
8559
8778
8761
8614
8763
8790
8888
8978
8909
9049
8914
9006
9162
9208
9156
9095
9189
9159
9129
9083
9148
9127
9135
9156
9074
9216
9171
9190
9108
9079
9085
9091
9200
9255
9058
9035
9107
9323
9289
9166
9184
9118
9157
9121
9171
9015
8947
8923
8910
8927
8736
8893
9156
9020
9110
8939
8916
8932
8990
9056
8895
8856
8804
9009
9065
9031
8932
9108
9130
9075
9140
9306
9286
9247
9268
9289
9341
9321
9237
9006
9080
9077
8974
8725
8716
8691
8974
8695
8754
8442
8419
8547
8382
8559
8564
8488
8319
8931
9210
9280
9206
9142
9018
9186
9197
9178
9068
9022
9130
9154
9234
9260
9163
9078
9302
9307
9333
9305
9276
9246
9279
9216
8922
8916
9086
9048
8916
9073
9009
9067
9076
9241
9175
9204
9148
9240
9206
9161
9126
9022
8979
9000
9022
8995
8921
8999
8900
9103
9114
9016
9051
9085
9092
8977
9049
9145
8877
8976
9102
9047
9128
8976
8862
9103
8983
8992
9088
9022
9139
9231
9186
9239
9142
9129
9074
9058
9154
9107
9083
8956
8962
9006
8841
9102
9065
9189
9061
9042
8972
9156
9165
9154
9155
9256
9229
9195
9099
9186
9102
9165
9207
9101
8980
9042
9093
8985
8863
8890
8858
9013
9099
9099
9162
9125
9153
9150
9103
8912
8935
8920
8921
8791
8944
8941
8894
8941
8877
9078
9133
9157
9121
8977
9095
9050
9098
9113
9015
8790
8832
8886
8822
8752
8752
8703
8788
8805
8782
8731
8813
8746
8756
8817
8844
8946
8976
8940
9100
9008
8827
8947
8957
8966
9065
8966
8947
8974
8946
8683
9049
9017
9043
9104
9083
9161
9145
9092
9034
9035
8778
8927
9059
8928
9002
9159
9227
9140
8951
8781
9162
9104
9188
9063
8992
8999
8893
8744
8248
8534
8708
8597
8497
8502
8696
8642
8666
8731
8736
8727
8647
8615
8705
8762
8678
8780
8789
8703
8589
8515
8504
8522
8488
9090
9053
9090
9151
9322
9326
9258
9139
9116
9199
9273
9326
9253
9334
9300
9305
9184
9135
9042
8864
8810
8808
8789
8701
9159
9194
9196
9221
9201
9192
9129
8988
8886
8962
9088
9113
9011
9066
9076
9159
9214
9191
9201
9109
8998
9143
9253
9170
9075
8892
9110
9020
9241
9091
9048
9194
9134
9191
9149
8946
9104
8966
9034
8825
9042
9036
9029
9167
8928
9095
9118
9137
8997
9063
9075
9076
8940
8928
8970
8925
8957
8894
8968
8995
8923
8889
8855
8969
8810
8819
8754
8529
8229
8355
8347
8246
8375
8498
8677
8635
8573
8466
8604
8750
8656
8744
8564
8618
8815
8878
8889
8869
8802
8778
8715
8841
8768
8744
8679
8831
8774
8728
8747
8860
8944
9050
9006
8977
9001
8939
8800
8409
8444
8461
8366
8648
8491
8713
8875
8831
8960
8905
8621
8657
8747
8856
8871
8730
8645
8535
8512
8507
8656
8705
8604
8421
8522
8596
8510
8528
8674
8640
8595
8722
8935
9110
9182
9151
9007
8966
9171
9205
9189
9174
9119
9194
9147
9089
9055
8760
8960
8913
8966
8827
9012
8994
9142
9175
9174
8847
8898
8853
8956
9074
8994
9101
9054
9091
9120
9148
9053
8983
8841
8843
8790
8818
8790
8574
8935
8916
8854
8922
8714
8907
9099
9068
8938
8863
8839
7780
8854
8741
8098
8645
8669
8764
8776
8874
8832
9018
8837
8987
8672
8787
8751
8750
8691
8302
8598
8595
8583
8554
8507
8367
8469
8521
8431
8353
8314
8307
8544
8491
8385
8393
8473
8373
8485
8513
8234
8237
8329
8437
8412
8425
8421
8514
8453
8554
8629
8391
8477
8555
8850
8824
8631
8664
8700
8641
8701
8590
8545
8330
8314
8119
8091
8202
8293
8362
8342
8297
8319
8219
8230
8050
8232
8262
8236
8078
8094
8078
8195
8197
8101
7905
7961
7483
7673
7908
7985
7793
7752
7611
7210
7257
7274
7627
8720
8730
8845
8959
8807
8951
9036
8860
8882
8935
9065
9109
8990
9115
9013
9005
8927
8998
9045
8879
8736
8898
8944
8938
9028
8995
8913
8737
8679
8716
8788
8646
8675
8690
8677
8563
8529
8622
8717
8720
8911
8851
8721
8693
8756
8727
8760
8801
8679
8619
8713
8732
8863
8794
9052
8996
8949
8864
8809
8768
8812
8826
8931
8748
8609
8772
8838
8776
8758
8941
9016
9022
9025
9072
9061
9077
8902
8900
8837
8862
9079
9024
9082
8914
8811
8772
8945
8923
9082
8862
9067
9076
8927
9083
8979
9123
9088
9131
9081
8860
8925
8784
8906
8871
8824
8884
8612
8680
8749
8709
8718
8689
8613
8619
8680
8663
8655
8561
8571
8561
8587
8464
8427
8485
8487
8368
8726
8791
8692
8973
9059
9077
9153
9044
8973
9063
9071
9094
9073
9029
9091
9063
9033
8772
8784
8735
8803
8496
8075
8558
8612
8657
8734
8441
8604
8468
8545
8562
8617
8569
8554
8570
8608
8567
8586
8567
8610
8549
8554
8567
8472
8607
8607
8531
8566
8582
8560
8657
8737
8774
8696
8762
8773
8817
8764
8839
8774
8752
8657
8541
8304
9026
9038
9201
9107
9224
9129
8989
8957
9022
9070
9157
8962
8935
8920
8948
9030
9259
9243
9218
9177
9206
9221
9193
9139
9227
9004
9146
9142
8988
8639
8650
8675
8646
9030
9082
9152
9205
9122
9186
9144
9144
9088
9141
9128
9125
9087
9158
9025
9077
9028
8792
9039
9103
9097
9030
8959
8921
9007
8969
8883
8863
8755
8850
8518
8493
8427
8398
8534
8497
8454
8341
8376
8545
8586
8734
8561
8606
8641
8655
8772
8756
8722
8711
8739
8802
8680
8674
8745
8580
8549
8519
8467
8435
8484
8534
8502
8374
8546
8638
8548
8609
8886
8887
8710
8839
8838
8838
8844
8582
8412
8329
8583
8712
8531
8565
8481
8808
8599
8576
8592
8581
8841
8965
8900
8756
8934
9123
9024
8902
9014
8947
9058
9010
9087
9067
9130
9016
9058
8970
9038
9063
8921
8999
9104
9001
8854
8927
8675
8812
8690
8793
8777
8615
8676
8590
8717
8641
8895
8673
8506
8453
8514
8528
8647
8465
8487
8381
8466
8449
8426
8372
8441
8465
8467
8368
8384
7848
7804
7894
7799
7710
7690
7780
8407
8514
8541
8599
8640
8736
8680
8693
8727
8441
8689
8691
8720
8932
8961
9024
8982
8715
8875
8817
8842
9133
9143
9238
9091
9114
9079
9020
9102
8978
9265
9267
9278
9209
9241
9283
9233
9217
9171
8838
8913
8933
8950
9081
8997
9049
8884
8667
8924
8924
9048
9066
9090
9125
8996
8966
8760
9435
9567
9744
9553
9589
9629
9487
9520
9213
9271
9093
8941
9029
8891
8710
8773
8659
8820
8658
8686
8756
8708
8659
8570
8578
8535
8568
8516
8629
8236
8214
8150
8167
8599
8845
8897
8550
8720
8717
8630
8951
8869
8894
8930
8816
8932
9004
9172
8761
9104
9096
9236
9168
9176
9117
9263
9345
9262
9132
9189
9039
9131
9325
9196
9243
9219
9169
9169
9219
9189
9116
9025
9168
9078
9121
9084
9213
9150
9244
9242
9262
9221
9154
9120
9170
8957
9062
9111
9020
9178
8895
9056
9114
8797
9023
9099
9044
9143
9035
9137
9135
8876
8866
8888
9183
9187
9088
9150
9156
9206
9116
8996
9028
8893
8985
8890
8944
8958
8961
8758
8944
8939
8971
8845
8845
8765
8883
8762
8690
8830
8810
8849
8711
8846
8895
8682
8883
8902
8801
8849
8666
8748
9091
9057
9008
8898
8888
8939
9012
8727
8791
8596
8607
8278
8369
8515
8316
8610
8583
8588
8453
8492
8490
8574
8613
8549
8661
8518
8603
8456
8501
8525
8547
8594
8573
8508
8453
8284
8649
8520
8587
8500
8219
8242
8223
8170
7122
7167
7118
7032
7019
6944
6988
7020
6977
7122
7094
6920
8071
8217
8262
8298
8276
8377
8403
8312
8381
8467
8503
8550
8509
8577
8417
8472
8555
8480
8515
8768
8780
8831
8837
8822
8825
8813
9045
9146
9235
9076
9211
9178
9250
9234
9278
9244
9284
9180
9142
9212
9190
9179
9185
9017
9159
9184
9201
9096
9134
8886
8919
9027
9168
9296
9210
9052
9103
9094
9167
8866
9050
9150
9118
9062
9060
9087
9026
9122
9083
9105
9051
9122
9145
9172
9164
8962
9099
9017
8939
9132
9103
9154
9203
9124
8959
9079
9077
9038
9064
9027
8827
8810
8720
8699
8455
8414
7525
7583
7568
7534
7573
7559
7546
7578
7585
8084
8125
8148
8176
8176
8192
8283
8505
8565
8667
8577
8673
8717
8659
8629
8598
8641
8460
8590
8631
8605
8591
8595
8751
8741
8504
8502
8634
8544
8627
8623
8641
8667
8645
8457
8192
8185
8468
8444
8274
8368
8374
8474
8486
8474
8267
8087
8142
7895
8017
8079
7916
8022
8008
7941
7864
7821
8010
8036
8174
8017
7933
7926
7967
7856
7889
7799
7866
7751
7823
7817
7742
7683
7558
7614
7564
7729
7776
7710
7776
7955
8003
8152
8155
8427
8430
8414
8552
8433
8463
8382
8499
8663
8387
8290
8263
8329
8311
8159
8209
8196
8180
8124
8109
8104
8085
8124
8104
8036
8053
8031
8098
8228
8136
8037
8064
8242
8257
8235
8308
8340
8412
8426
8465
8188
8179
8446
8522
8514
8608
8562
8619
8597
8689
8773
8809
8842
8837
9017
8939
8908
8875
8952
8933
8934
8937
9153
9166
9143
9062
9046
9093
9043
9022
9070
8941
8953
8739
8704
8655
8644
8682
8624
8700
8684
8709
8704
8654
8556
8549
8505
8567
8627
8540
8621
8592
8534
8575
8566
8599
8655
8566
8673
8558
8742
8849
8869
8709
8757
8595
8541
8591
8372
8240
8439
8393
8604
8388
8585
8630
8611
8611
8611
8398
8540
8599
8736
8491
8533
8220
8326
8381
8460
8279
8393
8213
8322
8326
8327
8461
8376
8221
8478
8628
8599
8595
8480
8411
8496
8463
8255
8154
8009
8107
7816
7938
7905
7746
7701
7755
7733
7671
7720
7713
7666
7779
7764
7595
7677
7598
7701
8099
8114
8331
8368
8416
8406
8559
8545
8578
8560
8449
8402
8450
8566
8500
8601
8763
8780
8629
8712
8859
8941
8658
8861
8699
8641
8625
8578
8412
8479
8259
8227
8418
8378
8254
8268
8203
8304
8320
8365
8406
8430
8395
8587
8545
8342
8263
8210
8284
8263
8031
8059
8026
8160
8261
8338
8359
8420
8375
8396
8347
8314
8285
8398
8330
8282
8375
8471
8409
8462
8447
8297
8107
8205
8428
8212
8269
8450
8457
8316
8260
8255
8069
7970
8112
8076
8062
8015
8042
8025
8070
8118
8102
7957
7884
7879
7945
7910
7807
7734
7752
7676
7882
7858
7802
7664
7526
7499
7734
7647
7592
7768
7925
7924
8006
7973
7848
7890
7783
7626
7773
7573
7711
7550
7632
7660
7752
7660
7605
7505
7676
7679
7720
7839
7833
8088
8132
8038
8083
8022
8364
8339
8407
7955
8195
8414
8299
8307
8392
8039
8106
8115
7940
8035
8196
8125
8510
8376
8434
8517
8434
8402
8555
8521
8356
8194
8137
8105
8236
8096
8098
8056
8033
7969
7998
7835
8181
8132
8199
8245
8278
8442
8457
8570
8612
8500
8151
8574
8603
8605
8388
8462
8646
8660
8661
8786
8863
8998
9019
9042
9100
9042
9026
8972
8882
8964
8884
8960
8995
9026
9012
8856
8865
8899
9054
9053
8904
8882
9034
9036
8923
8993
8930
8938
8887
8632
8638
8741
8745
8882
8803
8830
8855
8798
8791
8749
8697
8805
8838
8840
8935
8955
9004
8958
8851
8979
9073
9064
8905
8984
8789
8988
9000
9014
9038
9085
8968
9001
8870
8978
8967
9034
8875
8932
9034
9050
8779
8952
8976
8987
8994
8960
8900
9032
9082
8870
8848
8921
9007
8943
8941
8713
8874
8700
8597
8471
8470
8492
8524
8447
8249
8302
8306
8238
8304
8264
8254
8165
8213
8183
8300
8320
8330
8338
8326
8455
8159
7800
8138
8294
8393
8327
8490
8551
8430
8484
8507
8418
8434
8390
8595
8444
8177
8374
8468
8422
8611
8752
8762
8765
8701
8411
8771
8730
8748
8717
8631
8824
8896
8921
8800
8668
8798
8740
8778
8846
8689
8526
8551
8383
8811
8898
8820
8742
8726
8664
8669
8732
8839
8836
8871
8862
8830
8867
8683
8701
8705
8714
8882
9153
8999
9066
9040
9073
9055
9090
9036
9035
9063
8932
9054
9114
8909
9100
9104
8871
9023
8909
8782
8820
8925
8833
8818
8857
8615
8737
8780
8773
9017
9280
9248
9111
9277
9078
9101
9121
9171
9172
9151
8922
9166
9151
9155
9008
9118
9040
9009
9165
9190
9068
9043
9000
9122
9204
9232
9182
9116
8992
8945
9134
9257
9260
9250
9157
9187
9201
9128
9137
9115
9134
9180
9071
9085
9067
9123
9221
9238
9172
9215
9151
9068
8991
8990
9034
8986
8871
8810
8990
9066
9055
9118
9042
9047
8929
8898
8755
8652
9004
9133
9026
8998
9097
9164
9124
9230
9134
9066
8859
8799
9049
9050
9145
8860
9002
9021
9000
8849
8610
8733
8790
8810
8928
8694
8408
8499
8562
8637
8705
8965
8755
8890
8781
8936
8669
8756
8899
8794
8664
8549
8686
9003
8981
8946
8960
8949
9114
9083
9007
8993
9149
9248
9253
9097
9109
9082
9180
9196
9068
9068
8937
9097
9184
9225
9079
9001
8849
8895
8961
9009
9088
8990
8991
8903
8929
8731
8811
8952
9017
9019
8875
8948
9095
9149
9148
9168
9197
9167
9064
9233
9288
8943
8969
9029
9283
9327
9083
9152
9126
9098
9105
9166
9168
9139
9165
9169
9165
9123
9066
9030
9093
9155
9169
9192
9297
9312
9321
9245
9252
9227
9260
9175
9224
9118
9149
9190
9126
9168
9215
9326
9365
9408
9375
9365
9273
9186
9138
8950
8686
8708
8539
8576
8731
8764
8751
8703
8729
8648
8656
8647
8569
8539
8607
8594
8746
8860
8885
8863
9005
8905
8946
8864
8626
8833
8864
9315
9315
9170
9043
9095
9281
9341
9141
9128
8819
8974
8940
8991
8971
8718
8578
8577
8886
9028
8922
8992
8986
8961
8990
8970
9005
8908
8940
8890
8693
8587
8721
8788
8708
8649
8419
8473
8547
8707
8844
8779
8711
8658
8763
8771
8815
8789
8791
8731
8724
8722
8785
8725
8812
8649
8647
8744
8755
8839
8831
8813
8999
9062
9127
9067
9043
9048
9143
9013
8809
8993
9235
9256
9232
9281
9160
9153
9157
9039
9172
9212
9125
9180
9295
9358
9282
9191
9245
9239
9303
9340
9239
9344
9296
9391
9352
9351
9246
9221
9197
9243
9355
9360
9350
9291
9330
9342
9344
9150
9189
9152
9168
9138
9127
9090
9185
9096
9018
9248
9262
9337
9346
9303
9301
9182
9289
9241
9244
9184
9210
9301
9330
9426
9370
9422
9415
9260
9312
9264
9080
8938
9217
9186
9125
9233
9194
9291
9324
9245
9305
8727
8807
8763
8859
8935
8811
8825
8871
9067
9222
9189
9185
9183
9132
9241
9277
9269
9149
8948
8921
8834
9040
9147
9063
8830
8921
8934
8946
8940
8997
8959
8939
8913
8953
8920
8934
8902
8869
8720
8656
8659
8695
8769
8773
8764
8756
8708
8747
8678
8798
8860
8641
8599
8744
8866
8901
8862
9020
9045
9116
9050
8961
8929
8459
8731
8721
8699
8547
8586
8773
9174
9002
9053
8987
8964
8930
8929
9113
9052
9037
9122
9073
9036
9045
8995
9065
9035
9086
9016
8877
8680
8724
8789
8917
8809
8619
8584
8546
8438
8366
9032
8998
9127
9160
9104
9016
9129
9084
8895
8827
8906
8995
8938
9113
8982
9068
9099
9074
8941
8799
8662
8716
8697
8765
8861
8948
8919
8865
8959
8835
8748
8910
8935
8914
8756
8876
8793
8873
8996
8857
8924
8722
8643
8490
8227
8925
8938
8766
8945
8904
8988
9145
9107
8999
8612
8639
8929
8950
8966
8793
8724
8746
8882
8954
8942
8940
8908
8929
8876
8574
8698
8550
8569
8612
8615
8556
8487
8637
8642
8515
8610
8637
8681
8592
8682
8897
8765
8827
8797
8693
8896
9014
8909
8905
8754
8779
8990
8875
9105
9054
8787
9072
9023
9006
8661
8707
8581
8463
8647
8640
8681
8854
8705
8631
8763
8664
8753
8963
8995
8753
8488
8493
8452
8496
8525
8379
8438
8522
8506
8350
8422
8496
8545
8481
8263
8312
8331
8389
8420
8388
8443
8268
8172
8438
8821
9056
9067
9089
8973
8961
8985
9033
8885
8931
8759
8973
9134
9129
8893
9050
9010
9006
9100
9056
8956
8892
9081
9102
8923
8960
8984
9024
9073
9100
8965
9132
9085
9114
9042
9015
8887
8975
8958
8743
8770
8754
8746
8577
8688
8609
8471
9029
9060
8987
8894
8660
8570
8750
8811
8866
8868
8645
8589
8607
8683
8652
8567
8602
8595
8429
8467
8588
8365
8403
8191
8397
8570
8762
8749
8778
8824
8853
8806
8970
9005
8992
8866
8964
8878
8580
8711
8636
8650
8904
8944
8994
8866
8982
8912
9053
8909
8786
8675
8694
8875
8842
8776
8723
8589
8633
8563
8566
8554
8462
8323
8408
8602
8700
8773
8804
8712
8633
8617
8525
8563
8444
8554
8499
8380
8379
8421
8553
8562
8360
8511
8528
8424
8460
8345
8269
8350
8253
8355
8383
7989
8181
8161
8263
8329
8412
8132
8103
7601
7709
7952
8015
7930
7855
7765
7652
7932
7871
7992
7784
7784
7699
7545
7620
7556
7502
7503
7717
7654
7468
8280
8355
8339
8215
8523
8708
8665
8598
8601
8123
8326
8576
8492
8497
8311
8412
8345
8485
8479
8708
8584
8937
8871
9027
8905
9130
9172
9089
9035
8938
8786
9014
9027
8899
8823
8726
8806
8847
8746
8846
8735
8800
8942
9203
9127
8940
9018
8950
9112
9147
9181
9097
8894
8877
8798
8689
8473
8634
8714
8624
8595
8618
8394
8196
8179
8141
8255
8216
8208
9070
9231
9187
9204
9278
9269
9205
9205
9163
9224
9294
9241
9222
9272
9255
9263
9181
9223
9245
9159
9177
9063
9026
8866
8868
9058
9183
9166
9119
9166
9058
9185
9246
9109
8936
8983
8989
8931
8867
8808
8805
8634
8628
8573
8514
7773
7843
7771
7732
7816
7767
8346
9034
8962
8885
8939
9090
9095
9207
9195
9262
9145
9002
9271
9230
9215
9199
9187
9053
8991
8826
8787
8926
9025
9096
9055
9040
8981
8783
8828
8791
8758
8692
8708
8620
8302
8144
8750
8729
8612
8583
8387
8164
8151
8097
8182
8218
8464
8359
8423
8554
8587
8557
8241
8272
8377
8403
8500
8354
8405
8489
8422
8297
8347
8260
8366
8371
8342
8296
8299
8422
8549
8657
8529
8344
8220
8517
8553
8617
8594
8703
8750
8710
8607
8187
8430
8653
8478
8473
8748
8814
8871
9040
8885
8917
8700
8620
8457
8700
8610
8641
8383
8411
8471
8594
8660
8622
8755
8764
8753
8794
8792
8998
8993
8993
8985
9102
9059
9017
8816
8799
8969
8960
8950
8999
8926
8848
8948
8923
8441
8459
8426
8391
9036
9026
9149
8999
9024
9105
9032
9067
9058
8977
8777
8791
8884
8860
8907
8665
8696
8850
8760
8795
8774
8698
8709
8881
8884
8969
8850
8906
8843
9022
9034
8987
8885
8821
8944
8826
8858
8832
8686
8460
8361
8482
8847
9038
8982
8957
8986
8862
8792
8818
8542
8747
8719
8663
8715
8895
8843
8597
8775
8943
8927
9048
8979
9024
8932
8974
9025
8979
9114
9132
9092
9195
9039
9182
9165
9100
9161
9157
9066
8818
8822
9054
9021
9082
8765
8756
8615
8678
8826
8746
8736
8694
8439
8490
8877
8879
8694
8590
8504
8582
8552
8454
8397
8337
8309
8155
8154
8138
8119
8102
8134
8137
8167
8231
8407
8466
8466
8415
8344
8263
8672
8742
8701
8542
8420
8585
8731
8754
8591
8418
8382
8229
8543
8687
8718
8857
8803
8842
8843
8825
8591
8935
8940
8980
8735
8584
8455
8829
8885
8918
8946
9185
9141
9003
9164
9183
9169
9165
9097
9038
8952
9008
9078
9092
9062
9044
8889
8959
8902
8946
8960
9056
8990
9024
8930
9016
9005
8987
9022
8968
8910
8852
9108
9122
9034
9056
9099
8767
8791
8818
8908
9068
8980
9068
9126
9073
9094
9115
9115
8973
8958
8815
9065
9083
8788
8967
9047
9082
9012
8934
8927
8881
9034
8916
8907
8952
8915
8942
8893
8945
8923
8901
8869
8803
8904
8967
8953
8902
8904
8783
8893
8992
8924
8893
8914
8958
8954
8965
8931
8939
8863
8571
9018
8804
8636
8469
8464
8478
8567
8574
8602
8739
8624
8834
8873
8813
8793
8813
8671
8802
8934
8953
8967
8996
8861
8665
8943
8706
8787
8785
8493
8611
8732
8691
8601
8482
8589
8554
8776
8793
8618
8585
8686
8655
8731
8520
8545
8649
8700
8529
8485
8208
8714
8818
8748
8660
8593
8738
8652
8865
8656
8676
8683
8636
8669
8776
8945
9114
9027
8831
8987
8955
8857
8828
9095
9102
8941
9042
9076
9122
9098
9097
8988
8979
9152
9170
9032
9146
9068
9066
8928
8880
8886
8793
8769
8981
8934
9004
9069
8967
8905
9023
9017
8975
8995
8938
8923
9126
9183
9139
9093
8962
9003
9100
9047
8947
9110
9074
9038
9040
9052
9042
9056
9074
8947
8979
8798
8929
9103
9084
9144
8733
8775
8929
9101
9088
9008
9135
9144
9177
9168
9021
9078
9163
9191
9062
8986
8941
8806
9086
9149
8948
9137
9087
9135
9050
8747
8799
8670
8681
9067
8992
9046
8953
9031
8907
8877
9061
9004
9099
9040
9009
9066
8976
8964
8811
8985
8974
8850
9052
9160
9050
9085
9210
9003
9079
9001
9027
9124
9145
9057
9047
8795
9170
9172
9081
8965
8782
8854
8757
8793
8821
8498
8601
8592
8493
8480
8369
8431
8297
8301
8243
8283
8253
8293
8142
7819
7930
8070
8132
8113
8129
8113
8091
8048
8003
8025
7939
7764
7677
7898
7890
7812
7770
7782
7837
7877
7846
7847
7881
7811
7963
7833
7893
7988
7897
8093
8103
8088
8116
8041
8109
8264
8210
8307
8181
8289
8384
8474
8435
8404
8512
8584
8616
8560
8566
8428
8436
8390
8578
8504
8668
8588
8467
8564
8619
8660
8624
8631
8612
8519
8622
8743
8606
8575
8391
8614
8812
8879
8863
8950
9002
8903
9114
9168
9144
9089
9111
8983
9154
9185
9196
9140
9203
9179
9068
9035
8988
8891
8951
8922
9094
9207
8983
9102
8981
8968
9093
9192
9199
9174
9139
9136
9193
9179
9021
8933
8989
8916
8752
8757
8840
8752
8644
8734
9151
9269
8983
9051
9142
9181
9175
9251
8729
8920
8949
8883
9023
8905
8928
8941
8964
9077
8965
8940
9050
9000
9081
9130
9171
9209
9102
9087
8913
8993
9101
9142
9205
9054
9055
8999
9192
9177
9204
9144
9256
9127
9225
9231
9185
9235
9172
9265
9200
9129
9170
9112
9175
9232
9176
8982
9098
9228
9224
9015
9120
9072
9122
9147
8989
9155
8941
8838
8957
8623
8266
8469
8600
8429
8573
8596
8547
8511
8442
8389
8329
8387
8382
8373
8345
8230
8337
8396
8451
8368
8289
8358
8421
8487
8451
8446
8311
8381
8299
8513
8465
8333
8260
8279
8212
8358
8241
8199
8118
8212
8513
8544
8571
8543
8593
8637
8563
8853
8750
8685
8763
8829
8951
9116
9024
8838
8979
8958
8930
9007
8880
9113
8929
8829
9032
9133
9133
9203
9172
9104
9071
9203
9065
9064
9028
9101
9167
9195
9134
9133
9149
9193
9227
9265
9220
9004
9088
9017
9184
8989
8831
8843
8749
8738
8796
8777
9180
9083
9152
9101
8897
8992
8918
8797
8840
8676
8766
8852
8844
8889
8876
8694
9208
9268
9356
9324
9202
9249
9217
9022
9165
9241
9207
9063
9263
9117
9154
9240
9298
9339
9242
9251
9224
9067
9259
9177
9193
9172
9239
9297
9077
8927
8873
8925
8903
9250
9324
9356
9286
9244
9280
9137
9256
9242
9027
9156
9085
9243
9242
9269
9083
9154
9178
9111
9206
9295
9161
9092
8981
9080
9261
9186
9143
9029
9010
9191
9166
9164
9219
9016
9093
9022
9040
8899
8985
9146
9106
9040
9285
9133
9024
9071
9030
9084
9105
9054
8992
8909
8951
8908
9022
8878
8750
8571
8622
8728
8631
8583
8665
8631
8741
8631
8623
8585
8517
8538
8269
8622
8637
8849
8874
8904
8794
8878
8800
8656
8579
8513
8607
8660
8590
8773
8686
8623
8493
8575
8803
8730
8286
8706
8639
8624
8585
8702
8656
8651
8716
8858
8904
8939
8997
8958
9020
9139
9038
9038
9078
9083
9008
8917
8972
8998
8901
8948
8937
9016
9021
8838
8989
9038
9026
8807
8966
8978
8912
8984
9011
8974
9233
9237
9214
9245
9268
9235
9288
9193
9198
9087
8973
9025
9092
9227
9025
8748
8637
8718
8692
8740
9017
9142
9180
9213
9222
9169
9236
9229
9279
9262
9210
9302
9331
9310
9266
9181
9193
9063
9345
9261
9283
9243
9196
9218
9252
9159
9176
8917
9003
9027
9025
9083
9064
9181
9255
9042
9174
9019
9047
9047
8996
9094
8950
8749
8808
8618
8579
8498
8477
8621
8506
8474
8443
8392
8516
8551
8523
8374
8366
8357
8374
8536
8310
8282
8328
8280
8233
8118
8111
8136
8107
8021
8048
8011
8178
8178
8169
8115
8085
8252
8365
8306
8459
8463
8621
8736
8853
8784
8688
8904
8877
9014
9061
9103
9033
8962
9107
9045
9150
9058
8924
8913
8883
9118
9098
9021
8909
8971
9129
8972
9026
9036
8719
8756
8721
8637
8772
8764
8642
8585
8555
8517
8452
8476
8581
8640
8688
8506
8448
8361
8320
8453
8454
8561
8811
8812
8809
9028
9104
8777
9009
9058
9051
9138
9123
9156
8921
9034
8873
9040
9084
9173
9160
9040
8777
9001
8998
9132
9130
9325
9135
9115
9188
9134
9019
9159
9240
9233
9053
9248
9164
9239
9249
9189
9237
9055
9002
9063
9010
9025
9194
9193
9158
8773
8640
8979
8883
8827
8863
8846
8770
8913
8964
8859
8870
8802
8897
8867
9088
8911
9100
9055
9056
8799
8579
9044
9170
9140
9152
9066
8989
8891
8695
8490
8569
8628
8610
8512
8420
8598
9210
9138
9088
9149
9022
8938
9019
9125
8978
8685
8877
8825
8571
8518
8335
8307
8451
8482
8424
8208
8386
8203
8249
8208
8315
8217
8312
8214
8042
8050
8050
8244
8295
8057
8039
8001
8197
8160
8071
7945
8007
8091
8093
8331
8373
8405
8331
8225
8006
8304
8255
8186
7940
8042
8129
8066
8097
8113
8118
8113
7961
7939
7913
8206
8201
8092
8044
7678
7293
7215
7196
7207
7182
7242
7016
7626
7591
7653
7807
7801
7796
7628
7557
7511
7741
7719
7711
7768
7691
7763
8178
8134
8295
8320
8364
8367
8341
8356
8186
7815
8114
8869
8895
8960
8720
8720
8752
8850
8805
8849
8675
8795
8765
8922
8902
8896
8872
8983
8912
8997
8853
8901
8828
8876
9222
9236
9189
8869
8935
8840
8608
8492
8509
8438
8778
8680
8850
9195
9217
9236
9257
9148
9054
9272
9252
9185
9154
9083
9088
8833
8967
9170
9238
9106
9277
9224
9136
9015
9239
9156
9139
9304
9214
9182
9035
9237
8933
9046
9005
8792
8974
8862
9251
9237
9127
9015
8933
8879
9077
9235
9054
8794
8912
8917
8940
8921
8966
8953
9018
9030
9024
8961
8926
8967
8988
9074
9080
9121
9171
9105
9096
9061
9070
9069
9072
9106
9130
8970
8971
9097
9149
9075
9045
8729
8905
8838
8859
8725
8748
9120
9204
9184
9131
9069
9092
9099
9120
9108
8954
9013
8992
9009
9012
9042
9102
9084
9001
8953
8850
8972
8961
8921
8935
8802
8747
8664
8557
8504
8388
8416
8486
8361
8400
8349
8308
8336
8313
8370
8271
8445
8449
8349
8389
8380
8600
8638
8639
8773
8774
8840
8974
9027
9093
8967
8779
8356
8491
8646
8529
8452
8663
8893
8813
8748
8642
8785
8704
8798
8756
8855
8766
8946
9022
9149
9085
9168
9105
9042
8988
8918
8917
8988
8946
9027
9091
9017
8998
9012
8997
8905
8829
8776
9101
9138
9057
9056
9136
9003
8861
8913
8987
8948
8801
8844
8814
8725
8569
8937
9106
9061
9062
8977
9066
9068
9125
9157
9128
9051
9021
8923
8915
9095
8839
8924
8943
8819
8874
8782
8858
8847
8874
8979
8960
8990
8980
8980
8878
8944
8915
8959
8963
8936
8967
8933
8867
8886
8856
8531
8407
8400
8686
8729
8756
8766
8741
8762
8765
8876
8840
8780
8703
8881
8992
8867
8717
8918
8948
9011
8921
8792
8595
8510
8532
8864
8965
8972
8953
8958
8998
8993
9102
9043
9053
9008
9009
9136
9098
9094
9111
8909
9135
9210
9109
9119
8731
8737
8629
8495
8429
7854
7998
8156
8197
8292
8233
8011
8233
8170
8200
8236
8357
8257
8142
8090
7875
7915
8219
8255
8284
8238
8233
8285
8184
8182
8242
8184
8170
8197
8225
8254
8165
8110
7978
7809
8058
7922
8134
8287
8190
8078
8231
8230
8215
8327
8310
8190
8003
8332
8466
8410
8331
8159
8375
8563
8649
8767
8568
8103
7886
7680
7800
7761
7711
7791
7945
7857
7955
8825
8784
8826
8925
8921
9022
8886
8981
8871
8932
8861
8863
8924
8960
8852
8821
8703
8776
8874
8857
8901
8889
8916
8951
8958
9053
9016
8939
8957
9051
9136
9084
8472
8553
8657
8742
8709
8704
9082
9077
9167
9121
9131
9002
8739
8882
8886
8866
9006
8527
8970
9039
9072
9102
8862
8937
8899
8418
7868
8028
8015
7983
8044
8113
8189
8134
8267
8204
8115
8200
8155
8789
8833
8849
8875
8900
8833
8703
9143
9164
8984
9068
9015
9080
9044
8929
8973
8969
9048
8974
9049
8868
9091
8945
8879
9034
9019
9002
9083
8739
8689
8619
8713
8669
8591
8653
8614
8578
8541
8152
8538
8610
8615
8575
8666
8762
8778
8835
8888
8698
8711
8706
8250
8055
8186
8418
8325
8658
8771
8769
8658
8754
8817
8514
8551
8525
8688
8699
8668
8458
8466
8147
7712
6937
8150
7136
8037
8115
8098
8070
8189
8046
8300
8212
8227
7976
8094
8136
8212
8463
8289
8345
8256
8436
8228
8141
8688
8614
8549
8722
8791
8814
8734
8776
8708
8600
8396
8515
8476
8531
8452
8446
8394
7965
8041
7800
7964
8053
7975
8053
7984
7950
8011
7872
7959
7562
6085
6102
6058
6057
6077
6049
6080
6092
5896
6078
6037
6088
8205
8452
8482
8537
8574
8633
8706
8676
8474
8671
8662
8605
9002
9102
9159
9162
9188
9178
9167
9123
9174
9189
9090
8984
9118
9099
9077
9040
9136
9128
9000
9139
8929
9051
8941
8986
8937
9046
9066
9054
8974
8973
9124
9214
9184
8946
9108
9274
9270
8949
8766
8847
8678
8348
8999
9215
9186
9208
9191
9125
9101
9133
9137
9093
8990
8897
8882
8886
8592
8753
8877
8901
8619
8695
8627
8770
8676
8145
8551
8714
8771
8994
8968
8925
8911
9046
8844
9090
9015
8758
8823
9084
9055
9020
8843
8744
9024
8976
8934
8868
8851
8934
8951
9006
8988
9072
9081
8809
6845
8671
8747
8619
8412
8077
8059
8258
8130
8254
8807
8762
8843
8587
8652
8463
8691
8609
8534
8391
8207
8241
8344
8368
8364
8174
8295
8218
8389
8269
8408
8472
7782
8363
8456
8394
8554
8637
8667
8652
8502
8612
8630
8574
8729
8601
8474
8480
8479
8189
8229
8184
8075
8132
8165
8083
8050
8863
8743
8908
8931
8921
8970
8955
8900
8863
8932
8985
8997
9064
9036
9089
8942
8898
8974
9067
9029
9077
9034
8977
9048
8990
8711
8728
8816
8999
9005
9116
9041
9078
9025
8958
9119
9075
9118
9050
9064
9040
9197
9119
9171
9160
8997
9128
9069
9216
9182
9108
9090
8974
8866
8921
8953
9039
8994
9136
8960
8994
8975
8854
8966
9070
9028
9046
9016
9050
8921
8832
8924
9033
9117
9082
8879
8791
8998
8985
9054
9083
8894
8825
8746
8578
8657
8352
8298
8463
8400
8364
8288
8305
8326
8399
8461
8515
8339
8354
8384
7986
7900
8072
8382
8465
8503
8695
8909
8752
8452
8422
7894
8256
8047
8482
8419
8559
8378
8608
8660
8600
8358
8263
8542
8498
8509
8558
8594
8538
8529
8406
8439
8337
8534
8484
8613
8590
8586
8633
8667
8596
8686
8506
8488
8480
8352
8175
8257
8328
8479
8518
8459
8643
8304
8617
8639
8624
8516
8537
8727
8774
8691
8646
8876
8819
8931
8806
8863
8900
8908
8881
8842
8868
8835
8731
8971
9056
8963
8905
9004
8819
8921
8862
8919
8980
8760
8768
8723
8875
8846
8843
8739
8786
8959
8431
8924
8980
8866
8926
9006
8968
9031
9015
8942
8951
8912
8708
8779
8824
8968
8905
8740
8800
8824
8844
8857
8886
8899
8938
8940
8819
8859
8873
8883
8689
8524
8631
8784
8901
8778
8834
8731
8656
8764
8949
8891
8687
8767
8784
8604
8359
8566
8642
8966
9009
8898
8777
8932
8985
8701
8653
8723
8435
8607
8496
8413
8306
8272
8326
8439
8530
8409
8186
8258
8248
8353
8266
8257
8168
8081
8104
8070
7795
7861
8243
8113
8186
8192
8237
8394
8238
8443
8379
8237
8259
8118
7916
7889
7974
7901
8028
7996
7955
7455
8135
8268
8352
8366
8320
7975
8078
8310
8318
8219
8290
8347
8335
8289
8512
8212
8201
7664
7605
7684
7717
7590
7633
7673
8170
8181
8201
8160
8242
8348
8352
8375
8221
8345
8355
8262
8357
8098
7879
8179
8227
8413
8353
8458
8403
8445
8429
8462
8336
8421
8402
8428
8435
8365
8585
8489
8655
8753
8771
8734
8763
8604
8587
8889
9179
9136
8914
9111
9171
9110
9193
9198
9124
9152
9120
9060
9183
9075
8960
8999
9095
9120
8923
8958
9187
9198
9147
9240
9148
9035
8981
8939
8870
9096
9160
9155
9080
9073
9087
9060
9029
8883
9027
8754
9001
8944
8875
8733
8697
7854
8755
8735
8978
8980
8930
8839
8804
8874
8820
8607
8499
8557
8552
8797
8788
8774
8805
8713
8612
8616
8517
8366
8441
8414
8431
8117
8383
8239
7908
8343
8257
8305
8444
8398
8496
8428
8208
7811
7918
8416
8515
8448
8291
8203
8435
8480
8290
8336
8500
8515
8520
8484
8630
8443
8496
8562
8478
8540
8460
8401
8550
8585
8564
8553
8591
8633
8794
8771
8843
9006
8930
8866
9056
8721
8993
8987
8947
8555
8520
8657
8662
8563
8611
8433
8584
8435
8277
8190
8244
8136
8077
8673
8657
8756
8522
8567
8664
8592
8544
8235
8655
8623
8571
8744
8687
8773
8683
8599
8614
8529
8396
8343
8303
8327
8194
8863
8998
9070
9238
8954
8850
8917
8864
9026
8941
8817
8910
8999
9168
9250
9276
9192
9266
9110
9220
9340
9309
9294
9247
9160
9082
9117
9123
9213
9261
9208
9149
9175
9225
9156
8981
8972
8985
8955
9249
9301
9295
9123
9171
9213
9214
9130
9213
9244
9251
8843
9094
9186
9243
9194
9181
9123
9144
8839
8636
8520
8719
8706
8738
8788
8803
9181
9258
9160
9263
9153
9135
9156
9237
9027
9031
9094
9071
8903
9037
8961
8833
8820
8878
8674
8866
8805
8887
9021
8959
9184
9185
9171
9148
8964
9044
9118
8861
8773
8757
8925
8891
8834
8675
8447
8434
8510
8498
8626
8614
8536
8550
8436
8275
8368
8347
8374
8670
8673
8741
8675
8801
8812
8672
8609
8554
8622
8634
8472
8557
8482
8294
8456
8359
8425
8395
8320
7891
7823
7959
7882
8145
8279
8329
8302
8086
8200
8168
8180
8225
8074
8015
7947
7853
7897
7824
7732
7614
7803
7728
7637
7760
7702
7670
7824
7728
7909
7648
7911
8010
8075
8094
8059
8102
8154
8214
8108
8323
8216
8314
8521
8696
8650
8805
8688
8729
8723
8727
8753
8651
8578
8487
8517
8726
9105
9183
9196
9038
9093
9035
9080
9124
9084
8997
9140
9109
9184
9147
9038
9036
9113
9100
9134
9005
8941
8852
8980
8977
8955
9178
9142
9134
9086
9061
8717
8874
8931
8941
8951
8643
8662
8752
8842
8804
8739
8585
8322
8501
8644
8695
8517
8560
8380
8613
8343
8519
8504
8683
8611
8577
8504
8603
8544
8528
8638
8555
8565
8708
8605
8618
8638
8478
8796
8748
8707
8722
8576
8444
8500
8604
8656
8667
8561
8595
8599
8473
8524
8538
8896
8788
8979
8975
8829
8936
8857
8867
8784
8433
8536
8482
8475
8729
8814
8858
8936
8936
8640
8953
8852
9000
9002
8930
9060
9058
8977
8974
8876
8920
8907
8944
8952
9011
8954
8800
8969
8755
8861
8877
8707
8816
8800
8837
8848
8876
8778
8526
8568
8643
8659
8749
8607
8317
8347
8667
8742
8624
8681
8661
8464
8530
8537
8506
8240
8505
8679
8593
8669
8678
8735
8699
8649
8615
8963
9027
8954
9019
9071
9202
9200
8967
9073
9049
9182
9155
9236
9278
9065
9001
9160
9131
9244
9221
9177
9209
9139
9166
8980
9138
9074
9021
9126
9035
9096
9023
8933
8914
9168
9115
9137
9161
9152
9116
9120
9159
9254
9036
8598
8823
8771
9007
9337
9170
9293
9291
9269
9325
9041
8874
8980
8953
9044
9042
8803
8810
8727
8708
8661
8600
8598
8675
8755
8615
8560
8666
8840
8934
8875
9116
8786
8742
8534
8530
8522
8710
8839
8747
8790
8791
8918
8757
8763
8715
8792
8516
8888
8846
8937
8897
9080
8929
9097
8936
8887
9100
8884
9057
8965
9061
9013
8889
8968
8911
8298
8467
8455
8557
8547
8753
8807
8843
8843
8455
8598
8261
8410
8644
8721
8634
8189
8350
8463
8299
8402
8207
8165
8183
8376
8228
7892
7845
8118
8189
8066
8115
8130
8094
7971
8051
7826
8014
7871
8175
8058
8104
8126
7982
7893
7973
8052
8257
8231
8408
8565
8349
8591
8369
8457
8614
8339
8520
8530
8593
8573
8660
8749
8517
8695
8774
8739
8786
8800
8735
8521
8564
8700
8732
8794
8688
8817
8695
8588
9079
9111
8962
8938
8860
8388
8912
8801
8637
8711
8745
8613
8680
8738
8690
8564
8670
8846
9025
8797
8898
8910
8894
8857
8732
8775
8885
8979
8941
8883
8638
8728
8632
8865
8702
8392
8671
8684
8761
8575
8183
8671
8635
8628
8662
8593
8538
8263
8156
8384
8769
8640
8631
8537
8767
8645
8658
8570
8578
8601
8648
8389
8539
8541
8686
8593
8791
9027
8977
8926
8917
8866
8829
8811
8700
8636
8571
8640
8739
8763
8773
8833
8769
8714
8736
8709
8786
8747
8686
8794
8771
8775
8784
8821
8839
8732
8755
8752
8752
8754
8592
8407
8630
8585
8639
8718
8558
8678
8595
8315
8152
8151
8375
8421
8487
8525
8489
8390
8400
8376
8416
8277
8473
8481
8353
8487
8436
8497
8403
8406
8394
8344
8353
8260
8235
8354
8479
8540
8480
8527
8662
8665
8613
8630
8698
8697
8692
8666
8657
8429
8613
8641
8630
8816
8812
8750
8577
8571
8611
8423
8485
8450
8409
7703
7692
7635
7748
8451
8582
8551
8730
8838
8786
8830
8908
9012
8842
8847
8646
8981
8976
8942
8698
8823
8693
8914
8874
8786
8751
8822
9023
9041
8924
9031
9072
9061
9032
8932
8714
8646
8609
8671
8740
8633
8405
8318
8351
8357
8474
8403
8504
8424
8456
8520
8522
8574
8375
8219
8279
8278
8328
8301
8355
8405
8336
8191
8371
8264
8185
8058
8094
8093
8260
8293
8272
8258
8197
8154
8253
8108
8188
8231
8133
8045
8206
8203
8316
8269
8412
8394
8401
8263
8135
8403
8411
8580
8455
8358
8460
8449
8366
8079
8206
8093
7946
7954
8593
8761
8844
8789
8583
8765
8629
8663
8610
8494
8588
8623
8732
8855
8888
8904
8894
8963
8990
8879
8931
8738
8836
8975
8685
9092
9105
8925
9089
9019
8908
8873
8790
8998
9011
8992
8813
8881
8921
9060
8927
8072
8081
6795
6548
7039
7524
6627
8097
7353
8158
7012
7867
3851
8340
8725
7728
8146
8162
8168
8118
8706
8903
8638
8840
8396
8838
8866
8384
7863
7622
8263
8028
7990
8348
8850
8859
8179
8572
8631
8792
8807
8815
8949
8754
8903
9009
9200
9095
8813
8327
8886
8612
8478
8676
9119
8652
9089
9142
8709
9016
8722
8662
8887
8854
8755
8819
8921
8723
8866
8905
8722
8753
8880
8849
9049
8968
8876
9002
8899
8849
8835
8906
8882
8998
8644
8521
8912
8779
8370
8663
8962
8634
8787
8480
8567
8338
8409
8632
8607
8551
8366
8667
8485
8363
8329
8172
8129
8384
8527
8299
8350
8636
8449
8634
8682
8606
8273
8152
8363
8502
8255
8140
8202
8174
8155
8636
8732
8634
8628
8648
8306
8639
8493
8165
8445
8377
8504
8471
8608
8801
8708
8649
8124
8070
8198
8299
8353
8345
8446
8429
8425
8333
8271
8249
8145
7910
7967
7976
7989
8030
7958
7944
7973
7981
7644
7889
7990
8131
8029
7881
7956
7785
7896
7845
7679
7852
7861
7941
7939
7888
7914
7666
7842
7936
7862
8062
8116
7949
7985
8014
8149
8434
8399
8450
8289
8300
8327
8441
8349
8436
8395
8449
8397
8382
8177
8416
8433
8405
8432
8465
8431
8459
8175
8225
8227
8244
8178
8318
8556
8602
8678
8667
8538
8603
8608
8547
8648
8888
8771
8848
8839
8964
8987
8984
8802
8761
8856
9094
8988
8885
8899
8983
9084
8985
9028
9063
8944
9075
9145
9247
9263
9150
9106
9175
8861
8646
8828
8882
8877
8875
8955
8954
8890
8922
8609
9211
9214
9208
9268
9258
9286
9085
9060
8886
9019
9192
8909
8946
8835
8880
9131
9131
9029
8897
8351
8249
8177
8333
8356
8411
8751
8851
9040
8960
8989
9056
9052
9045
8951
8988
8995
9063
9084
9109
9053
9031
8972
8889
8885
8847
8968
9020
9081
9055
8851
8926
9023
8943
8893
8903
8993
9023
9085
8992
8785
8729
8966
8911
8796
8881
7845
7768
7872
7763
7870
7978
7968
7808
7792
7704
7532
7532
7531
7554
7582
7588
8687
8674
8709
8747
9052
9004
8912
8892
8945
8950
8913
9034
9016
8958
8843
8909
8963
8985
8930
8732
8515
8854
8868
8798
8896
8936
8941
8729
8804
8793
8740
8857
8912
8759
8887
8799
8884
8973
9027
8985
8940
8787
8726
8580
8773
8716
8848
8837
8705
8752
8725
8557
8506
8440
8548
8512
8408
8287
8395
8341
8361
8303
8330
8341
8197
8169
7984
7990
7847
7924
7916
8147
7997
7967
7973
7944
8256
8303
8137
7921
7880
8069
8048
7633
7724
7770
7739
7778
7759
7748
7667
7769
8006
8054
7701
7338
7499
7446
7461
7584
7671
7644
7626
7731
7588
7332
7250
7091
7194
7601
7781
7697
7819
7783
7691
7762
7606
7819
7823
7795
8068
7962
8296
8092
8190
8168
8097
8152
8081
8036
7944
7865
7610
7905
7947
7727
7593
7916
7967
7871
7739
7731
7517
7490
7552
7806
7831
7691
7641
7647
7860
7852
7838
7755
7349
7193
7189
7179
7176
7227
7141
7191
7900
7978
8048
8054
8219
8211
8178
8081
8208
8189
8156
7969
7990
7979
8064
8364
8088
8015
8381
8374
8509
8494
8501
8545
8415
8455
8351
8393
8381
8417
8597
8642
8643
8600
8471
8659
8659
8701
8667
8595
8674
8739
8637
8470
8747
8620
8679
8571
8712
8727
8786
8873
8928
8887
8830
8886
8728
8745
8569
8644
8694
8787
8879
8812
8712
8510
8421
8735
8812
8750
8685
8796
8879
8837
8680
8859
8828
8777
8772
8765
8416
8112
8081
8007
7830
7909
7893
7937
7935
7919
7892
8298
8239
8304
8435
8317
8209
8273
8259
8289
8147
8295
8273
8242
8298
8188
8200
8221
8030
8091
7945
8006
8077
8026
8173
8214
8209
8248
8185
8113
8078
8385
8401
8257
8322
8230
8244
8512
8334
8450
8376
8078
8222
8300
8366
8362
8274
8231
8190
8128
7990
8016
8058
7972
8028
8125
8294
8332
8236
8254
8164
8036
8025
8189
8273
8365
8241
8274
8247
8236
8345
8483
8483
8230
8166
7953
7912
7880
7910
8039
7977
7976
8229
8184
8104
7998
8155
8174
8189
8284
8021
7832
8062
7953
8026
7925
7750
7782
7885
7914
8151
8054
8022
8026
7989
8047
8047
8067
7962
7752
7827
7881
7415
7619
7802
7797
7829
7787
7736
7500
7584
7614
7554
7521
7465
7050
7000
6999
6889
6973
7014
6987
7358
7568
7673
7646
7796
7746
7810
7836
8054
8057
8056
7945
7660
7793
7638
7698
7708
7664
7814
8004
7989
7963
7971
7972
7974
7820
7743
7805
7723
7664
8133
8230
8164
8232
8457
8401
8461
8327
8276
8578
8861
8875
8684
8487
8383
8554
8707
8765
8559
8355
8314
8428
8498
8451
8399
8130
7970
7892
8004
7854
8200
8378
8269
8191
8591
8628
8732
8648
8285
8693
8669
8713
8821
8689
8401
8462
8473
8438
8877
8998
8929
8908
8981
8943
9043
8989
8959
9004
8852
8884
8989
9077
8944
8861
9026
9005
8991
9081
9055
8961
8743
8586
8780
8771
8781
8775
8519
8357
8508
8568
8623
8669
8658
8720
8751
8710
8674
8644
8475
8560
8486
8446
8599
8533
8532
8482
8503
8600
8615
8679
8699
8652
8727
8706
8722
8737
8683
8645
8543
8565
8644
8610
8606
8470
8655
8659
8568
8592
8686
8764
8657
8691
8671
8570
8552
8218
8353
8435
8294
8371
8254
8253
8096
8010
7951
8027
8090
8080
8141
8389
8401
8193
8338
8260
8231
8186
7607
7564
7585
7595
7616
7598
7612
7461
7376
7286
7177
7158
7087
7070
6927
6855
5922
5826
5326
5322
5357
5324
5428
5470
5575
5505
5537
5562
5568
5567
5572
7145
6994
7258
7331
7268
7420
7481
7552
7490
7448
7448
7631
7560
7593
7563
7527
7637
7623
7739
7598
7266
7613
7745
7764
7879
7774
7843
7831
7903
8027
7990
7939
7947
7862
7932
8031
8031
8044
8000
8105
8173
8084
8069
8079
7941
8110
8033
7996
8136
8131
8183
8174
8094
8144
7933
7776
8151
8186
8130
8103
8168
8095
7998
8320
8438
8328
8509
8462
8471
8433
8553
8617
8608
8524
8526
8442
8367
8496
8597
8626
8618
8620
8582
8673
8650
8644
8562
8663
8674
8750
8772
8694
8425
8553
8615
8684
8704
8937
8912
8920
8963
8957
8926
8881
8911
8626
8855
9000
8881
8983
8935
8826
8821
8842
8867
8911
8921
8882
8584
8632
8771
8863
8899
9004
9046
8987
8824
8710
8942
8958
8938
8894
8673
8714
8759
8764
8807
8799
8787
8747
8393
8507
8737
8797
8818
8759
8837
8837
8727
8933
8943
8951
8961
8806
8976
8945
8839
8814
8791
8821
8759
8675
8425
8576
8613
8626
8550
8556
8502
8385
8382
8265
8301
8317
8198
8228
8212
8124
8308
8007
8098
8076
7945
8052
8085
8134
8130
8067
7933
8013
8096
8083
8050
7766
7865
7946
7962
8051
7993
7987
8002
8009
7996
7721
7652
7864
7900
7982
8003
7954
8040
8055
7881
7904
7795
7696
7780
7877
7967
7912
7630
7680
7621
7537
7664
7611
7654
7465
7510
7616
7659
7784
7763
7657
7561
7465
7675
7690
7831
7844
7699
7584
7614
7590
7589
7446
7481
7289
7262
7141
7568
7668
7631
7722
7677
7681
7827
7732
7800
7927
7907
7860
7812
7944
7872
7973
7965
7909
7896
8086
8260
8423
8503
8175
8163
8153
8256
8566
8617
8576
8607
8743
8742
8715
8759
8744
8656
8725
8654
8416
8378
8168
8122
8138
8134
8212
8516
8379
8481
8509
8408
8354
8327
8309
8357
7906
8189
8257
8273
8460
8479
8574
8663
8585
8566
8663
8831
8856
8807
8771
8863
8689
8633
8517
8491
8395
8283
8256
8527
8953
9081
8982
8978
8782
8072
8362
8425
8497
8444
8454
8364
8262
8313
8297
8344
8189
8264
7888
8015
7952
7828
8010
8002
7853
8478
8564
8598
8425
8574
8625
8653
8438
8354
8557
8610
8532
8441
8667
8687
8798
8681
8728
8739
8904
8708
8974
8817
9071
8945
9012
8882
8915
8907
8994
8675
8908
8975
9034
8805
8874
8700
8865
8823
8866
8858
8968
8902
8908
9023
9091
9065
9017
8948
8902
8701
8689
8677
8632
8294
8668
8734
8737
8585
8526
8756
8866
8865
8868
8869
8662
8567
8403
8172
8257
8543
8560
8517
8351
8124
8274
8141
8363
8400
8407
8426
8417
8457
8453
8476
8504
8559
8589
8667
8845
9061
9101
8963
8889
8936
9024
9125
9059
8981
8856
8919
8633
8830
8848
8819
8871
8808
8787
8661
8823
8749
8716
8649
8853
8789
8814
8812
8789
8761
8653
8423
8512
8375
8341
8491
8370
8244
8143
8295
8142
7389
7425
7389
7339
7332
7222
7279
7290
7267
7283
7276
7290
7401
8518
8310
8650
8686
8684
8724
8864
8977
9177
9176
9092
9122
9137
9226
9132
8795
8767
8819
8928
8968
8753
8848
8370
8614
8761
8791
8699
8907
8804
8873
8714
8788
8680
8606
8410
8270
7383
7403
7491
7411
7398
7223
7227
6890
7252
7307
7189
7013
7144
7042
8530
8838
8698
8739
8807
8974
8910
8867
8859
8928
8838
8798
8735
8623
8818
8800
8418
8657
8724
8864
8751
8583
8629
8577
8534
8234
8610
8593
8853
8835
8732
8792
8667
8859
8618
8502
8515
8275
8280
8555
8795
8843
9065
9062
8979
8743
8681
8661
8655
8490
8474
8352
8425
8623
8655
8659
8578
8661
8716
8815
8740
8801
8772
8666
8777
8724
8574
8526
8462
8317
8078
8040
8031
8060
8110
8624
8641
8620
8568
8802
8882
8871
8890
8982
9001
8997
8971
8944
8855
8800
8811
8871
8769
8864
8829
8875
8957
8962
8854
8898
9028
9007
9116
9065
8994
8914
8931
8820
8832
8791
8880
8865
8966
8986
9164
9089
9069
9016
9045
8951
9008
8824
8892
9078
8681
8949
8879
9009
9081
9005
8904
8868
8961
8979
8905
8977
8933
8809
8828
8756
8722
8461
8379
8169
8210
8034
8358
8684
8755
8648
8678
8352
8349
8697
8675
8297
8704
8815
8715
8656
8783
8861
8801
8581
8610
8638
8488
8915
9078
9078
9177
9212
9129
9002
8987
8899
8839
8852
8867
8997
9020
9088
8908
8968
8939
8677
8588
8614
8500
8573
8587
8395
8594
8484
8507
8495
8533
8698
8727
8737
8881
9015
9057
9028
9029
9045
8946
8939
8678
8772
9124
9157
8966
8956
9247
9208
9178
9177
9075
9096
9146
9234
8884
8284
8379
8384
8397
8929
9043
8987
8948
9036
8985
9238
9226
9078
9092
9134
8951
9162
9129
8915
9087
9216
9207
9126
9081
9005
9043
9070
9059
9024
9011
9022
9139
9081
9249
9066
8815
8783
8900
8971
9063
8993
8914
8987
9046
9148
9084
9088
9137
9038
9037
9029
8954
8916
9141
9078
9100
8805
9116
9115
9017
8544
8662
8661
8992
8951
8992
8960
9029
9211
8875
9038
9068
9081
9111
9070
9031
8996
8760
8684
8825
8985
9056
8999
8995
9065
9066
9081
8801
8935
8987
8682
8742
8556
8284
8090
8639
8726
8677
8845
8849
8878
8904
8863
8775
8899
8646
8566
8798
8833
8787
8768
8731
8908
8918
8776
8924
8965
8676
8889
8968
9004
8894
8850
8780
8787
8624
8701
8655
8670
8748
8724
8690
8565
8586
8780
8677
8622
8484
8200
8331
8374
8249
8162
8179
8343
8168
8044
8047
8055
8202
8110
8049
7917
7806
7821
7922
7896
7750
7942
7847
7886
7884
7880
7931
7897
7808
7897
7931
7935
7775
7816
7756
8104
8089
8120
8109
8008
7998
7870
8050
7928
7796
7728
7767
7852
8007
7983
7867
7847
7854
7885
7840
7810
7896
7793
7762
7751
7737
7861
7731
7730
7942
7799
7805
8036
7979
7936
7842
8003
8066
8257
8365
8220
8348
8431
8447
8427
8531
8400
8568
8786
8905
8768
8861
8799
8686
9098
9109
9306
9053
9337
9322
9270
9376
9191
9280
9305
9296
9250
8996
8754
8742
8553
8628
9050
9085
9018
8839
8872
8912
9108
9217
9227
9235
9147
9211
9098
9265
9136
9260
9250
9195
8944
9229
9218
9329
9326
9010
9272
9236
9292
9136
9121
9027
9192
9185
9093
8970
9050
8999
9108
8990
8782
8876
8944
8957
9335
9332
9176
9260
9304
9290
9138
9240
9283
9199
9277
9213
9256
9241
9281
9303
9222
9133
9143
9263
9278
9277
9261
9151
9077
9159
9132
9167
9203
9220
9209
9126
9134
9060
9101
8156
8483
8593
7571
8741
6709
8562
8876
5941
4978
8437
8377
7305
8589
8759
8598
8875
8828
8922
8657
8932
8957
8858
8795
8958
8832
8952
8733
8930
8698
8556
8444
8562
8550
8630
8616
8693
8321
8429
8253
8054
8285
8268
8181
8080
7900
7855
7824
7571
7846
7921
8177
8110
7921
7663
7861
7797
7770
7700
7503
7391
7679
7752
7753
7895
7917
7682
7885
7664
7703
7653
7636
7635
7569
7526
7543
7558
7595
7553
7527
7456
7385
7776
7861
7895
7874
7910
7983
7892
7910
7802
7678
7762
7752
8212
8235
8249
8159
8338
8367
8368
8253
8161
8259
8486
8525
8571
8493
8450
8369
8077
8032
7787
7755
7759
8244
8391
8401
8420
8688
8827
8787
8752
8771
8758
8902
8747
8911
8939
8978
9022
8984
9042
9043
9133
9164
9009
9077
8905
9106
9109
9123
9066
9053
8950
9117
9091
9082
8946
8828
8846
8944
9061
9119
9096
9087
9166
9108
8953
8987
8851
8991
8875
8941
8960
9010
8918
8868
8864
8704
8954
8861
8896
8758
8643
8782
8884
9086
8975
8875
8853
9009
8877
9085
9018
8974
9080
9009
8977
9049
9086
8697
9019
8944
8917
8957
8858
8953
8845
8849
8802
8627
8588
8366
8403
8557
8517
8510
8500
8479
8494
7949
8334
8377
8274
8422
8457
8378
8413
8491
8490
8441
8343
8720
8719
8754
8438
8880
8858
8763
8433
8276
8319
8556
8731
8667
8578
8609
8530
8609
8698
8610
8512
8379
8318
8266
8123
8205
8280
8248
8267
8370
8276
7954
8085
8185
8207
8220
8225
8199
8335
8547
8535
8440
8355
8554
8513
8654
8538
8234
8125
7989
8175
7440
7316
7327
7247
7460
7440
7406
8095
8157
8195
8246
8075
8052
8102
8163
8210
8245
8404
8289
8248
8345
8205
8345
8506
8380
8486
8162
8151
8292
8399
8350
8427
8398
8332
8402
8707
8718
8652
8696
8701
8729
8742
8690
8786
8887
8629
8587
8649
8706
9048
9068
9057
8978
8821
8754
8539
8718
8747
8482
8461
8257
8696
8666
8686
8647
8547
8463
8369
8470
8559
8581
8484
8409
8564
8503
8486
8567
8645
8691
8634
8575
8473
8510
8590
8621
8518
8492
8507
8465
8512
8527
8419
8372
8386
8502
8343
7952
7957
7939
7844
7946
8050
8043
7931
7956
8055
8184
8189
8077
8078
8151
8059
8087
8192
8184
7952
8006
8075
8185
8186
8033
8126
8270
8277
8287
8274
8451
8497
8338
8342
8295
8357
8556
8512
8454
8537
8585
8371
8163
8231
8222
8157
8094
8093
7961
7936
8189
7921
7971
7910
7949
8021
7970
7892
7922
7906
7900
7908
7828
7754
7966
7940
7917
7778
7985
7629
7756
7808
7812
7891
7709
7617
7913
7938
8113
8092
8333
8431
8326
8197
8249
8212
8312
8203
8365
8020
8007
8026
8041
8147
7902
8127
8330
8186
8384
8253
8291
8307
8252
8352
8367
8457
8569
8502
8525
8505
8539
8252
8356
8510
8475
8518
8391
8511
8431
8413
8547
8416
8780
8822
8857
8772
8658
8507
8779
8875
8798
8636
8626
8704
8497
8490
8848
8882
8942
8882
8876
8779
8936
8837
8961
8837
8843
8887
8964
8905
8875
8864
8961
8846
8879
8911
8738
8736
8627
8491
8200
8762
8849
8711
8463
8545
8469
8329
8340
8561
8735
8775
8756
8532
8575
8738
8528
8581
8506
8488
8552
8398
8495
8498
8625
8627
8354
8268
8261
8120
8147
8345
8146
8119
8161
8153
8283
8381
8282
8279
8149
8022
7915
7915
8048
8058
7973
7961
7956
7700
7722
7800
7743
7731
7572
7413
7453
7607
7582
7486
7538
7451
7409
7230
7043
6208
6217
6105
6164
6250
6189
6189
6160
6217
6252
6945
7080
7160
7220
7368
7335
7127
7249
7410
7382
7249
7154
7483
7366
7372
7343
7304
7377
7395
7440
7366
7094
7061
7019
7055
7053
7049
7037
6943
6885
7019
6991
7014
7355
7422
7328
7232
7055
7114
7361
7015
7002
7003
7232
7334
7324
7509
7590
7328
7228
7267
7335
7564
7599
7654
7753
7662
7899
7945
7804
8184
8205
8144
8283
8132
8139
8355
8793
8914
8953
8720
8824
8918
8774
8931
9065
8725
8603
8738
8794
8903
8904
9006
8945
8981
9109
9094
8964
8934
8981
9112
9146
9096
9004
8950
9136
8925
8852
8936
8756
8987
9065
9105
9201
9156
9035
8890
8741
8896
9026
9038
8836
8926
8818
8991
9018
8976
9043
9032
8911
8884
9144
9150
8987
9037
8805
8770
8950
8471
8532
8529
8474
8586
8563
8566
8575
8692
8587
8609
9136
9166
8985
9141
9146
9077
9049
8799
8844
8991
8940
8952
8767
8828
8809
8788
8654
8675
8628
8611
8629
8946
8920
8578
8646
8695
8791
8771
8643
8595
8651
8711
8778
8876
8823
8645
8668
8520
8833
8782
8871
8753
8785
8975
8651
8728
8633
8480
8479
8414
8494
8560
8523
8513
8436
8448
8397
7712
6796
6848
6877
6944
7026
7013
6883
7097
7135
7234
7212
7823
7954
8243
8240
8086
8246
8170
8206
8246
8077
8033
7893
7933
7974
7883
7966
7959
7999
8240
8138
8199
8137
8122
8140
8179
8007
7713
7931
8040
8046
8053
8104
7989
8014
7937
7866
7927
7858
8022
8168
8170
7808
8131
8174
8112
8220
8184
8240
8295
8355
8248
8188
8182
8147
8301
8283
8424
8395
8358
8422
8400
8290
8240
8318
8358
8317
8390
8222
8427
8288
8240
8427
8528
8505
8509
8442
8385
8216
8645
8405
8580
8490
8446
8457
8513
8529
8532
8546
8485
8562
8644
8728
8805
8795
8736
8633
8613
8715
8730
8667
8667
8699
8733
8748
8739
8701
8744
8693
8647
8677
8460
8612
8670
8555
8521
8540
8701
8745
8820
8671
8652
8703
8682
8896
8807
8832
8572
8706
8790
8727
8755
8734
8738
8736
8818
8890
9047
9034
9020
8997
8987
9155
9110
9094
8688
8586
8541
8228
8134
8187
8126
8025
8444
8468
8578
8448
8485
8260
8263
8444
8496
8485
8508
8574
8560
8614
8372
8448
8337
8496
8548
8591
8526
8509
8547
8547
8486
8291
8343
8413
8476
8381
8479
8496
8415
8320
8125
7988
8309
8243
8333
8235
8290
8273
8253
8142
8109
8129
8018
7906
8019
8021
8058
7990
7998
8001
7984
8207
8316
8232
8201
8182
8315
8301
8261
8359
8221
8178
8264
8004
8188
8164
8287
8092
8246
8320
8256
8175
7931
7982
7922
8029
7846
7642
7889
7941
7864
7839
7907
7853
7636
7727
7746
7807
7817
7876
7884
7778
7767
7681
7868
7784
7692
7885
7714
7838
7849
7919
8016
8351
7983
7499
8110
8481
8064
8372
8342
8430
8051
8259
8011
8512
8067
8256
8546
8428
7964
8282
8320
8048
8570
8539
7929
8320
8044
7782
8029
7539
8226
8210
8126
7613
8180
8079
8075
7992
7800
7809
8143
8208
8227
8328
8278
8114
8229
8092
8260
8087
8006
7832
7990
8145
8195
8238
8059
7907
7969
7945
8110
8136
7874
7857
8121
8054
8053
7974
7764
8074
8200
8147
8523
8464
8481
8365
8203
8652
8633
8684
8285
8419
8446
8424
8247
8702
8630
8703
8063
8834
8835
8995
8842
8464
8578
8467
8654
8634
8638
8218
8481
8362
8633
8698
8668
8777
8373
8616
8787
8832
8764
8643
8538
8595
8467
8304
8489
8286
8424
8354
8429
8413
8347
8102
8225
8234
8083
8210
6500
5803
5808
5651
5857
5777
5740
5748
5940
5890
6107
5426
5880
6143
6036
6075
6227
6212
6125
6052
7668
7691
7782
7786
7529
7141
7642
7280
7494
7514
7378
7137
7671
7397
7584
7912
7513
7784
7104
7373
7620
7747
7578
7388
7717
7566
7547
7186
7176
6741
7202
7237
7406
7513
7602
7590
7974
7566
7988
7961
7594
7936
8016
7431
7576
7917
7754
7871
8045
7929
8040
8019
7200
7594
7493
7180
7552
7470
7248
7438
7432
7350
7668
7826
7852
8398
8437
8674
8472
8486
8399
8922
8823
8579
8582
8465
8592
8853
8745
8613
8594
8264
8571
8693
8636
8812
8672
8438
8729
8684
8557
8903
8892
8697
8291
8561
8826
8685
8647
8705
8628
8359
8267
8425
8054
8408
8566
8518
8521
8516
8457
8802
8843
8742
8651
8880
8705
8727
8677
8629
8762
8855
8482
8559
8531
8517
8650
8736
8844
8793
8778
8804
8742
8714
8731
8790
8824
8684
8681
8249
8555
8792
8870
8813
8728
8345
8201
8129
7957
8140
8234
8190
8109
8218
7984
7990
8044
7631
7478
7485
7392
7518
7472
7314
7431
7473
7325
7404
8234
8509
8811
8919
8933
8923
8833
8794
8849
8938
8898
8665
8722
8507
8642
8754
8292
8524
8582
8664
8747
8731
8431
7853
8026
7966
7924
8030
7936
8052
8005
8253
8432
8255
8413
8363
8396
8314
8195
8044
8410
8561
8460
8407
8286
8797
8848
8829
8750
8432
8577
8516
8342
8361
8392
8308
8321
8440
8347
8399
8489
8590
8653
8645
8694
8730
8688
8822
8763
8792
8856
8912
8865
8708
8824
8665
8664
8752
8710
8815
8677
8733
8701
8905
8951
8818
8955
8930
8858
8952
8925
8932
8946
9001
9039
9138
9216
8960
9049
8994
8741
9131
8998
9118
9108
9072
9036
9014
8892
9048
9014
8935
8814
8779
8971
9042
9186
9077
9085
9188
9203
9142
8687
8794
8920
8917
8952
8987
8788
9065
8964
9043
9133
9059
8975
8882
8576
8449
8400
8423
8335
8933
9032
9093
9146
9176
9007
8909
8947
9069
8971
9033
8949
8866
8893
9042
9220
9104
9042
9020
8982
9061
9015
9044
8900
8925
8592
8582
8686
8792
8830
9013
9005
8865
8766
8797
8987
8976
9045
9052
8960
9087
9018
9030
8954
9026
9041
8830
8734
8402
8446
8417
8394
8603
9056
8987
8953
8784
8805
8732
8792
8927
8934
8629
8814
8928
8973
8875
8751
8866
8866
8935
8674
8777
8645
8835
8822
8292
8471
8527
8547
8607
8409
8586
8441
8520
8296
8396
8318
8492
8400
8397
8334
8150
8213
8211
8198
8286
8274
8243
8083
8149
8014
8192
8075
7831
7953
7946
8057
7882
8042
8079
7901
7701
7265
7874
7477
8148
7315
7658
7756
6809
5311
5469
5822
6180
6363
6720
6750
6654
5671
6208
1544
7234
7140
7341
7350
7315
7461
7525
7567
5768
6178
5683
7098
7533
7694
7684
7950
6204
7881
6424
7316
6876
7643
8106
7668
8278
8429
8541
8426
7027
7931
7922
8421
7595
8652
8371
9035
8141
8920
9217
8279
9258
8956
9155
8975
8128
8592
8396
9002
8334
9258
8670
9043
8673
9027
9258
9062
9278
8419
9242
9283
9345
8745
9261
8906
8793
9166
8830
8965
8768
9351
8867
9130
8974
8984
9247
9138
9277
9240
8963
9266
9291
9362
9321
9296
9443
9466
9276
9098
8898
8809
8494
8886
8924
8817
8832
8820
8753
8693
8383
8344
8358
8331
9199
9393
9383
9351
9354
9377
9286
9388
9343
9335
9285
8977
8984
8984
8927
9044
8858
9094
9034
9225
9293
9073
9145
9230
9232
9258
9295
9098
9158
9081
9068
9009
9129
9071
9217
9095
8911
9034
9028
8823
8642
8200
8216
8187
8538
8711
8889
8865
8789
8787
8795
9004
8924
9039
9163
9126
8979
8629
8673
8711
8601
8975
8952
8924
8771
9092
9333
9236
9194
8885
9070
9097
9046
8961
8984
9131
9239
9227
9142
9049
8913
8776
8630
8718
8741
8867
8825
8832
8715
8855
8957
9063
8997
8945
8945
8900
8882
9086
9117
8963
9049
8960
8785
8981
9066
9053
9088
9088
9137
9197
9203
9008
9127
9123
9176
9188
9208
9172
9224
9075
9015
9043
9001
9066
9007
9073
9055
8991
8846
9268
9333
9172
9249
9267
9320
9343
8598
9243
9277
9226
9199
9278
9319
9351
9238
9230
8838
8808
8856
9136
9311
9338
9346
9392
9457
9486
9461
9406
9444
9410
9505
9446
9461
9369
9402
9473
9366
9098
8903
9034
9172
9237
9348
9342
9347
9435
9402
9144
9305
9427
9481
9400
9427
9435
9309
9427
9353
9506
9325
9246
9331
9423
9424
9484
9315
9345
9293
9419
9311
9345
9290
9159
9362
9170
9153
9148
9104
9270
9244
9177
9112
9205
9397
9290
9103
9044
9307
9332
9378
9313
9277
9346
9341
9317
9330
8929
8862
8851
8800
8941
9100
8761
9093
9106
8990
8779
8139
8250
8218
8135
7869
8048
8030
7935
7908
5848
5857
5852
5840
5851
5805
5805
5963
5930
5964
5954
5897
5919
6113
6246
6246
6200
6154
6381
6482
6631
6577
6695
8716
8941
8907
8623
9060
9138
9147
9250
9228
9287
9132
9190
9053
9098
8885
9263
9175
9189
9126
9254
9183
9145
9121
9044
9052
9128
9252
9214
9164
9186
9089
8986
8768
8961
9215
9180
9281
9286
9233
9268
9360
9249
9229
9280
9218
9249
9337
9215
9070
9198
9141
9191
9046
9114
9324
9295
9340
9251
9260
9238
9292
9254
9337
9331
9323
9231
9234
9250
9047
9109
9317
8849
9009
8973
8652
8091
8083
8057
8250
8280
8315
9119
9378
9389
9257
9337
9015
9305
9321
9176
9251
9155
9220
9049
9028
9171
9108
9087
8962
8932
8892
8458
8640
9159
9144
9158
9161
9236
9226
8971
8985
8956
9140
9179
9286
9152
9090
8979
8659
8916
8677
8802
8717
8511
8259
8310
8154
8249
8124
8130
8073
8042
8058
8036
8007
7766
7726
7766
7786
7940
7945
7989
8036
7917
7836
7960
7996
7795
7818
7790
7941
7984
7972
8147
8318
8304
8236
8180
8186
8030
8175
8242
8316
8256
8089
8163
8529
8503
8346
8517
8432
8523
8728
8780
8737
8723
8644
8566
8742
8365
8539
8501
8495
8822
9111
9241
9236
9163
9253
9250
9147
9209
8985
9064
9216
9098
9187
9059
9152
9032
9127
9226
9170
9112
8999
9132
9154
9203
9152
9107
1321
892
679
516
51
50
325
8053
8064
8947
9185
9311
9376
9369
9357
9379
9364
9287
9310
9200
9157
8882
8771
8873
8974
8969
9061
9200
9258
9194
9321
9197
9273
9165
9125
9163
9125
9074
9202
9243
9258
9158
8985
9014
8987
8925
8851
8841
8754
8693
8780
8782
8816
8865
9028
8947
8968
8919
8696
9019
8937
8976
8683
8713
8860
8667
8774
8706
8679
8768
8987
8938
8894
8963
8906
8923
8630
8806
9004
8859
8885
8997
8918
9016
9018
9115
9283
9048
8998
9096
8889
8880
8852
9024
8934
9000
9034
9008
9050
9067
8911
9040
9042
9180
8804
9093
9085
9083
9193
9096
9117
9159
9202
9092
9053
8912
8900
8959
8988
9169
9042
8996
8981
8854
8693
8632
8581
8560
8643
8683
8804
8763
8899
8984
9083
9127
9148
9261
9265
9324
9251
9168
9195
9126
9168
9279
9111
8996
8920
8885
8766
8727
8669
8651
8483
8519
8635
8577
8501
8558
8507
8438
8417
8557
8516
8687
8722
8948
8979
9050
9016
8944
9031
9018
8891
8964
8823
8800
8805
8848
8930
8959
8991
9027
9010
9008
9047
9033
8906
8922
9025
9011
9018
9025
9120
9198
9244
9201
9214
9049
9095
9045
9146
9051
8823
8793
8771
8833
8772
8900
8893
8951
9008
8941
8777
8818
8916
8893
8894
8909
8739
8787
8817
8750
8789
8740
8785
8978
8900
8918
8715
8689
8605
8715
8688
8459
8333
8597
8587
8612
8745
8575
8681
8530
8477
8374
8212
8288
8279
8254
8200
8182
8150
8017
8057
8067
8048
7970
8031
8192
8034
8138
8182
8170
8174
8051
8138
7839
7729
7735
7816
7855
7826
7734
7673
7704
7928
7938
7916
8096
7871
8067
8022
7883
7976
8017
7943
7858
7990
8023
7914
7697
7951
7973
7907
7802
7875
7885
7986
7879
7885
7903
7738
7670
7770
7737
7783
7887
8093
8059
8009
7982
7956
7799
7591
7488
7704
7722
7802
7790
7657
7539
7854
7868
7803
7781
7917
7947
7888
7982
8012
7992
8017
7977
7965
7922
7857
7564
7600
7383
7305
7474
7868
7889
8072
8162
7941
8133
7993
8035
7998
7984
7817
7468
7536
7539
7628
7573
7628
7554
7600
7356
7579
7520
7332
7518
7440
7447
7297
7522
7481
7407
7292
7419
7034
7447
7400
7219
7122
7042
7247
7343
7044
7225
7247
7233
7152
6990
7015
7152
7122
7112
7184
7230
7108
7253
7195
7234
7123
7171
7117
7013
6906
7042
7126
7137
7020
6989
6802
6578
6554
6580
6655
6770
6789
6631
6745
6700
6558
6749
6732
6595
6726
6517
6485
6427
6534
6563
6296
6284
6246
6362
6372
6318
6224
6223
5968
6059
6425
6367
6400
6485
6546
6710
6676
6530
6524
6532
6355
6489
6506
6556
6619
6708
6684
6697
6688
6584
6531
6534
6454
6312
6371
6451
6452
6566
6574
6589
6607
6584
6586
6447
6451
5408
5005
5041
5018
5045
5087
5146
5326
5599
5620
5630
5562
5746
5738
5780
5757
5753
5748
6135
6116
6183
6097
6204
6337
6414
6592
6856
6798
6914
6875
7087
7157
7158
7140
7173
6981
7073
7071
7106
6993
7058
7085
7089
7154
7238
6953
7076
7128
7017
7061
7011
7016
6996
7150
7162
7130
7011
6883
6786
6835
6975
6900
6816
6794
6691
6795
6741
6752
6820
6556
6518
6697
6658
6471
6720
6820
6761
6704
6645
6735
6657
6660
6724
6622
6821
6802
6809
6797
6793
6378
6729
7005
6825
6913
7327
7325
7325
7240
7249
7372
7248
7677
7621
7520
7439
7244
7625
7296
7551
7559
7640
7695
7609
7633
7436
7558
7458
7375
7113
7273
7042
6984
6990
6919
7020
7149
7047
7086
6786
6911
6694
6778
6941
6706
6665
6537
6515
6631
6774
6721
6816
6692
6271
6254
95
109
6286
6587
6713
6871
6827
6800
6891
6776
6732
6581
6444
6543
6491
6652
6568
6522
6480
6467
6413
6312
5963
6112
5961
6093
5301
5220
5035
5194
5277
5208
5191
5145
4950
4876
4993
4952
4922
4957
4721
4930
4867
4831
4793
4853
4691
4774
4778
4752
4661
4810
4641
4762
4736
4735
4721
4675
58
58
57
7
2
0
1
1
1
0
1
3
4
4
3
4
4
3
4
4
4
1
1
1
