251
311
460
481
498
516
504
521
534
582
581
587
601
623
677
677
683
682
27
26
43
747
756
811
826
826
844
874
1019
1062
1098
1082
1101
1156
1161
1184
1194
1186
1377
1404
1287
1319
1301
1308
1320
1304
1339
1337
1343
1370
1376
1366
1369
1364
1371
1385
1694
1812
1828
1945
1934
2126
2138
2174
2153
2189
2221
2306
2328
2381
2387
2434
2436
2430
2528
2567
2509
2613
2624
2598
2587
2890
2895
2913
2954
2916
2986
3070
3080
3095
3136
3120
3159
3200
3184
3178
3193
3232
3245
3258
3267
3285
3431
3469
3465
3473
3475
3479
3709
3803
3895
3935
3970
3950
4055
4006
4087
4060
4142
4104
4171
4133
4202
4241
4276
4219
4287
4321
4356
4380
4383
4387
4466
4509
4567
4543
4516
4581
4635
4682
4704
4684
4642
4705
4781
4809
4896
4741
4833
4917
4947
4983
4956
4964
4891
5150
5186
5182
5232
5256
5255
5157
5113
5141
5251
5161
5145
5218
5297
5321
5379
5331
5358
5268
5371
5417
5363
5418
5262
5298
5388
5412
5405
5392
5421
5400
5351
5499
5393
5374
5376
5403
5462
5554
5533
5773
5742
5913
5906
5954
5888
5820
5725
5850
5802
5439
5776
5738
5724
5667
5564
5454
5688
5750
5626
5753
5734
5720
5723
5655
5678
5654
6037
6127
6097
6118
5971
6132
6150
6415
6350
6341
6289
6223
6438
6294
6513
6562
6646
6678
6696
6630
6723
6823
6757
6914
6882
6922
7029
6999
7252
7281
7072
7166
7117
7296
7345
7323
7199
7174
7075
7130
7185
7172
7089
7016
7109
7108
7159
7477
7484
7466
7395
7436
7353
7526
7498
7509
7365
7495
7512
7275
7380
7478
7599
7689
7679
7637
7453
7573
7494
7608
7616
7603
7706
7710
7729
7761
7649
7653
7650
7672
7664
7657
7683
7674
7684
7671
7667
7626
7786
7902
7853
7807
7789
7796
7858
7755
7708
7581
7703
7762
7628
7526
7487
7568
7634
7713
7810
7904
7983
7982
8017
8026
8181
8087
8222
8136
8133
8109
8055
8074
7838
7539
7816
7735
7826
7763
7793
7765
7855
7759
7888
8002
7941
8064
8091
8058
8127
8087
8041
7935
7976
8150
8051
8127
8004
8082
7926
8026
8361
8416
8282
8268
8294
8454
8405
8395
8209
8240
8258
8256
8281
8400
8441
8490
8513
8494
8452
8488
8478
8484
8424
8319
8287
8149
8314
8341
8214
8289
8165
8179
8214
8211
8192
8068
8056
8027
8015
8117
8189
8143
8100
8168
8228
8264
8352
8353
8191
8071
8026
7989
8148
8226
8163
8239
8277
8370
8263
8250
8197
8200
8251
8170
8138
8109
7854
8221
8338
8293
8373
8344
8254
8268
8240
8199
7976
8134
8099
8179
8283
8330
8252
8339
8329
8208
8260
8209
8151
8010
8053
8094
8261
8381
8390
8387
8365
8400
8471
8169
8349
8346
8313
8422
8373
8417
8282
8365
8258
8283
8130
8212
8237
8101
8070
7959
8047
8103
8025
8045
7985
8205
8198
8167
8188
8303
8323
8230
8236
8261
8448
8563
8466
8250
8293
8346
8251
8249
8369
8346
8013
8488
8572
8468
8398
8424
8553
8586
8530
8579
8280
8372
8355
8481
8513
8526
8641
8647
8697
8638
8586
8586
8402
8286
8274
8343
8459
8295
8242
8278
8375
8376
8380
8340
8355
8288
8257
8250
8209
8158
8182
8225
8225
8333
8313
8408
8434
8606
8658
8526
8648
8585
8668
8625
8574
8511
8485
8435
8500
8304
8311
8344
8334
8441
8348
8330
8304
8443
8473
8446
8526
8566
8514
8483
8554
8557
8627
8577
8522
8558
8479
8519
8533
8458
8762
8775
8865
8780
8851
8913
8881
8824
8821
8943
8835
8950
8954
8961
8925
8901
9141
8969
8629
8706
8781
8726
8876
8889
8946
8914
8714
8932
8954
8942
8994
8884
9036
9070
9040
9107
9025
8972
9045
8960
9000
9029
9029
8811
9008
8751
9041
8892
9078
9042
8814
8956
9053
9044
9061
9030
8857
8918
8931
8911
8720
8790
8843
8838
8754
8754
8681
8644
8698
8696
8666
8639
8759
8785
8928
8896
8764
8624
8744
8664
8508
8486
8279
8246
8291
8263
8240
8105
8063
8225
8221
8072
7930
7969
7985
7987
7912
7982
7878
7911
7890
7945
8097
8261
8331
8314
8267
8280
8287
8200
8226
8034
8075
7941
7849
7944
7819
7647
7743
7794
7758
7819
7674
7880
7932
7981
8044
8024
7973
8026
8046
8116
7917
7969
7965
7847
7918
7809
7831
7901
7807
7974
7857
7910
7898
7918
7951
7843
7937
7912
7520
7562
7434
7648
7643
7675
7792
7850
7913
7788
7781
7760
7784
7802
7954
7828
7755
7787
8038
8102
8057
8021
8062
8168
8185
8157
8139
8112
8114
8087
8151
8022
7924
8057
8137
8339
8337
8276
8378
8774
8928
8876
8986
8950
9017
9072
8973
8649
8624
8713
8662
8770
8918
8884
8888
8834
8907
8868
8880
8903
8897
8926
8909
8818
8912
8968
8807
8920
8908
8829
8907
8917
8784
8738
8569
8655
8665
8677
8648
8707
8817
8774
8746
8788
8734
8768
8819
8857
8909
8830
8711
8838
8860
8787
8894
8922
9006
8955
8916
8929
8823
8816
8715
8738
8858
8602
8768
8864
8791
8817
8730
8592
8629
8682
8686
8785
8675
8650
8822
8863
8927
8857
8812
8627
8676
8573
8666
8681
8633
8599
8663
8646
8592
8606
8607
8700
8729
8810
8861
8746
8886
8807
8718
8594
8803
8799
8808
8756
8790
8891
8942
8915
8948
8798
8860
8834
8641
8621
8661
8900
8978
8907
8973
8936
8882
8949
8817
8720
8413
8670
8699
8605
8568
8458
8158
8201
8192
8149
8505
8509
9011
9142
9118
8998
9016
8921
8957
8890
8896
8532
8543
8755
8708
8785
8706
8759
8855
8835
8858
8995
9123
8937
9095
9007
8893
8961
9038
9073
9009
8952
8868
8947
8923
9022
8872
8968
8875
8839
8822
139
67
24
17
1078
9151
9091
9123
9151
9092
9061
9034
8973
9111
9055
9032
9141
9127
9023
8943
9044
9156
9135
8920
9014
9065
9066
9183
9205
9138
9216
9209
9180
9156
8932
8994
9002
9051
9167
9091
9117
9135
9214
9159
9224
9210
9120
9048
9095
9101
9128
9131
9157
9236
9252
9254
9231
9050
9177
9181
9258
9201
9242
9094
9077
9190
9169
8992
8939
8980
9046
8981
9076
9076
9181
9178
9073
9118
8983
8896
378
252
170
123
226
226
635
1223
8983
8957
9003
9088
9064
8901
8837
8823
8995
9135
9017
8969
9035
8900
8871
8736
8644
8817
8817
8877
8889
8838
8880
8785
8691
8683
8681
8299
8414
8422
8380
8485
8354
8423
8496
8503
8395
8325
8291
8292
8264
8214
8210
8116
7941
7751
7865
8034
8081
7997
7989
8049
8083
8026
8090
8046
8074
8133
8155
8174
8093
8115
8057
8051
8076
7828
7786
7780
7822
7754
7757
7848
7802
7852
7873
7817
7983
7990
8002
8022
7968
7981
7908
7997
7864
7769
7916
7996
7931
8024
8001
8108
7961
7947
8102
8135
8325
8393
8315
8392
8264
8384
8595
8510
8516
8439
8521
8402
8414
8587
8812
8758
8719
8877
8782
9080
9116
9084
9087
9115
9198
9163
9123
9222
9134
9090
9180
9137
9142
9100
9041
9124
9181
9094
8952
8972
9038
9040
8880
8816
9037
8996
8959
8925
8998
9036
9076
8919
8751
8967
9042
9273
9279
9204
9119
9108
9239
9338
8928
8993
9122
8922
9081
9250
9089
9210
9118
9273
9291
9147
9036
9182
9204
9213
9224
9194
9162
9211
9007
9269
9258
9316
9292
9241
9263
9111
9280
9391
9109
9343
9318
9278
9421
9330
9139
9347
9362
9299
9177
9069
9305
9074
9215
8915
9176
9286
9291
9047
8992
9116
9293
9293
9159
9264
9252
9297
9222
9289
9328
9198
9210
9229
9208
9124
9254
9284
9182
9116
9294
9332
9102
9131
9209
9261
9204
9124
9155
8919
9038
9019
9018
8889
8847
9116
8853
8851
8912
8943
8939
8920
9041
9035
8855
8925
8910
8756
9046
9163
8833
8935
8935
8907
9069
8954
9114
8871
8643
8657
8617
8732
8695
8665
8722
8726
8784
8703
8797
8794
8809
8794
8679
8815
8710
8893
8793
8790
8592
8798
8773
8754
8581
8820
8869
8422
8734
8634
8590
8594
8672
8550
8414
8312
8309
8365
8397
8358
8352
8249
8236
8317
8235
8219
8162
8002
8080
8041
8085
8021
7845
7744
7721
7882
7785
7740
8005
8036
8082
8337
8310
8211
8165
8141
8053
8103
8141
8111
8164
8181
8162
8097
8242
8170
8290
8229
8037
8204
8162
8313
8281
8238
8258
8435
8618
8637
8745
8609
8780
8804
8978
8729
8810
8804
8797
8930
8866
8866
8862
9033
9014
9138
8745
9097
9256
9158
9075
9191
9220
9268
9205
9162
9156
9211
9287
9205
9264
9348
9129
9257
9195
9247
9304
9354
9353
9056
9275
9285
9238
9155
9363
9243
9154
9176
9249
9130
9018
8958
8708
8714
8805
8839
8704
8792
8738
8792
8738
8669
8652
8721
8589
8756
8691
8972
9023
9099
9023
9009
8959
8851
9016
9092
9031
9119
9247
9152
9206
9290
9241
9152
8988
9052
9073
9023
9164
9189
9226
9112
9080
9079
9058
9135
9110
9238
9183
9224
9228
9267
9145
9182
9248
9131
9200
9275
9218
9212
9175
9251
9143
9257
9259
9277
9168
9036
9095
9078
9102
9058
9115
8708
8718
8922
9008
8779
8896
9016
9018
8944
9053
8930
8865
8926
8874
8998
9257
9235
9109
9156
9096
8985
9039
9149
9025
8687
8613
8706
8586
8398
8546
8456
8231
8264
8186
8348
8362
8389
8179
8400
8483
8320
8382
8250
8360
8221
8357
8631
8618
8571
8560
8670
8551
8611
8264
8686
8704
8974
9065
9030
9058
9067
9158
9082
9064
9047
9148
8924
8910
8810
8766
9111
9075
9070
9090
9184
9183
9317
9249
9071
9159
9265
9177
9097
8940
8846
9265
9007
9192
9192
9196
8968
9161
9047
9097
8791
8969
9032
9032
8993
9302
9246
9172
9094
9145
9008
8840
9083
8885
9086
9159
9167
9160
9187
9125
8990
9013
8984
8837
8982
9105
9127
9092
9155
9218
9016
9172
9178
9233
9205
9137
9120
9065
9181
9196
9145
9174
9150
9152
9141
9175
8967
9099
9058
9231
9113
9292
9165
9167
9174
9155
9161
9017
8994
8829
8931
9086
9122
9113
9161
9147
9116
8950
9048
8941
8766
8784
8754
8794
8794
9013
8882
8696
8616
130
8756
8680
8694
8758
8829
8721
8832
8617
8507
8458
8771
8836
8816
9132
9139
9116
9231
9100
9077
9110
9066
8992
8915
8994
9020
9096
8916
9215
9128
9040
9169
9110
8846
8898
8893
8820
9000
8842
8702
8999
9045
8937
9187
9188
9215
9043
9073
8999
8907
8893
8387
8678
8759
8839
8798
8718
8784
8729
8633
8877
8878
8922
8854
8958
8830
8874
8859
8883
8971
8983
9026
8946
8970
8849
8785
8658
8467
8616
8590
8663
8649
8661
8622
8660
8512
8544
8245
8385
8438
8585
8525
8445
8646
8713
8769
8855
8771
8749
8727
8732
8716
8619
8706
8677
8661
8653
8607
8726
8884
8975
8902
8909
8937
9093
9015
9198
9093
8978
8965
9132
9172
9228
9153
9233
9240
9225
9235
9182
9273
9166
9267
9192
8976
9029
8728
8926
9151
9223
9252
9159
9071
9127
9097
9082
9054
8927
8939
8883
8655
8844
8879
8861
8864
9048
8939
8882
9014
9129
9045
8939
8975
9034
8999
8855
8817
8951
9025
9155
9165
9077
9133
9086
9080
8871
8793
8682
8804
8888
9003
9008
8952
8962
8917
8949
9084
9060
8957
8842
8862
8724
8779
8796
8651
8588
8686
8732
8733
8598
8585
8694
8595
8732
8821
8758
8953
9069
9052
9131
8986
8933
8787
9035
9049
8903
9073
9091
9095
8980
8968
8827
8819
8842
8897
8875
8950
8817
8928
8843
8861
9033
9047
9006
8953
8843
8929
8873
8998
8973
8914
8868
8881
8928
8785
8891
8704
8829
8937
8823
8796
8715
8967
8961
8684
8817
8884
9099
9032
8938
8915
8652
8549
8716
8820
8801
8885
8700
8734
8698
8728
8716
8646
8645
8571
8649
8706
9030
8792
8828
8803
8916
8888
8945
8929
8918
8899
8927
8907
9009
8921
8939
8830
8596
8430
8846
8883
8750
8709
8963
9053
8940
8960
8917
8933
8878
8876
8732
8790
8768
8822
9051
9039
8955
8795
8884
8909
8848
8692
8619
8756
8724
8822
8853
8787
8662
8646
8700
8565
8541
8448
8557
8577
8601
8575
8550
8460
8518
8453
8564
8598
8547
8690
8595
8682
8806
8836
9102
9207
9242
9252
9005
9047
8938
8857
8883
8902
8949
9031
9019
9082
9092
9097
8969
8928
9029
9042
9044
8991
9049
8977
8947
8927
8812
8957
8959
8892
8906
8870
8890
8724
8878
8783
8720
8950
8975
8990
9019
9015
9029
9030
8924
8920
8833
9057
8815
8835
8674
9271
9225
9285
9180
9258
9211
9230
8968
9042
9024
9017
9079
9154
9144
9121
9105
9021
8883
8997
9101
9137
9094
9141
9241
9276
9228
9132
8981
8966
8773
9016
8937
8987
8974
9134
9064
9032
8945
8906
8892
8731
8631
8607
8608
8679
8655
8672
8585
8724
8573
8510
8507
8587
8582
8624
8580
8481
8704
8621
8681
8635
8520
8443
8512
8603
8602
8555
8543
8476
8457
8440
8427
8294
8251
8343
8437
8592
8618
8627
8694
8714
8840
8765
8992
8917
8902
8981
8914
8833
8925
8864
8958
8935
9013
8945
8896
9127
9094
9085
8777
8891
8914
9053
9000
9067
9119
9059
8807
8774
8680
8643
8622
8705
8657
8658
8721
8706
8604
8706
8640
8592
8703
8657
8569
8939
8907
8862
9025
9190
9188
9091
9131
9144
9155
9149
9032
8844
9036
8922
9002
8998
9195
9099
9250
9110
9140
9125
9024
8759
8664
8659
8525
8718
8837
8766
8782
8797
8707
8593
8615
8677
8593
8727
8667
8501
8551
8436
38
8359
8380
8401
8761
8552
8789
8695
8659
8853
8896
8788
8799
8690
8719
8699
8590
8577
8595
8732
8685
8691
8722
8689
8576
8637
8654
8814
8676
8873
8806
8826
8915
8944
8922
8799
8773
8883
8894
8882
8980
8708
8757
8611
8753
8810
8712
8690
8664
8598
8575
8734
8621
8623
8542
8749
8807
8781
8588
8352
8500
8570
8539
8684
8780
8645
8673
8493
8427
8342
8543
8744
8798
8669
8784
8516
8608
8630
8748
8754
8528
8455
8378
8376
8586
8507
8331
8366
8444
8427
8476
8406
8631
8559
8661
8681
8606
8525
8646
8789
8774
8823
8929
9082
9088
9045
9034
8922
8786
8951
8916
8702
8699
8649
8583
8850
8813
8838
8981
9034
8976
8757
8972
8959
8853
8773
9002
8882
8936
9156
9035
9126
9018
8846
9030
8728
8990
9142
9123
9219
9163
8960
8695
8669
9030
9081
9023
9026
9028
9007
8759
8453
9015
9144
9158
9089
9152
9111
8882
8900
8913
8928
8831
9076
8939
8894
8682
9069
8945
9144
9076
9015
8964
9098
9120
9200
9149
9037
9078
9075
9179
9161
9062
9010
9111
9123
9197
9085
9065
9004
8778
8783
8903
8891
8877
9045
9113
9108
9071
9165
9127
9153
9092
9077
9006
8939
8943
8945
8877
8881
8918
8935
8904
8899
8947
9035
8931
8938
8867
8781
8912
8756
8669
8659
8692
9035
8986
8907
8925
8723
8747
8847
8763
8797
8554
8529
8465
8556
8535
8456
8253
8355
8372
8407
8537
8297
8414
8488
8369
8366
8457
8390
8274
8256
8306
8335
8329
8300
8285
8227
8162
8206
8189
8101
8129
8057
8218
8246
7943
8121
8081
8088
8104
7968
8079
8036
8003
8016
7891
7833
7792
7876
7872
7785
7772
7894
7857
7795
7896
7934
8092
8202
8202
8225
8168
8175
8210
8130
8113
7954
8059
8028
8023
7973
7979
8117
8102
8143
8091
7967
7848
7813
7972
7914
7868
7989
8020
7989
8010
8011
7973
8046
8107
8163
8080
8275
8231
8279
8264
8197
8145
8117
8209
8216
8110
8200
8122
8302
8226
8237
8194
8140
8268
8303
8302
8302
8286
8310
8300
8280
8442
8522
8518
8445
8460
8560
8620
8613
8640
8656
8669
8635
8575
8532
8508
8607
8645
8626
8625
8656
8566
8679
8898
8911
8733
8546
8475
8411
8360
8434
8562
8537
8464
8533
8643
8706
8605
8605
8669
8808
8851
8541
8568
8551
8720
8760
8807
8815
8782
8566
8517
8579
8588
8467
8307
8433
8370
8526
8539
8459
8463
8746
8831
8812
8616
8788
8882
8915
8910
8907
8853
8873
8889
8936
8914
8829
9034
8935
9040
9061
9003
8987
9044
8894
8841
8654
8862
9050
9011
8906
8611
8648
8602
8941
8973
8859
8823
9019
9019
9040
8901
8802
8750
8701
8858
8856
8780
8800
8909
8857
8901
8876
8837
8814
8819
8542
8646
8789
8835
8755
8789
8703
8552
8563
8533
8420
8536
8679
8764
8778
8694
8662
8542
8561
8576
8555
8650
8556
8552
8570
8482
8633
8514
8450
8461
8558
8508
8510
8427
8411
8272
8215
8204
8229
8296
8242
8224
8207
8257
8125
8062
8125
8217
8377
8208
8104
8050
8092
8099
7977
8114
8086
7871
7641
7822
7869
8022
8065
8113
8173
8236
8266
8281
8048
7853
7973
8092
8204
8111
7933
7992
7923
7907
7815
7467
7548
7593
7538
7526
7353
7530
7490
7514
7496
7451
7329
7223
7255
6874
6868
6892
6896
6759
6656
6381
5756
5725
5701
5703
5732
5686
5725
7330
7397
7451
7402
7542
7440
7517
7662
7625
7726
7439
8027
7982
8284
8189
8121
8092
8203
8171
8204
7796
7816
7862
7936
7969
7851
7770
7800
7573
7572
7753
7718
7605
7515
7669
7504
7621
7952
8034
7853
7987
7984
8014
8028
7935
8044
8221
8251
8261
8408
8375
8232
8401
7967
8398
8332
8252
8218
8411
8553
8574
8383
8470
8399
8366
8228
8464
8375
8354
8400
8314
8284
8489
8474
8562
8688
8832
8901
8718
8914
8824
8970
8801
8598
8642
8602
8466
8602
8639
8870
8759
8766
8560
8546
8539
8430
8550
8667
8601
8672
8707
8849
8808
8745
8802
8552
8780
8596
8466
8549
8558
8560
8504
8177
8189
8265
8355
8272
8338
8334
8367
8296
8373
8345
8332
8454
8499
8527
8541
8533
8390
8421
8524
8564
8440
8107
8290
8181
8358
8364
8430
8409
8380
8363
8386
8475
8362
8307
8283
8350
8192
8269
8162
8037
8180
8341
8229
8333
8315
8211
8235
7946
7987
7887
7883
7894
7769
7598
7764
7782
7812
7734
7683
7581
7434
7800
7540
7331
6989
8076
8167
8028
8134
8229
7874
8291
8331
8113
7871
7904
8328
8359
8401
8421
8046
8210
8255
8349
8331
8107
8094
8159
8115
8210
7889
7963
8014
7970
7963
7923
7784
7941
8066
8063
7989
7962
8093
8241
8186
8223
8145
8030
8071
7926
7941
7814
7782
7937
7947
7903
7852
7803
7926
7821
7809
7773
7755
7461
7448
7174
7133
7195
7130
7150
7656
7784
7838
7815
7668
7673
7189
7498
7576
7585
7512
7470
7287
7514
7990
8059
7833
7710
8027
8207
8184
8279
7534
7726
7802
7907
7946
8095
8035
7996
7854
7249
7708
8136
7881
7792
7992
7928
8023
7883
7813
7558
7593
7710
7978
7921
8064
7712
7732
8085
8191
8205
8142
8092
8216
8229
8302
8417
8566
8162
8287
8254
8329
8408
8308
8284
8352
8284
8254
8530
8455
8573
8632
8442
8333
8542
8647
8515
8439
8369
8607
8740
8500
8453
8334
8107
8117
8047
7937
8478
8530
8300
8309
8378
8152
8145
8410
8320
8471
8446
8463
8277
8244
8162
8087
8163
7999
8120
8121
7903
8131
7949
7948
8095
7944
7869
7879
7913
7798
7949
8058
8007
7939
7891
7921
8041
7984
7928
8109
8198
8155
8199
8164
8162
8084
8193
8222
8087
8194
8196
8199
8095
8061
7757
7771
7784
7915
8268
8343
8346
8442
8402
8474
8353
8560
8607
8528
8604
8526
8552
8612
8583
8492
8488
8549
8578
8688
8641
8660
8764
8701
8754
8742
8711
8730
8667
8591
8501
8560
8513
8424
8416
8742
8738
8786
8793
8783
8754
8662
8521
8644
8665
8666
8629
8634
8628
8622
8518
8474
8304
8437
8580
8500
8259
8338
8315
8204
8294
8357
8482
8217
8294
8336
8082
8220
8103
7985
8087
8018
8052
8195
8336
8416
8445
8248
8360
8399
8552
8763
8735
8739
8538
8449
8408
8510
8596
8523
8717
8733
8764
8799
8849
8793
8781
8832
8807
8469
8496
8523
8442
8447
8580
8765
8842
8819
8869
8768
8739
8714
8681
8505
8736
8758
8772
8755
8791
8767
8750
8599
8537
8589
8810
8625
8414
8469
8261
8158
8213
8297
8397
8484
8500
8444
8346
8541
8494
8515
8430
8489
8453
8745
8676
8380
8558
8676
8716
8692
8844
8662
8718
8602
8609
8562
8509
8004
8200
8217
8152
8298
8804
8784
8791
8743
8891
8664
8606
8584
8604
8627
8541
8473
8653
8709
8695
8720
8699
8735
8764
8760
8684
8523
8510
8530
8653
8627
8698
8651
8744
8701
8732
8758
8668
8760
8697
8674
8587
8840
8810
8854
8775
8708
8793
8783
8663
8795
8745
8824
8871
8906
8854
8870
8806
8987
8977
8991
8923
8861
8891
8838
8920
8863
8741
8700
8776
8804
8925
8963
8739
8651
8660
8704
8890
8917
8869
8895
8762
8810
8570
8746
8554
8445
8433
8429
8484
8395
8436
8319
8297
8336
8168
8193
8242
8325
8355
8344
8315
8265
8367
8366
8335
8317
8377
8399
8321
8351
8476
8389
8547
8509
8485
8448
8279
8325
8353
8365
8437
8327
8253
8227
8360
8446
8489
8541
8533
8347
8454
8623
8648
8626
8511
8439
8349
8444
8591
8582
8642
8591
8739
8685
8705
8359
8233
8228
8387
8441
8375
8138
8028
8347
8544
8554
8431
8461
8496
8531
8617
8583
8598
8466
8313
8381
8489
8548
8463
8444
8500
8388
8494
8493
8529
8476
8316
8372
8348
8454
8341
8138
7993
8010
8406
8560
8624
8516
8600
8655
8688
8530
8642
8645
8591
8575
8668
8629
8758
8596
8688
8755
8765
8823
8731
8775
8836
8732
8691
8702
8661
8893
8787
8667
8853
8825
8714
8738
8593
8745
8825
8637
8683
8663
8762
8676
8534
8645
8674
8857
8791
8680
8684
8462
8700
8701
8794
8769
8878
8802
8832
8893
8837
8821
8906
8882
8820
8745
8531
8540
8566
8539
8633
8930
8830
8843
8865
8770
8743
8768
8757
8701
8600
8713
8733
8750
8692
8800
8648
8703
8824
8793
8793
8836
8701
8399
8544
8514
8547
8520
8470
8327
8470
8450
8435
8424
8377
8422
8303
8321
8240
8216
8106
8222
8462
8479
8527
8550
8639
8701
8617
8644
8125
8363
8397
8415
8461
8372
8545
8452
8481
8489
8505
8497
8672
8601
8318
7522
8739
8832
8515
8627
8754
8738
8849
8823
8792
8790
8856
8777
8699
8937
8660
8727
8433
8494
8592
8863
8776
8833
8675
8739
8699
8760
8867
8839
8695
8638
8641
8677
8594
8591
8440
8290
8427
8523
8617
8615
8678
8641
8680
8578
8439
8718
8721
8685
8524
8695
9078
8931
8974
8812
8904
8875
8984
8882
8841
8757
8790
8936
8885
8658
8768
8777
8711
8843
8765
8638
8809
8705
8827
9040
8857
8720
8874
8801
8771
8838
8776
8626
8250
8279
8272
8303
8281
8249
8690
8904
9055
9061
9011
8957
8914
8957
8921
8858
8781
8920
9075
9041
9054
9013
9067
8927
9105
9094
8986
8939
8870
8986
9039
8904
8980
8999
9093
9133
9080
8934
9008
9056
9012
9023
8936
8753
8718
8532
8610
8467
8681
8701
8694
8654
8611
8940
8915
8949
8980
8601
8738
8736
8766
8930
8763
8649
8585
8549
8507
8386
8424
8537
8533
8679
8573
8541
8548
8825
8879
8831
8805
8865
8810
8834
8452
8569
8662
8698
8642
8693
8704
8704
8576
8555
8447
8466
8433
8395
8533
8615
8582
8537
8547
8604
8601
8575
8497
8542
8480
8620
8784
8840
8879
8835
8861
8901
8938
8961
8600
8734
8645
8571
8708
8662
8675
8642
8662
8473
8564
8347
8563
8662
8623
8670
8681
8510
8412
8313
8446
8254
8123
8021
8039
8241
8356
8448
8224
8287
8329
8302
8376
8324
8411
8256
8322
8342
8094
8145
8265
8264
8410
8627
8759
8698
8720
8616
8788
8956
8935
8842
8785
8822
8874
8711
8599
8744
8918
8889
8983
9023
8940
8993
9074
9140
9039
9012
9032
9063
9059
9057
9126
9049
8986
8840
8774
8866
8866
8849
8824
8777
8670
8586
8701
8884
9013
8600
8595
8618
8620
8561
8431
8636
8594
8166
8481
8573
8599
8672
8558
8234
8529
8266
8518
8659
8669
8663
8654
8541
8233
8339
8484
8472
8330
8016
8104
8269
8240
8361
8376
8358
8318
8405
8345
8187
8326
8378
8198
8027
8076
8031
7990
8166
8264
8485
8500
8411
8443
8480
8347
8310
8300
8282
8022
7806
8021
8059
8195
8060
7972
7617
7734
7930
7887
7804
7836
7743
7621
7692
7744
7650
7753
7829
7726
7799
7808
7817
7721
7920
7912
7914
7899
7896
7905
7928
7890
7796
8216
8228
8144
8137
8175
8281
8299
8521
8453
8358
8341
8380
8646
8818
8544
8200
8361
8380
8314
8319
8176
7735
7607
7737
7734
7666
7730
7591
8233
8338
8376
8349
8314
8451
8499
8399
8273
8305
8412
8418
8546
8626
8693
8681
8780
8685
8688
8626
8564
7782
7906
7916
7894
7902
7860
8492
8576
8623
8580
8626
8868
8854
8867
8664
8717
8770
8776
8844
8944
8839
8864
8924
9010
8960
8991
8936
8911
9000
8945
8805
8622
8636
8996
8974
8605
8656
8637
8639
8730
8794
8797
8781
8762
8790
8685
8756
8818
8883
8775
8776
8923
8824
8625
8938
8950
8768
8908
8967
8970
8930
8909
8772
8671
8811
8706
8726
8839
8724
8731
8681
8662
8608
8375
8445
8534
8546
8581
8616
8644
8618
8647
8714
8741
8702
8511
8499
8507
8485
8488
8466
8400
8487
8463
8407
8483
8346
8398
8413
8381
8495
8279
8236
8066
8157
8317
8206
8312
8285
8283
8339
8428
8525
8183
8109
8147
8191
8108
8307
8339
8230
8233
8135
8383
8439
8590
8631
8565
8405
8476
8497
8589
8554
8580
8488
8636
8392
8403
8571
8375
8472
8323
8442
8388
8378
8284
8163
7785
7973
8089
7982
8130
8109
8116
8137
8209
8301
8162
8414
8394
8377
8392
8342
8541
8804
8817
8841
8867
8803
8904
9023
8987
8664
8531
8521
8881
8822
8741
8753
8712
8633
8726
8650
8443
8474
8791
8814
9038
9056
8921
8983
9047
8947
8947
8954
8981
8822
7914
7755
7909
8017
7985
8017
7957
8045
8030
7988
8975
8785
9033
8836
8990
8970
9047
9038
8943
9062
9025
9036
9001
9028
8993
9051
9055
9059
9065
8999
8971
8925
9040
9071
8989
8803
8653
8728
8727
8667
8892
9039
8993
8918
8972
8834
8989
9035
8992
8977
8851
8882
8894
8804
8877
8835
8945
8839
8672
8505
8227
8102
8112
8158
8157
8264
8275
8496
8560
8633
8551
8320
8163
8305
8403
8358
7903
7907
7754
7719
7785
7772
7760
7712
7785
7742
7685
7653
7511
7574
7612
7571
7515
7447
7582
7543
7457
7587
7551
7690
7754
7636
7559
7263
7319
7371
7290
7194
6858
6972
6965
6833
7400
7594
7583
7659
7685
7585
7386
7463
7490
7507
7281
7436
7285
7531
7400
7546
7358
7484
7364
7580
7612
7703
7654
7409
7486
7713
7667
7761
7582
7607
7708
7558
7224
7527
7690
7709
7752
7878
7794
7652
7771
7688
7780
7850
7675
7586
7557
7717
7873
7715
7854
7776
8299
8254
8103
8340
8360
8798
9036
8889
9060
8993
9091
8911
8983
9187
9119
9205
9173
9106
9215
9141
9163
9120
9062
9083
8969
8831
8857
8891
9025
9033
9010
8823
8975
8986
9085
9014
8926
8985
8897
9025
8996
8922
8910
8943
9014
8968
8972
8941
8928
8983
8975
8941
8997
8701
8741
8438
8694
8774
8664
8731
8604
8710
8824
8838
8899
8851
9008
8945
8894
8862
8920
8874
8925
8923
8975
8947
9017
8956
8942
8921
8763
8559
8526
8723
8883
8809
8752
8641
8593
8573
8811
8742
8761
8576
8566
8656
8641
8665
8618
8601
8481
8300
8336
8321
8345
8213
8147
8332
8513
8364
8543
8454
8435
8519
8568
8585
8392
8126
7916
8051
8087
8067
8194
8394
8411
8387
8467
8414
8345
8383
8400
8272
8161
7952
8113
8169
8135
8316
8248
8179
8189
8047
8213
8202
8198
8122
8007
8091
8017
7893
7813
7767
7750
7480
7221
7356
7496
7478
7556
7582
7584
7726
7608
7892
7762
7797
7854
7819
7770
7787
7843
7934
7940
7771
7762
7868
7881
7996
7900
7854
7921
7869
7866
7883
7894
7844
7833
7895
7978
7965
7958
7806
8057
8268
8286
8304
8383
8358
8282
8442
8350
8406
8425
8365
8468
8469
8602
8606
8523
8531
8551
8507
8444
8617
8526
8329
8379
8262
8331
8364
8326
8413
8587
8590
8610
8635
8595
8813
8767
8892
8751
8812
8783
8777
8826
8899
8933
8868
8936
8862
8778
8778
8946
8806
8633
8635
8448
8411
8442
8658
8796
8751
8861
8868
8793
8825
8773
8688
8670
8527
8658
8542
8518
8451
8687
8764
8781
8949
8873
8649
8677
8492
8494
8583
8554
8278
8533
8434
8432
8597
8664
8655
8782
8642
8747
8691
8636
8575
8471
8369
8638
8734
8498
8298
8477
8748
8672
8724
8707
8638
8783
8726
8770
8763
8676
8646
8601
8627
8534
8684
8586
8565
8441
8433
8481
8436
8514
8495
8656
8749
8621
8504
8411
8526
8585
8541
8406
8316
8484
8531
8418
8485
8537
8521
8530
8626
8612
8728
8738
8684
8617
8469
8509
8462
8458
8656
8553
8566
8277
8412
8365
8389
8447
8419
8096
8326
8210
7955
8204
8182
8098
8423
8353
8284
8254
8449
8450
8496
8581
8543
8491
8670
8522
8497
8708
8820
8784
8500
8588
8403
8506
8506
8381
8330
8438
8519
8461
8545
8552
8511
8568
8682
8493
8479
8552
8448
8279
7948
8156
8086
7971
8399
8268
8495
8436
8425
8470
8429
8229
8487
8248
8182
7771
7931
7977
7689
7906
7937
8050
8045
7926
7852
7921
7967
7940
8166
8094
8153
7987
7997
8055
8078
8269
8333
8438
8407
8412
8284
8434
8443
8285
8471
8404
8486
8272
8458
8425
8420
8595
8592
8624
8410
8614
8501
8564
8537
8692
8703
8702
8661
8631
8577
8718
8716
8576
8666
8578
8786
8728
8812
8933
8881
8871
8828
8776
8819
9002
8902
8776
8648
8778
8909
8760
8842
8838
8800
8830
8651
8545
8856
8785
8706
8799
8845
8696
8563
8395
8325
8464
8597
8629
8791
8864
8848
8965
8835
8815
8741
8696
8533
8631
8399
8758
8641
8581
8481
8679
8520
8159
8564
8444
7340
8514
8616
8267
8431
8419
8417
8309
8125
8124
8063
8082
8162
8339
8308
8228
8105
7964
7916
8344
8101
8534
8440
8603
8141
8182
8134
7903
7906
7936
7959
8199
8215
8007
8257
8239
8276
8036
8118
8130
8180
8142
7954
8008
8109
8423
8510
8501
8465
8482
8529
8523
8288
8566
8615
8505
8558
8571
8479
8406
8323
8425
8304
8098
8015
8015
7964
8150
8036
7880
7872
7875
8046
8057
8062
8005
8033
8170
7987
7909
7978
8026
8060
8072
8057
7976
7859
8002
8079
7938
7977
7959
8062
8086
8138
8184
8115
7989
8046
8102
8196
8231
8209
8250
8071
8007
7979
8016
7982
7988
7880
7973
8000
7975
8110
8049
7905
7983
7983
7951
7987
7928
7886
8232
8383
8262
8088
8124
8278
8568
8539
8412
8367
8260
8204
8372
8341
8216
8264
8234
8317
8274
8318
8315
8187
8165
8428
8319
8391
8300
8298
8215
8178
8190
8168
7921
8124
8217
8234
8122
8050
8079
8136
8155
8121
7995
8063
8027
7925
7998
7975
7941
7896
7824
7965
8007
7929
7877
7802
7865
7875
7858
7768
316
198
400
885
8331
8335
8375
8412
8518
8202
8181
8221
8232
8113
8113
8240
8231
8169
8208
8177
8133
8088
8090
8222
8298
8263
8306
8265
8360
8516
8597
8715
8670
8496
8604
8519
8554
8609
8486
8504
8411
8415
8402
8443
8687
8760
8627
8643
8557
8700
8752
8902
8874
8636
8545
8562
8617
8664
8746
8828
8692
8593
8785
8529
8280
8645
8787
8791
8781
8791
8914
9094
9152
9003
9083
9053
9044
9050
8922
8878
8847
8814
8905
8896
8800
8770
8952
9101
8987
8939
8797
8844
8970
8998
8902
8350
8424
8415
8394
8663
8708
8866
9043
9040
9141
9169
8947
8878
8917
8917
8867
8922
8925
8854
8930
8876
8825
8955
8943
8932
8937
9003
9016
8951
8990
9038
9031
9091
9025
9012
8781
8970
8914
9116
8942
8960
9000
8983
8785
8472
8838
8868
8982
8907
8633
9044
9025
8986
8994
8722
8706
8574
8551
8610
8554
8567
8748
8897
8894
8796
8774
8674
8832
8829
8879
8757
8749
8904
8993
9051
8976
9017
8945
8914
8827
8816
8829
8872
8829
8738
8862
8794
8759
8754
8872
8888
8727
8726
8602
8583
9025
9089
8946
8664
8617
8769
8829
8766
8914
8716
8760
8604
8729
8645
8662
8753
8725
8671
8689
8748
8625
8741
8778
8695
8646
8683
8468
8608
8636
8550
8544
8488
8481
8574
8556
8541
8462
8507
8468
8510
8523
8542
8509
8547
8556
8650
8575
8596
8554
8737
8668
8682
8703
8585
8672
8624
8489
8321
8258
8334
8379
8618
8558
8418
8503
8485
8410
8396
8439
8485
8615
8343
8580
8555
8459
8558
8540
8647
8754
8664
8829
8729
8752
8877
8928
8898
8806
8972
9063
9002
8987
9089
9047
9096
9052
9039
9110
9088
9082
9029
9016
8977
8973
9045
9137
8946
8927
9026
9168
9187
9111
9132
9072
9090
9058
9117
8990
8848
8865
8809
8787
8627
8714
8988
8806
8866
8779
8699
8693
8777
8851
8761
8714
8676
8845
8879
8907
8830
8894
8938
8856
8870
8964
8982
8876
8879
9082
9164
9177
9092
8831
8900
8900
8799
8522
8537
8498
8762
8498
8560
8265
8229
8362
8123
8355
8330
8242
8085
8711
8970
9008
8950
8851
8727
8905
8881
8889
8719
8690
8758
8785
8858
8876
8823
8722
9140
9195
9258
9177
9190
9105
9179
9113
8865
8834
8995
8992
8863
9055
9047
9091
8968
9066
8993
9007
8944
9141
9086
9074
9023
8947
8886
8920
8894
8867
8805
8873
8749
8960
8987
8852
8929
8988
8956
8868
8941
9025
8809
8823
8993
8908
8975
8884
8754
9029
8885
8888
8883
8750
8973
9046
9033
9084
9027
9001
8999
8961
9071
8943
8974
8813
8812
8874
8786
8987
8929
9057
8923
8939
8879
9045
9059
9032
9045
9112
9081
9049
8994
9047
9002
9037
9058
8937
8767
8539
8522
8566
8512
8581
8595
8774
8953
8928
9024
8992
9007
8972
8926
8830
8804
8759
8729
8654
8770
8737
8617
8538
8474
8676
8731
8690
8695
8537
8586
8527
8592
8604
8510
8307
8341
8394
8354
8277
8239
8222
8309
8306
8265
8205
8261
8206
8236
8274
8315
8349
8387
8360
8459
8401
8245
8390
8364
8393
8396
8226
8201
8200
8223
7966
8268
8304
8277
8363
8348
8429
8398
8341
8341
8358
8056
8260
8352
8240
8353
8507
8618
8460
8307
8118
8615
8659
8831
8828
8731
8737
8718
8574
8054
8383
8532
8421
8304
8372
8544
8522
8538
8584
8596
8620
8491
8445
8497
8518
8499
8483
8476
8388
8320
8030
8022
8024
8018
8517
8511
8536
8581
8777
8756
8733
8690
8603
8677
8719
8773
8728
8988
9008
9114
9036
8998
8926
8775
8746
8760
8708
8655
9055
9064
9043
9068
9061
9088
9022
8878
8830
8906
9018
9035
8944
8996
8963
9020
9104
9040
9078
8971
8901
9021
9123
9077
9028
8874
9098
9032
9141
8992
8966
9059
9016
9092
9069
8876
9023
8943
9050
8804
8989
9033
8999
9082
8883
8986
9027
9085
8928
8935
8948
8973
8845
8841
8884
8832
8880
8802
8878
8927
8866
8871
8822
8918
8742
8732
8671
8502
8223
8344
8330
8253
8354
8431
8588
8558
8499
8441
8589
8738
8666
8687
8578
8642
8830
8857
8899
8827
8678
8613
8594
8611
8496
8374
8151
8255
8168
8122
8148
8279
8338
8462
8412
8350
8379
8322
8121
7832
7814
7863
7779
8019
7925
8063
8207
8185
8267
8191
7975
8033
8120
8201
8228
8146
8090
7982
7923
7939
8052
8065
7930
7745
7840
7879
7832
7841
8068
8006
7722
7841
8140
8107
8184
8122
8065
8022
8138
8209
8216
8200
8210
8342
8290
8276
8251
7995
8599
8574
8655
8560
8726
8684
8810
8912
8954
8587
8739
8676
8696
8834
8726
8798
8777
8819
8889
8923
8869
8814
8812
8787
8720
8792
8772
8539
8922
8959
8842
8967
8801
8952
9135
9128
8904
9007
8926
8060
8957
8897
8528
8770
8762
8900
8831
8953
8944
9104
8871
9089
8841
8905
8900
8901
8855
8392
8744
8762
8779
8755
8757
8594
8727
8743
8617
8563
8575
8568
8766
8630
8623
8579
8663
8567
8620
8641
8441
8433
8517
8663
8625
8637
8684
8754
8699
8786
8812
8540
8610
8621
8871
8851
8697
8680
8766
8676
8775
8723
8653
8446
8387
8312
8222
8348
8479
8493
8451
8420
8440
8355
8385
8194
8412
8417
8416
8207
8263
8248
8338
8403
8297
8106
8216
7696
7828
8033
8089
7918
7791
7657
7337
7355
7368
7725
8597
8616
8713
8866
8727
8774
8932
8564
8637
8682
8829
8906
8825
8890
8455
8409
8334
8455
8513
8410
8321
8411
8378
8344
8458
8435
8362
8245
8187
8196
8309
8181
8130
8149
8169
7993
7978
8097
8177
8166
8251
8256
8122
8050
8144
8095
8125
8124
7983
7944
8058
8070
8238
8169
8403
8354
8299
8208
8145
8110
8127
8151
8275
8181
8030
8135
8258
8187
8147
8325
8294
8371
8354
8422
8366
8397
8261
8214
8179
8228
8436
8433
8508
8347
8326
8237
8403
8438
8612
8404
8776
8925
8848
8918
8845
8908
8898
8960
8845
8717
8703
8568
8686
8623
8614
8642
8461
8507
8565
8565
8549
8553
8450
8448
8468
8454
8413
8350
8358
8316
8355
8244
8188
8252
8292
8139
8485
8592
8470
8742
8839
8876
8986
8912
8848
8968
9000
9030
8998
8964
9022
8964
8988
8687
8754
8711
8737
8452
8079
8478
8498
8541
8589
8246
8413
8304
8417
8390
8453
8375
8383
8344
8367
8323
8321
8336
8352
8196
8194
8164
8049
8218
8235
8172
8182
8199
8197
8285
8338
8370
8292
8321
8345
8414
8337
8418
8310
8306
8170
8115
7942
8632
8656
8843
8838
8922
8913
8758
8700
8811
8837
9003
8821
8738
8762
8764
8844
9097
9091
9054
9039
9051
9056
9036
8971
9047
8798
8952
8972
8800
8512
8503
8527
8514
8859
8910
8943
8978
8936
8971
8935
8929
8902
8906
8936
8891
8902
8950
8792
8702
8526
8271
8434
8496
8502
8594
8563
8549
8628
8558
8540
8506
8404
8531
8251
8196
8182
8130
8251
8203
8165
8051
8109
8282
8323
8420
8273
8310
8371
8342
8453
8469
8486
8433
8425
8429
8357
8335
8364
8211
8200
8186
8088
8067
8108
8104
8046
7902
8064
8166
7999
8051
8236
8287
8119
8265
8238
8203
8223
8019
7841
7817
8048
8135
7953
8012
7915
8134
7974
7945
7931
7897
8042
8160
8085
7941
8074
8265
8262
8133
8192
8139
8283
8221
8314
8270
8314
8299
8380
8301
8376
8413
8270
8366
8458
8399
8205
8289
8036
8143
8086
8163
8111
7944
7827
7778
7859
7779
8004
7831
7672
7588
7609
7653
7720
7590
7600
7492
7579
7565
7567
7524
7613
7605
7623
7528
7530
7012
6990
7075
6983
6862
6849
6936
7437
7554
7608
7609
7660
7718
7668
7733
7689
7429
7568
7581
7598
7764
7768
7860
7783
7517
7598
7583
7542
7783
7751
7858
7746
7805
7805
7715
7842
7665
7916
7959
7964
7956
7933
7953
7911
7921
7852
7514
7578
7593
7582
7669
7553
7658
7465
7185
7261
7248
7225
7488
7597
7628
7511
7523
7315
7797
7899
8084
8046
8188
8237
8121
8250
7992
8014
7859
7810
7866
7715
7587
7666
7564
7722
7595
7646
7712
7709
7612
7608
7591
7555
7570
7539
7652
7329
7323
7292
7243
7614
7848
7898
7615
7792
7821
7716
7923
7734
7791
7807
7738
7806
7777
7922
7563
7808
7824
7979
7898
7916
7806
7868
7972
7898
7844
7865
7680
7777
7881
7904
7940
7879
7905
7938
7996
7949
7926
7865
8049
8027
8050
8028
8377
8292
8371
8377
8397
8448
8370
8443
8594
8512
8590
8619
8523
8725
8471
8711
8778
8409
8659
8753
8652
8774
8733
8851
8831
8610
8627
8610
8876
8890
8819
8828
8835
8899
8825
8663
8720
8602
8639
8590
8606
8595
8646
8486
8586
8609
8602
8517
8502
8442
8555
8461
8447
8531
8546
8585
8390
8565
8586
8366
8579
8616
8489
8531
8360
8440
8715
8733
8671
8655
8623
8711
8768
8545
8616
8402
8408
8222
8283
8300
8276
8242
8225
8255
8152
8091
8148
8199
8314
8197
8274
8168
8198
8081
8131
8167
8199
8221
8217
8182
8186
8067
8382
8307
8342
8285
8061
8064
8047
7962
7063
7103
7101
7030
7024
6898
6938
6992
6942
7035
7001
6872
7770
7904
7913
7968
7910
8019
8033
7998
8026
8146
8209
8261
8244
8244
8138
8082
8205
8127
7995
8215
8186
8269
8254
8245
8144
8100
8455
8546
8420
8196
8330
8289
8379
8407
8657
8500
8486
8304
8361
8449
8421
8433
8382
8065
8258
8279
8329
8245
8247
8027
8082
8210
8370
8455
8448
8332
8332
8297
8388
8176
8334
8394
8355
8332
8356
8350
8303
8416
8439
8430
8421
8455
8464
8538
8489
8353
8451
8375
8280
8481
8420
8453
8528
8446
8350
8457
8472
8391
8456
8422
8258
8278
8223
8159
7975
7927
7216
7280
7250
7238
7241
7263
7232
7260
7267
7715
7768
7798
7793
7829
7838
7890
8072
8118
8177
8077
8182
8235
8160
8126
8145
8175
7976
8104
8158
8162
8077
8116
8212
8183
7929
7981
8076
7970
8052
8011
8119
8105
8102
7977
7761
7772
7986
7951
7763
7851
7856
8012
8003
7992
7835
7772
7763
7564
7650
7726
7563
7680
7664
7600
7518
7478
7641
7649
7831
7673
7651
7633
7651
7532
7550
7501
7545
7411
7490
7477
7333
7281
7100
7131
7043
7213
7248
7073
6956
7075
7050
7157
7031
7288
7297
7283
7404
7279
7312
7216
7336
7488
7280
7187
7166
7194
7179
7051
7072
7053
7068
6983
6993
6989
6990
6978
6950
6900
6933
6901
6876
7032
6947
6891
6875
7028
7051
7040
7094
7128
7138
7199
7200
6975
6985
7196
7257
7249
7331
7301
7335
7299
7365
7490
7496
7518
7479
7612
7579
7539
7503
7534
7520
7551
7539
7717
7771
7838
7778
7795
7801
7763
7714
7794
7660
7691
7491
7469
7402
7416
7415
7361
7443
7464
7466
7461
7440
7325
7310
7292
7317
7355
7305
7337
7361
7297
7314
7306
7338
7390
7367
7448
7393
7486
7630
7672
7555
7587
7422
7403
7425
7301
7162
7338
7284
7458
7261
7429
7454
7400
7434
7389
7176
7335
7339
7424
7157
7234
6934
6968
7062
7073
6935
7037
6818
6943
6929
6920
7026
6946
6828
7032
7167
7136
7117
7057
6961
7056
7041
6868
6763
6693
6752
6523
6627
6588
6436
6404
6448
6417
6383
6411
6405
6377
6451
6418
6277
6365
6308
6352
6700
6696
6894
6891
6937
6958
7059
7050
7072
7051
6965
6902
6976
7034
6968
7094
7228
7286
7147
7218
7344
7403
7175
7332
7235
7186
7156
7128
6975
7014
6842
6779
6982
6953
6846
6842
6820
6865
6890
6898
6966
6959
6965
7110
7019
6853
6762
6696
6754
6729
6536
6520
6492
6598
6723
6801
6825
6848
6856
6857
6801
6776
6743
6838
6795
6770
6823
6861
6783
6843
6853
6754
6673
6755
6892
6720
6827
6942
6942
6820
6734
6695
6556
6395
6531
6485
6490
6442
6441
6439
6496
6531
6534
6384
6304
6325
6378
6386
6274
6205
6289
6178
6349
6284
6249
6163
6070
6057
6216
6128
6119
6226
6354
6325
6407
6375
6269
6353
6219
6079
6206
6019
6145
6007
6078
6094
6143
6047
6021
5952
6134
6124
6137
6239
6231
6423
6508
6429
6460
6427
6681
6691
6732
6318
6563
6715
6602
6602
6660
6420
6479
6489
6328
6422
6509
6469
6843
6821
6824
6924
6853
6852
6976
6931
6771
6588
6537
6533
6650
6558
6573
6540
6532
6469
6496
6382
6681
6612
6671
6708
6768
6906
6961
7083
7147
7037
6786
7139
7141
7188
6996
7044
7197
7251
7230
7335
7410
7503
7530
7556
7608
7564
7561
7538
7469
7536
7458
7490
7537
7526
7522
7403
7429
7440
7696
7729
7594
7549
7710
7750
7602
7652
7609
7635
7572
7428
7425
7525
7516
7596
7536
7575
7591
7547
7588
7523
7463
7560
7595
7603
7643
7669
7666
7663
7556
7819
7986
8023
7930
7980
7822
8073
8076
8156
8199
8255
8166
8243
8192
8253
8251
8298
8195
8201
8330
8305
8227
8387
8390
8423
8425
8340
8529
8740
8863
8729
8691
8715
8826
8736
8783
8535
8710
8560
8436
8372
8331
8369
8412
8381
8212
8253
8265
8163
8254
8209
8199
8115
8153
8109
8173
8157
8164
8156
8151
8200
7925
7616
7988
8069
8122
8115
8256
8327
8206
8308
8310
8276
8237
8130
8317
8188
7957
8110
8140
8154
8261
8358
8324
8336
8294
8035
8380
8379
8374
8349
8310
8409
8468
8514
8403
8297
8360
8338
8374
8376
8296
8171
8195
8047
8462
8518
8439
8372
8345
8285
8234
8305
8325
8346
8306
8275
8265
8290
8057
8080
8083
8121
8207
8478
8407
8470
8444
8453
8406
8505
8425
8450
8450
8340
8577
8622
8574
8770
8980
8776
8911
8897
8739
8750
8869
8782
8592
8616
8170
8251
8266
8178
8469
8734
8717
8577
8698
8503
8512
8539
8605
8568
8525
8367
8591
8614
8612
8511
8604
8507
8397
8519
8543
8447
8440
8425
8399
8414
8391
8336
8311
8201
8179
8405
8495
8524
8564
8509
8571
8645
8570
8583
8528
8525
8543
8475
8455
8452
8535
8682
8717
8815
8881
8874
8852
8777
8752
8811
8791
8729
8683
8887
8956
9033
9072
9009
8962
8863
8782
8646
8582
8868
8990
8921
8896
8992
8976
8971
9083
9019
8985
8847
8780
8947
8984
9048
8755
8886
8937
8920
8756
8610
8665
8731
8750
8842
8663
8393
8480
8544
8590
8625
8838
8580
8663
8493
8635
8398
8554
8600
8754
8499
8525
8587
8878
8914
8906
8854
8706
8922
8885
8928
8944
8982
9012
8974
8879
8813
8899
9054
9021
8801
8730
8536
8663
8762
8776
8579
8392
8184
8311
8381
8430
8475
8320
8380
8336
8328
8119
8226
8336
8420
8405
8284
8328
8498
8524
8507
8550
8629
8567
8436
8731
8873
8447
8501
8567
8914
8872
8677
8841
8860
8843
8821
8819
8863
8816
8864
8954
8934
8863
8770
8752
8823
8908
8861
8844
8923
8883
8941
8867
8921
8987
9088
8959
9053
8933
8916
8979
8909
8888
8804
8886
8888
8977
9004
9100
9060
8956
8929
8732
8431
8519
8360
8394
8490
8558
8572
8509
8567
8501
8518
8498
8419
8396
8393
8479
8581
8671
8672
8642
8793
8703
8734
8644
8407
8613
8639
9057
9134
9042
8932
9007
9162
9176
8971
9019
8792
8925
8869
8962
8934
8740
8615
8623
8863
8937
8853
8932
8917
8848
8876
8863
8921
8795
8809
8768
8670
8597
8691
8733
8639
8643
8498
8563
8607
8724
8861
8779
8687
8664
8808
8768
8848
8824
8849
8753
8702
8732
8790
8714
8805
8642
8635
8686
8712
8736
8826
8748
8913
9054
9058
8965
8959
8935
9021
8883
8630
8840
9145
9213
9052
9094
8889
8865
8881
8747
8821
8907
8712
8700
8790
8886
8825
8754
8832
8798
8825
8901
8821
8915
8877
9014
9013
9016
8961
8930
8909
8992
9119
9097
9043
8936
8919
8909
9049
8962
9040
9014
9027
9026
9064
8958
9034
8913
8776
8869
8859
8927
8951
8883
8851
8759
8793
8777
8732
8719
8735
8896
8942
9013
8939
9011
8996
8864
8916
8875
8730
8606
8912
8888
8869
8963
8935
8996
9054
9006
9025
8394
8425
8404
8468
8561
8418
8470
8574
8750
8869
8827
8823
8831
8799
8874
8945
8949
8881
8706
8694
8609
8821
8917
8821
8616
8721
8727
8720
8713
8798
8736
8760
8728
8775
8737
8738
8720
8679
8566
8468
8488
8542
8592
8611
8566
8565
8567
8595
8508
8605
8677
8492
8453
8499
8698
8687
8638
8863
8875
8912
8837
8784
8756
8295
8476
8450
8425
8262
8314
8459
8812
8623
8630
8628
8541
8493
8524
8700
8652
8636
8659
8618
8622
8611
8485
8544
8579
8596
8549
8387
8163
8209
8223
8366
8236
7980
7915
7867
7817
7693
8354
8314
8456
8624
8758
8790
8858
8679
8435
8411
8445
8470
8414
8607
8553
8604
8643
8582
8562
8460
8311
8308
8274
8372
8445
8531
8527
8489
8567
8429
8272
8394
8444
8410
8256
8367
8291
8390
8527
8338
8387
8244
8095
8068
7823
8469
8510
8392
8468
8464
8571
8696
8684
8665
8336
8316
8562
8555
8583
8444
8379
8449
8571
8657
8601
8578
8467
8547
8482
8198
8307
8144
8212
8242
8237
8160
8177
8294
8354
8204
8273
8267
8336
8224
8293
8520
8391
8494
8512
8393
8511
8535
8490
8497
8397
8372
8572
8520
8735
8753
8513
8609
8614
8619
8240
8339
8156
8032
8155
8031
7954
7841
7502
7682
7682
7687
7932
8462
8504
8372
8089
8128
8031
8096
8153
7987
8031
8168
8105
8040
8098
8128
8203
8169
7906
8002
7989
8059
8051
8035
8021
7897
7779
8092
8394
8649
8726
8718
8644
8616
8623
8675
8513
8283
7876
8196
8407
8391
8192
8294
8260
8323
8377
8324
8211
8148
8369
8369
8221
8261
8391
8468
8479
8540
8365
8592
8538
8797
8813
8757
8635
8757
8742
8509
8532
8515
8495
8446
8530
8441
8299
8825
8862
8795
8753
8508
8475
8611
8657
8605
8628
8395
8384
8231
8330
8315
8234
8237
8291
8156
8185
8302
8097
8113
7938
8123
8260
8391
8376
8402
8463
8417
8455
8614
8636
8570
8562
8661
8574
8303
8412
8379
8389
8683
8755
8817
8653
8777
8708
8869
8768
8683
8592
8570
8733
8711
8653
8597
8411
8483
8436
8406
8382
8295
8156
8227
8455
8509
8579
8621
8567
8443
8420
8373
8443
8310
8403
8374
8208
8258
8365
8518
8514
8376
8479
8501
8359
8368
8310
8243
8321
8254
8370
8405
8044
8253
8208
8378
8370
8463
8255
8148
7709
7775
8033
8089
8024
7935
7875
7778
8080
8047
8146
7955
8004
7933
7962
8141
8039
7981
7763
7928
7879
7711
8228
8238
8196
8115
8359
8473
8391
8292
8309
7863
8051
8288
8151
7887
7650
7753
7756
7810
7935
8266
8143
8464
8440
8618
8519
8747
8780
8727
8638
8588
8401
8621
8666
8504
8480
8412
8509
8502
8415
8576
8469
8488
8660
8899
8861
8643
8720
8691
8802
8813
8871
8771
8576
8556
8481
8424
8246
8381
8384
8353
8291
8354
8099
7708
7686
7664
7770
7763
7742
8487
8622
8614
8597
8691
8692
8705
8689
8675
8715
8720
8705
8691
8740
8841
9026
8978
8948
8968
8944
8895
8879
8830
8691
8627
8850
8871
8909
8922
8965
8873
8964
9034
8926
8769
8808
8803
8771
8760
8883
8926
8824
8740
8812
8671
8556
8559
8078
8032
8105
8077
8442
8884
8941
8862
8819
8772
8897
8867
8910
9025
8933
8901
9052
8996
9065
8984
8976
8794
8692
8555
8397
8598
8655
8763
8772
8770
8781
8617
8634
8656
8592
8578
8604
8478
8235
8119
8720
8716
8612
8550
8283
8081
8078
7999
8092
8155
8324
8217
8257
8263
8234
8182
7863
7845
8015
7975
8113
7990
8065
8098
8132
8020
8031
7945
8100
8089
8080
8064
8007
8174
8196
8294
8189
8054
7945
8228
8194
8279
8273
8381
8401
8399
8269
7973
8173
8364
8188
8169
8436
8540
8575
8687
8591
8605
8427
8304
8083
8384
8334
8336
8071
8092
8168
8266
8281
8217
8392
8376
8405
8411
8377
8509
8503
8449
8330
8503
8682
8676
8468
8486
8647
8736
8674
8769
8597
8495
8398
8718
8726
8606
8605
8395
8833
8856
8884
8754
8805
8787
8767
8762
8782
8747
8538
8558
8650
8621
8699
8447
8439
8622
8541
8574
8586
8508
8523
8599
8614
8677
8490
8551
8456
8638
8640
8564
8460
8397
8522
8372
8428
8440
8247
7953
7841
7974
8299
8448
8421
8397
8433
8311
8241
8256
7956
8157
8120
8069
8067
8219
8199
7983
8150
8273
8309
8385
8355
8397
8309
8320
8344
8304
8422
8456
8444
8542
8417
8609
8617
8506
8595
8630
8718
8447
8480
8731
8683
8734
8416
8449
8338
8433
8564
8512
8442
8431
8185
8240
8594
8601
8450
8399
8289
8411
8391
8276
8174
8173
8151
8033
7934
7933
7939
7894
7920
7927
7922
8004
8114
8171
8126
8125
7995
7952
8268
8318
8293
8160
8015
8123
8252
8216
8072
7923
7926
7555
7811
7940
7989
8090
8096
8055
8068
7996
7739
8056
8038
8122
8040
7923
7748
8137
8144
8226
8238
8479
8462
8397
8493
8602
8512
8653
8644
8522
8407
8483
8551
8576
8532
8543
8491
8570
8489
8537
8631
8766
8647
8836
8758
8836
8809
8830
8822
8756
8719
8659
8888
8907
8836
8847
8887
8665
8694
8703
8798
8949
8835
8934
8978
8934
8924
8935
8951
8814
8802
8684
8896
8971
8700
8854
8888
8952
8881
8814
8780
8759
8891
8806
8771
8810
8784
8799
8737
8754
8750
8702
8654
8482
8574
8634
8594
8553
8407
8304
8396
8432
8412
8395
8406
8420
8451
8409
8391
8429
8359
8147
8493
8306
8130
8016
7995
8040
8094
8108
8112
8246
8099
8299
8325
8307
8298
8323
8202
8469
8555
8591
8588
8627
8538
8411
8623
8433
8474
8532
8290
8374
8503
8454
8355
8272
8411
8411
8552
8592
8442
8421
8466
8462
8529
8353
8328
8446
8500
8359
8335
8049
8469
8566
8526
8417
8330
8490
8363
8610
8413
8427
8435
8305
8341
8414
8496
8474
8319
8125
8260
8243
8166
8098
8338
8347
8138
8245
8294
8319
8235
8220
8113
8010
8181
8222
8163
8272
8237
8240
8122
8066
8088
7990
7979
8201
8102
8186
8266
8208
8094
8256
8266
8204
8253
8181
8191
8419
8476
8438
8408
8412
8394
8494
8421
8354
8510
8465
8421
8460
8414
8429
8413
8465
8404
8376
8286
8445
8638
8656
8669
8313
8367
8475
8559
8576
8490
8613
8592
8646
8666
8561
8698
8763
8826
8763
8696
8674
8486
8794
8933
8718
8872
8863
8922
8844
8554
8579
8493
8499
8869
8797
8834
8751
8869
8748
8646
8724
8724
8776
8760
8700
8723
8646
8664
8508
8633
8597
8457
8678
8834
8820
8869
8948
8793
8853
8826
8842
8976
8947
8875
8865
8669
8946
8912
8867
8832
8657
8691
8598
8660
8680
8402
8481
8467
8370
8447
8367
8450
8328
8323
8218
8239
8222
8301
8144
7840
8003
8243
8273
8277
8275
8289
8276
8227
8204
8181
8091
7959
7842
8075
8087
7977
7904
7925
7945
7960
7965
7869
7875
7816
7947
7859
7909
7992
7929
8142
8127
8098
8124
8044
8063
8238
8143
8216
8106
8132
8229
8274
8252
8204
8197
8245
8285
8215
8192
8065
8110
8063
8342
8287
8397
8323
8190
8254
8321
8337
8300
8204
8206
8043
8118
8322
8179
8176
7977
8143
8296
8341
8318
8344
8363
8222
8385
8474
8493
8526
8579
8480
8593
8503
8530
8554
8616
8642
8609
8610
8583
8472
8507
8489
8656
8792
8584
8736
8659
8638
8815
9013
9011
9038
8985
8922
9006
8987
8839
8796
8784
8729
8463
8406
8507
8477
8353
8555
8978
9047
8802
8903
8947
8967
8965
9089
8649
8897
8910
8862
8953
8883
8886
8923
8917
9015
8955
8943
8993
8933
8968
9000
9097
9061
9021
8993
8831
8890
9010
9034
9055
8825
8827
8751
8953
8946
8945
8961
9100
9004
9077
9077
9028
9069
9002
9057
9055
8980
8998
8966
9013
9089
9002
8836
8878
8967
8995
8878
8811
8768
8694
8688
8434
8487
8566
8521
8578
8346
8054
8222
8353
8221
8334
8344
8335
8283
8231
8182
8171
8207
8204
8158
8118
8026
8168
8176
8258
8176
8131
8204
8214
8380
8402
8400
8301
8389
8309
8499
8421
8317
8246
8277
8198
8350
8231
8198
8153
8218
8426
8375
8446
8422
8449
8418
8279
8460
8336
8194
8247
8250
8404
8548
8544
8465
8524
8483
8372
8472
8314
8549
8377
8184
8553
8690
8686
8788
8721
8760
8796
9075
8940
8994
8959
9008
9054
9050
9059
8974
8975
9046
9098
9171
9130
8914
8975
8908
9028
8867
8689
8787
8656
8671
8696
8692
9163
9062
9071
9065
8863
8966
8961
8811
8910
8771
8815
8885
8863
8902
8886
8741
9141
9186
9235
9223
9079
9152
9067
8940
8985
9032
8995
8830
9076
8921
8925
9054
9099
9203
9073
9100
9074
8900
9069
9042
9039
9064
9106
9143
9100
8963
8877
8954
8915
9094
9172
9196
9181
9101
9084
8993
9103
9080
8850
9033
8985
9113
9074
9092
8950
8970
8978
8921
9027
9120
8943
8945
8831
8944
9065
9010
8971
8853
8820
8964
8903
8958
9021
8871
9013
8979
9051
8864
8875
9004
8980
8858
9111
8952
8810
8885
8806
8882
9004
9005
8914
8872
8829
8810
8920
8757
8638
8429
8390
8469
8412
8334
8386
8371
8407
8306
8252
8215
7992
7984
7569
7941
7900
8122
8101
7982
7938
8008
7936
7852
7714
7660
7719
7774
7673
7771
7694
7605
7531
7602
7772
7743
7397
7751
7702
7652
7607
7675
7669
7694
7730
7802
7836
7842
7948
7936
7944
8084
8050
8160
8238
8257
8298
8184
8308
8310
8216
8256
8246
8309
8311
8105
8268
8274
8267
8083
8221
8252
8178
8243
8198
8152
8418
8437
8389
8477
8581
8527
8657
8537
8541
8438
8353
8346
8430
8529
8378
8239
8135
8233
8220
8276
8641
8844
9046
9013
9049
9016
9043
8995
9135
9132
9110
9095
9097
9131
9103
8964
8985
8882
9099
9087
9126
9078
9078
9064
9116
9066
9029
8851
8956
8855
8874
8906
8867
8933
8975
8850
8972
8838
8858
8831
8789
8887
8785
8562
8635
8482
8416
8273
8306
8392
8345
8236
8237
8238
8302
8332
8338
8244
8223
8206
8208
8359
8200
8137
8226
8220
8215
8102
8051
8042
8045
7950
7968
7932
8087
8062
8063
8063
8031
8154
8274
8215
8444
8420
8525
8697
8742
8680
8575
8759
8691
8841
8875
8907
8846
8784
8912
8844
8903
8762
8697
8631
8622
8790
8803
8614
8458
8366
8466
8321
8381
8336
7980
8022
7986
7980
8063
8042
7961
7890
7911
7867
7806
7826
7905
7974
8018
7817
7795
7596
7590
7678
7675
7811
7994
8027
7966
8141
8214
7763
8000
8093
8141
8280
8238
8311
7996
8117
7987
8140
8149
8091
7995
7877
7652
7812
7813
7970
8026
8280
8158
8160
8240
8218
8122
8228
8583
8540
8498
8664
8605
8670
8748
8751
8836
8723
8579
8744
8758
8848
9010
9008
8998
8660
8455
8864
8821
8724
8781
8759
8672
8863
8873
8821
8847
8727
8816
8802
9033
8837
9012
8989
9020
8806
8521
8887
9010
9020
9019
8956
8837
8793
8677
8472
8568
8599
8597
8509
8401
8575
9023
9001
8910
8973
8861
8810
8904
8933
8835
8519
8765
8655
8419
8369
8222
8165
8279
8279
8250
8073
8219
8086
8113
8084
8126
8123
8110
8044
7936
7937
7923
8145
8208
7999
8010
7973
8120
8099
8035
7901
7994
8076
8068
8302
8323
8313
8262
8168
8005
8266
8201
8087
7889
7958
8036
7971
8019
8012
8006
8013
7860
7843
7776
8038
8044
7940
7929
7640
7200
7141
7125
7111
7078
7118
6982
7485
7461
7505
7627
7618
7628
7479
7361
7354
7514
7498
7501
7528
7415
7340
7656
7593
7721
7696
7597
7638
7445
7406
7239
6757
7077
7648
7639
7630
7370
7226
7205
7263
7194
7219
7060
7138
7111
7234
7253
7225
7237
7283
7193
7269
7150
7172
7075
7119
7410
7416
7467
7272
7316
7263
7038
7089
7091
6968
7305
7240
7488
7723
7874
7831
8151
8075
8002
8230
8277
8277
8248
8159
8195
7966
8110
8286
8339
8195
8339
8352
8257
8300
8511
8466
8432
8615
8628
8563
8472
8757
8459
8598
8616
8372
8597
8501
8883
8912
8855
8747
8628
8480
8755
8920
8717
8577
8669
8628
8617
8580
8668
8669
8736
8769
8750
8712
8651
8752
8751
8835
8762
8836
8907
8886
8882
8833
8909
8922
8913
8915
8931
8794
8729
8896
8951
8871
8834
8523
8668
8589
8612
8533
8531
8803
8838
8847
8801
8768
8766
8724
8769
8766
8575
8621
8629
8683
8664
8673
8738
8753
8620
8592
8526
8674
8657
8608
8625
8553
8492
8411
8333
8251
8181
8190
8196
8152
8192
8110
8051
8100
8075
8170
8070
8271
8264
8150
8230
8234
8409
8434
8435
8564
8542
8596
8713
8792
8855
8777
8657
8157
8215
8363
8260
8149
8401
8565
8534
8520
8413
8535
8435
8493
8451
8488
8114
8300
8340
8503
8432
8505
8500
8411
8426
8382
8350
8425
8365
8435
8532
8427
8402
8331
8335
8252
8160
7982
8462
8468
8371
8351
8446
8341
8209
8236
8302
8263
8122
8166
8071
8038
7915
8209
8355
8344
8273
8203
8313
8406
8558
8597
8584
8497
8629
8550
8549
8755
8627
8638
8702
8589
8674
8497
8593
8598
8606
8654
8609
8600
8610
8637
8529
8614
8612
8648
8648
8636
8687
8683
8601
8615
8592
8329
8278
8274
8474
8529
8594
8585
8577
8617
8603
8713
8699
8680
8558
8715
8781
8673
8531
8758
8743
8799
8751
8645
8451
8419
8416
8731
8788
8795
8788
8751
8805
8785
8886
8841
8853
8808
8805
8940
8920
8908
8918
8755
8969
9021
8931
8947
8654
8644
8503
8466
8368
7851
7911
8053
8056
8129
8085
7905
8073
8066
8159
8168
8313
8190
8068
8038
7806
7896
8126
8118
8154
8145
8091
8182
8058
8006
8105
7949
7948
7975
7972
7986
7938
7855
7749
7569
7807
7628
7795
7949
7902
7618
7763
7743
7709
7813
7804
7677
7536
7866
8024
8010
7950
7796
7991
8151
8291
8341
8139
7698
7463
7055
7189
7169
7086
7092
7240
7134
7257
8122
8022
8042
8086
8040
8147
8015
8141
8050
8124
8055
8061
8114
8195
8114
8077
7988
8050
8133
8135
8159
8170
8164
8179
8242
8310
8280
8240
8273
8396
8550
8517
7965
8066
8142
8175
8206
8173
8603
8615
8667
8671
8678
8661
8446
8606
8622
8567
8736
8281
8710
8795
8868
8859
8705
8805
8763
8310
7835
7991
7990
7974
7999
8017
8064
8053
8175
8104
8043
8087
8061
8519
8564
8548
8658
8679
8566
8520
8885
8941
8781
8879
8830
8862
8793
8664
8770
8812
8803
8728
8813
8609
8893
8759
8676
8865
8825
8786
8855
8564
8539
8486
8551
8491
8422
8465
8429
8389
8338
8024
8372
8447
8385
8372
8460
8542
8580
8658
8678
8519
8536
8541
7989
7794
7975
8181
8088
8470
8564
8575
8384
8524
8584
8336
8368
8366
8517
8506
8504
8337
8399
8050
7695
7126
8044
7608
8023
8117
8144
8116
8217
8164
8312
8274
8309
8075
8056
8057
8164
8427
8178
8224
8179
8323
8123
8031
8601
8568
8488
8637
8730
8688
8714
8656
8693
8655
8484
8492
8719
8693
8684
8828
8513
8796
8792
8370
8487
8581
8576
8753
8681
8788
8863
8701
8691
8474
8591
8552
7567
7560
7595
7503
7519
7550
7309
7478
7395
7499
7998
8231
8276
8337
8390
8410
8524
8323
8016
8260
8187
8139
8517
8635
8629
8707
8686
8538
8542
8533
8607
8658
8617
8540
8645
8734
8890
8854
8880
8854
8850
8965
8753
8854
8742
8777
8656
8855
8883
8838
8741
8784
8939
9070
9044
8703
8983
9121
9135
8910
8693
8695
8391
8811
8982
9005
9013
8995
8946
8918
8902
8908
8928
8893
8812
8724
8690
8657
8308
8522
8584
8610
8405
8397
8324
8538
8381
7915
8331
8519
8625
8778
8730
8721
8673
8815
8607
8840
8779
8528
8501
8761
8707
8649
8514
8386
8660
8651
8574
8528
8497
8553
8581
8619
8574
8650
8629
8426
6811
8275
8397
8287
8078
7758
7784
7964
7836
8042
8529
8455
8553
8549
8565
8416
8639
8544
8494
8367
8308
8261
8406
8432
8415
8216
8358
8276
8444
8344
8504
8489
7890
8451
8522
8472
8614
8636
8708
8693
8501
8590
8575
8435
8578
8386
8252
8315
8263
7872
7900
7859
7779
7814
7824
7741
7720
8382
8217
8394
8293
8325
8288
8235
8164
8189
8233
8176
8231
8285
8259
8316
8170
8111
8245
8303
8356
8470
8430
8534
8482
8477
8228
8149
8269
8322
8321
8534
8484
8387
8391
8488
8704
8758
8934
8825
8733
8724
8800
8802
8869
8840
8693
8807
8770
8962
8923
8835
8815
8727
8658
8724
8712
8806
8797
8906
8750
8808
8782
8636
8739
8859
8935
8876
8854
8850
8766
8649
8710
8791
8871
8866
8778
8722
8861
8873
8899
8911
8825
8731
8672
8477
8559
8283
8243
8435
8365
8288
8261
8282
8290
8359
8414
8449
8219
8232
8214
7937
7874
7953
8271
8332
8273
8466
8652
8501
8298
8212
7821
8141
7932
8304
8269
8458
8337
8490
8556
8501
8279
8187
8357
8353
8372
8402
8442
8400
8394
8334
8303
8208
8363
8359
8442
8430
8413
8450
8507
8445
8464
8375
8362
8317
8219
8118
8214
8276
8389
8448
8429
8551
8269
8529
8570
8581
8502
8467
8628
8676
8507
8483
8673
8597
8757
8604
8677
8722
8721
8632
8623
8497
8494
8361
8581
8820
8794
8885
8954
8681
8715
8695
8764
8777
8484
8448
8294
8496
8500
8414
8350
8360
8520
8076
8474
8559
8354
8503
8630
8629
8689
8677
8684
8768
8706
8506
8665
8751
8851
8786
8685
8690
8711
8733
8705
8738
8833
8800
8757
8723
8756
8765
8815
8646
8396
8487
8640
8706
8597
8683
8567
8537
8619
8789
8741
8544
8606
8596
8492
8199
8435
8456
8750
8845
8746
8668
8819
8886
8663
8618
8693
8447
8602
8558
8449
8408
8336
8360
8472
8539
8489
8272
8292
8289
8360
8285
8247
8180
8119
8123
8116
7937
7972
8252
8123
8204
8203
8280
8382
8265
8424
8384
8221
8256
8100
8048
7965
8052
7988
8101
8132
8071
7654
8312
8388
8476
8497
8415
8080
8109
8343
8268
8323
8330
8380
8382
8307
8543
8271
8243
7629
7560
7605
7690
7507
7596
7671
8034
8034
8013
8005
8085
8140
8152
8178
7966
7980
7945
7858
7920
7670
7463
7787
7794
7983
7903
8030
7852
7935
7905
7942
7760
7858
7809
7859
7855
7735
7941
7795
7937
8016
8011
7928
7935
7770
7625
7824
8141
8090
7947
8083
8143
8122
8346
8562
8551
8558
8502
8455
8579
8513
8405
8453
8647
8670
8513
8565
8807
8835
8908
9012
8934
8793
8787
8737
8614
8852
8963
8972
8902
8893
8918
8853
8805
8679
8768
8560
8783
8681
8663
8541
8472
7910
8548
8524
8758
8758
8695
8716
8672
8713
8640
8457
8381
8392
8395
8685
8697
8675
8649
8643
8484
8468
8476
8313
8400
8408
8394
8144
8329
8302
7994
8304
8214
8295
8388
8356
8448
8422
8158
7664
7942
8274
8358
8296
8179
8151
8260
8292
8187
8195
8342
8292
8308
8280
8352
8212
8256
8330
8242
8254
8197
8088
8293
8290
8290
8269
8344
8368
8471
8478
8570
8681
8601
8555
8698
8404
8627
8584
8519
8150
8160
8286
8274
8218
8253
8124
8191
8065
7983
7896
7919
7839
7770
8387
8316
8431
8247
8236
8296
8212
8151
7925
8254
8260
8148
8330
8219
8380
8265
8143
8169
8083
7709
7420
7421
7390
7325
7992
8165
8221
8393
8122
7996
8056
8017
8138
7906
7844
7758
7803
7948
8031
8141
8132
8201
8043
8164
8255
8233
8201
8185
8151
8079
8100
8100
8214
8256
8174
8167
8129
8221
8160
7999
7969
8009
7964
8509
8675
8731
8626
8700
8771
8717
8645
8730
8778
8779
8449
8731
8803
8912
8895
8841
8769
8781
8519
8369
8271
8394
8376
8386
8438
8473
8778
8887
8799
8905
8862
8954
9010
9043
8909
8874
8989
9016
8790
8958
8926
8829
8804
8884
8721
8886
8851
8948
9013
8976
8976
9036
9009
8997
8844
8908
8948
8702
8625
8651
8739
8750
8688
8581
8417
8396
8478
8492
8577
8590
8525
8575
8445
8332
8388
8375
8387
8674
8680
8709
8647
8736
8743
8679
8592
8526
8544
8538
8440
8468
8467
8244
8444
8330
8481
8436
8367
8019
7915
8063
7991
8194
8309
8315
8296
8045
8145
8042
8127
8054
8006
7912
7890
7772
7848
7801
7690
7515
7764
7676
7630
7682
7667
7619
7742
7558
7711
7491
7715
7772
7842
7827
7852
7939
7912
8015
7984
8132
8085
8098
8239
8470
8411
8451
8165
8191
8208
8232
8173
7858
7799
7572
7584
7781
8121
8187
8203
8104
8189
8032
8074
8085
8060
7972
8428
8511
8683
8618
8582
8579
8714
8921
8940
8884
8806
8647
8783
8737
8689
8977
8941
8875
8849
8880
8638
8766
8793
8792
8820
8486
8520
8671
8704
8686
8652
8506
8317
8411
8534
8588
8547
8606
8449
8661
8325
8604
8546
8742
8701
8650
8644
8740
8642
8685
8744
8621
8690
8768
8732
8764
8755
8610
8882
8917
8852
8892
8773
8595
8733
8804
8818
8821
8720
8742
8725
8598
8655
8641
8935
8831
8937
8919
8822
8890
8795
8854
8731
8541
8631
8601
8578
8808
8854
8902
8926
8925
8696
8887
8881
8967
8992
8912
9015
8978
8913
8934
8855
8886
8838
8885
8942
9000
8856
8763
8876
8635
8772
8826
8564
8644
8715
8684
8591
8662
8565
8274
8316
8345
8325
8398
8276
8008
8054
8298
8378
8253
8319
8282
8132
8121
8121
8069
7857
8071
8255
8184
8227
8140
8063
7942
7837
7771
8067
8144
8010
7914
7879
7966
7958
7761
7802
7578
7710
7690
7725
7795
7619
7558
7667
7585
7788
7867
7863
7920
7889
7883
7796
7939
7954
7910
8037
7881
7974
7960
7798
7817
8069
8003
8031
8095
8076
8016
8056
8099
8214
8108
7639
7876
7797
8137
8415
8232
8403
8479
8509
8550
8286
8139
8238
8211
8268
8306
8076
8108
8030
8006
7993
7971
7919
8061
8106
8065
7961
8068
8280
8340
8324
8605
8400
8458
8386
8304
8369
8489
8640
8517
8492
8541
8555
8426
8461
8447
8499
8367
8743
8670
8805
8786
8896
8779
8936
8802
8713
8953
8740
8940
8810
8920
8899
8750
8806
8747
8363
8348
8394
8494
8472
8652
8685
8729
8715
8525
8545
8373
8387
8568
8689
8600
8212
8390
8434
8339
8447
8330
8211
8198
8434
8354
8193
8152
8274
8304
8141
8245
8229
8222
8139
8198
8056
8231
8107
8353
8237
8281
8291
8171
8012
8071
8144
8335
8343
8473
8627
8513
8685
8539
8535
8673
8422
8538
8391
8213
8180
8190
8310
8109
8201
8307
8132
8245
8225
8126
8004
7977
8137
8192
8234
8155
8225
8159
7989
8441
8467
8336
8259
8189
7813
8227
8144
7855
7887
7843
7746
7771
7821
7778
7664
7769
7934
8088
7928
7982
8014
7981
7955
7808
7843
7989
8083
8051
7977
7835
7898
7705
7983
7814
7382
7602
7652
7680
7567
7371
7661
7625
7621
7645
7569
7532
7287
7185
7352
7676
7604
7578
7519
7658
7567
7588
7514
7545
7539
7543
7379
7484
7495
7591
7523
7609
7872
7892
7924
7927
7900
7918
7841
7670
7768
7702
7751
7832
7860
7832
7847
7823
7780
7810
7814
7871
7856
7757
7810
7750
7741
7762
7798
7810
7740
7775
7751
7758
7728
7589
7401
7630
7603
7662
7715
7536
7684
7624
7375
7268
7235
7458
7494
7541
7571
7506
7359
7397
7378
7421
7293
7457
7457
7356
7436
7448
7476
7396
7387
7382
7309
7291
7236
7248
7311
7378
7454
7406
7459
7544
7570
7507
7541
7554
7522
7622
7498
7551
7370
7506
7530
7489
7646
7662
7584
7453
7459
7475
7280
7379
7350
7276
6527
6546
6472
6586
7156
7242
7221
7385
7471
7443
7439
7502
7583
7566
7618
7360
7696
7784
7730
7553
7666
7555
7730
7723
7654
7609
7639
7813
7834
7743
7840
7799
7919
7858
7734
7557
7509
7486
7535
7588
7507
7320
7227
7223
7249
7333
7279
7397
7303
7339
7408
7377
7433
7291
7046
7054
6939
6986
6935
7008
7047
6977
6878
7018
6928
6884
6798
6813
6830
6956
6958
6942
6945
6915
6875
6936
6850
6876
6903
6834
6806
6912
6902
6972
6926
7030
7042
7069
6960
6861
7038
7046
7154
7037
6935
7050
7038
6946
6710
6819
6689
6597
6608
7110
7316
7412
7346
7190
7292
7194
7194
7135
7033
7197
7199
7322
7398
7429
7427
7429
7474
7443
7434
7420
7248
7338
7510
7339
7729
7718
7610
7704
7688
7582
7517
7337
7528
7573
7535
7351
7491
7481
7609
7468
6482
6424
4938
4846
5540
6050
5347
6632
5752
6545
5674
6263
3201
6750
7095
6267
6695
6767
6743
6643
7066
7296
7057
7103
6686
7022
7202
6787
6308
6110
6660
6417
6434
6799
7177
7231
6589
6914
6998
7069
7117
7124
7217
7078
7301
7331
7537
7467
7203
6838
7343
7121
7010
7163
7607
7335
7848
8156
7763
8028
7825
7782
7932
7989
7902
8045
8042
7898
8020
8086
7914
7970
8075
8034
8264
8194
8098
8272
8146
8192
8153
8203
8222
8310
7967
7812
8203
8136
7755
8139
8428
8155
8260
7997
8064
7872
7978
8232
8200
8145
7953
8289
8137
7987
7956
7873
7907
8117
8229
8098
8150
8489
8235
8439
8535
8521
8134
8071
8273
8452
8215
8074
8192
8207
8170
8492
8506
8417
8411
8433
8244
8404
8261
8003
8221
8226
8309
8206
8358
8434
8433
8338
7920
7857
8012
8104
8137
8131
8207
8139
8118
8046
7994
7986
7916
7777
7745
7719
7746
7854
7773
7732
7771
7778
7446
7705
7745
7855
7742
7629
7629
7513
7643
7581
7469
7521
7508
7555
7536
7473
7502
7291
7398
7525
7432
7599
7665
7466
7485
7548
7611
7863
7832
7855
7740
7690
7665
7745
7584
7689
7672
7705
7660
7605
7471
7481
7406
7120
7158
7122
7084
7095
6821
6833
6817
6858
6775
6855
7012
7058
7117
7051
6961
6991
7031
6948
6955
7116
7073
7120
7127
7183
7237
7207
7006
6961
7112
7287
7194
6978
6955
6998
7081
7064
7118
7094
6802
7195
7279
7279
7271
7202
7107
7289
7226
7124
6780
6787
6786
6790
6834
6807
6777
6775
6534
7041
7097
7159
7232
7274
7340
7199
7158
7027
7158
7309
7143
7178
7066
7175
7323
7347
7265
7175
6745
6619
6600
6777
6831
6823
7066
7196
7302
7283
7290
7326
7316
7406
7353
7433
7480
7529
7539
7571
7514
7587
7613
7533
7545
7497
7628
7673
7846
7782
7627
7729
7840
7804
7730
7794
7830
7893
8014
7973
7821
7850
8034
7998
7921
8010
7274
7205
7280
7188
7304
7391
7429
7327
7269
7206
7097
7078
7096
7133
7141
7149
7972
7915
7937
7959
8261
8243
8209
8207
8248
8397
8490
8707
8744
8676
8630
8561
8692
8737
8700
8577
8368
8633
8637
8610
8634
8675
8707
8545
8553
8635
8539
8672
8670
8576
8629
8575
8612
8698
8754
8719
8672
8598
8562
8388
8569
8533
8593
8595
8526
8526
8463
8277
8237
8191
8280
8257
8159
7979
8060
8017
8040
7987
8009
7998
7897
7876
7714
7701
7467
7486
7477
7611
7440
7391
7400
7329
7551
7634
7496
7311
7295
7461
7417
7139
7181
7169
7197
7227
7233
7179
7082
7128
7282
7332
7075
6618
6788
6751
6721
6828
6934
6864
6830
6916
6803
6439
6333
6209
6307
6595
6731
6678
6785
6741
6642
6691
6433
6550
6579
6577
6808
6747
6981
6811
6907
6918
6742
6771
6673
6574
6456
6457
6238
6487
6541
6398
6292
6553
6567
6397
6306
6287
6131
6087
6112
6342
6343
6253
6264
6262
6433
6432
6398
6338
5704
5487
5481
5494
5344
5375
5326
5370
5939
6006
6068
6117
6234
6211
6194
6174
6267
6228
6207
6103
6102
6135
6211
6381
6214
6152
6514
6497
6603
6591
6575
6659
6589
6646
6559
6578
6545
6568
6703
6717
6693
6701
6632
6750
6742
6753
6765
6620
6775
6788
6750
6653
6818
6731
6828
6778
6710
6798
6852
6919
6990
7029
7076
7214
7145
7192
7097
7146
7199
7271
7367
7328
7235
7041
6949
7206
7278
7235
7176
7343
7424
7418
7319
7551
7525
7454
7510
7437
7213
6952
6953
6891
6695
6739
6801
6833
6810
6822
6808
7162
7093
7142
7208
7189
7092
7144
7094
7122
7062
7130
7092
7101
7157
7028
7040
7068
6911
6947
6826
6864
6944
6894
7007
7036
7051
7087
7066
7044
6983
7192
7204
7079
7172
7086
7098
7295
7211
7290
7266
7037
7204
7221
7265
7278
7231
7180
7123
7076
6963
6985
6997
6952
6984
7093
7223
7249
7197
7210
7133
7027
6959
7078
7176
7182
7074
7135
7145
7157
7223
7330
7321
7129
7156
7006
6936
6867
6926
7039
6979
7023
7192
7114
7071
6983
7081
7131
7141
7243
7047
6892
7130
7109
7150
7050
6926
6965
7047
7045
7299
7208
7175
7177
7160
7191
7174
7139
7071
6908
6941
6989
6632
6746
6830
6709
6677
6635
6629
6421
6517
6532
6503
6427
6438
5990
5935
5963
5912
5937
5963
5929
6274
6449
6484
6421
6598
6597
6676
6715
6955
6955
6963
6890
6633
6847
6657
6755
6757
6743
6815
6931
6976
6938
6897
6923
6913
6825
6746
6824
6751
6766
7021
7097
7076
7130
7291
7247
7307
7246
7194
7484
7708
7732
7588
7389
7327
7475
7617
7644
7497
7351
7320
7405
7438
7407
7354
7117
6932
6888
6994
6882
7134
7263
7202
7161
7640
7660
7763
7679
7350
7821
7863
7883
8006
7869
7646
7694
7714
7694
8144
8282
8242
8202
8262
8282
8285
8257
8238
8370
8295
8332
8408
8520
8450
8516
8604
8735
8738
8836
8810
8756
8611
8463
8612
8587
8592
8592
8378
8170
8339
8361
8422
8475
8437
8474
8521
8507
8472
8405
8271
8347
8264
8240
8388
8340
8333
8286
8313
8370
8412
8495
8539
8487
8496
8539
8540
8560
8457
8422
8300
8314
8417
8402
8405
8273
8428
8438
8369
8417
8498
8589
8502
8562
8526
8458
8422
8083
8213
8279
8105
8163
8022
7987
7851
7769
7727
7710
7783
7722
7723
7728
7711
7582
7663
7607
7585
7552
5568
5537
5557
5566
5553
5540
5575
5428
5326
5272
5149
5157
5079
5091
4884
4831
4836
4840
4842
4808
4838
4834
4928
4975
5033
4985
4988
5027
5027
5054
5056
6759
6641
6817
6916
6855
6989
7069
7121
7161
7159
7172
7416
7337
7360
7326
7252
7318
7296
7355
7277
6954
7209
7342
7358
7488
7410
7455
7440
7475
7588
7438
7331
7307
7251
7283
7307
7150
7186
6979
7031
7122
7031
7021
7045
6945
7076
7015
6976
7065
7080
7107
7081
7036
7042
6902
6751
7074
7125
7062
7104
7162
7111
7001
7268
7343
7243
7374
7336
7367
7311
7444
7439
7443
7366
7382
7330
7288
7372
7502
7544
7531
7529
7510
7581
7534
7499
7465
7535
7532
7600
7603
7584
7344
7505
7535
7590
7698
7905
7942
7950
7973
7954
7947
7916
7947
7625
7938
8144
8081
8179
8156
8079
8062
8099
8114
8128
8145
8112
7884
7917
8084
8176
8248
8338
8413
8374
8267
8164
8375
8603
8700
8693
8505
8521
8570
8568
8635
8649
8625
8539
8263
8353
8455
8523
8493
8456
8527
8542
8460
8617
8594
8648
8636
8477
8657
8630
8503
8533
8522
8520
8469
8373
8117
8281
8276
8348
8251
8247
8214
8110
8147
8019
8112
8133
7934
7988
8007
7929
8049
7829
7821
7848
7778
7847
7847
7850
7825
7723
7604
7694
7786
7754
7737
7465
7528
7614
7627
7724
7705
7688
7681
7701
7663
7407
7374
7584
7584
7650
7699
7661
7693
7743
7561
7578
7485
7424
7478
7543
7617
7588
7362
7392
7318
7294
7413
7356
7374
7152
7231
7330
7325
7437
7462
7400
7333
7274
7408
7470
7693
7679
7572
7420
7395
7416
6992
6914
6891
6884
6900
6874
7351
7485
7466
7471
7401
7201
7416
7331
7402
7510
7425
7438
7361
7514
7434
7589
7571
7519
7504
7620
7815
8010
8071
7780
7704
7656
7698
7950
7972
7636
7565
7726
7687
7622
7663
7666
7590
7648
7570
7592
7487
7316
7323
7333
7419
7439
7585
7490
7551
7571
7573
7456
7420
7454
7484
7108
7293
7304
7304
7456
7482
7561
7642
7585
7570
7654
7788
7818
7744
7724
7737
7642
7581
7487
7491
7406
7277
7280
7586
8014
8101
7995
8028
7906
7313
7642
7717
7850
7798
7770
7714
7604
7637
7639
7626
7572
7550
7231
7346
7272
7248
7393
7399
7239
7807
7900
7916
7772
7863
7973
7972
7750
7708
7891
7900
7803
7753
8006
7989
8053
7978
8035
8026
8226
8027
8326
8215
8445
8347
8469
8347
8449
8462
8544
8177
8458
8487
8530
8301
8336
8158
8299
8260
8300
8217
8383
8234
8335
8465
8474
8462
8458
8354
8293
8079
8083
8080
8005
7773
8138
8218
8186
8066
7998
8215
8293
8290
8407
8367
8198
8095
7977
7767
7921
8183
8239
8163
8013
7863
7928
7859
8056
8043
8183
8162
8154
8180
8181
8163
8181
8279
8304
8378
8506
8643
8798
8629
8543
8566
8724
8766
8912
8842
8732
8808
8628
8763
8807
8761
8802
8784
8793
8677
8820
8733
8724
8692
8893
8793
8834
8842
8794
8755
8686
8471
8550
8370
8328
8506
8413
8220
8122
8255
8114
7431
7423
7422
7329
7329
7224
7283
7294
7267
7253
7293
7272
7420
8413
8262
8508
8522
8581
8607
8758
8803
9002
9045
8902
8969
9008
9039
8987
8606
8647
8707
8743
8781
8555
8616
8133
8412
8557
8618
8498
8687
8636
8660
8554
8629
8469
8468
8205
8012
7514
7540
7671
7579
7609
7678
7677
7341
7871
8384
8393
8224
8120
7943
8321
8583
8355
8462
8460
8478
8505
8480
8480
8530
8492
8449
8329
8198
8411
8378
8027
8313
8337
8423
8364
8143
8182
8172
8115
7723
8209
8183
8535
8464
8384
8454
8303
8557
8272
8154
8202
8026
8002
8349
8582
8602
8849
8777
8747
8521
8489
8508
8503
8360
8357
8288
8243
8436
8321
8376
8331
8386
8436
8528
8485
8488
8483
8409
8390
8387
8289
8231
8181
8026
7838
7816
7782
7808
7861
8351
8397
8354
8315
8514
8553
8583
8530
8697
8842
8890
8862
8819
8731
8652
8736
8735
8628
8694
8662
8697
8733
8733
8664
8740
8822
8818
8890
8818
8773
8683
8701
8587
8645
8575
8691
8600
8755
8736
8966
8895
8877
8921
8929
8898
8957
8742
8775
8947
8628
8824
8753
8943
8991
8943
8855
8816
8873
8919
8829
8866
8806
8700
8712
8682
8587
8367
8292
8066
8095
7944
8222
8524
8567
8403
8481
8150
8168
8493
8445
8079
8404
8478
8366
8262
8353
8409
8363
8177
8233
8229
8065
8433
8571
8547
8645
8628
8608
8505
8408
8265
8241
8275
8256
8355
8380
8427
8293
8307
8259
8051
7931
7955
7863
7922
7927
7775
7914
7813
7799
7805
7798
7958
8040
8084
8202
8390
8437
8398
8383
8388
8273
8206
8015
8080
8340
8378
8261
8277
8590
8608
8563
8570
8499
8479
8546
8637
8324
7764
7824
7828
7814
8276
8387
8330
8294
8358
8167
8363
8391
8193
8186
8243
8088
8286
8269
8086
8230
8389
8343
8295
8276
8189
8239
8250
8263
8163
8183
8244
8421
8573
8703
8577
8336
8287
8543
8579
8637
8566
8525
8558
8570
8686
8633
8633
8736
8837
8839
8837
8789
8694
8920
8855
8856
8517
8939
8954
8828
8431
8566
8587
8868
8822
8866
8841
8903
9104
8776
9008
9036
9006
9026
9030
8960
8980
8706
8662
8803
8912
8978
8906
8937
8974
8963
8972
8652
8823
8895
8583
8720
8565
8293
8210
8678
8664
8651
8833
8821
8831
8808
8761
8690
8772
8566
8468
8675
8740
8678
8674
8628
8776
8776
8729
8846
8893
8578
8831
8926
8872
8826
8789
8725
8745
8520
8554
8534
8520
8572
8540
8512
8409
8387
8600
8466
8494
8390
8106
8234
8271
8147
8062
8072
8213
8040
7895
7932
7937
8051
7936
7869
7777
7651
7649
7727
7717
7659
7803
7693
7748
7722
7704
7764
7747
7693
7709
7788
7770
7621
7719
7634
7969
7982
7977
7984
7877
7852
7720
7914
7717
7416
7286
7284
7254
7387
7329
7244
7183
7231
7263
7209
7210
7226
7150
7120
7072
7031
7045
6930
6911
7142
6960
6956
7194
7124
7080
6948
7087
7136
7363
7418
7287
7413
7481
7529
7460
7508
7432
7514
7730
7878
7778
7850
7788
7675
8035
8020
8266
8111
8315
8491
8485
8725
8608
8713
8755
8787
8796
8609
8373
8361
8172
8258
8569
8683
8643
8554
8548
8578
8739
8886
8846
8876
8804
8874
8821
8951
8805
8976
9046
9041
8798
9008
8919
9027
9083
8810
9065
9022
9146
8937
8939
8846
9003
8993
8953
8874
8935
8895
8923
8834
8682
8746
8791
8807
9118
9135
9029
9083
9111
9125
8963
9067
9084
9017
9126
9011
9036
9024
9065
9071
9028
8966
8957
9016
9030
9076
9024
8929
8839
8939
8907
8913
8964
8996
8982
8889
8920
8852
8830
8020
8324
8394
7534
8512
6730
8303
8614
5916
5202
8210
8235
7291
8398
8531
8358
8633
8625
8753
8484
8742
8827
8740
8654
8771
8680
8753
8555
8742
8639
8455
8385
8434
8490
8493
8488
8586
8226
8351
8197
8031
8276
8255
8168
8071
7954
7834
7772
7639
7777
7905
8139
8086
7938
7726
7903
7819
7720
7596
7459
7003
7169
7223
7154
7245
7266
7036
7139
7013
7037
7047
7004
6975
6945
6830
6838
6883
6886
6844
6771
6700
6639
7012
7079
7132
7159
7173
7253
7057
7059
6913
6764
6851
6894
7205
7199
7247
7145
7273
7270
7312
7203
7129
7191
7420
7521
7530
7450
7405
7409
7107
7063
6897
6842
6814
7268
7413
7454
7441
7646
7785
7767
7762
7749
7718
7889
7757
7868
7861
7949
7924
7900
7969
7956
8085
8111
7954
8029
7860
8163
8205
8237
8154
8140
8033
8149
8192
8158
7990
7858
7937
8001
8196
8279
8318
8300
8383
8333
8185
8233
8034
8209
8083
8180
8221
8274
8178
8105
8075
7859
8070
7979
8055
7941
7843
7949
8065
8252
8122
8018
8005
8107
8047
8255
8195
8138
8226
8162
8104
8171
8274
7974
8279
8244
8222
8280
8164
8304
8207
8210
8185
8020
7994
7765
7795
7926
7931
7895
7893
7875
7898
7402
7691
7731
7643
7761
7806
7719
7780
7784
7729
7777
7659
8048
8021
8056
7710
8103
8130
8025
7747
7533
7550
7791
7882
7819
7767
7804
7768
7858
7938
7857
7826
7664
7640
7610
7481
7512
7537
7557
7543
7624
7562
7275
7355
7405
7420
7377
7367
7400
7465
7654
7596
7536
7424
7539
7505
7635
7558
7270
7167
7026
7201
6581
6492
6458
6368
6570
6569
6505
7106
7165
7185
7235
7042
7029
7017
7121
7202
7119
7285
7151
7127
7208
7134
7273
7422
7287
7373
6904
6893
7023
7158
7071
7144
7110
7093
7118
7349
7380
7346
7360
7305
7315
7318
7301
7333
7444
7235
7207
7231
7295
7696
7858
7896
7884
7832
7795
7601
7794
7803
7619
7510
7325
7710
7689
7708
7673
7372
7324
7236
7363
7432
7452
7367
7306
7418
7374
7367
7444
7559
7604
7552
7503
7404
7452
7497
7516
7401
7469
7473
7441
7430
7471
7372
7331
7354
7512
7347
7042
7021
7033
6903
7013
7131
7139
7016
7045
7150
7268
7284
7192
7172
7271
7216
7209
7309
7255
7004
7095
7124
7187
7206
7059
7176
7256
7267
7244
7236
7350
7406
7279
7256
7233
7313
7454
7427
7395
7481
7550
7337
7200
7235
7219
7240
7200
7179
7076
7043
7283
7080
7077
7015
7060
7110
7071
7023
7017
7018
7003
6976
6906
6814
6986
6953
6910
6803
6995
6705
6814
6823
6837
6884
6742
6659
6890
6892
7039
6995
7288
7332
7293
7173
7211
7197
7296
7181
7348
7073
6986
7061
7072
7208
7021
7186
7371
7245
7435
7322
7319
7382
7297
7337
7217
7218
7253
7052
7038
7007
7030
6791
6849
6992
6974
6974
6872
6928
6894
6836
7003
6909
7181
7225
7228
7191
7095
6993
7222
7272
7198
7001
6956
7040
6929
6930
7280
7297
7336
7306
7349
7353
7433
7352
7460
7367
7370
7386
7485
7481
7586
7610
7776
7637
7715
7789
7807
7865
7776
7704
7480
7954
8182
8049
7870
8027
7960
7787
7822
8091
8308
8380
8447
8269
8268
8442
8234
8308
8300
8216
8419
8212
8295
8308
8393
8420
8240
8116
8132
7981
7976
8167
8051
7999
8080
8028
8193
8252
8197
8213
8138
7982
7918
7968
8086
8086
8036
8001
7968
7813
7873
7922
7884
7921
7758
7639
7708
7820
7856
7714
7824
7691
7672
7571
7418
6748
6764
6653
6713
6814
6741
6740
6677
6751
6800
7346
7454
7516
7584
7685
7610
7418
7516
7645
7622
7512
7412
7692
7606
7593
7585
7526
7634
7610
7704
7591
7412
7378
7362
7339
7380
7382
7358
7322
7225
7397
7354
7370
7629
7732
7662
7535
7388
7426
7623
7332
7256
7254
7494
7500
7531
7755
7846
7578
7448
7440
7461
7691
7718
7807
7876
7674
7879
7912
7740
8095
8093
7953
8064
7841
7588
7816
8215
8343
8394
8181
8085
8048
7933
8069
8131
7817
7566
7673
7721
7818
7865
8005
7947
7947
8087
7979
7870
7731
7907
8053
8080
8020
7931
7892
8060
7861
7958
8097
7970
8146
8258
8353
8517
8466
8361
8262
8072
8246
8364
8429
8268
8312
8239
8375
8397
8371
8436
8385
8277
8262
8502
8467
8359
8424
8315
8275
8425
8309
8422
8507
8454
8572
8451
8392
8433
8501
8383
8392
8775
8953
8703
8947
8992
8891
8879
8618
8701
8793
8714
8770
8583
8636
8624
8631
8531
8558
8525
8502
8477
8743
8776
8372
8487
8542
8580
8593
8382
8413
8509
8599
8600
8655
8587
8430
8458
8333
8625
8594
8646
8533
8626
8787
8531
8614
8592
8418
8415
8420
8473
8538
8509
8483
8419
8423
8367
7716
6992
7032
7070
7082
7194
7168
7024
7276
7339
7399
7387
7957
8050
8291
8324
8203
8364
8277
8310
8346
8207
8170
8010
8114
8102
8036
8122
8161
8104
8375
8342
8370
8338
8183
8172
8220
8046
7839
7984
8057
8072
8099
8154
7977
7941
7922
7812
7873
7687
7735
7909
7937
7483
7823
7825
7744
7801
7792
7892
7984
8009
7952
7881
7872
7823
7983
7932
8090
8041
8016
8009
8052
7927
7838
7954
8031
7955
8003
7860
8032
7843
7799
7948
8026
8037
8041
7957
7868
7751
8136
7936
8107
7964
7783
7791
7754
7756
7734
7722
7695
7751
7822
7935
7994
7975
7938
7852
7850
7943
7969
7891
7902
7929
7938
7936
7966
7963
7985
7940
7895
7904
7670
7887
7890
7789
7803
7861
7951
8001
8047
7946
7873
7901
7912
7998
7940
7934
7741
7844
7903
7876
7874
7856
7867
7866
7936
8009
8223
8175
8190
8157
8214
8303
8225
8209
7796
7687
7616
7347
7254
7264
7242
7149
7564
7605
7677
7567
7609
7403
7448
7585
7619
7620
7550
7620
7621
7619
7390
7502
7380
7478
7528
7595
7560
7513
7563
7582
7546
7378
7482
7526
7566
7474
7600
7612
7499
7408
7248
7158
7479
7407
7486
7408
7465
7484
7479
7386
7318
7292
7197
7068
7191
7184
7289
7214
7196
7213
7217
7416
7533
7459
7451
7428
7533
7534
7486
7559
7489
7425
7512
7287
7401
7397
7538
7375
7528
7580
7526
7427
7226
7294
7211
7314
7193
6971
7206
7228
7235
7211
7277
7211
6971
7017
7086
7171
7147
7172
7225
7104
7086
7028
7131
7061
6983
7140
6970
7104
7169
7310
7364
7733
7350
6827
7452
7827
7415
7669
7607
7765
7417
7655
7362
7898
7354
7699
7901
7828
7453
7687
7759
7488
8030
8033
7427
7772
7475
7289
7477
7156
7669
7649
7585
7149
7666
7537
7542
7389
7247
7251
7576
7618
7663
7765
7733
7563
7652
7470
7631
7483
7324
7140
7418
7510
7557
7588
7409
7282
7360
7339
7509
7545
7313
7225
7505
7430
7434
7336
7140
7353
7504
7425
7718
7661
7663
7558
7392
7823
7847
7872
7510
7600
7673
7651
7507
7839
7717
7759
7213
7864
7851
8025
7844
7500
7589
7490
7663
7622
7594
7299
7501
7456
7641
7708
7653
7757
7491
7595
7753
7759
7701
7625
7543
7558
7427
7273
7432
7280
7382
7342
7400
7357
7273
7123
7204
7238
7088
7204
5562
4847
4870
4729
4876
4785
4784
4811
4954
4925
5081
4556
4905
5130
5004
5021
5141
5180
5096
5044
6422
6452
6489
6535
6352
6093
6460
6134
6370
6367
6257
6082
6535
6296
6476
6686
6424
6607
6157
6232
6411
6549
6414
6292
6514
6389
6411
6128
6110
5750
6107
6101
6235
6329
6385
6470
6774
6411
6801
6840
6518
6717
6771
6316
6431
6623
6515
6600
6838
6701
6854
6837
6156
6483
6396
6168
6443
6417
6209
6337
6351
6279
6507
6698
6682
7058
7082
7245
7083
7054
7013
7482
7494
7375
7362
7214
7367
7661
7623
7584
7532
7315
7539
7638
7606
7710
7615
7452
7699
7660
7546
7858
7886
7702
7303
7638
7845
7766
7730
7754
7662
7439
7382
7458
7180
7463
7575
7570
7541
7554
7486
7737
7846
7791
7871
8100
8035
7986
7958
7979
7996
8068
7777
7818
7803
7826
7912
8027
8091
8125
8046
8122
8065
8097
8081
8174
8230
8113
8119
7741
7996
8192
8294
8241
8161
7793
7653
7609
7465
7594
7653
7661
7605
7658
7479
7434
7529
7192
7075
7066
7019
7150
7096
6875
7031
7088
6982
7049
7664
7837
8104
8152
8188
8130
8031
8031
8096
8192
8212
8056
8108
7905
8086
8181
7756
7995
8032
8001
8101
8125
7828
7408
7561
7479
7441
7552
7479
7556
7530
7647
7818
7662
7775
7759
7796
7759
7641
7483
7635
7814
7924
8047
8066
8020
8065
8055
8045
7747
7922
7868
7740
7701
7570
7471
7450
7587
7486
7478
7505
7575
7623
7593
7645
7655
7635
7727
7650
7672
7758
7782
7754
7570
7590
7456
7437
7434
7379
7498
7319
7384
7354
7584
7583
7455
7570
7526
7398
7521
7501
7486
7452
7518
7449
7533
7499
7513
7588
7601
7394
7836
7743
7906
7914
7936
7879
7839
7713
7790
7734
7638
7550
7562
7808
8016
8117
7949
7935
8063
8061
8053
7580
7623
7751
7768
7757
7789
7653
7891
7855
7881
7955
7909
7847
7773
7586
7454
7473
7463
7440
7898
7917
7950
7968
7981
7857
7762
7759
7876
7774
7849
7816
7773
7792
7862
8147
8053
7904
7954
7862
7924
7850
7844
7645
7718
7488
7534
7766
7837
7903
7964
7969
7830
7756
7814
7925
7949
7970
8007
7914
8036
7962
7949
7924
8008
8030
7917
7836
7592
7626
7619
7587
7715
8110
8132
8050
7850
7812
7812
7893
8007
8028
7729
7927
8109
8111
8096
8048
8036
8140
8189
8058
8106
7987
8160
8140
7666
7800
7839
7916
8009
7852
7974
7826
7978
7768
7816
7815
7946
7863
7837
7773
7657
7700
7707
7749
7819
7773
7768
7647
7702
7617
7750
7666
7433
7533
7370
7428
7248
7341
7277
7088
6951
6561
6993
6718
7174
6569
6772
6867
6113
5028
5182
5559
5892
6085
6315
6362
6327
5247
5722
1425
6402
6313
6446
6461
6468
6581
6625
6659
5141
5441
5036
6142
6531
6692
6700
6879
5439
6843
5647
6377
5979
6744
7082
6716
7167
7300
7415
7294
6146
6826
6806
7232
6424
7344
7044
7516
6825
7388
7663
6852
7654
7453
7630
7425
6707
6998
6824
7295
6760
7463
7101
7407
7115
7348
7514
7413
7576
6934
7564
7609
7687
7355
8053
7786
7818
8087
7784
7879
7658
8297
7970
8084
8122
8087
7994
7938
7985
7986
7728
7801
7655
7715
7745
7565
7646
7637
7492
7399
6986
6259
6109
6249
6186
6202
6189
6220
6148
6145
6093
6101
6112
6006
8256
8377
8397
8480
8690
8657
8659
8837
8852
9044
8999
8789
8906
8911
8999
9054
8841
9037
8994
9035
9073
8905
8937
9030
9024
9029
9033
8866
8979
8875
8916
8862
8940
8900
8980
8890
8751
8860
8820
8668
8507
8129
8183
8147
8364
8505
8622
8627
8554
8521
8515
8681
8606
8752
8822
8811
8732
8421
8456
8503
8415
8625
8599
8585
8405
8897
9060
9002
8970
8707
8799
8863
8822
8780
8790
8860
8935
8982
8937
8869
8768
8649
8632
8683
8715
8719
8732
8754
8631
8706
8762
8779
8771
8693
8728
8650
8680
8743
8802
8699
8710
8653
8539
8689
8685
8585
8656
8636
8533
8564
8479
8258
8348
8390
8247
8257
8237
8244
8375
8285
8191
8182
8093
8133
8096
8122
8081
7781
7582
7919
7915
7819
7748
7709
7806
7911
7333
7746
7784
7777
7777
7792
7801
7756
7675
7676
7315
7315
7348
7534
7711
7714
7717
7777
7780
7756
7750
7399
7736
7746
7835
7838
7930
8011
7994
8089
8081
8003
7922
8050
8153
8172
8165
8215
8244
8409
8369
8151
8376
8697
8745
8712
8777
8780
8655
8743
8744
8940
8843
8780
8771
9003
9110
9173
9091
9088
9060
9122
9003
9065
8988
8888
9026
8893
8869
8782
8750
8821
8774
8732
8618
8775
8961
8875
8785
8709
8951
8957
8985
8985
9052
9091
9093
9063
9065
8811
8719
8762
8721
8813
8902
8600
8917
8893
8825
8739
8316
8407
8375
8330
8081
8302
8314
8245
8201
6307
6306
6296
6295
6314
6236
6243
6375
6340
6402
6408
6313
6373
6476
6590
6590
6562
6504
6686
6721
6894
6838
6945
8440
8633
8619
8346
8689
8732
8813
8880
8926
8997
8893
8947
8800
8874
8695
9054
8986
8810
8735
8867
8860
8791
8800
8701
8676
8799
8908
8911
8850
8852
8814
8705
8430
8564
8736
8797
8804
8824
8856
8958
8845
8709
8766
8816
8823
8813
8954
8898
8747
8945
8869
8947
8847
8891
9004
8901
8987
8890
8813
8736
8730
8674
8795
8756
8966
8892
8913
8920
8685
8722
8873
8511
8702
8533
8247
7823
7820
7814
7932
7942
7981
8726
8933
8983
8879
9003
8712
9004
9018
8921
8960
8870
8925
8686
8623
8740
8706
8704
8652
8600
8563
8182
8335
8687
8677
8720
8681
8761
8785
8555
8573
8547
8711
8756
8819
8773
8714
8659
8454
8648
8447
8523
8482
8298
8134
8195
7994
8148
8060
8085
8024
7975
8015
7990
7965
7736
7768
7779
7823
7905
7877
7881
7937
7833
7744
7863
7889
7688
7738
7691
7825
7837
7827
7972
8088
8043
7957
7897
7880
7672
7826
7868
7971
7910
7737
7757
8091
8047
7877
7967
7917
8007
8108
8155
8210
8189
8091
7956
8148
7827
7908
7900
7811
8061
8323
8393
8375
8268
8409
8366
8333
8491
8324
8319
8315
8242
8290
8086
8241
8214
8290
8474
8441
8476
8423
8556
8633
8526
8535
8411
1858
1216
962
756
34
36
323
7036
7074
7689
7901
7987
8123
8190
8306
8409
8420
8371
8647
8549
8534
8372
8175
8284
8340
8321
8395
8712
8819
8769
8876
8794
8881
8810
8748
8844
8812
8781
8869
8853
8860
8808
8632
8756
8675
8650
8635
8633
8558
8446
8569
8582
8597
8596
8725
8627
8642
8578
8393
8694
8600
8639
8409
8426
8565
8387
8495
8436
8455
8512
8660
8635
8629
8630
8598
8628
8303
8539
8647
8543
8564
8720
8725
8824
8857
8908
9013
8805
8761
8830
8653
8635
8632
8770
8694
8748
8813
8817
8887
8849
8700
8840
8798
8852
8517
8729
8762
8774
8818
8729
8814
8814
8906
8800
8761
8581
8596
8584
8623
8810
8737
8696
8750
8610
8570
8475
8472
8421
8548
8447
8594
8504
8321
8373
8437
8427
8470
8380
8498
8449
8267
8211
8155
8102
8054
8060
8015
7900
7822
7863
7729
7675
7666
7656
7515
7582
7666
7604
7558
7621
7568
7490
7464
7485
7202
7341
7376
7544
7409
7434
7379
7342
7306
7351
7190
7235
7079
6972
6931
6912
6970
6989
7045
7058
7044
7077
7113
7084
7006
7042
7128
7062
7091
7137
7179
7284
7260
7255
7234
7118
7157
7122
7182
7066
6924
6910
6911
6924
6912
6983
6982
7039
7076
7012
6910
6947
6979
7026
7015
7046
6957
7018
7048
7023
7029
6982
7043
7216
7225
7228
7086
7015
6953
7039
6993
6834
6782
7020
6993
7051
7185
7069
7129
7025
6951
6842
6726
6708
6739
6741
6718
6707
6702
6624
6776
6777
6759
6665
6752
6877
6813
6934
6889
6909
6897
6787
6830
6674
6529
6408
6504
6513
6506
6406
6343
6381
6507
6520
6513
6614
6442
6532
6537
6446
6512
6504
6470
6424
6372
6400
6334
6101
6350
6325
6283
6195
6191
6210
6273
6225
6237
6254
6098
6048
6115
6097
6107
6198
6321
6273
6282
6291
6257
6142
5881
5853
5965
5977
6048
6048
5982
5878
6101
6051
6046
6070
6127
6155
6087
6131
6194
6152
6161
6162
6159
6111
6060
5821
5852
5692
5619
5743
6066
6134
6254
6326
6218
6337
6164
6241
6251
6244
6130
5901
5975
5980
6001
5973
6006
5939
5984
5745
5968
5953
5818
5921
5921
5873
5726
5911
5881
5845
5761
5811
5491
5853
5796
5616
5575
5472
5630
5729
5453
5604
5626
5610
5547
5409
5436
5495
5458
5448
5550
5598
5515
5588
5558
5575
5496
5520
5466
5400
5246
5393
5477
5489
5403
5394
5249
5026
5018
5027
5101
5178
5190
5076
5172
5142
5026
5165
5143
5057
5157
4998
4996
4956
5069
5096
4891
4894
4848
4931
4939
4893
4835
4844
4679
4746
5078
5070
5083
5159
5183
5298
5282
5139
5144
5152
5021
5136
5149
5200
5240
5328
5328
5330
5334
5261
5207
5249
5179
5038
5080
5143
5150
5209
5196
5232
5236
5247
5252
5159
5135
4356
3988
4020
3993
4013
4033
4057
4107
4445
4505
4500
4436
4614
4564
4608
4587
4613
4580
4757
4809
4915
4915
4963
4961
4985
5052
5160
5364
5497
5464
5576
5601
5686
5685
5681
5550
5618
5643
5664
5598
5635
5680
5687
5694
5741
5527
5633
5650
5588
5585
5553
5606
5599
5678
5666
5641
5569
5486
5417
5486
5542
5487
5431
5402
5359
5405
5423
5397
5437
5238
5207
5306
5264
5102
5351
5385
5388
5338
5290
5193
5098
5213
5258
5171
5269
5258
5253
5258
5263
4992
5171
5335
5233
5274
5683
5708
5646
5591
5664
5777
5689
5846
5770
5821
5827
5741
5896
5706
5898
5913
5915
5908
5830
5717
5725
5838
5773
5754
5594
5704
5476
5431
5505
5414
5523
5585
5482
5505
5287
5368
5137
5199
5228
5083
5036
4717
4743
4775
493
395
361
264
131
127
27
42
4832
5041
5157
5275
5223
5197
5279
5187
5201
5170
5076
5143
5113
5240
5180
5158
5139
5137
5083
5000
4732
4856
4778
4854
4228
4160
3993
4162
4192
4121
4122
4062
3955
3898
3968
3945
3911
3906
3810
3919
3888
3806
3807
3836
3729
3774
3797
3771
3693
3816
3698
3784
3776
3757
3755
3666
30
30
29
7
0
