200
379
841
893
1003
1069
1100
1115
1110
1118
1108
1107
1116
1113
1118
1113
1109
1116
1118
1122
1113
1179
1188
1274
1317
1320
1427
1488
1633
1722
1775
1831
1894
2050
2105
2139
2224
2247
2680
2748
2766
2839
2831
2884
2926
2910
2991
3074
3100
3163
3184
3169
3158
3161
3180
3195
4159
4463
4476
4481
4465
4646
4711
4758
4742
4817
4965
5194
5313
5372
5339
5506
5535
5547
5784
5892
5792
5996
6052
6009
6022
6243
6219
6283
6411
6345
6463
6449
6403
6498
6579
6539
6465
6598
6548
6542
6604
6730
6744
6784
6808
6823
6830
6879
6830
6853
6862
6812
6906
6776
6947
7030
7164
7140
7322
7177
7326
7256
7435
7413
7565
7576
7594
7740
7814
7754
7875
7975
7995
8135
8137
8183
8443
8524
8605
8625
8555
8710
8864
8870
8957
8872
8798
8976
9137
9166
9311
9033
9216
9254
9155
9181
9125
9199
9052
9230
9301
9323
9414
9440
9399
9319
9223
9083
9311
9302
9302
9327
9366
9280
9365
9291
9363
9139
9343
9365
9220
9299
9017
9277
9392
9400
9391
9281
9298
9187
9118
9392
9134
9172
9260
9225
9230
9292
9231
9372
9253
9402
9360
9387
9228
8954
8739
8966
8881
8282
8750
8755
8801
8828
8681
8714
9171
9372
9144
9369
9268
9171
9155
9056
9068
9032
9390
9396
9235
9231
9020
9348
9370
9438
9377
9437
9279
9005
9328
8877
9354
9449
9477
9531
9411
9320
9507
9378
9302
9433
9324
9317
9436
9362
9469
9502
9381
9480
9397
9445
9407
9416
9394
9504
9338
9422
9457
9429
9356
9334
9511
9494
9415
9513
9399
9333
9291
9385
9238
9490
9373
9407
9095
9368
9505
9099
9174
9305
9463
9510
9517
9371
9161
9514
9331
9551
9437
9384
9329
9355
9374
9515
9382
9394
9348
9394
9411
9395
9342
9444
9503
9479
9523
9431
9560
9629
9580
9535
9621
9579
9639
9579
9491
9460
9512
9539
9328
9191
9143
9373
9380
9533
9450
9394
9419
9468
9404
9377
9566
9429
9494
9340
9410
9291
9209
9282
9117
8924
9236
9353
9506
9448
9538
9528
9536
9376
9402
9296
9258
9436
9436
9430
9473
9418
9424
9159
9006
9377
9319
9404
9299
9332
9135
9333
9347
9306
9218
9338
9472
9572
9539
9429
9252
9522
9490
9508
9577
9579
9568
9519
9566
9535
9574
9562
9573
9561
9601
9587
9461
9372
9616
9566
9447
9566
9571
9571
9615
9588
9563
9587
9556
9588
9604
9576
9543
9515
9539
9565
9582
9513
9635
9579
9475
9573
9608
9668
9598
9482
9389
9420
9579
9683
9459
9473
9370
9376
9526
9357
9428
9525
9146
9520
9512
9386
9562
9469
9462
9567
9495
9356
9031
9228
9238
9400
9488
9464
9379
9441
9421
9357
9400
9419
9327
9237
9501
9321
9422
9476
9518
9526
9529
9541
9567
9169
9546
9551
9476
9539
9550
9460
9302
9426
9485
9506
9343
9492
9473
9383
9380
9245
9498
9549
9268
9318
9280
9418
9308
9239
9320
9357
9423
9323
9265
9365
9458
9501
9447
9234
9264
9336
9361
9309
9365
9289
9016
9344
9403
9123
8995
9064
9241
9481
9399
9379
9315
9444
9334
9440
9266
9412
9421
9444
9434
9449
9484
9462
9264
9463
9504
9512
9566
9295
9207
9534
9587
9530
9473
9488
9597
9593
9586
9549
9506
9495
9517
9594
9631
9644
9601
9539
9525
9599
9575
9594
9572
9397
9564
9524
9474
9531
9561
9538
9547
9517
9550
9587
9567
9591
9399
9411
9401
9574
9589
9433
9526
9538
9385
9351
9450
9377
9534
9482
9512
9597
9439
9422
9493
9493
9472
9399
9311
9304
9352
9301
9359
9320
9360
9372
9270
9327
9362
9335
9315
9289
9462
9465
9412
9536
9545
9438
9566
9549
9601
9622
9584
9585
9553
9486
9584
9452
9525
9499
9468
9460
9438
9222
9376
9279
9372
9404
9390
9280
9397
9260
9383
9359
9512
9418
9037
9431
9420
9446
9478
9409
9420
9463
9533
9453
9192
9285
9313
9373
9361
9411
9295
9358
9511
9505
9393
9280
9253
9274
9481
9513
9317
9384
9581
9448
9372
9360
9333
9406
9504
9478
9358
9345
9463
9564
9514
9454
9427
9601
9511
9581
9486
9394
9399
9389
9589
9544
9456
9519
9609
9481
9475
9536
9576
9580
9612
9541
9610
9577
9513
9607
9557
9453
9570
9578
9511
9579
9371
9451
9553
9603
9597
9583
9541
9603
9623
9539
9410
9359
9415
9335
9482
9442
9363
9418
9284
9473
9368
9463
9437
9458
9472
9320
9270
9392
9345
9444
9253
9518
9437
9431
9420
9430
9353
9279
9331
9351
9321
9396
9545
9363
9313
9346
9483
9416
9496
9451
9413
9509
9503
9514
9486
9513
9366
9459
9434
9233
9295
9355
9338
9489
9330
9283
9322
9390
9494
9505
9443
9411
9415
9573
9353
8851
9077
9198
9286
9395
9487
9413
9428
9437
9439
9464
9500
9481
9570
9369
9290
9140
9328
9459
9286
9253
9139
9114
9233
9225
9206
9186
8895
9037
9065
9159
9226
9278
9378
9296
9240
9231
9243
9351
9379
9343
9324
9353
9265
9151
9223
9042
9270
9414
9455
9347
9361
9384
9309
9352
9303
9426
9420
9081
9326
9407
9323
9350
9157
9145
9080
9196
9401
9191
9353
9076
9378
9417
9474
9361
9301
9346
9345
9290
9417
9377
9404
9309
9358
9471
9361
9350
9342
9207
9382
9373
9387
9220
9359
9186
9184
8974
9341
9283
9366
9183
9211
9222
9341
9278
9291
9233
9412
9348
9212
9185
9264
9259
9296
9287
9351
9208
9287
9408
9258
9175
9208
9417
9423
9268
9349
9376
9233
9345
9364
9337
9437
9419
9440
9442
9423
9469
9409
9380
9408
9370
9409
9313
9307
9557
9432
9448
9362
9441
9533
9380
9312
9299
9419
9166
9424
9339
9310
9281
9388
9391
9315
9344
9314
9445
9385
9542
9263
9359
9356
9261
9234
344
148
22
2
986
9586
9513
9498
9571
9474
9496
9236
9117
9555
9584
9482
9447
9369
9296
9339
9457
9408
9350
9175
9436
9476
9438
9527
9519
9481
9562
9467
9482
9474
9383
9391
9522
9570
9647
9606
9521
9595
9584
9550
9498
9422
9553
9564
9603
9549
9517
9545
9522
9536
9587
9611
9567
9316
9542
9599
9558
9548
9607
9422
9445
9611
9583
9477
9355
9599
9575
9589
9669
9539
9651
9540
9358
9341
9109
9095
471
475
294
312
359
307
846
1159
9616
9557
9557
9575
9511
9359
9517
9550
9452
9613
9459
9318
9364
9424
9364
9234
9256
9451
9537
9556
9537
9538
9622
9580
9568
9630
9588
9501
9499
9423
9436
9584
9433
9346
9407
9361
9304
9368
9391
9473
9525
9368
9450
9347
9483
9363
9537
9392
9431
9327
9405
9418
9498
9359
9520
9380
9475
9454
9317
9399
9340
9331
9214
9233
9203
8736
8707
8585
8605
8388
8591
8747
8752
8925
8857
8883
9250
9227
9289
9355
9320
9435
9349
9408
9233
9170
9325
9319
9329
9349
9440
9446
9115
9244
9274
9398
9443
9401
9037
9230
9373
9481
9522
9461
9477
9381
9475
9445
9497
9453
9372
9326
9405
9561
9573
9525
9576
9534
9460
9545
9448
9436
9337
9459
9429
9486
9483
9482
9407
9382
9251
9427
9423
9285
9129
9291
9298
9407
9319
9265
9594
9522
9224
9251
9173
9329
9379
9228
9130
9429
9452
9566
9683
9610
9625
9445
9534
9606
9393
9431
9517
9377
9481
9494
9295
9527
9318
9530
9567
9533
9339
9572
9396
9234
9514
9529
9632
9639
9531
9652
9551
9652
9552
9613
9497
9478
9512
9614
9197
9567
9531
9612
9599
9505
9494
9545
9619
9469
9391
9317
9470
9447
9444
9163
9465
9575
9547
9446
9432
9404
9563
9548
9329
9480
9364
9560
9429
9551
9483
9264
9323
9259
9295
9235
9351
9351
9212
9144
9425
9523
9323
9224
9308
9399
9348
9276
9356
9266
9351
9374
9434
9430
9371
9550
9314
9369
9528
9536
9394
9514
9469
9475
9347
9464
9512
9429
9371
9343
9216
9469
9465
9367
9510
9393
9580
9616
9462
9533
9499
9552
9437
9362
9442
9514
9407
9396
9529
9357
9401
9462
9314
9526
9330
9496
9313
9295
9213
9418
9248
9271
9104
9372
9465
8914
9371
9236
9319
9316
9427
9223
9091
9217
9228
9244
9358
9189
9209
9368
9379
9480
9401
9334
9261
9276
9351
9427
9491
9375
9120
9217
9176
9288
9231
9172
9434
9511
9436
9448
9397
9419
9358
9384
9229
9265
9387
9411
9392
9443
9271
9139
9348
9221
9457
9356
9131
9444
9406
9441
9407
9326
9275
9365
9304
9320
9416
9319
9177
9284
9363
9457
9427
9512
9540
9435
9342
9422
9357
9555
9576
9458
9087
9405
9438
9304
9087
9192
9266
9442
9219
9240
9283
9344
9400
9356
9365
9532
9271
9480
9344
9475
9574
9618
9554
9466
9591
9508
9420
9396
9608
9524
9485
9554
9529
9418
9582
9596
9607
9539
9574
9607
9591
9701
9536
9514
9548
9543
9532
9622
9527
9540
9520
9587
9571
9541
9543
9529
9411
9422
9505
9481
9502
9630
9636
9421
9542
9448
9532
9426
9414
9566
9588
9593
9589
9633
9520
9306
9241
9357
9355
9417
9312
9457
9325
9370
9406
9558
9453
9462
9474
9372
9454
9496
9507
9421
9380
9382
9256
9432
9476
9484
9455
9545
9535
9461
9518
9475
9584
9496
9424
9428
9529
8996
9211
9413
9416
9431
9508
9416
9263
9317
9025
9413
9516
9493
9489
9327
9416
9301
9313
9428
9292
8941
9333
9333
9192
9177
9294
9261
9244
9342
9284
9454
9465
9503
9143
9358
9358
9188
9429
9496
9435
9391
9241
9445
9413
9466
9318
9240
9054
9235
9144
9323
9098
9423
9367
9346
9366
9365
9342
9359
9291
9365
9479
9118
9357
9330
9333
9464
9404
9425
9415
9437
9378
9469
9331
9134
9368
9426
9386
9396
9276
9204
9510
9333
9286
9455
9360
9128
9474
9458
9455
9410
9496
9494
9497
9458
9521
9384
9484
9483
9475
9380
9360
9430
9260
9450
9397
9298
9459
9232
9279
9013
9267
9255
9278
9478
9538
9302
9455
9485
9499
9309
9499
9500
9450
9419
9419
9477
9455
9488
9410
9356
9465
9380
9278
9332
9257
9007
9301
9387
9502
9333
9518
9427
9489
9481
9507
9499
9450
9477
9508
9493
9509
9520
9420
9508
9476
9493
9438
9517
9410
9338
9305
9331
9383
9394
9455
9279
9216
9165
8
9041
8930
8973
9156
9215
9235
9178
9027
8984
9126
9337
9336
9320
9476
9464
9344
9511
9303
9310
9308
9391
9334
9354
9509
9425
9493
9389
9501
9354
9286
9428
9463
9292
9355
9273
9300
9381
9121
9117
9316
9432
9314
9400
9370
9398
9154
9302
9444
9425
9309
9346
9376
9480
9434
9395
9398
9494
9396
9396
9497
9451
9519
9314
9519
9464
9492
9401
9438
9584
9510
9566
9571
9480
9520
9433
9382
9520
9515
9379
9568
9493
9495
9407
9489
9300
9466
9361
9441
9368
9577
9420
9296
9528
9447
9493
9451
9500
9460
9434
9347
9269
9288
9320
9508
9495
9468
9280
9480
9539
9497
9527
9500
9415
9586
9471
9490
9213
9024
9118
9266
9364
9465
9358
9509
9580
9533
9599
9613
9511
9472
9558
9482
9502
9491
9315
9408
9483
9450
9538
9471
9430
9463
9318
9410
9257
9150
9267
9089
8736
9112
9313
9342
9354
9529
9335
9138
9329
9415
9308
9238
9339
9323
9333
9257
9238
9320
9390
9501
9498
9317
9309
9381
9350
9204
9425
9255
9247
9316
9401
9381
9222
9262
9232
9350
9471
9434
9324
9380
9315
9128
9193
9346
9187
9280
9414
9455
9479
9372
9464
9504
9384
9381
9492
9235
9436
9415
9405
9521
9355
9354
9125
9457
9464
9369
9497
9500
9406
9437
9384
9203
9246
9336
9379
9379
9435
9210
9364
9405
9373
9374
9398
9413
9447
9460
9400
9368
9402
9461
9413
9448
9417
9368
9320
9434
9278
9419
9510
9360
9431
9281
9420
9385
9153
9236
9387
9442
9293
9261
9412
9352
9268
9433
9403
9261
9319
9300
9365
9330
9404
9432
9387
9312
9311
9254
9296
9446
9138
9371
9374
9395
9367
9512
9461
9424
9380
9406
9423
9459
9371
9305
9319
9153
8861
9276
9350
9143
9163
9305
9381
9173
9116
9173
9117
9142
9346
9277
9446
9460
9383
9446
9438
9385
9168
9447
9405
9417
9240
9094
9384
9291
9320
9347
9216
9107
9183
9327
9239
9422
9355
9445
9409
9410
9362
9199
9163
9288
9164
9208
9446
9349
9484
9320
9441
9506
9412
9522
9515
9558
9519
9477
9521
9500
9388
9344
9379
9544
9512
9498
9540
9516
9527
9359
9404
9545
9488
9565
9529
9554
9498
9513
9537
9475
9525
9460
9410
9457
9477
9452
9408
9606
9441
9312
9513
9524
9462
9499
9453
9562
9434
9304
9415
9392
9480
9183
9214
9101
9485
9503
9508
9494
9544
9445
9432
9243
9191
9332
9384
9501
9459
9562
9574
9469
9422
9393
9445
9506
9518
9345
9386
9542
9573
9512
9371
9279
9384
9453
9561
9513
9460
9513
9654
9566
9540
9486
9484
9603
9505
9549
9493
9573
9535
9551
9537
9479
9672
9467
9473
9500
9557
9510
9545
9338
9310
9528
9295
9450
9274
9160
9259
9418
9558
9549
9425
9357
9439
9511
9540
9516
9405
9425
9502
9553
9614
9503
9481
9410
9390
9153
9015
9480
9420
9471
9511
9536
9452
9471
9443
9320
9304
9445
9441
9356
9468
9444
9457
9185
9509
9386
9532
9462
9463
9527
9579
9547
9540
9469
9506
9529
9531
9604
9594
9615
9569
9485
9603
9471
9489
9577
9592
9449
9578
9464
9517
9314
9421
9519
9377
9481
9440
9508
9498
9364
9312
9375
9405
9409
9455
9589
9450
9564
9365
9492
9513
9528
9269
9219
9356
9329
9392
9461
9479
9580
9545
9442
9374
9409
9335
9159
9239
9339
9203
9163
111
9046
9510
9417
9357
9560
9331
9514
9400
9392
9497
9554
9212
9272
9203
9347
9330
9464
9440
9464
9566
9524
9405
9489
9498
9440
9437
9444
9465
9443
9513
9366
9479
9381
9432
9463
9332
9391
9443
9426
9382
9499
8965
9048
8674
9029
9059
8790
9114
9154
9054
9063
9115
8784
8833
8719
9058
9154
9081
9060
8956
8940
9013
9203
9270
9259
9091
9148
9038
9210
9178
9310
9295
9230
9278
9223
9109
9226
9015
9246
9268
9165
9260
9252
9187
9317
9300
9281
9257
9408
9311
9207
9151
9242
9247
9281
9377
9249
9113
9129
9407
9343
9358
9284
9383
9403
9396
9422
9322
9360
9426
9440
9442
9444
9316
9211
9371
9360
9384
9328
9369
9282
9161
9340
9423
9354
9216
9428
9335
9281
9417
9394
9373
9290
9126
9363
9079
9376
9531
9453
9540
9452
9281
9074
9025
9326
9420
9345
9324
9291
9242
9233
8885
9317
9499
9431
9514
9532
9507
9283
9387
9310
9451
9344
9478
9285
9339
9104
9392
9345
9595
9464
9440
9334
9423
9478
9556
9500
9435
9535
9597
9619
9545
9556
9489
9612
9596
9493
9492
9502
9373
8841
8831
9093
9064
9016
9273
9435
9373
9363
9510
9469
9559
9502
9515
9319
9131
9114
9098
9175
9386
9491
9545
9422
9425
9500
9530
9393
9421
9282
9185
9451
9451
9477
9364
9369
9533
9381
9386
9443
9229
9322
9436
9370
9372
9337
9354
9367
9459
9410
9371
9319
9343
9411
9419
9492
9213
9397
9491
9365
9262
9392
9503
9524
9536
9544
9502
9488
9492
9515
9512
9489
9486
9533
9399
9438
9411
9470
9514
9420
9532
9477
9499
9508
9318
9398
9563
9491
9472
9511
9468
9331
9458
9506
9445
9343
9556
9441
9478
9570
9555
9557
9597
9598
9555
9374
9394
9521
9497
9390
9230
9429
9497
9606
9579
9609
9554
9620
9622
9536
9452
9467
9418
9610
9453
9499
9528
9543
9532
9558
9546
9576
9584
9545
9581
9525
9569
9562
9509
9485
9466
9580
9532
9500
9566
9504
9556
9563
9538
9322
9293
9301
9200
9429
9534
9511
9533
9538
9551
9585
9393
9514
9484
9466
9348
9402
9475
9504
9525
9468
9157
9298
9344
9310
9274
9282
9461
9534
9497
9324
9299
9205
9478
9569
9580
9524
9528
9397
9189
9085
9189
9440
9367
9282
9481
9590
9396
9377
9434
9445
9429
9519
8981
9448
9479
9543
9546
9513
9574
9605
9345
9469
9459
9477
9417
9288
9473
9231
9423
9507
9309
9511
9555
9488
9495
9390
9491
9523
9502
9480
9522
9543
9384
9479
9464
9359
9384
9577
9530
9552
9446
9390
9365
9391
9319
9241
9068
9327
9544
9428
9572
9436
9559
9296
9525
9428
9300
9296
9433
9530
9475
9255
9053
9236
9289
9395
9485
9435
9479
9471
9411
9400
9409
9361
9356
9398
9269
9390
9469
9492
9475
9477
9509
9464
9503
9454
9460
9463
9474
9508
9544
9409
9424
9475
9458
9427
9365
9467
9451
9497
9473
9297
9332
9127
9127
9190
9313
9291
9265
9224
9379
9378
9444
9354
9385
9409
9455
9441
9460
9355
9285
9179
9177
9411
9407
9180
9069
9013
9044
9103
9186
9299
9099
9008
8987
9119
9234
9255
9361
9305
9385
9354
9380
9260
9028
8680
8553
8685
8604
9095
9138
9370
9307
9390
9357
9302
9271
9428
9439
9378
9329
9450
9418
9426
9388
9357
9205
9302
9378
9386
9411
9237
9350
9316
9172
9097
8761
8804
8789
8738
8713
8672
8788
9429
9459
9518
9411
9463
9285
9361
9390
9359
9343
9054
9318
9282
9499
9434
9495
9405
9490
9374
9422
9418
9470
9552
9527
9479
9113
9005
9403
9535
9648
9413
9138
8972
8898
9097
9017
9396
9622
9492
9361
9541
9493
9582
9565
9074
9475
9573
9656
9612
9517
9413
9482
9589
9609
9527
9546
9449
9203
9574
9566
9527
9427
9523
9459
9496
9312
9549
9397
9480
9405
9502
9533
9385
9329
9427
9383
9375
9428
9401
9417
9409
9542
9566
9392
9416
9372
9347
9125
9438
9533
9356
9415
8876
8853
8715
8684
9020
9097
9007
9065
9138
9469
9364
9358
9419
9280
9538
9410
9298
9415
9423
9479
9541
9375
9246
9141
9430
9461
9536
9512
9455
9419
9497
9422
9413
9508
9360
9491
9503
9432
9429
9466
9344
9429
9310
9366
9429
9456
9486
9400
9487
9537
9419
9182
9345
9476
9434
9520
9313
9262
9158
9427
9199
9166
9411
9339
9361
9432
9323
9290
9332
9256
9316
9296
9208
9239
8962
8618
8899
8848
9015
9014
9197
8416
7918
9100
8007
7274
5815
9184
9345
9276
9065
9142
7693
8761
8963
9329
8974
9203
8859
9254
9224
9287
9067
8970
9208
9413
9301
9360
9013
9317
9354
9428
9114
9276
9408
9190
9351
9359
9038
8978
9050
9381
9403
9229
9021
9360
9245
9436
9371
9204
9267
9261
9140
9229
9268
9340
9227
9329
9007
9173
9377
9088
9177
9306
9157
9047
8975
8894
8956
9340
9076
9065
9375
9363
9156
9055
8701
8686
8185
8606
9072
8950
9127
9027
8908
8843
9064
9201
9156
8958
9332
9408
8916
9184
8684
8737
8745
8750
8819
8972
8936
8881
9337
9067
9325
9479
9413
9418
9403
9203
9365
9284
9107
9066
8977
9017
9337
9459
9336
9378
9332
9483
9433
9371
9435
9407
9570
9406
9378
9270
9374
9347
9450
9451
9437
9505
9460
9444
9165
8943
9089
9365
9328
9406
9452
9380
9340
9358
9377
9227
9406
9367
9508
9461
9452
9373
9283
9255
9215
9326
9283
9530
9548
9430
9299
9069
8995
9082
9548
9474
9516
9514
9491
9480
9485
9421
9504
9523
9531
9565
9561
9481
9589
9469
9266
9501
9278
9345
9395
9384
9525
9547
9501
9550
9525
9407
9402
9578
9505
9325
9528
9598
9494
9391
9334
9253
9105
9187
8022
7831
7976
7992
8065
8100
8041
7956
8042
7997
9147
9600
9608
9604
9569
9613
9567
9468
9527
9570
9265
9348
9205
9335
9424
9310
9248
9286
9353
9395
9538
9392
9268
8895
9275
9322
9362
9404
9350
9127
9205
9129
9135
9023
8910
9027
9444
9480
9417
9456
9316
9419
9282
9246
9454
9400
9337
9236
9321
9479
9402
9110
9326
9236
9361
9419
9221
9191
9173
8933
8444
8590
8517
8557
8766
8911
8898
8786
8908
8754
8689
8724
9433
9465
9453
9463
9467
9352
9242
9326
9281
9330
9285
9326
9353
9415
9260
9290
9439
9248
9321
9301
9431
9355
9448
9347
9455
9299
9262
9270
9319
9478
9459
9470
9452
9461
9308
9325
9291
9207
9162
9303
9145
9263
8804
9344
9411
9388
9227
9315
9367
9445
9258
9305
9412
9417
9404
9342
9287
8967
8730
8780
9035
9386
9508
9476
9367
9246
9467
9448
9430
9379
9315
9328
9449
9337
8887
9151
9442
9322
9335
9534
9389
9549
9502
9412
9474
9451
9289
9417
9592
9443
9456
9123
9006
9337
9342
9400
9249
9284
9369
9464
9461
9347
9424
9436
9515
9297
9302
9269
9420
9504
9471
9354
9082
9072
9104
9467
9407
9437
9314
9440
9369
9449
9475
9409
9435
9165
9227
9360
9441
9409
9310
9252
9312
9304
9350
9392
9484
9544
9508
9187
9009
9363
9392
9271
9481
9487
9484
9477
9457
9368
9343
9528
9469
9559
9487
9510
9509
9454
9493
9462
9469
9433
9390
9506
9518
9352
9484
9466
9378
9448
9488
9535
9533
9527
9428
9385
9306
9343
9227
9439
9528
9521
9491
9496
9513
9470
9397
9388
9205
9365
9415
9328
9330
9497
9450
9454
9522
9576
9417
9550
9409
9399
9471
9346
9384
9397
9412
9569
9224
9096
9162
9420
9404
9504
9425
9417
9350
9512
9331
9443
9306
9197
9137
9106
9222
9272
9043
9414
9403
9562
9441
9472
9389
9390
9393
9482
9412
9404
9376
9183
9432
9502
9363
9298
9410
9431
9327
9073
8902
8976
9055
8974
9361
9536
9430
9487
9490
9524
9292
9339
9412
9211
9328
8995
9090
9151
9259
7989
9180
7761
8922
9176
9209
9441
9208
9340
9367
9238
9271
9275
9367
9044
9100
9196
9000
9285
9183
9251
9256
9352
9329
9271
9400
9443
9247
9208
9187
9209
9541
9412
9120
9527
9469
9427
9459
9232
9385
9554
9384
9253
9480
9366
9301
9297
9369
9279
9447
9417
9341
9208
8939
8968
9033
8908
9050
9102
9377
9422
9451
9277
9282
9385
9397
9291
9389
9335
9181
9160
8996
9081
9365
9340
9381
9434
9304
9342
9412
9489
9417
9267
9453
9371
9332
9215
9364
9205
9293
9380
9289
9300
9316
9000
8690
8752
8735
8731
9025
9120
9180
9444
9432
9444
9388
9288
9204
9310
9375
9166
9234
9283
9251
9479
9493
9463
9455
9454
9212
9256
9313
9336
9355
9392
9276
9178
9161
9307
9288
9321
9288
9298
9165
9191
9226
9039
8215
9163
9314
9184
9190
9199
8829
8923
8884
8661
8575
9115
9207
9076
9381
9135
9400
9300
9453
9286
9402
9113
9081
9138
9311
9298
9332
9483
9411
9270
9269
9351
9314
9273
9366
9329
8972
9155
9298
9411
9299
9357
9235
9415
9223
9156
9247
9320
9465
9351
9342
9506
9431
9473
9341
9330
9319
9338
9221
9275
9287
9330
9457
9426
9225
9227
8801
9142
9227
9326
9326
9448
9279
9355
9458
9185
9026
9028
8987
8875
8967
8882
8628
8136
8112
8122
8419
8446
8407
9406
9522
9610
9540
9482
9539
9437
9602
9559
9639
9486
9503
9579
9533
9539
9378
9507
9459
9559
9514
9462
9352
9412
9470
9481
9176
9329
9286
9325
9519
9500
9230
9242
9453
9437
9354
9347
9504
9498
9542
9560
9507
9554
9591
9540
9485
9361
9511
9413
9585
9575
9183
9348
9457
9530
9520
9280
9302
9166
9088
9415
9400
9471
9338
9580
9579
9421
9448
9475
9568
9564
9376
9324
9399
9340
9411
9006
9140
9342
9489
9452
9537
9524
9461
9333
9438
9381
9459
9514
9464
9487
9469
9527
9504
9394
9505
9504
9480
9397
9371
9419
9292
9534
9484
9458
9463
9396
9385
9416
9544
9326
9529
9345
9425
9425
9381
9428
9487
9452
9040
8963
8689
9210
9347
9264
9346
9222
8959
8652
8896
9149
9364
9298
8884
9190
9257
9329
9393
9129
9376
9504
9326
9511
9343
9321
9259
9303
9537
9101
9334
9493
9443
9364
9566
9588
9561
9518
9317
9522
9518
9578
9410
9325
9504
9542
9416
9257
9439
9546
9503
9449
9543
9303
9541
9487
9559
9307
9297
9388
9494
9514
9425
9487
9280
9161
9048
8966
9168
9275
9285
9424
9466
9494
9437
9496
9516
9474
9122
9249
9444
9433
9452
9323
9261
9285
9270
9495
9453
9459
9563
9434
9249
9474
9241
9569
9580
9535
9454
9459
9483
9338
9511
9455
9365
9183
8934
9029
9366
9401
9408
9462
9489
9437
9550
9478
9285
9364
9389
9230
9130
9005
9249
9420
9513
9313
9351
9446
9462
9460
9515
9357
9550
9412
9418
9401
9242
9497
9600
9598
9321
9358
9137
9435
9547
9542
9378
9440
9337
9372
9351
9421
9277
9299
9462
9343
9367
9442
9393
9133
9356
9366
9355
9437
9497
9453
9573
9392
9188
9531
9460
9393
9343
9551
9496
9489
9585
9341
9088
9057
9182
9481
9571
9491
9487
9644
9630
9571
9607
9540
9213
9206
9387
9323
9210
9378
8948
9600
9612
9596
9414
9425
9565
9538
9252
9133
9159
9237
9250
9430
9460
9506
9483
9473
9257
9276
9242
9012
8282
8283
8241
8234
8238
8162
9455
9591
9539
9443
9503
9623
9515
9466
8953
9199
9211
9119
9433
9460
9510
9416
9356
9359
9309
9376
9315
9476
9580
9470
9376
9245
9319
9546
9501
9463
9424
9389
9161
9301
9375
9312
9403
9479
9467
9459
9483
9601
9573
9400
9426
9526
9393
9044
9303
9350
9256
9476
9576
9562
9476
9464
9387
9434
9515
9535
9580
9443
9309
9396
9345
9416
9468
9106
9164
9408
9442
9518
9553
9560
9444
9414
9472
9595
9481
9334
9253
9298
9367
9248
9379
9453
9441
9406
9394
9471
9400
9410
9578
9438
9521
9366
9373
9431
9550
9481
9442
9590
9485
9523
9528
9549
9413
9182
9410
9447
9553
9601
9506
9626
9563
9657
9643
9363
9561
9606
9583
9389
9193
9259
9157
9254
9300
9577
9541
9479
9470
9397
9475
9148
9382
9191
9467
9488
9493
9497
9282
8750
8932
9228
9196
9451
9210
9182
9162
9353
9470
8862
9321
9319
9212
9189
9389
9147
9277
9147
9508
9275
9260
9295
9274
9237
9056
8651
9006
9375
9471
9398
9420
9439
9417
9416
9359
9064
9097
9364
9472
9389
9177
8889
9191
8694
8622
8705
8671
8751
8641
7460
7351
7434
7494
7520
7520
7513
7823
7771
7673
9269
8952
9578
9430
9557
9596
9612
9520
9332
9660
9657
9643
9595
9576
9489
9412
9382
9362
9377
9452
9495
9491
9552
9553
9520
9297
9114
9302
9322
9191
9543
9529
9440
9367
9343
9129
9415
9221
9342
9388
9071
9316
9149
9461
9427
9361
9391
9260
9203
9353
8814
8828
8834
8745
8805
8912
9025
8799
8824
8760
8905
8987
8818
9596
9671
9660
9520
9544
9541
9511
9608
9575
9461
9504
9284
9302
9471
9402
9500
9537
9617
9570
9603
9415
9393
9313
9048
9227
9327
9512
9437
9110
8894
8908
9199
9298
9215
9197
8943
9181
9403
9532
9388
9563
9386
9366
9534
9443
9402
9336
9486
9367
9059
9285
9302
9498
9298
9455
9318
9465
9230
9243
9320
9453
9423
9428
9275
9492
9377
9376
9441
9404
9445
9338
8911
9142
9248
9374
9460
9565
9501
9240
9338
9317
9337
9377
8745
8890
8837
9117
9456
9140
9487
9238
9522
9407
9095
9538
9446
9450
9528
9301
9497
9382
9185
8908
9352
9473
9539
9423
9123
9371
9512
9515
9538
9468
9418
9368
9313
9305
9231
9247
9540
9492
9304
9143
9441
9466
9405
9489
9378
9421
9315
9440
9438
9434
9294
9291
9200
9374
9522
9439
9249
9327
9283
9270
9327
8947
8983
8666
9212
9359
9050
9192
9207
9205
9382
9467
9440
9472
9489
9535
9480
9386
9326
9322
9384
9473
9507
9475
9513
9477
9400
9440
9281
8923
8967
9166
9440
9376
9365
9303
9090
8371
8400
8220
9221
9362
9513
9485
9520
9526
9534
9520
9428
9356
9370
9354
9368
9224
9003
9346
9424
9034
9188
9302
9340
9304
9374
9332
9076
8895
8824
9162
9187
9161
9240
9410
9274
9232
9377
9317
9315
9365
9382
9357
9265
8982
9362
9390
9254
9410
9314
9189
9237
9167
9493
9341
9329
8984
9105
9224
9354
9226
9386
9387
9343
9407
9310
9344
9489
9480
9466
9461
9407
9497
9378
9474
9288
9380
9470
9394
9454
9411
9364
9377
9434
9149
9188
9308
9445
9382
9081
9183
9445
9245
9324
9341
9435
9323
9365
9389
9336
9215
9209
9314
9355
9463
9458
9450
9438
9213
9208
9351
9232
9292
9272
9147
9290
9310
9182
9221
9224
9183
9275
9327
9274
9491
9489
9266
9447
9329
9403
9407
9243
9181
9375
9247
9230
9217
8885
9095
9170
9300
9240
9287
9272
9243
9184
9300
9374
9350
9361
9032
9019
8987
9223
9269
9355
9420
9367
9335
9235
9408
9328
9271
9426
9350
9230
9331
9308
9186
9305
9239
9157
9116
9305
9341
9321
9319
9329
9500
9433
9073
9215
9059
9133
9266
9398
9129
9359
9133
9053
9259
9252
9293
9331
9236
9221
9223
9243
9174
9144
9025
9274
9287
8968
8908
9120
9337
9197
9224
9286
9403
9407
9307
9376
9451
9365
9319
9312
9221
9423
9459
9285
9285
9326
9367
9363
9407
9379
9315
9339
9472
9472
9366
9306
9395
9328
9382
9088
9306
9406
9433
9218
9296
9253
9243
9355
9407
9349
9301
9471
9444
9329
9200
9297
9334
9333
9428
9334
9455
9078
9332
9330
9383
9377
9284
9142
9242
9273
9170
9365
9330
9154
9144
8989
9249
9181
9443
9237
9031
9224
9354
9371
9485
9408
9213
9348
9382
9376
9303
9455
9124
9280
9399
9205
9234
9302
9193
9227
9119
8824
9207
9336
9455
9267
9383
9479
9420
9409
9505
9617
9569
9302
9573
9442
9493
9451
9456
9477
9369
9174
8734
8839
8614
8628
8800
8762
8742
9294
9573
9542
9524
9453
9409
9417
9203
9485
9490
9424
9413
9263
9369
9164
9436
9318
9416
9366
9233
9371
9299
9368
9344
9183
9266
9288
9325
9050
9170
9200
9191
8782
9343
9436
9164
9420
9353
9368
9382
9440
9414
9503
9462
9427
9446
9462
9417
9269
9355
9373
9364
9168
9432
9480
9429
9438
9421
9466
9433
9460
9198
9346
9280
9503
9454
9282
9440
9210
9247
9340
9102
9002
9477
9386
9297
9349
9345
9112
9035
9010
8852
9356
9432
9524
9599
9458
9345
9318
9236
9132
9055
9119
8873
9233
9049
9429
9238
9050
9194
9466
9188
8808
9397
9266
7697
9316
9279
9012
9288
9353
9275
9366
9158
9074
9035
8990
9099
9313
9260
9050
8871
8664
8456
9230
8976
9496
9186
9475
9103
9169
9098
8905
8827
9077
9179
9416
9349
9208
9425
9367
9339
9154
9198
9241
9210
9191
8870
8786
8915
9200
9353
9392
9368
9373
9334
9326
9083
9178
9359
9318
9376
9433
9204
9289
9312
9460
9469
9319
9278
9204
9259
9440
9372
8932
9214
9275
9343
9310
9255
9179
9179
9309
9007
8994
9228
9357
9368
9380
9443
9396
9324
9247
9283
9220
9318
9387
9420
9434
9407
9387
9276
9084
9340
9361
9477
9511
9416
9433
9240
9251
9266
9245
9240
9242
9034
9370
9323
9373
9403
9293
9160
9221
9274
9394
9405
9381
9145
9396
9440
9178
8866
9175
9434
9493
9438
9486
9388
9447
9348
9398
9276
9213
9381
9384
9339
9215
9348
9302
9315
9239
9516
9313
9403
9461
9437
9359
9454
9393
9322
9122
9389
9432
9473
9356
9230
9371
9402
9418
9401
9382
9493
9213
9192
9280
9350
9327
9247
9243
9535
9537
9418
9245
9123
9226
9121
9166
9057
252
151
387
611
9469
9505
9533
9507
9624
9261
9366
9451
9622
9538
9529
9629
9457
9491
9531
9384
9320
9292
9351
9571
9617
9464
9513
9513
9498
9581
9581
9555
9344
9294
9546
9562
9463
9459
9358
9442
9386
9361
9474
9368
9428
9489
9282
9158
9152
9362
9575
9582
9572
9514
9477
9560
9538
9493
9611
9638
9397
9209
9475
9473
9309
9532
9578
9585
9565
9414
9546
9593
9622
9434
9540
9243
9310
9354
9259
9353
9454
9409
9472
9519
9359
9358
9430
9507
9602
9625
9550
9561
9492
9457
9292
9120
9366
9373
9277
9527
9520
9514
9580
9491
9520
9531
9383
9346
9437
9396
9345
9426
9473
9502
9569
9559
9512
9594
9556
9396
9518
9429
9393
9344
9394
9419
9528
9510
9457
9367
9096
9233
9301
9535
9267
9346
9354
9318
9031
8651
9144
9219
9425
9473
9166
9514
9492
9419
9412
9282
9153
9103
9207
9415
9343
9396
9546
9538
9548
9507
9310
9213
9485
9516
9520
9474
9440
9439
9484
9543
9424
8994
9079
9178
9247
9330
9425
9467
9449
9518
9579
9542
9501
9410
9338
9424
9319
9462
9379
9328
9471
9504
9303
9196
9393
9456
9575
9443
9488
9076
9313
9402
9520
9421
9430
9515
9360
9299
9348
9411
9368
9525
9509
9388
9389
9484
9321
9517
9516
9412
9442
9488
9530
9568
9452
9402
9340
9361
9290
9351
9389
9396
9383
9422
9476
9524
9400
9421
9356
9503
9460
9406
9535
9443
9570
9482
9166
9009
9176
9429
9332
9484
9475
9376
9453
9331
9334
9285
9284
9292
9271
9116
9508
9539
9378
9543
9510
9513
9480
9526
9504
9506
9397
9496
9537
9385
9286
9417
9468
9431
9370
9471
9386
9468
9416
9292
9505
9400
9459
9261
9208
9204
9272
9477
9543
9440
9425
9502
9553
9492
9384
9477
9133
9177
9221
9283
9296
9560
9626
9600
9578
9333
9533
9529
9464
9535
9555
9424
9471
9536
9542
9339
9284
9216
9342
9471
9489
9420
9537
9502
9520
9450
9533
9500
9450
9323
9398
9480
9487
9373
9475
9525
9427
9377
9107
9353
9318
9503
9371
9345
9045
9121
9486
9510
9567
9497
9126
9364
9472
9556
9566
9515
9447
9269
9314
9440
9497
9375
9534
9554
9536
9554
9506
9513
9399
9429
9492
9560
9420
9410
9340
9373
9308
9040
9187
9516
9482
9256
9522
9436
9478
9425
9581
9492
9444
9447
9511
9383
9301
9403
9497
9552
9456
9428
9361
9307
9413
9370
9445
9448
9325
9260
9313
9299
9263
9300
9448
9352
9408
9402
9515
9456
9453
9308
9428
9309
9320
9345
9187
9373
9540
9443
9536
9378
9410
9422
9304
9425
9286
9263
9031
9166
9240
8979
9411
9401
9495
9413
9518
9522
9500
9434
9466
9438
9519
9475
9382
9250
9455
9442
9472
9482
9244
9267
9092
9181
9260
9189
9213
9139
9331
9452
9418
9481
9441
9421
9474
9374
9340
9386
9384
9475
9439
9467
9478
9348
9371
9271
9472
9478
9341
9320
9312
9440
9374
9428
9419
9301
9275
9395
9499
9417
9324
9319
9314
9483
9500
9495
9462
9523
9463
9449
9476
9433
9490
9453
9365
9507
9389
9249
9399
9466
9525
9443
9463
9433
9418
9458
9379
9314
9234
9345
9285
9420
9496
9447
9478
9474
9465
9383
9400
9527
9402
9447
9482
9483
9326
9303
9008
9179
9290
9487
9479
9513
9433
9406
9416
9257
9209
9475
9228
9301
8918
8876
9209
9166
9354
9304
9369
9363
9102
9481
9447
9358
9445
9405
9360
9298
8921
8957
8961
8915
9595
9576
9494
9546
9606
9553
9427
9339
9402
9399
9476
9586
9596
9616
9611
9611
9494
9520
9510
9178
9010
9140
9060
8848
9351
9382
9392
9341
9374
9521
9409
9317
9142
9180
9382
9432
9401
9490
9546
9476
9516
9534
9537
9542
9319
9433
9540
9508
9451
9340
9550
9521
9496
9438
9409
9471
9507
9567
9541
9235
9511
9316
9395
9342
9502
9395
9369
9473
9073
9190
9368
9429
9349
9404
9443
9421
9457
9495
9544
9521
9544
9534
9408
9425
9377
9436
9410
9414
9256
9363
9318
9315
9003
9152
9179
9100
9319
9365
9497
9332
9334
8902
9322
9278
9295
9474
9420
9395
9428
9440
9477
9515
9506
9380
9203
9288
9188
9348
9357
9399
9400
9400
9336
9278
9395
9412
9346
9242
9370
9261
9407
9471
9292
9203
9173
9309
9135
9329
9413
9384
9487
9309
9365
9438
9271
9356
9352
9116
9162
9142
9194
9386
9407
9225
9174
8850
9087
9214
9157
9231
9270
9221
9146
9315
9441
9454
9505
9404
9382
9245
9379
9447
9320
9268
9368
9412
9352
9310
9141
8823
9199
9108
9150
8955
9234
9275
9352
9409
9432
9297
9415
9314
9432
9416
9249
9410
9379
9342
9315
9334
9253
9228
9277
9346
9294
9382
9325
9155
9468
9431
9305
9404
9233
9348
9509
9456
9208
9249
9202
8377
9286
9361
8865
8967
8933
9130
9108
9201
9202
9062
8958
8913
8887
8902
9182
9231
9462
9204
9526
9493
9549
9497
9197
9270
9453
9430
9264
9297
9320
9333
9515
9293
9279
9384
9492
9407
9302
9236
9281
9454
9373
9491
9535
9514
9435
9518
9438
9400
9474
9262
9313
9484
9430
9482
9428
9344
9367
9463
9267
9247
9188
8887
8853
8765
8907
9258
9440
9539
9434
9422
9301
9280
9385
9433
9399
9351
9161
9286
9408
9480
9401
9256
9348
9299
9210
8804
8923
8948
8980
8803
8682
8522
8493
8515
8557
8838
9413
9345
9501
9430
9379
9451
9466
9149
9119
9358
9490
9541
9319
9422
9252
9435
9400
9372
9359
9082
9053
9354
9345
9364
9459
9478
9463
9368
9351
9493
9481
9465
9480
9506
9508
9354
9338
9385
9444
9329
9436
9299
9399
9269
9420
9351
9407
9369
9466
9390
9520
9401
9414
9281
9494
9336
9203
9231
9098
9052
9123
9210
9389
9292
9080
9399
9422
9333
9341
9481
9448
9360
9442
9481
9360
9295
9230
9222
9416
9445
9337
9366
9492
9458
9198
9416
9342
9145
9365
9162
9411
9454
9304
9449
9452
9425
9412
9495
9444
9360
9328
9367
9454
9367
9311
9398
9383
9393
9426
9406
9323
9169
9236
9214
9364
9274
9281
9135
9095
9163
9364
9134
9081
9189
9202
9146
9428
9463
9364
9466
9410
9313
9410
9219
9191
9190
9158
9246
9369
9447
9376
9411
9482
9297
9421
9446
9494
9312
8994
9398
9499
9499
9523
9451
9463
9424
9572
9546
9519
9440
9437
9560
9586
9519
9543
9473
9555
9574
9608
9518
9408
9585
9473
9529
9595
9590
9516
9535
9546
9571
9523
9542
9541
9557
9400
9559
9392
9376
9173
9176
8954
9436
9401
9538
9376
9531
9381
9395
9339
9382
9396
9521
9393
9287
9399
9455
9432
9546
9586
9550
9469
9414
9418
9386
9384
9551
9460
9532
9575
9378
9346
9396
9416
9434
9622
9589
9511
9570
9427
9490
9525
9438
9476
9543
9489
9538
9493
9458
9330
9349
9263
9069
9457
9416
9428
9495
9322
9409
9488
9425
9428
9414
9396
9519
9332
9323
9475
9333
9513
9525
9379
9138
9100
9137
9101
9309
9159
9162
9326
9182
9429
9459
9409
9459
9348
9443
9366
9386
9353
9425
9389
9406
9371
9382
9333
9398
9314
9097
9262
9266
9238
9354
9344
9377
9170
9235
9266
9350
9234
9064
9066
9015
9259
9340
9182
9263
9160
9402
9251
9205
9084
9033
9158
9344
9332
9277
9275
9298
9291
9270
9338
9244
9326
9316
9366
9251
9378
9309
9403
9139
9337
9369
9288
9419
9395
9197
9252
9293
9199
9338
9216
9416
9391
9309
9352
9316
9379
9296
9435
9121
8940
9011
9131
9186
9342
8876
9299
9334
9439
9335
9410
9154
9392
9407
9362
9193
9258
9175
9322
9595
9617
9318
9261
9333
9597
9600
9584
9560
9535
9502
9432
9585
9485
9297
9435
9454
9410
9659
9589
9610
9529
9253
9626
9678
9642
9713
9746
9735
9625
9687
9594
9611
9673
9507
9694
9606
9693
9573
9572
9233
9416
9626
9669
9581
9746
9661
9715
9766
9483
9677
9347
8815
8893
8878
8903
9389
9520
9584
9509
9570
9442
9654
9576
9697
9653
9583
9688
9561
9562
9345
9405
9353
9340
9474
9422
9239
9404
9419
9697
9605
9717
9720
9774
9723
9666
9728
9590
9563
9569
9584
9244
9228
9281
9228
9467
9749
9760
9589
9728
9530
9529
9717
9676
9680
9648
9579
9598
9744
9743
9541
9648
9767
9700
9647
9676
9598
9434
9365
9539
9649
9597
9533
9543
9664
9515
9639
9535
9567
9545
9681
9607
9545
9568
9411
9313
9406
9474
9544
9387
9487
9551
9561
9470
9379
9452
9428
9310
9484
9424
9440
9566
9454
9486
9363
9002
9493
9580
9551
9504
9483
9458
9535
9429
9460
9539
9558
9550
9343
9315
9412
9461
9394
9249
9320
9291
9457
9301
9342
9370
9341
9128
9318
9383
9411
9372
9408
9311
9443
9305
9021
9342
9362
9450
9226
9372
9421
9175
9401
9473
9283
9403
9275
9292
9434
9475
9387
9358
9444
9562
9551
9484
9567
9417
9482
9023
9213
9362
9187
9439
9313
9362
9219
9283
9227
9409
9383
9205
9350
9158
9337
9112
9141
9288
9355
9443
9533
9412
9444
9331
9586
9433
9426
9331
9024
9279
9518
9468
9204
9325
9468
9400
9456
9357
9348
9402
9361
9629
9656
9621
9623
9551
9511
9493
9508
9561
9543
9541
9476
9589
9534
9492
9501
9559
9395
9553
9494
9471
9497
9539
9567
9626
9607
9525
9556
9519
9319
9592
9526
9160
9337
9416
9374
9482
9426
9290
9444
9366
9336
9452
9461
9445
9527
9392
9599
9604
9575
9632
9577
9575
9656
9600
9404
9359
9497
9278
9545
9468
9632
9423
9525
9515
9438
9432
9372
9331
9062
9540
9548
9490
9446
9583
9565
9585
9578
9198
9548
9272
8951
9579
9526
9464
9533
9325
9407
9566
9501
9440
9552
9511
9439
9603
9469
9512
9415
9348
8934
9086
8863
8942
8986
8816
8799
8931
8894
9452
9527
9529
9517
9494
9481
9553
9423
9425
9482
9167
9246
9284
9162
9108
9058
9077
8756
9051
9039
9064
9083
9154
9412
9271
9295
9319
9505
9328
9445
9259
9268
9476
9445
9279
9049
9088
9438
9422
9220
9336
9346
9393
9400
9437
9277
9399
9385
9214
9323
9373
9274
9315
9372
9355
9368
9372
9419
9354
9407
9238
9303
9168
9363
9376
9421
9352
9446
9409
9386
9447
9448
9318
9245
9340
9327
9425
9278
9379
9412
9478
9298
9405
9327
9448
9392
9349
9325
9294
9411
9297
9424
9439
9387
9398
9447
9386
9444
9356
9443
9378
9479
9380
9435
9473
9381
9309
9255
9200
9269
9180
9243
9433
9276
9329
9375
9432
9424
9401
9430
9402
9383
9423
9459
9178
9142
9287
9409
9435
9456
9286
9256
9221
9421
9438
9403
9422
9426
9455
9435
9465
9422
9393
9331
9270
9295
9443
9445
9377
9248
9382
9422
9413
9282
9386
9336
9413
9372
9372
9338
9328
9390
9361
9378
9326
9425
9361
9298
9060
8966
8966
9069
9049
9046
9238
9179
9160
9181
9273
9361
9345
9204
9135
9060
9263
9360
9365
9255
9333
9082
9195
9280
9214
9117
9292
9273
9416
9258
9406
9273
9389
9362
9331
9161
9280
9304
9442
9414
9461
9191
9415
9441
9486
9379
9377
9209
9397
9323
9072
9275
9360
9156
9485
9511
9357
9363
9385
9139
9313
9354
9386
9404
9304
9319
9244
9349
9199
9088
8729
8910
9442
9475
9495
9607
9610
9381
9563
9520
9476
9451
9493
9288
9385
9366
9186
9495
9492
9522
9580
9436
9482
9348
9344
9341
9499
9489
9405
9355
9425
9388
9392
9523
9550
9194
9453
9356
9328
9397
9188
9091
9107
9333
9217
9514
9534
9362
9387
9366
9452
9460
9450
9414
9462
9458
9555
9500
9411
9396
9331
9522
9472
9181
9246
9160
9505
9656
9717
9694
9694
9610
9645
9453
9334
9396
9479
9386
9476
9484
9365
9498
9474
9416
9077
8774
9414
9552
9283
9209
9373
9565
9395
9472
9409
9207
9299
9561
9554
9475
9548
9504
9534
9588
9593
9619
9491
9489
9634
9651
9734
9625
9513
9591
9430
9627
9613
9570
9354
9489
9529
9517
9211
9182
9384
9590
9519
9574
9428
9179
9557
9566
9352
9583
9354
9560
9483
9608
9579
9503
9401
9296
9265
9565
9517
9520
9617
9523
9563
9492
9252
9415
9290
9486
9434
9479
9286
9499
9568
9569
9426
9555
9437
9489
9367
9123
9170
9174
9383
9374
9454
9509
9455
9404
9313
9473
9320
9169
9349
9392
9381
9470
9381
9445
9396
9365
9289
9258
8950
9334
9359
9390
9445
9400
9355
9433
9514
9468
9319
8975
9381
9410
9478
9332
9361
9493
9309
9393
9486
9443
9419
9435
9472
9516
9298
9264
9246
9275
9506
9338
9457
9430
9482
9516
9437
9293
9270
9457
9405
9347
9278
9442
9432
9322
9345
9277
9076
9236
9318
9451
9409
9337
9507
9410
9439
9485
9350
9282
9207
8901
9164
9419
9422
9496
9417
9458
9468
9426
9410
9477
9481
9310
9390
9186
9501
9486
9528
9521
9510
9317
9244
9464
9483
9415
9448
9221
9408
9466
9353
9088
9305
9356
9368
9379
9312
9259
9416
9369
9212
9311
9308
9348
9289
9235
9130
9413
9338
9228
9393
9392
9410
9343
9372
9265
9340
9373
9320
9433
9433
9410
9341
9508
9429
9381
9388
9390
9286
9222
9407
9432
9439
9451
9504
9432
9375
9415
9491
9272
9249
9268
9255
9335
9222
9362
9317
9353
9447
9490
9346
9455
9369
9419
9431
9367
9186
9404
9379
9479
9454
9447
9527
9500
9472
9467
9348
9519
9527
9513
9508
9482
9440
9406
9244
9478
9560
9509
9510
9361
9486
9461
9573
9519
9473
9531
9312
9482
9456
9257
9454
9488
9563
9493
9425
9243
9154
9351
9340
9259
9248
9281
9285
9417
9354
9336
9247
9110
9182
8934
8258
8309
8260
8101
8004
8114
8076
8174
8215
8255
9439
9628
9570
9348
9676
9637
9486
9615
9513
9489
9540
9574
9513
9401
9186
9575
9493
9505
9310
9483
9463
9473
9461
9504
9371
9451
9391
9513
9552
9566
9533
9464
9479
9369
9442
9508
9522
9483
9481
9515
9480
9430
9494
9447
9453
9480
9406
9462
9384
9494
9576
9615
9505
9556
9549
9607
9412
9193
9354
9363
9402
9527
9504
9558
9537
9526
9462
9515
9433
9424
9123
8930
9318
9398
9387
9469
9495
9488
9432
9544
9440
9444
9412
9193
9425
9519
9481
9400
9506
9512
9533
9514
9440
9469
9371
9524
9500
9293
9070
9261
9347
9348
9467
9527
9351
9525
9239
9170
9339
9007
9187
9380
8999
9173
9290
9238
9471
9379
9226
8888
9112
9155
9474
9493
9308
9387
9261
9084
8985
9118
9352
9308
8971
8926
8613
8885
9058
9272
8980
8911
8294
8703
8807
8937
9130
8919
9015
9001
8939
8665
9003
9132
9356
9373
9395
9459
9394
9263
9389
9377
9398
9412
9240
9401
9394
9001
9160
9155
9477
9481
9423
9396
9382
9327
9406
9385
9271
9328
9139
8947
9246
9096
9157
9372
9371
9495
9460
9312
9349
9467
9429
9382
9346
9387
9375
9203
9336
9115
9259
9354
9313
9445
9575
9542
9516
9565
9470
9513
9468
9350
9506
9288
9355
9503
9421
9505
9538
9474
9463
9527
9565
9363
9456
9458
9300
9281
9443
9491
9485
9357
9557
9453
9554
9536
9499
9373
9337
9483
9542
9558
9527
9398
9216
9269
9509
9504
9450
9509
9103
9365
9392
9385
9456
9376
9277
9225
9566
9490
9382
9616
9496
9477
9447
9551
9612
9588
9546
9568
9542
9607
9549
9560
9495
9601
9399
9459
9525
9510
9522
9437
9282
9153
9285
9355
9407
9350
9330
9174
9107
9022
9247
9085
9353
9196
9056
9163
9187
9312
9232
9233
9448
9424
9249
9309
9558
9451
9496
9543
9344
9457
9467
9430
9487
9519
9336
9025
9332
9364
9491
9580
9455
9424
9551
9466
9426
9355
9395
9378
9486
9594
9354
9461
9470
9625
9522
9575
9410
9361
9335
9273
9396
9257
9451
9492
9507
9521
9500
9288
9264
9324
9355
9285
9396
9539
9551
9539
9532
9538
9520
9556
9582
9543
9528
9298
9494
9481
9503
9536
9429
9299
9479
9565
9472
9352
9114
9311
9473
9458
9488
9487
9428
9420
9482
9555
9479
9510
9551
9504
9555
9450
9518
9511
9587
9499
9223
9208
9210
9456
9513
9473
9551
9538
9484
9448
9484
9580
9564
9550
9410
9368
9518
9561
9465
9238
9309
9328
9411
9500
9556
9509
9543
9529
9556
9448
9520
9449
9450
9500
9420
9521
9555
9515
9349
9358
9301
9312
9315
9135
9493
9522
9163
8783
9022
9390
9393
9368
9408
9200
9279
9245
9183
9357
9268
9226
9436
9363
9297
9351
9457
9438
9446
9420
9325
9207
9118
9048
9382
9175
9316
9354
9312
9449
9420
9275
9275
9134
9203
9309
9239
9306
9429
9325
9399
9159
9134
8997
8960
8816
8804
9367
9342
9320
9303
9238
9249
9286
9199
9288
9314
9221
9172
9264
9316
9227
9358
9350
9405
9350
9172
9002
9086
9121
9147
9378
9424
9412
9376
9329
9351
9301
9275
9372
9414
9132
9221
9129
8889
9372
9290
9354
9432
9324
9079
9362
9367
9129
8215
9344
9203
9343
9354
9368
9320
9258
9248
9421
9310
9477
9340
9351
9353
9379
9442
9373
9413
9409
9345
9348
9028
9213
9270
9231
9094
9324
9368
9310
9384
9243
9213
9335
9259
9379
9288
9311
9474
9337
9412
9313
9266
9357
9341
9280
9263
9188
9229
9432
9292
9223
9100
8659
8850
8830
8727
7836
7828
7663
7510
7548
7397
7790
8092
8100
7851
8103
7889
7883
9575
9584
9571
9602
9524
9514
9569
9501
9518
9435
9560
9404
9242
9340
9428
9433
9431
9138
9160
9217
9273
9304
9319
9401
9329
9304
9258
9338
9362
9286
9399
9201
9198
9456
9442
9321
9332
9134
9230
9389
9417
9147
9304
9269
9343
9381
9347
9167
9055
9302
9264
9232
9236
9298
9245
9328
9330
9257
9449
9432
9382
9407
9327
9239
9306
9222
9201
8547
8034
8563
8417
8638
8552
8399
9191
9204
9375
9347
9353
9087
9350
9298
9247
9390
9338
9274
9312
9250
9157
9222
9335
9284
9014
9216
9344
9159
9157
9013
9100
9319
9282
9334
9319
9293
9025
8860
9212
9295
9314
9249
9220
9303
9223
9151
9195
9148
9188
9311
9303
9058
9275
9114
9278
9261
9218
9114
9237
9308
9293
9128
9213
8999
9126
9078
9071
9182
9223
9264
9171
9369
9280
9353
9341
9075
9013
9009
9007
8954
8750
8858
8864
8846
8932
9295
9428
9432
9142
9357
9302
9310
9359
9291
9156
9180
9127
9297
9260
8789
9125
9060
9147
9220
9275
8850
8969
8888
9072
9236
9318
9270
9251
9038
8852
9236
9113
9404
9257
9425
9133
9117
9342
9176
8984
9174
9333
9288
9190
9369
9262
9151
9163
9248
9285
9155
9168
8978
8368
8723
9099
8986
9043
8885
8979
8906
8995
8952
9108
8932
9253
9201
9313
9178
9319
9394
9321
9251
9232
9112
9264
9383
9272
9407
9399
9440
9294
9265
9341
9297
9291
9396
9480
9445
9200
9332
9207
9374
9394
9530
9562
9502
9389
9290
9248
9039
9198
9189
9057
9282
9402
9469
9442
9521
9477
9537
9397
9304
9486
9550
9513
9538
9548
9495
9403
9450
9514
9562
9508
9320
9408
9196
9173
9407
9455
9468
9425
9391
9391
9259
9358
9083
9296
9495
9527
9361
9358
9405
9293
9503
9443
9207
8917
8997
9023
9024
9163
9332
9424
9397
9485
9478
9375
9330
9311
8822
9213
9236
9268
9236
9585
9491
9486
9439
9376
9422
9307
9554
9609
9606
9426
9501
9581
9576
9509
9488
9340
9237
9299
9419
9400
9459
9023
9300
9355
9366
9330
9314
9452
9474
9359
9371
9087
8937
8964
9206
9424
9381
9368
9257
8898
8983
8982
9131
9275
9509
9307
9445
9559
9485
9490
9134
9110
9380
9421
9572
9364
9408
9503
9386
9401
9458
9311
9409
9495
9471
9282
9269
9366
9380
9406
9407
9456
9174
9461
9500
9446
9252
9463
9527
9515
9482
9480
9366
9512
9364
9191
9356
9180
9429
9534
9440
9548
9507
9157
9076
9403
9513
9574
9533
9385
9488
9480
9555
9416
9489
9445
9361
9484
9409
9361
9408
9163
9235
9398
9312
9247
9192
8934
9083
9134
9126
9245
9186
9376
9282
9446
9430
9256
9145
8460
9030
9106
9016
9072
9115
9157
9267
9230
9323
9335
9263
9127
9279
9397
9451
9046
9253
9413
9400
9424
9448
9275
9389
9395
9366
9424
9152
9221
9123
9411
9448
9340
9153
9101
9374
9166
9301
9317
8985
8691
8603
8710
9350
9566
9479
9378
9492
9469
9361
9511
9206
9386
9318
9302
9397
9479
9420
9081
9403
9519
9513
9524
9407
9314
9286
9377
9327
9471
9470
9415
9358
9379
9167
9385
9374
9239
9408
9372
9204
9030
9102
9374
9450
9390
9376
9358
9178
9257
9464
9384
9321
9374
9060
9312
9497
9509
9451
9316
8873
9108
9079
8996
9444
9556
9527
9554
9558
9562
9369
9505
9566
9628
9548
9567
9538
9466
9502
9560
9571
9481
9457
9569
9523
9479
9420
9418
9501
9465
9310
9451
9445
9511
9454
9465
9483
9413
9438
8899
8949
8975
9012
9494
9550
9502
9352
9519
9449
9450
9460
9523
8975
9379
9390
9288
9497
9529
9410
9459
9378
9310
9367
9418
9469
9390
9434
9469
9092
9197
9097
9249
9177
9407
9320
9475
9416
9445
9443
9450
9308
9440
9340
9216
9403
9339
9180
9309
9270
8858
9029
9260
9398
9439
9385
9475
9441
9430
9397
9414
9424
9324
9335
9206
9398
9401
8962
9265
9163
9187
9491
9385
9210
9361
9413
9399
9363
9230
9337
9381
9410
9483
9505
9472
9414
9204
9355
9452
9233
9321
9252
9222
9319
9315
9167
9233
9362
9349
9321
9362
9345
9337
9255
9068
9434
9101
9127
9021
8955
9214
9367
9390
9395
8631
9401
9415
9426
8975
9199
9341
9250
9083
9204
9412
9452
9356
9399
9293
9394
9218
9367
9224
9198
9224
9420
9449
9094
9384
9401
9330
9396
9485
9385
9324
9264
9347
9347
9303
9267
9382
9382
8877
8912
8668
9326
9479
9321
9326
9307
9451
9359
9533
9435
9185
9130
8998
9088
9358
9524
9378
9246
8944
9237
9281
9191
9296
9417
9392
9259
9360
9435
9384
9496
9520
9335
9372
9542
9492
9407
9438
9516
9414
9349
9306
9031
8840
8616
8683
9128
9449
9537
9450
9190
9407
9400
9437
9592
9492
9496
9541
9609
9582
9505
9430
9496
9551
9431
9240
9452
9387
9362
9568
9493
9505
9474
9308
9252
9422
9370
9356
9430
9413
9500
9129
9115
9254
9277
9446
9471
9471
9501
9440
9429
9290
9369
9431
9456
9442
9211
9180
9123
9341
9473
9207
9411
9309
9382
9431
9379
9202
9119
8965
9432
9352
9426
9337
9437
9438
9226
9429
9473
9531
9407
9339
9408
9326
9391
9162
9346
9300
9130
9299
9468
9471
9466
9463
9458
9409
9221
9395
9509
9500
9468
9488
9307
9425
9458
9252
9198
9271
9412
9325
9436
9432
9225
9442
9485
9375
9243
9253
9453
9369
9429
9392
9403
9300
9329
8926
8283
9041
9324
9304
9338
9408
9349
9236
9457
9360
9416
9404
9136
9041
9285
9331
9403
9377
9292
9432
9429
9453
9382
9397
9256
9292
9162
9173
9294
9056
8988
9193
9198
9496
9453
9317
9376
9283
9460
9432
9337
9298
9432
9429
9408
9400
9425
9398
9335
9402
8978
8988
8943
9380
9323
9452
9447
9257
9169
9305
8827
9246
9399
9394
9288
9354
9463
9350
9352
9046
9353
9466
9462
9470
9414
9410
9334
9459
9451
9392
9407
9414
9218
9520
9509
9362
9432
9549
9468
9334
9453
9480
9232
9319
9297
9490
9501
9352
9411
8980
8996
8922
8925
9170
9138
9108
9568
9631
9550
9540
9487
9633
9388
9379
9382
9378
9224
9045
9192
9512
9492
9310
9464
9554
9472
9475
9555
9219
9438
9542
9426
9519
9160
9280
9501
9598
9626
9432
9387
9312
9475
9528
9533
9578
9492
9487
9398
8656
8621
8758
8557
8765
8768
8728
9590
9647
9554
9616
9423
9628
9446
9620
9571
9516
9543
9374
9558
9529
9538
9459
9434
9541
9616
9493
9457
9474
9431
9049
9335
9535
9348
9363
9476
9433
9575
9542
9506
9584
9383
9460
9530
9586
9569
9598
9595
9603
9576
9506
9503
9483
9459
9470
9416
9229
9135
9474
9440
9502
9501
9414
9589
9550
9350
9347
9393
9394
9555
9453
9520
9363
9256
9420
9553
9459
9525
9368
9354
9419
9525
9523
9537
9519
9503
9534
9450
9389
9460
9441
9430
9493
9426
9478
9398
9126
9240
9393
9507
9435
9481
9415
9437
8988
8823
9004
9239
9223
9435
9324
9206
9415
9534
9381
9439
9422
9395
9410
9451
9438
9536
9510
9466
9487
9498
9424
9366
9416
9386
9432
8982
8748
8788
8626
8637
8694
8734
9360
9385
9424
9306
9164
9332
9260
9186
9393
9255
9413
9429
9306
9306
9079
8809
9370
9457
9559
9520
9433
9491
9483
9507
9326
9441
9415
9321
9499
9283
9330
9380
9483
9551
9531
9533
9517
9354
9556
9455
9455
9439
9501
9425
9209
8908
8875
8946
8947
9487
9557
9554
9508
9491
9459
9240
9529
9518
9228
9439
9376
9468
9438
9451
9290
9457
9508
9301
9418
9477
9191
9381
9469
9418
9446
9409
9448
9496
9353
9450
9448
9391
9510
9500
9492
9439
9416
9277
9400
9553
9447
9320
9518
9461
9536
9519
9443
9487
9466
9469
9513
9491
9425
9472
9401
9387
9344
9362
9363
9493
9392
9319
9358
9387
9488
9591
9465
9533
9491
9270
8820
8968
8939
8925
9314
9455
9482
9480
9439
9449
9452
9384
9523
9420
9385
9490
9409
9435
9221
9362
9470
9327
9115
9413
9190
9268
9272
9396
9437
9382
9305
9487
9284
9419
9474
9431
9403
9426
9250
9358
9329
9385
9394
9462
9268
9239
9112
9192
9165
9409
9327
9297
9502
9501
9518
9251
9423
9396
9372
9443
9401
9288
9364
9430
9390
9488
9482
9425
9539
9431
9207
9279
9151
9342
9486
9485
9081
8785
8678
8885
8838
8930
9007
9288
9436
9419
9336
9421
9458
9419
9465
9483
9439
9468
9555
9467
9420
9393
9409
9266
9488
9377
9418
9506
9494
9442
9478
9370
9397
9312
9376
9474
9485
9453
9502
9454
9513
9458
9507
9547
9533
9549
9468
9524
9423
9457
9513
9438
9494
9405
9444
9610
9560
9462
9424
9414
9544
9494
9466
9419
9434
9419
9514
9560
9439
9509
9567
9498
9506
9424
9416
9501
9461
9306
9353
9427
9610
9597
9599
9534
9432
9448
9584
9639
9592
9559
9455
9555
9557
9456
9379
9608
9522
9556
9562
9461
9382
9353
9548
9417
9461
9371
9432
9453
9428
9504
9573
9509
9417
9296
9553
9405
9526
9496
9306
9409
9272
9247
9526
9302
9185
9258
9367
9545
9569
9591
9515
9460
9355
9430
9469
9567
9422
9335
9215
9396
9513
9499
9377
9365
9425
8307
9313
9212
9281
9525
9223
9209
9196
9168
8926
8798
8793
8486
8637
8493
8497
8641
8567
9270
9484
9640
9553
9587
9507
9577
9394
9459
9541
9563
9408
9509
9467
9448
9579
9501
9491
9274
9207
9397
9387
9452
9518
9578
9609
9388
9353
9591
9465
9436
9632
9599
9467
9485
9613
9415
9529
9445
9465
9445
9420
9309
9324
9212
9088
8898
7599
7761
7792
7796
7769
7731
7743
7720
7637
7500
7551
7616
7538
7598
7572
7678
7945
7866
7962
9593
9585
9607
9555
9671
9568
9479
9615
9549
9642
9633
9550
9617
9596
9540
9501
9414
9489
9486
9512
9536
9544
9423
9292
9267
9273
9307
9338
9442
9346
9282
9396
9314
9445
9419
9221
9079
9141
9261
9355
9404
9314
9254
9182
9091
9014
9290
8993
8904
8860
9137
9325
9314
9344
9270
9247
9212
9019
9113
9124
9408
9387
9231
9255
9263
9239
9283
9223
8816
8902
8981
8607
9230
9298
9312
9314
9173
9227
8980
9066
9097
9318
9251
9204
9157
9140
9120
9310
9334
9301
9370
9314
9323
9281
9276
9090
8812
9146
9382
9324
9402
9206
9250
9276
9353
9313
9320
9219
9321
9348
9458
9380
9333
9345
9305
9222
9282
9228
9351
9245
9251
9484
9478
9438
9186
9320
9264
8840
9055
9207
9398
9397
9187
9334
9106
9346
9498
9494
9423
9258
9504
9466
9474
9455
9418
9348
9385
9163
9250
9302
8953
9043
9139
9024
9172
9386
9400
9343
9433
9416
9182
9134
9155
9035
8916
9318
9214
9436
9406
9596
9512
9488
9474
9312
9182
9450
9569
9411
9188
9239
9373
9448
9408
9473
9464
9524
9529
9533
9412
9259
9516
9408
9315
9441
9473
9470
9439
9505
9472
9408
9269
9216
9310
9371
9296
9280
9450
9544
9419
9402
9185
9516
9486
9553
9385
9405
9510
9523
9531
9399
9193
9245
9329
9369
9354
9334
9386
9376
9384
9357
9407
9325
9418
9353
9319
9404
9504
9346
9353
9477
9419
9408
9429
9423
9340
9393
9357
9333
9364
9428
9352
9313
9312
9207
9355
9257
9407
9419
9315
9413
9400
9465
9453
9328
9420
9447
9354
9454
9285
9399
9301
9304
9027
9319
9389
9344
9312
9294
9327
9296
9163
9203
9281
9359
9373
9306
9361
9285
9376
9451
9526
9458
9464
9398
9289
9379
9264
9339
9162
9029
9192
9379
9230
9119
9209
9190
9160
9081
9116
9486
9515
9387
9215
9336
9425
9430
9502
9537
9497
9402
9455
9357
9276
9125
9269
9434
9424
9430
9363
9336
9207
9461
9481
9446
9335
9351
9323
9271
9353
9171
9175
9318
9192
9280
9258
9326
9322
9268
9339
9380
9370
9295
9369
9192
9266
9286
9342
9397
9325
9405
9299
9085
9127
9090
8927
8931
9196
9430
9505
9474
9476
9341
9369
9296
9221
9366
9415
9404
9429
9370
9182
9192
9217
9498
9470
9442
9518
9412
9318
9327
9541
9564
9476
9511
9482
9490
9375
9448
9423
9398
9380
9244
9372
9419
9302
9367
9347
9458
9534
9437
9005
8901
9025
8854
8988
8932
8709
9153
9330
9351
9426
9116
8822
9138
9215
9113
9303
9584
9508
9350
9351
9199
9416
9464
9388
9400
9438
9431
9420
9351
9410
9387
9448
9397
9443
9409
9454
9356
9311
9243
9072
9104
9038
9250
9353
9170
9089
9338
9459
9409
9376
9130
8930
9303
7934
8274
9213
8136
9115
9377
9156
7874
8783
8867
8941
9296
9215
9177
9219
8230
8105
8463
8234
8458
9005
8957
9015
9213
8827
9216
9191
9202
9322
9385
9331
9246
9440
9342
9325
9067
8960
9083
9252
9293
9313
9238
9162
9222
9407
9425
9380
9325
9283
9253
9230
9142
8631
8664
8611
9149
9464
9238
9174
9332
9391
9376
9396
9230
9184
9229
9098
9154
9242
8755
9368
9182
9348
9282
9233
9381
9338
9091
8559
8648
8705
8703
8791
8902
9022
9151
9215
9140
9135
9165
9129
9434
9442
9277
9279
9323
9132
9021
9334
9429
9087
9226
9246
9165
9129
8911
9212
9302
9309
9022
9254
8831
9326
9406
9319
9449
9456
9357
9400
9321
9339
9330
9331
9233
9331
9320
9228
9147
9175
8687
9168
8980
8928
9199
9058
9005
9190
9217
9097
8757
9043
9088
8320
9157
8703
9182
8822
8998
9259
9001
8219
9260
9237
9001
9359
9274
8570
9372
9335
8904
9052
8871
8687
9211
9289
9494
9039
9337
9384
9254
9306
9170
9339
9322
9407
8901
9200
9243
9006
9279
9053
9254
9227
9412
9138
9019
9448
9385
9205
9413
9368
9173
9294
9054
9268
9297
9113
9087
9190
9131
9179
9353
8962
9242
9106
8604
8983
9056
9298
9373
9210
9340
9495
9313
9170
8985
9033
9049
7976
7947
8027
7939
8062
8042
7691
8018
7920
8046
9037
9503
9560
9452
9508
9534
9257
9100
8806
9106
9041
8951
9480
9465
9402
9529
9541
9441
9438
9452
9421
9444
9335
9137
9360
9173
8984
9275
9305
9388
9435
9464
9142
9308
9058
9179
9238
9428
9507
9508
9442
9444
9340
9475
9475
9173
9393
9510
9553
9409
9525
9435
9302
9140
9400
9435
9418
9481
9240
9108
9281
9334
9368
9323
8978
8875
9127
9095
9083
9253
9348
9375
9203
9247
9047
9217
9072
8693
9277
9108
9405
9306
9200
9057
8808
9217
9248
9561
9513
9000
9209
9519
9499
9486
9301
9182
9501
9396
9253
9370
9357
9355
9422
9381
9143
8958
9454
8762
6019
9003
9290
9126
9220
8982
8780
9278
8881
8885
9352
9205
9282
9250
9293
9115
9443
9236
9201
9102
8958
9101
9254
9363
9280
9066
9191
9171
9391
9230
9411
9368
8426
9250
9371
9268
9291
9187
9328
9198
8680
8627
8560
8445
8549
8499
8437
8397
8488
7500
7532
7516
7522
7563
8585
9438
9446
9478
9422
9464
9445
9440
9499
9469
9370
9315
9358
9404
9377
9391
9378
9342
9205
9267
9335
9405
9254
9207
9197
9247
9359
9333
9396
9429
9309
9380
9422
9365
9398
9466
9355
9417
9479
9322
9384
9241
9364
9346
9469
9362
9487
9454
9324
9388
9345
9537
9492
9381
9291
9091
8937
9043
9193
9504
9473
9463
9336
9364
9243
9138
9307
9376
9308
9484
9362
9363
9328
9275
9427
9456
9469
9475
9190
9132
9301
9405
9455
9442
9317
9402
9409
9220
9264
9260
9355
9426
9484
9389
9407
9469
9362
9445
9448
9357
9382
9375
9337
9031
8967
9020
9275
9406
9302
9462
9557
9344
9105
9094
8613
8852
8603
9146
9122
9350
9212
9431
9508
9486
9161
9071
9383
9402
9504
9428
9498
9337
9490
9353
9287
9209
9464
9321
9398
9301
9273
9372
9428
9337
9398
9188
9267
9069
9114
8862
9148
9200
9420
9394
9353
9425
9098
9384
9482
9449
9385
9465
9427
9446
9449
9312
9439
9392
9426
9201
9330
9491
9433
9414
9196
9099
8980
8913
9387
9437
9367
9457
9407
9439
9400
9331
9337
9420
9365
9419
9432
9429
9374
9304
8937
8937
9360
7751
9366
9108
8855
9018
9413
9198
9197
9135
9028
8781
8814
8218
8404
8582
8648
8762
8709
8860
9268
9073
9229
9183
9231
9260
9187
9187
9084
9264
9165
8866
8561
8589
8482
8884
9053
9081
9026
9014
9193
9315
9223
8800
9059
9118
9137
8950
9103
9033
9090
9163
8933
8813
9133
9180
8934
8986
9087
8939
9136
8989
9099
9189
9193
9212
9231
9244
9060
8868
8920
9075
9281
9176
9182
9068
8787
8815
8787
8635
9030
9375
9073
9319
9300
9297
9203
9119
9329
9205
9041
9176
9018
8736
8669
8675
8680
8959
8830
8742
8271
9196
9315
9406
9366
9498
9048
9097
9439
9408
9328
9463
9475
9429
9390
9478
9427
9444
9134
9222
9270
9226
9197
9235
9249
9477
9484
9420
9367
9340
9397
9308
9365
9309
9454
9473
9419
9456
9261
9068
9300
9310
9396
9337
9373
9342
9378
9389
9460
9309
9412
9362
9375
9461
9338
9322
9267
9420
9311
9405
9409
9376
9303
9373
8957
9464
9525
9046
8988
9131
9235
9432
9454
9473
9446
9421
9370
9437
9386
9201
9221
9357
9382
9141
9190
9463
9455
9463
9513
9382
9278
9262
9177
9017
9272
9395
9349
9224
9389
9402
9492
9455
9258
9405
9231
9356
9328
9417
9369
9200
9209
8815
9189
9383
9422
9379
9475
9376
9408
9233
8649
8656
8680
8617
9168
9342
9257
9256
8514
9003
8871
9020
8679
8724
8821
8783
9015
9282
9120
8516
9176
9255
9295
9369
9299
9239
9143
8633
8333
8377
9061
9104
9267
9465
9402
9464
9455
9254
9238
9167
9492
9471
9506
9532
9467
9468
9529
9537
9547
9322
9418
9520
9504
9398
9332
9463
9471
9508
9431
9452
9345
9328
9253
9358
8865
9238
9231
9261
9015
9257
9379
9337
9281
9339
9148
9349
9253
9126
9112
9107
9006
9006
9419
9453
9371
9213
9165
9273
9380
9250
9139
9425
9436
9307
9378
9109
9301
9190
9115
9160
8871
8773
8737
8705
8783
8780
9286
9492
9399
9467
9200
9028
9222
8832
8975
9146
9230
9437
9528
9389
9427
9354
9293
9475
9212
9350
9460
9445
9349
9296
9266
9297
9503
9445
9449
9477
9364
9412
9467
9389
9181
9274
9228
9004
8908
9047
9359
9392
9164
8993
9243
9215
9074
9216
9353
9336
8808
9165
9307
9373
9346
9244
9136
9138
8809
8608
8506
9040
9219
9214
9397
9393
9139
9347
9261
9336
9353
9392
9381
9373
9007
9046
9219
9268
9032
9233
9297
9201
9188
9427
9362
9436
9303
9488
9505
9497
9487
9548
9557
9502
9385
9563
9569
9489
9472
9506
9582
9604
9615
9541
9497
9461
9487
9580
9541
9445
9305
9229
9190
9006
9199
9213
9190
9519
9573
9531
9490
9562
9591
9410
9250
8970
9541
9538
9554
9557
9343
9072
9284
9417
9524
9541
9515
9125
8933
9162
9059
9418
9498
9495
9479
9364
9463
9426
9319
9278
9359
9371
9387
9376
9470
9342
9319
9156
9352
9387
9470
9588
9593
9478
9537
9300
9422
9128
8866
9409
9579
9522
9471
9506
9350
9336
9257
9476
9291
9400
9375
9557
9416
9479
9437
9419
9413
9403
9359
9225
9118
8622
8644
9024
9526
9574
9555
9337
9309
9274
9263
9279
9242
9049
9409
9436
9485
9399
9293
9248
9433
9458
9511
9364
9351
9273
9334
9418
9471
9440
9336
9465
9336
9387
9314
9034
8934
8973
8614
9270
9109
8708
9160
9062
9227
9411
9275
9088
9350
9357
9354
9472
9462
9508
8902
9225
9236
9474
9450
9426
9389
9448
9476
9366
9349
9256
9109
9178
9129
9389
9383
9289
9463
9336
9108
9223
9250
9403
9492
9252
9280
9444
9334
9380
9346
9154
9205
9198
9430
9383
9370
9318
9251
9174
9045
9370
9430
8963
9184
9187
9106
9314
9428
9439
9347
9349
9105
9400
9397
9392
9330
9323
9447
9385
9321
9350
9218
9384
9133
9307
9262
9352
9368
9353
9456
9232
9356
9412
9027
9333
9385
9409
9229
9480
9416
9097
9229
9298
9413
9317
9305
9137
9097
9260
9445
9259
9431
9249
9101
9282
9205
9165
8998
9348
9485
9441
9486
9406
9357
9267
9191
9128
9446
9536
9448
9554
9489
9538
9448
9133
9166
9196
9469
9468
9553
9529
9412
9392
9273
9453
9457
9277
9446
9380
9367
9297
9130
9242
9313
9179
9191
9082
9152
9159
9022
9095
9384
9335
9315
9427
9426
9428
9374
9350
9448
9341
9179
9417
9447
9451
9461
9457
9461
9498
9418
9408
9237
9158
9168
9327
9462
9456
9523
9497
9432
9139
9152
9188
9115
9188
9415
9137
9279
9395
9428
9227
9171
9290
9366
9308
9345
9316
9266
9302
9326
9110
9326
9353
9157
9202
9228
9284
9468
9364
9346
9331
9370
9268
9407
9291
9468
9230
9243
9491
9244
9349
9299
9311
9329
9153
9359
9273
8806
8862
8868
9113
9074
9291
9403
9399
9394
9258
9313
9161
9135
9259
9341
9149
8826
9167
9286
9139
9298
9270
9357
9407
9351
9172
8946
8920
8976
9082
8974
9349
9294
9314
9332
9426
9200
9351
9159
9254
9232
9371
9366
9165
9251
9124
9311
9112
9085
8930
8850
9161
9461
9275
9268
9447
9258
9331
9305
9306
9111
9260
9340
9091
9219
9308
9142
9302
9208
9119
8727
8650
8910
8955
9000
9041
9254
9256
9208
9411
9370
9337
9452
9259
8655
9206
9332
9193
9276
9333
9278
9303
9388
9273
9115
9156
9299
9418
9206
9320
9323
9324
9281
9006
9021
9080
9318
9226
9265
9128
9181
9175
9347
9395
9157
9362
9390
9470
9317
8943
9370
9365
9333
9515
9303
9263
9074
8891
9062
9291
9401
9458
9460
9479
9371
9411
9410
9431
9359
9385
9073
9207
9255
9392
9263
9331
9462
9371
9224
9251
9101
9124
9014
9165
9282
9144
9354
9483
9363
9405
9459
9473
9483
9463
9413
9345
9397
9281
9463
9377
9424
9435
9459
9440
9324
9359
9233
9126
9225
9280
9121
8975
8962
9086
9238
9069
9280
9192
8848
8746
8788
9363
9491
9448
9442
9376
9234
9345
9290
9381
9243
9431
9463
9393
9473
9369
9449
9423
9466
9406
9369
9368
9335
9334
9384
9391
9382
9255
9335
9293
9415
9241
9233
9380
9293
9393
9295
9319
9386
9481
9435
9407
9408
9428
9314
9232
9107
9086
9045
8192
7967
8155
8167
8174
8224
8167
8069
9272
9341
9410
9383
9313
9441
9352
9435
9125
9027
9077
9346
9337
9248
9105
9288
9355
9392
9274
9183
9217
9098
9276
9297
9272
9334
9263
9330
9180
9062
9174
9104
9114
9372
9450
9358
9371
9278
9312
9281
9283
9337
9312
9383
9442
9412
9351
9490
9410
9274
9410
9333
9431
9385
9459
9410
9208
9248
9342
9181
9132
9102
9197
9354
9428
9479
9473
9450
9367
9324
9361
9182
9364
9391
9352
9379
9488
9345
9476
9402
9434
9413
9407
9132
9097
9313
9412
9397
9253
9120
9302
9280
9035
8709
8920
8765
8757
8862
9472
9411
9412
9398
9301
9450
9288
9267
9280
9181
9274
8956
9438
9462
9456
9427
9424
9364
9363
9363
9374
9216
9349
9307
9287
9346
9343
9131
8967
8581
9120
9175
9118
9240
9416
9377
9292
9281
9398
9550
9419
8859
8980
8086
8029
8318
8436
7776
9006
8623
9087
8287
9205
7658
9295
9391
9483
9390
9402
9341
9021
9270
9420
9309
9325
8806
9302
9437
9197
8994
8609
8754
9063
8458
9056
9156
9361
8611
9063
9012
9232
9224
9206
9276
9066
9276
9345
9466
9340
9200
8927
8638
9118
8988
8583
8885
8896
9288
9593
9313
9460
9227
9035
9364
9196
9153
9201
9366
9265
9245
9176
9178
9271
9290
9146
9131
9146
9342
9426
9305
9452
9499
9474
9422
9210
9082
9013
9411
9336
9101
9186
9447
9220
9229
9079
9061
8789
8680
9087
9177
9180
8992
9197
9254
9129
8883
8388
8534
8682
8897
8741
8950
9242
8925
9005
8937
9130
8777
9033
9266
9344
9179
9220
9243
9306
9297
9341
9327
9289
9340
9275
8957
8948
9363
8928
9167
9308
9275
9131
9182
9240
9180
8883
9121
9221
9242
9261
9311
9153
9350
9407
9425
9208
9165
9034
8997
8876
8954
8996
8959
9068
8984
9028
9090
8994
8999
9199
9329
9440
9320
9397
9397
9331
9486
9375
9362
9262
9350
9452
9414
9362
9279
9039
9249
9406
9386
9335
9501
9300
9351
9402
9431
9418
9348
9423
9231
9130
9308
9334
9013
9281
9309
9456
9514
9449
9220
9321
9501
9436
9439
9496
8886
8922
8922
8791
9181
9277
9411
9331
9373
9348
9409
9400
9384
9225
9380
9136
9224
9465
9343
9483
9521
9453
9471
9465
9004
9046
9260
9550
9476
9278
9409
9463
9523
9380
9498
9424
9355
9261
9396
9453
9476
9385
9285
9470
9408
9355
8752
8773
8863
8852
9005
8975
8936
8965
8754
9366
9491
9354
9511
9490
9486
9408
9429
9291
9458
9505
9374
9497
9313
9413
9355
9305
9356
9290
9184
9133
8979
9320
9442
9144
9343
9397
9294
9239
9001
9231
9199
8709
9065
9250
8791
9344
9326
9245
9231
8859
8720
8489
8498
8444
8413
8451
8434
8393
8486
8407
8403
8730
8934
9382
9409
9446
9463
9403
9030
9005
9413
9406
9260
9345
9304
9116
9253
8937
9036
9121
9162
9305
9412
9354
9309
9428
9135
9105
8937
8903
8987
9022
9122
9111
9316
9152
9090
8817
8842
8941
9116
9358
9386
9351
9149
9134
9264
9322
9327
9408
9232
9357
9347
9261
9345
9381
9370
9182
9368
9338
9248
9321
9309
9287
9384
9362
9413
9393
9434
9372
9367
9301
9345
9314
9446
9498
9505
9498
9289
9388
9308
9347
9322
9254
9342
9442
9363
9256
9440
9450
9506
9356
9337
9360
9149
9113
8821
8765
8555
8772
9051
9390
9227
9240
9327
9412
9524
9508
9461
9457
9478
9560
9547
9420
9414
9478
9464
9438
9528
9441
9414
9281
9304
9467
9215
9277
9500
9562
9567
9347
9513
9481
9372
9459
9319
9063
9042
8766
8956
9571
9622
9485
9621
9530
9426
9482
9455
9292
9248
9258
9479
9559
9643
9576
9568
9615
9604
9509
9432
9582
9395
9461
9213
9537
9602
9524
9507
9650
9629
9315
9331
9551
9592
9657
9568
9627
9524
9382
9368
9403
9324
8724
8147
8151
8038
7944
7964
7922
7877
7941
7970
7946
9626
9648
9699
9656
9714
9643
9525
9530
9632
9705
9550
9206
9587
9407
9407
9611
9410
9425
9520
9488
9485
9506
9450
9557
9490
9599
9505
9539
9450
9370
9510
9381
9386
9275
9377
9450
9384
9438
9434
9218
9361
9440
9268
9120
9265
9128
9285
9062
9426
9076
8992
9179
9291
9210
9349
9166
8920
8957
8555
8661
8927
9133
9153
9186
9273
9102
8906
9426
9416
9222
9200
9209
9323
9307
9280
9221
9416
9240
9299
9393
9109
8949
9069
8798
8015
8173
8172
8451
8661
8613
8611
9296
9326
9348
9406
9387
9118
9138
9190
9261
9219
9422
9295
9193
9363
9262
9362
9294
9090
9141
9163
9323
9399
9349
9390
9382
9329
9397
9387
9300
9180
9347
9333
9053
9290
9104
9205
9331
9202
9304
9160
8984
9285
9274
9317
9366
9366
9320
9160
9166
8987
9095
9126
9106
9240
9337
9459
9397
9142
9087
8990
8838
8864
9192
9214
9144
9376
9389
9428
9468
9406
9503
9399
9368
9057
8950
9204
9189
9279
9566
9503
9449
9543
9409
9412
9468
9494
9473
9534
9568
9369
9207
9426
9432
9461
9493
9399
9409
9486
9476
9474
9199
9441
9551
9362
9385
9340
9274
9310
9361
9362
9327
8583
8959
9126
9194
9178
9190
9309
9349
9335
9307
9292
9241
9197
8898
8924
9073
9410
9434
9484
9477
9474
9559
9589
9551
9487
9489
9288
9181
8519
8564
8580
8508
9479
9561
9279
9351
9202
9138
9427
9457
9517
9559
9438
9445
9409
9368
8861
8916
8900
8885
9212
9363
9355
9369
9243
9073
9196
9196
9163
9420
9542
9518
9471
9470
9412
9511
9448
9478
9417
9393
9401
9455
9345
9297
9510
9590
9449
9388
9459
9264
9557
9307
9267
9199
9430
9279
9501
9414
9349
9296
9176
9106
9218
9188
9373
9366
9327
9158
9486
9561
9451
9252
9268
9337
9456
9320
9391
9412
9427
9346
9463
9452
9288
9116
9272
9401
9402
9415
9489
9442
9419
9456
9418
9377
9349
9402
9351
9329
9387
9359
9310
9432
9400
9416
9381
9445
9446
9385
9143
9239
9315
9345
9471
9429
9404
9212
9203
9315
9290
9424
9434
9418
9297
9263
9254
9247
9179
9099
8840
8912
9021
9110
9131
9013
9152
9149
8871
8895
9101
9228
9179
9467
9472
9472
9484
9446
9336
9486
9461
9415
8763
8539
8499
8542
8440
8631
8856
8740
9031
9432
9439
9188
9496
9577
9524
9539
8935
8879
8944
8948
9280
9319
9478
9359
9437
9260
9476
9379
9000
9171
9215
9167
8658
8572
8171
8178
8205
8129
8500
8594
8818
8686
8701
8801
8809
8876
8866
9420
9388
9565
9567
9379
9583
9463
9478
9515
9474
9544
9560
9529
9487
9372
9201
9413
9285
9479
9311
9106
9402
9472
9421
9457
9240
9408
9399
9462
9623
9569
9535
9420
9525
9414
9503
9509
9422
9348
9493
9597
9516
9588
9549
9407
9583
9433
9411
9459
9581
9617
9576
9531
9553
9262
9032
9469
9449
9440
9464
9540
9466
9402
9491
9556
9419
9563
9403
9561
9507
9442
9532
9561
9339
9511
9399
9363
9382
9462
9551
9453
9425
9362
9496
9260
9214
8928
9174
9146
9210
9332
9286
9078
8721
8993
9121
9260
9327
9383
9362
9334
9299
9249
9364
9316
9250
9182
9400
9202
9316
9301
9038
9156
9138
9200
9396
9348
9325
9328
9383
9387
9191
9071
9495
9470
9488
9306
9374
9413
9407
9399
9429
9368
9427
9477
8801
8872
8781
8836
8842
8629
8959
9327
9244
9410
9323
9351
8964
9230
9419
9450
9497
9497
9511
9546
9504
9452
9496
9525
9473
9498
9509
9345
9452
9500
9382
9275
9225
9124
9039
9003
9285
9480
9365
9288
9398
9170
9167
9412
9132
9469
9435
9356
9359
9395
9413
9462
9292
9099
9235
9294
9410
9410
9295
9398
9347
9447
9135
9456
9326
9338
9325
9399
9022
8742
9110
9164
9360
9406
9283
9296
9321
9208
9439
9170
9194
9339
9405
9429
9469
9419
9353
9305
9330
9498
9406
9319
9351
9482
9406
9433
9500
9130
8513
8981
9038
9495
9466
9257
9281
8907
9174
9125
9117
9011
8997
8729
8720
8613
8300
9204
9285
9244
9355
9222
9164
9318
9136
9375
9450
9320
9288
9137
9243
9017
9368
9500
9324
9405
9364
9193
9318
9221
9193
9453
9416
9441
9492
9404
9339
9270
9270
9409
9472
9484
9448
9312
9251
9139
9212
9156
8944
8924
8858
8739
9432
9494
9346
9539
9440
9495
9536
9484
9517
9601
9508
9174
9567
9618
9564
9538
9510
9447
9313
9382
9428
9546
9497
9122
8731
8598
8628
8541
8718
9243
9109
9321
9073
9200
9303
9411
9347
9332
9260
8764
9086
9288
9452
9419
9380
9297
9189
9314
9365
9500
9327
9304
9156
9298
9413
9448
9452
9408
9154
9307
9404
9344
9077
8919
8775
8742
8728
8711
9221
9182
9097
9086
9416
9396
9327
9315
9448
9199
9343
9176
9440
9280
9529
9379
9461
9367
9341
9372
9340
8988
9291
9357
9390
9317
9500
9315
9279
9372
9294
9344
9387
9310
9190
9325
9414
9351
9412
9400
9400
9410
9297
9348
9274
8532
8982
9178
9121
8885
8749
9027
8986
9254
9372
9112
8662
8833
8755
8646
9116
9508
9590
9537
9432
9348
9397
9414
9517
9450
9518
9509
9428
9495
9405
9353
9238
9370
9259
9263
9410
9560
9532
9472
9389
9380
9403
9402
9355
9407
9381
9440
9358
9433
9364
9416
9003
9320
9335
9375
9476
9303
9360
9308
9438
9353
9323
9233
9302
9305
9113
8869
9160
9098
9149
9530
9324
9096
9098
9221
9078
7957
7977
7956
7899
7875
7915
7997
7983
8439
8412
8516
8468
8589
8990
8962
9091
9099
8970
9293
9241
9254
9383
9480
9485
9580
9557
9590
9531
9258
9064
9157
9244
9244
9104
9265
8873
9200
9218
9286
9062
9183
9147
9117
9043
9011
8946
8600
8301
8206
6254
6293
6297
6212
6116
6107
6116
6106
6118
6103
6192
6213
6208
6185
6264
6256
9459
9141
9382
9473
9461
9463
9424
9457
9474
9409
9347
9145
9304
9362
8864
9105
9214
9251
9249
8938
9100
9169
9155
8696
9331
9285
9521
9493
9363
9484
9329
9465
9193
9346
9506
9497
9422
9483
9310
9156
9316
9227
9313
9116
9154
9238
9252
9176
9341
9230
9349
9564
9413
9437
9472
9568
9357
9416
9486
9569
9412
9392
9420
9468
9501
9489
9438
9420
9192
9118
9249
9176
9129
9168
9424
9348
9109
9352
9397
9230
9206
9298
9469
9505
9380
9466
9438
9430
9446
9322
9141
9372
9415
9044
9136
8948
8933
9063
9287
9296
9300
9387
9334
9332
9377
9264
9461
9306
9507
9201
9233
9307
9463
9247
9282
9257
9274
9281
9291
9241
9286
9208
9045
9236
9131
9261
9335
9313
9091
9187
9273
9266
9275
9174
9326
9116
9283
9139
9303
9168
9310
9424
9361
9217
8999
9408
9537
9377
8963
8823
8836
8935
8978
8894
9378
9359
9363
9378
9535
9551
9426
9227
9317
9306
9143
9452
9437
9400
9576
9475
9463
9286
9233
8980
9091
9235
9363
9543
9469
9576
9456
9536
9519
9475
9531
9503
9475
9447
9484
9397
9470
9321
9247
8904
8996
9424
9095
9086
9196
9382
9586
9434
9493
9472
9316
9474
9296
9143
9391
9384
9378
9425
9545
9551
9455
9541
9485
9443
9408
9474
9431
8955
9207
9117
8483
8718
8707
8476
8711
8826
8726
9646
9630
9481
9555
9612
9360
9597
9368
8931
9428
9373
9205
9503
9307
9042
9162
9150
8897
9022
9211
9196
9282
9297
9418
9145
9301
9466
9351
9507
9308
9312
9480
9369
9444
9518
9263
9186
9305
9324
9348
9285
9272
9104
9335
9254
9293
9152
9363
9420
9299
9229
8972
8999
9298
8986
9188
9138
9338
9396
8915
9255
9365
9366
9306
9323
9281
9219
9148
9087
9168
9343
9387
9176
9255
9394
9343
9408
9056
9278
9355
8990
9226
8978
8670
8424
9177
9222
9075
9338
9310
9327
9307
9295
9114
9211
8886
8896
9163
9241
9095
9122
9036
9290
9190
9020
9258
9352
9073
9313
9363
9349
9198
9275
8948
9026
9165
9259
9290
9419
9392
9238
9295
9176
9191
9406
9327
9475
9486
9250
9375
9488
9342
9185
9288
9450
9270
9083
9163
9262
9379
9282
9258
9074
9045
9178
9325
9357
9315
9422
9202
9371
9285
9346
9456
9461
9395
9372
9482
9428
9432
9327
9181
9259
9413
9301
9325
9201
9034
8707
9217
9085
8996
9065
9127
9306
9369
9308
9186
9434
9484
9487
9352
9470
9383
9299
9374
9327
9286
9426
9264
9206
9474
9230
9185
9485
9379
9310
9236
9028
9191
9416
9519
9486
9468
9411
9433
9349
9303
9246
9183
9384
9527
9296
9403
9492
9472
9578
9563
9392
9236
9586
9462
9353
9508
9281
9455
9481
9512
9462
9140
9180
9136
8710
9371
9489
9566
9616
9296
9489
9402
9446
9513
9526
9464
9403
9400
9214
9516
9368
9587
9497
9450
9278
9624
9540
9556
9425
9372
9576
9516
9601
9202
9116
8964
9233
9282
9254
9164
9455
9391
9469
9434
9525
9548
9473
9357
9517
9498
9400
9522
9567
9569
9460
9557
9535
9491
9555
9411
9455
9508
9546
9506
9248
8990
9064
9306
9295
9362
9420
9312
9156
9367
9441
9411
9386
9473
9438
9485
9503
9421
9393
8822
8884
8923
8453
9453
7886
8936
9276
8279
7347
8912
8651
8246
8784
9089
9061
9241
9259
9416
9167
9426
9323
9405
9243
9344
9257
9241
9125
9468
9289
8924
9175
9217
9150
9205
9169
9288
9036
9211
9319
9104
9361
9387
9362
9323
9169
8766
8799
8763
8939
8960
9390
9397
9248
9046
9257
9048
8780
8917
8948
8838
9403
9402
9176
9341
9469
9164
9429
9346
9497
9484
9468
9446
9301
9366
9425
9426
9458
9351
9338
9267
9125
9422
9505
9483
9505
9453
9561
9384
9409
9220
9075
9174
9221
9548
9530
9546
9356
9542
9536
9543
9408
9196
9218
9360
9438
9393
9187
9283
9330
9351
9279
9237
9237
9444
9389
9502
9316
9354
9529
9519
9428
9444
9529
9401
9490
9386
9510
9519
9564
9395
9480
9457
9347
9459
9438
9288
9184
8913
9324
9439
9444
9515
9583
9332
9444
9466
9475
9500
9302
9123
9211
9308
9345
9340
9400
9556
9475
9318
9370
9227
9417
9163
9246
9277
9290
9254
9058
9076
9011
9170
9113
9141
9228
9477
9489
9371
9384
9263
9401
9462
9308
9250
9365
9270
9095
9087
9411
9404
9418
9407
9152
9412
9357
9318
9393
9355
9436
9354
9311
9290
9052
9168
8888
8844
9144
9093
9252
9233
9004
9060
8631
9123
9218
9171
9389
9491
9364
9402
9358
9411
9432
9194
9355
9305
9354
9032
9498
9494
9374
9264
9092
9080
9197
9195
9564
9502
9479
9462
9452
9509
9381
9194
9236
9333
9423
9559
9485
9498
9514
9489
9533
9422
9202
9487
9494
9496
9408
9289
9152
9287
9507
9389
9288
9473
9439
9302
9430
9313
9543
9527
9432
9591
9561
9571
9415
9506
9360
9440
9268
9451
9426
9523
9475
9469
9198
9459
9440
9332
9338
9440
9276
9102
9138
9118
9256
9447
9363
9486
9132
9150
9208
9273
9215
9282
9238
9120
9289
9475
9351
9267
9360
9404
9290
9339
9280
9336
9404
8836
8943
9051
9043
9294
9461
9353
9471
9416
9325
9045
9339
9359
9461
9373
9305
9286
9124
8657
8774
8799
8766
9229
9316
9375
9415
9322
9301
9431
9331
9385
9397
9296
9377
9209
9101
8854
8893
8970
9043
8987
8604
8047
8118
8071
8104
8370
8381
8558
9059
8954
8890
9076
9202
9234
9109
9334
9275
9051
9265
9396
9386
9395
9043
9303
9197
9278
9302
9369
9272
9386
9412
9391
9471
9423
9394
9245
9345
9282
9232
9297
9428
9452
9356
9309
9239
9339
9409
9370
9377
9328
9352
9213
8973
9280
9247
9193
9351
9351
9266
9357
9474
9375
9339
9330
9438
9431
9355
9301
9297
9372
9330
9437
9444
9285
9443
9435
9321
9186
9346
8952
9178
9303
9368
9366
9192
9077
9224
9358
9385
9310
9372
9320
9296
9366
9352
9253
9345
9148
9310
9320
9272
9205
9127
9077
9143
9262
9478
9181
9274
9219
9041
9226
8993
9362
9341
9423
9286
9314
9265
9277
9237
8934
9226
9444
9360
9390
9229
9292
9153
9147
9350
9143
9344
9337
9421
9384
9109
8979
9242
9178
9165
8941
8789
8912
8711
8701
9207
9219
9302
9224
9137
8932
9113
9044
9157
8996
9045
9049
9199
9162
9092
9043
9215
9041
9080
9143
8824
8912
8776
8565
8344
8977
9137
9005
8858
8744
8728
8226
8598
8429
8803
8866
8975
8898
9038
9122
8823
8806
8885
8914
9094
8920
9022
9041
9120
9145
9009
8862
8939
8854
8903
8949
8968
8923
9002
8994
9059
9321
9211
9230
9299
9193
9270
9301
9369
9210
9161
9146
9276
8946
9160
9233
9187
9070
9032
8799
8822
9077
9089
8893
8961
8701
8630
8637
8554
7485
7541
7415
7492
7593
7442
7507
7434
7487
7642
7741
7943
7925
8122
9424
9273
8976
9100
9444
9378
9481
9371
9455
9433
9388
9305
9188
8873
9037
9392
9251
9270
9478
9370
9395
9391
9361
9366
9150
9060
9369
9290
9247
9362
9434
9381
9323
9351
9422
9454
9225
9132
9125
9375
9450
9360
9483
9361
9011
8956
8930
9074
9454
9429
9432
9419
9175
9104
9175
8942
9261
9315
9205
9286
9059
8837
9119
9318
9434
9426
9190
9246
9349
9220
9253
9457
9199
9128
9233
9427
9287
9289
9271
9203
9343
9393
9314
9207
9257
9334
9425
9492
9316
9026
9247
9170
8645
8796
9180
8790
9172
9242
9307
9391
9147
9220
9219
9050
9204
9453
9385
9239
9209
9258
9460
9503
9490
9509
9444
9338
9379
9576
9513
9340
9465
9319
9244
9453
9549
9419
9301
9325
9237
8951
8604
8963
9034
8912
8916
8959
8929
9297
9547
9594
9545
9549
9155
9166
9316
9133
9299
8919
8849
8731
8913
8825
8817
8823
8813
8901
9558
9577
9300
9454
9493
9536
9505
8941
9185
9269
9311
9607
9496
9479
9338
9327
9413
9346
9210
9386
9274
9379
9476
9319
9442
9378
9233
9170
9162
9224
9368
9467
9501
9350
9344
9289
8768
8161
8194
8279
8443
8559
8543
8277
8792
8926
9044
8964
9440
9530
9501
9430
9226
9371
9215
9190
9363
9392
9327
9224
9361
9407
9296
9472
9493
9326
9469
9366
9455
9438
9455
9403
9406
9262
9100
9266
9449
9446
9477
9498
9453
9463
9417
9265
9305
9089
9229
9365
9421
8708
9405
9332
9321
9392
9414
9327
9430
9412
9277
9041
9024
8962
9186
9085
9319
9299
9267
9222
9281
9221
9144
9447
9552
9454
9357
9040
9327
9210
8977
9273
9341
9333
9425
9179
9142
8951
9496
9393
9547
9346
9134
9133
9314
9278
9304
9434
9427
9548
9412
9577
9507
9492
9404
9197
9261
9446
9477
9396
9366
9444
9518
9581
9540
9501
9546
9539
9464
9464
8942
9357
9444
9345
9451
9542
9534
9531
9490
9473
9342
9326
9278
9486
9508
9457
9188
9442
9534
9494
9544
9518
9482
9385
9375
9426
9500
9475
9537
9540
9482
9553
9265
9386
8902
8836
8714
8438
8398
8391
8377
8350
9180
9273
9453
9432
9372
9171
9372
9389
9450
9394
9345
9363
9355
9207
9084
9236
9167
9321
9338
9360
9262
9461
9487
9317
9296
9255
9307
9448
9427
9404
9488
9380
9388
9430
9291
9174
9359
9399
9400
9203
9315
9407
9320
9247
9222
9231
9253
9235
9318
9251
9354
9312
9261
9245
9327
9440
9410
9264
9155
9149
9449
9400
9341
9398
9393
9381
9414
9243
9333
9290
9266
9248
9405
9301
9264
9289
9152
9252
9101
9443
9402
9290
9251
9255
9117
9108
9283
9298
9257
9261
9414
9339
9383
9318
9319
9171
9257
9293
9325
9167
9014
9298
9202
9264
9207
8997
9173
9287
9061
8942
9100
9121
9151
9257
9252
9273
9113
9207
9171
9296
9077
8983
9272
9149
8851
9070
9067
8790
9235
9200
8771
9182
8987
9003
9134
9162
9380
9350
9163
8821
9207
9171
9142
9107
8894
8748
9239
9367
9381
9379
9246
9227
9195
9033
9233
9063
8737
8863
9026
9285
9239
9349
9078
9208
9166
9242
9378
9358
9146
9139
9304
9133
9120
9151
8896
9087
9193
9080
9454
9319
9355
9259
9122
9451
9303
9324
9163
9166
9293
9330
9208
9283
9231
9210
8793
9223
9041
9134
8311
7811
7887
7843
7739
7948
7943
7710
9231
9113
9439
9286
9396
9481
8839
9350
9426
9403
9412
9310
9289
9378
9242
9043
9286
8997
9265
9297
9363
9314
9222
9047
9375
9327
9344
9444
9318
8651
8755
8681
9345
9394
9478
9461
9316
9328
9341
8985
9112
9271
9197
9028
9163
9163
9292
9454
9359
9381
9455
9456
9414
9301
9157
9222
9343
9433
9377
9382
9302
9421
9248
9194
9397
9063
8996
9199
9278
9391
9431
9259
9445
9267
9107
8880
8960
8715
8909
8477
8716
9344
9296
9197
9302
9249
9254
9096
9058
8964
8974
8758
9015
9168
9031
9126
9246
8951
8980
8823
8522
8655
8568
8459
8581
8532
8278
8395
8424
8466
9134
9098
8988
9413
9405
9302
9230
9176
9147
9396
9302
9016
9265
9084
9111
9313
9217
9160
9301
9235
9247
9258
9055
9184
9212
8907
8983
9004
8919
9346
9371
9203
9087
9353
9463
9245
8861
8958
8937
8772
9313
8845
9383
9102
9295
9317
9341
9002
9189
9366
9287
9227
9245
9364
9187
9274
9067
9188
9256
9223
8794
8920
8878
8896
9284
9297
9277
9300
9249
9337
9255
9142
9054
9324
9257
9041
9325
8689
9221
9297
9354
9238
9091
8953
8808
8948
8920
9066
9120
8975
8725
8935
9161
9157
9160
8719
8797
8924
9187
9227
9330
8635
8752
8995
8879
8980
8845
8961
9307
9288
9303
9208
9172
9220
9096
9263
9148
8919
9193
9025
9166
9363
8686
9072
9246
9194
9223
9308
9132
8903
9030
9009
8979
8882
8608
8547
8503
8761
8954
8798
8901
8902
8947
8847
8761
8589
9056
9288
9279
9400
9446
9272
9345
9421
9354
9267
9374
9301
9348
9470
9445
9201
9265
9503
9403
9432
9443
9427
9260
9440
9457
9445
9479
9417
9344
9379
9410
9432
9369
9161
9163
9037
8973
9131
9275
9383
9157
9200
9232
9383
9410
9321
9433
9500
9333
9384
9299
9398
9341
9485
9289
9325
9513
9201
9242
9109
8814
9297
9233
9394
9359
9322
9075
9119
9210
9338
9473
9322
9067
9127
9209
9309
9408
9207
9322
9523
9544
9488
9234
9392
9454
9498
9462
9410
9053
9298
9156
9329
9324
9319
9262
9172
9095
8961
8796
8757
8632
9336
9399
9439
9422
9332
9267
9219
9177
9019
9186
9361
9301
9308
9250
9241
9477
9242
9387
9393
9353
9395
9336
9264
9154
9179
9184
9263
9256
9303
9323
9365
9306
9214
9118
9052
9250
9212
9242
9267
9193
9338
9220
9232
9141
9218
9196
8876
8731
8301
8392
8371
8464
8692
9369
9317
9168
8946
9067
9030
9200
9066
9106
8769
8968
9189
9168
9110
9033
9230
9301
9333
9110
9213
9158
9318
9278
8666
9140
9115
9184
9227
9010
9151
9077
9125
8834
8855
8823
9057
9048
9044
9032
8971
9018
8999
9174
9164
9166
9155
9180
9315
9238
9300
9273
8996
9145
9135
9270
9054
9138
9109
8842
8757
8508
9122
8698
9180
8319
8628
8828
7933
6261
6494
6910
7486
7628
7866
7893
7573
5547
6747
395
8281
8114
8381
8418
8375
8558
8736
8821
6066
6395
5914
7876
8593
8898
9080
9260
6410
9049
6807
8161
7550
8515
8949
8134
8953
9064
9312
9299
7048
8344
8078
9024
7197
9076
8051
9217
7566
9044
9350
7541
9104
8865
9273
9282
7619
8417
8077
9017
7931
9243
8541
8891
8292
8987
9110
9002
9039
7891
9149
9183
9271
8263
9228
8645
8449
9021
8320
8687
8349
9422
8789
8971
9143
9180
8939
8973
9041
9153
8834
9305
9172
9217
9400
9059
9255
9273
9050
8960
7990
7525
7675
7839
7811
7598
7578
7702
7558
7608
7538
7385
7569
8089
9346
9491
9574
9505
9511
9583
9421
9581
9515
9408
9324
8983
8915
9108
9164
9328
9037
9283
9401
9467
9502
9285
9301
9495
9397
9435
9483
9324
9389
9384
9336
9242
9388
9367
9348
9310
9060
9263
9213
9242
9100
9032
9122
9082
9342
9384
9480
9475
9474
9413
9423
9374
9322
9456
9463
9488
9463
9354
9293
9253
9009
9262
9256
9234
8887
9257
9482
9333
9464
9378
9440
9491
9480
9328
9241
9343
9446
9472
9384
9280
9313
9177
9385
9446
9423
9334
9341
9416
9360
9369
9354
9328
9269
9211
9280
9305
9397
9403
9432
9366
9380
9306
9243
9419
9406
9223
9387
9377
9189
9319
9120
8740
8883
8778
8331
7683
7748
7753
8427
8512
8564
9458
9512
9450
9491
9480
9320
9150
9210
9430
9412
9363
9384
9359
9416
9454
8549
9343
9422
9371
9366
9429
9483
9527
9482
9467
9014
8906
8955
9492
9542
9585
9626
9498
9632
9597
9535
9597
9624
9554
9538
9507
9509
9463
9362
9428
9399
9340
9150
9104
9241
9207
9512
9471
9470
9575
9552
9413
9445
9510
9461
9273
9467
9357
9407
9299
9162
9448
9387
9265
9362
9391
9459
9485
9278
9442
9315
9486
9473
9500
9472
9447
9488
9496
9512
9458
9492
9538
9439
9469
9491
9470
9625
9490
9456
9489
9564
9551
9523
9445
9539
9572
9540
9461
9391
9327
9246
9272
9237
9223
9373
9316
9496
9518
9419
9418
9473
9461
9405
9101
8705
9219
9062
8969
8818
6413
6424
6448
6434
6403
6370
6478
6704
6624
6724
6724
6616
6620
6972
7090
7113
7060
7082
9454
9453
9400
9430
9527
9506
9535
9424
9131
9559
9441
9517
9465
9531
9535
9282
9315
9253
9268
9246
9379
9343
9300
9354
9329
9400
9182
9195
9170
9194
9341
9452
9412
9377
9364
9224
9160
9054
9154
9429
9449
9507
9436
9426
9496
9558
9409
9494
9340
9334
9401
9468
9392
9195
9419
9332
9409
9372
9455
9490
9380
9446
9394
9447
9402
9393
9424
9414
9430
9384
9264
9340
9334
9131
9151
9424
9172
9289
9193
8814
8117
8166
8114
8356
8413
8374
9309
9614
9601
9490
9521
9305
9550
9551
9584
9551
9423
9489
9457
9303
9478
9423
9409
9385
9349
9343
9107
9231
9569
9483
9466
9522
9496
9414
9312
9368
9487
9578
9541
9401
9321
9289
9417
9187
9357
8988
9243
9197
9136
8912
9077
8877
8943
8809
8858
8751
8723
8702
8685
8582
8204
8097
8070
8231
8394
8372
8385
8443
8282
8168
8299
8575
8474
8713
8745
9068
9252
9223
9476
9469
9435
9283
9376
9397
9181
9354
9302
9335
9177
9131
9134
9402
9322
9090
9243
9236
9255
9301
9295
9223
9351
9246
9166
9372
8896
9164
9092
9109
9443
9498
9485
9481
9448
9460
9477
9320
9406
9149
9318
9347
9244
9408
9310
9298
9180
9336
9333
9311
9313
9332
9380
9321
9408
9351
9281
1230
964
712
475
2
4
397
8213
8234
9409
9446
9581
9588
9581
9520
9548
9561
9472
9435
9318
9247
8805
8826
9122
9366
9371
9406
9426
9463
9418
9488
9322
9506
9355
9388
9510
9414
9378
9469
9424
9450
9376
9249
9373
9486
9488
9536
9501
9550
9369
9453
9437
9332
9376
9550
9389
9488
9388
9260
9528
9394
9421
8838
8886
9174
9103
8958
8967
8969
9062
9343
9345
9325
9325
9231
9287
9017
9203
9391
9136
9162
9295
9347
9412
9452
9448
9502
9078
9021
9154
8766
8774
8718
9004
9029
9413
9498
9486
9439
9422
9290
9400
9449
9451
9071
9396
9508
9421
9492
9378
9413
9450
9443
9532
9468
9379
9382
9375
9422
9430
9393
9210
9222
9125
9156
9172
9331
9403
9462
9423
9477
9402
9478
9478
9526
9472
9429
9420
9491
9507
9393
9234
9297
9313
9389
9466
9462
9380
9301
9220
9050
8977
8927
8957
8777
8838
8997
8998
8900
8934
9058
9018
9105
9246
9290
9572
9631
9632
9604
9589
9411
9383
9425
9487
9282
9422
9511
9594
9515
9461
9609
9563
9609
9654
9549
9585
9629
9578
9536
9499
9552
9565
9587
9546
9534
9598
9570
9626
9583
9544
9578
9550
9615
9503
9466
9569
9530
9586
9492
9584
9550
9600
9555
9443
9175
9262
9350
9382
9325
9382
9117
9173
9237
9206
9204
9115
9157
9446
9474
9520
9233
9110
9050
9250
9201
9070
8987
9362
9415
9478
9580
9340
9359
9133
9072
8788
8820
8902
9009
9060
9100
9165
9192
9142
9395
9359
9368
9374
9536
9508
9240
9381
9437
9436
9491
9328
9404
9142
9167
9309
9428
9466
9396
9237
9141
9128
9376
9360
9210
9462
9344
9543
9550
9416
9558
9548
9539
9482
9536
9544
9462
9211
9505
9468
9375
9176
9314
9353
9382
9218
9226
9203
8866
8759
8874
8891
8936
9126
9355
9307
9225
9239
9208
8968
8822
8790
9007
9094
9258
9286
9255
9048
9247
9225
9157
9142
9169
9247
9200
9286
9215
9139
9176
9197
9240
9155
9124
8889
8959
8778
8884
9136
9092
9054
9178
9201
9078
9231
9034
9113
9172
9151
9057
8779
8813
8861
8957
8909
8925
8864
8930
8676
9062
9001
8747
8925
8869
8819
8641
8967
8913
8847
8672
8789
8331
8820
8725
8528
8417
8341
8645
8867
8534
8606
8660
8595
8466
8389
8450
8519
8613
8563
8688
8823
8659
8804
8754
8787
8624
8679
8566
8349
8117
8464
8668
8667
8578
8495
8304
8234
8230
8278
8309
8452
8557
8352
8487
8414
8197
8510
8509
8574
8741
8421
8540
8443
8728
8792
8710
8749
8812
9034
9075
9088
9073
9087
8871
9013
9265
9249
9260
9303
9386
9297
9251
9097
9128
9144
9177
9268
9342
9258
9363
9331
9316
9246
9298
9076
8978
8994
8854
8529
8612
9072
9097
9295
9172
9054
9215
9282
9273
9057
9146
8928
8486
8553
8858
9238
9270
9339
9342
9217
9346
9262
9222
9140
8986
8958
9224
9217
9350
9260
9247
9264
9208
9293
9216
9301
9277
9346
9298
9312
9261
9348
9340
9326
9285
9271
8961
9114
9011
9121
8984
9101
9142
9178
9249
9322
8872
9131
9188
9024
9043
8939
9010
8996
9202
9115
9071
8867
8630
8446
8593
8776
8641
8465
8450
8274
8334
8243
8212
8334
7928
7818
8022
7940
7850
8171
8314
8232
8095
8011
7831
7834
7744
7880
7679
7972
8067
8109
8185
8211
8092
8105
8278
8193
8158
8408
8391
8178
8250
8108
8182
8006
8328
8385
8313
8354
8060
8481
8144
8474
8509
8454
8526
8200
8250
7986
8249
8151
8010
7813
8095
7948
7893
7882
7725
7881
7969
7779
7835
7548
7764
7477
7616
7661
7270
7382
7576
7161
6847
727
473
282
260
304
5276
5117
5477
5637
5421
5433
6253
6213
6145
6158
6149
6135
6057
5885
6015
5951
6198
6013
5801
5688
5830
5802
5816
5568
5778
5634
5668
5183
5071
4679
5072
5214
5191
5184
5158
5033
5057
5090
4960
4928
4644
4922
5120
5135
5119
5066
5024
4915
4956
4864
4820
4725
4830
4618
4766
4723
4742
4744
4734
86
87
84
3
3
8
9
9
8
5
9
43
45
43
43
45
45
43
45
43
37
9
9
9
