0
0
0
0
0
0
0
0
0
0
0
0
0
0
0
0
0
0
0.068182
0
0
0
0
0
0
0
0
0
0
0
0.010204
0
0
0
0
0
0.008929
0.008621
0
0
0.007812
0
0
0
0
0.015873
0
0
0
0
0
0
0
0
0
0
0
0
0
0
0
0
0
0.005464
0
0
0
0
0
0
0
0
0
0
0
0
0.005051
0
0
0.005848
0.004785
0
0
0
0
0
0
0
0
0
0
0
0
0
0
0
0.007067
0
0
0
0
0
0
0.009494
0
0
0
0
0
0
0
0
0
0.002755
0
0
0
0
0
0
0
0
0
0
0
0
0.002545
0
0
0
0.002494
0
0
0.002506
0
0
0
0.002513
0.002513
0.002564
0.00266
0.002646
0
0
0.00551
0
0
0
0
0
0
0.002801
0
0.002801
0
0
0
0
0.002809
0.002841
0.005682
0
0
0
0
0
0.002933
0.006061
0
0
0
0
0
0.003311
0
0
0
0
0.007067
0.003497
0.007018
0
0.003546
0
0
0
0.003663
0.007194
0
0
0
0
0
0.003623
0
0
0
0
0
0
0
0
0.003676
0
0
0
0
0
0
0.00722
0
0
0
0
0
0
0.007491
0
0
0.003663
0.003759
0
0.003846
0
0
0.007353
0
0.003571
0
0
0.003636
0
0.003788
0
0
0
0.003521
0.00678
0
0
0
0
0
0.003322
0.006309
0
0
0
0
0
0
0
0.003067
0
0.006042
0.003012
0
0
0
0
0
0
0
0.002967
0
0.002907
0
0
0
0
0
0
0
0
0.002732
0
0
0.002865
0
0
0
0.002667
0.002703
0
0
0
0
0
0
0
0
0
0
0
0
0.002611
0
0
0
0
0
0.005222
0
0
0
0.002571
0
0.002577
0
0
0
0.002545
0
0.002646
0.002681
0
0
0.008
0
0
0
0
0
0
0
0
0
0
0.002717
0.00271
0.00274
0.002717
0.008043
0
0
0
0.005155
0
0.002564
0
0.002545
0.002564
0.002688
0
0
0.002639
0
0
0.005195
0
0
0
0.002611
0
0
0
0
0
0.002646
0.002681
0
0.002801
0.008427
0.002825
0.00554
0.002833
0
0.002801
0
0
0.005797
0.005731
0.00295
0.002941
0.00885
0
0
0
0
0
0
0
0.003012
0
0
0.003135
0
0
0
0
0
0.003401
0
0
0
0
0
0
0
0
0
0.003436
0.003279
0.003236
0
0
0
0.006494
0.0033
0
0
0
0
0
0
0.003165
0
0.003289
0
0.003425
0.010471
0
0
0.00295
0
0
0
0
0
0
0
0.002674
0
0
0
0
0.002481
0
0
0
0
0
0
0.002364
0
0
0
0
0
0
0
0.002146
0
0
0
0
0.002096
0
0
0
0
0
0
0
0
0
0.002045
0
0
0
0
0.002062
0
0
0
0
0
0.002037
0
0
0
0
0.002004
0
0
0.002028
0.002066
0
0
0
0
0
0
0
0.004444
0
0.00232
0
0.002387
0.002375
0.007126
0.00237
0.002415
0.002451
0.002457
0.002451
0.002457
0
0
0.005935
0
0.002591
0.002558
0
0
0
0
0.002611
0
0
0
0.002688
0.002793
0.005618
0
0
0
0
0.002933
0.00295
0.002985
0
0
0.002959
0.002933
0
0
0
0
0.002817
0.002849
0.002786
0
0
0
0
0
0
0
0
0.005587
0
0
0.002841
0.002924
0
0
0.005831
0
0.002976
0.002959
0.005988
0
0
0.006289
0.003155
0
0
0.003333
0
0
0
0.003289
0
0
0
0
0
0.003509
0
0
0
0
0.007663
0
0
0.007843
0
0
0.004115
0
0
0
0
0
0
0
0.004587
0
0.008547
0.004739
0
0
0
0
0
0
0
0
0.005051
0.005
0.005076
0.006061
0
0
0
0
0
0
0.010204
0
0.00995
0
0
0.009569
0
0
0
0.008811
0
0
0
0.004082
0
0
0
0
0
0
0.003623
0
0
0
0.003322
0
0.003226
0.003257
0
0
0
0.003175
0
0.003155
0.003106
0
0.006061
0
0.002924
0.002865
0
0
0
0.005618
0
0.005587
0
0
0
0
0
0
0.002786
0
0
0
0
0
0.002703
0
0
0.005277
0.002571
0.002538
0
0
0
0
0
0
0
0.00266
0
0.002703
0
0.002762
0
0
0
0
0
0
0
0
0
0
0.008596
0
0
0.00885
0.00303
0.00304
0.003077
0.00303
0
0
0
0.006173
0.003067
0
0
0.003195
0
0
0
0
0
0
0.003096
0
0.003145
0.003003
0
0.002924
0
0.003003
0.002985
0
0.002849
0.002809
0.005587
0
0
0
0
0.002967
0
0
0
0
0.002933
0.002976
0.003012
0
0.003125
0
0
0
0
0.003195
0
0
0
0
0.003135
0
0
0
0.003236
0
0.003175
0
0
0
0
0
0
0.003436
0.007018
0
0
0.003401
0
0
0.003322
0.003311
0
0
0
0
0
0
0
0
0
0
0
0.012158
0
0.002907
0.002933
0
0.002841
0
0
0.005634
0
0.002857
0
0
0
0.005479
0.002703
0
0
0
0
0
0.002618
0
0
0
0
0.002597
0
0
0.002545
0.002571
0
0
0
0
0.002538
0.002532
0
0.002564
0
0
0
0
0.002551
0
0.002469
0
0
0.00495
0
0.004975
0
0.002519
0.002558
0.002519
0
0.002551
0
0
0
0.002577
0
0
0
0
0
0
0
0.002747
0
0
0
0.002747
0
0
0.002695
0
0.002725
0.002801
0
0
0
0.002924
0.005848
0
0.003012
0
0
0
0
0.005917
0
0.006135
0.00303
0
0.003215
0
0
0
0
0
0
0
0
0
0
0
0
0.003584
0.003597
0
0
0
0
0
0
0
0.003546
0.003484
0
0
0
0
0
0.003968
0.008696
0
0.003968
0
0
0
0
0
0
0
0
0
0
0
0.003484
0
0
0.010239
0.003356
0
0.006645
0
0
0
0
0
0.0033
0
0
0
0
0
0
0
0.002915
0
0
0
0
0
0
0
0
0
0
0
0
0
0
0
0.002732
0
0
0
0.002604
0
0.002513
0
0
0
0
0
0
0
0
0
0.005102
0
0
0.002513
0
0
0
0
0
0
0.002564
0
0
0.002545
0.002538
0.002488
0
0
0
0
0
0.004878
0
0
0.002481
0.002475
0
0
0
0.002494
0
0
0
0
0.005051
0.002513
0.002551
0
0.002545
0
0
0
0
0
0
0
0
0.002632
0.00266
0
0
0
0
0
0
0
0
0
0
0
0
0
0
0
0
0
0
0
0
0.00241
0
0
0
0.002283
0
0
0.002342
0
0.003247
0
0
0
0
0
0
0
0
0.002174
0
0
0
0
0
0
0
0
0
0
0
0
0.002075
0
0.002045
0
0.002037
0
0
0
0.004338
0
0
0
0
0
0
0
0.00207
0.002075
0
0
0
0.002096
0.004219
0.006438
0.004338
0
0
0
0
0.00883
0
0.004396
0.002212
0.004376
0
0
0
0.002203
0.002198
0
0
0
0
0
0
0.004184
0.006237
0
0
0.002119
0.002096
0
0
0.004357
0.002183
0
0
0
0.002232
0
0.002188
0
0
0
0.004202
0.004292
0
0.002169
0
0
0
0
0
0
0.002331
0.00237
0.002358
0.002404
0
0
0
0.005277
0.002481
0.002387
0.002481
0
0
0
0
0
0
0
0.002283
0
0
0
0
0
0
0
0.002347
0.002375
0
0
0.002398
0.002421
0.002451
0
0
0
0.004808
0
0.002463
0.002433
0
0.002392
0.002358
0.002358
0.002336
0.004706
0
0.004706
0.002315
0
0.002331
0
0.002268
0
0
0
0.002331
0
0
0.002381
0
0
0.004762
0
0.002387
0
0.002421
0.002364
0.002342
0
0.002247
0.002237
0
0
0
0
0
0
0
0
0.004149
0
0.00198
0.001949
0.001934
0.001972
0
0
0
0.003824
0
0.001927
0
0.001905
0.009524
0.003738
0
0.001852
0
0
0
0
0
0
0
0
0
0
0
0
0
0
0.001681
0
0
0
0
0
0.001558
0
0.001608
0.003263
0
0
0.001616
0.001621
0
0
0
0
0
0
0
0
0.008636
0.00173
0.001715
0
0.001733
0
0
0.003565
0.001821
0.001821
0.003591
0
0
0
0
0
0.001996
0.001969
0
0
0
0.002045
0
0
0
0
0.002062
0
0.004065
0.004132
0
0
0
0.004082
0.002028
0.00396
0.001984
0
0.001923
0
0.001938
0
0
0
0
0
0
0.001859
0
0
0.001898
0
0
0
0
0
0
0
0
0
0
0
0
0
0
0
0
0
0
0.00207
0
0.006397
0
0.002174
0
0.003401
0
0
0
0.004396
0
0
0
0
0
0.00232
0
0
0
0.004673
0.004684
0
0
0
0.002387
0.002353
0
0.002353
0
0.004673
0.002331
0
0
0
0
0
0.002309
0
0
0
0
0.009547
0
0
0
0
0.002421
0.002513
0
0
0
0.002525
0
0
0
0.002457
0.002457
0
0
0
0.002336
0
0
0
0.002299
0.004608
0
0
0
0
0
0.004926
0
0.005051
0.007673
0.007614
0.017857
0.002564
0
0.002558
0
0
0.002604
0
0.002632
0
0.002632
0
0
0.002591
0
0.002525
0.002519
0.002451
0
0
0
0
0
0.002439
0
0
0
0
0
0
0.002364
0
0.004717
0.002387
0.002364
0.004695
0.002331
0
0
0.007075
0.002331
0
0
0
0.002268
0
0.002262
0
0
0.006881
0
0
0
0
0
0.002364
0.004773
0.002358
0
0
0
0
0.00232
0
0
0
0
0
0
0
0
0
0
0
0
0
0
0
0
0
0
0
0
0
0
0.002137
0
0
0
0.002198
0
0.002174
0.002155
0.002132
0
0
0
0
0
0
0
0.002222
0
0
0
0.002193
0
0.002232
0
0.004545
0
0
0
0
0
0
0.002273
0
0
0
0
0
0
0
0
0.002268
0
0.004556
0.006757
0.004577
0.002262
0.002237
0.004415
0
0
0
0.002198
0
0
0
0
0.002188
0.00641
0.006303
0.002075
0.004049
0
0
0.010121
0.002041
0
0
0
0
0
0.002066
0
0.002053
0
0
0
0
0
0
0
0.002016
0
0
0
0
0
0.002004
0.00202
0
0.004149
0.002033
0.004158
0
0
0
0
0.001972
0.001976
0.001988
0.002053
0
0.004073
0
0
0
0
0
0.002024
0
0
0
0
0
0
0
0
0.003922
0.004032
0.00396
0
0.002012
0.003976
0
0.002028
0
0
0.002062
0.014493
0.010417
0.002088
0
0
0.002165
0.004367
0
0
0.002165
0.002155
0.004338
0
0
0
0
0
0
0.002169
0
0
0
0
0
0
0.002217
0.002208
0.002262
0.002268
0
0
0
0
0
0
0
0.002288
0
0.002404
0
0
0.00489
0.002475
0
0
0
0
0
0
0
0
0
0
0
0
0.002755
0.003021
0
0
0
0
0
0.002747
0
0
0
0
0
0
0
0.002941
0.002882
0
0
0.005935
0
0
0
0.003115
0
0
0
0.003145
0.006211
0
0
0.003268
0.006309
0.003106
0
0
0.003096
0
0
0.0033
0
0
0
0.015326
0
0
0.006897
0
0.003356
0
0
0.003279
0
0.003205
0
0
0
0
0
0.003106
0.003049
0
0
0
0
0
0.002985
0
0
0.00303
0
0
0
0
0.003086
0.006098
0.003003
0.003049
0.003086
0
0.003086
0
0.00304
0.003257
0
0.009009
0
0
0
0
0.002933
0
0
0
0.002778
0
0
0
0
0
0
0
0
0
0
0
0
0
0
0
0
0
0
0.002538
0
0.002481
0.002475
0
0
0
0.002532
0
0
0
0.002519
0.0025
0.002469
0
0
0.002475
0
0
0
0
0
0
0.004963
0
0
0
0
0
0
0
0
0
0
0
0
0
0
0
0.002353
0
0.002331
0.002347
0
0
0
0
0
0.002375
0
0
0.002299
0
0
0
0
0
0
0.004854
0
0
0
0
0
0.002294
0
0
0.002273
0
0.002299
0
0
0
0
0
0.002242
0
0.002273
0.004525
0.006803
0
0
0.002257
0
0.002222
0
0
0
0
0
0.002141
0
0
0
0
0
0
0
0
0
0.002217
0
0
0
0
0
0
0
0.002151
0
0
0
0
0
0
0.004444
0.002227
0
0
0
0
0
0
0.004673
0
0.002342
0.002347
0
0.002331
0.002309
0.004608
0
0
0
0
0
0
0
0
0.002375
0.00237
0.004728
0.004662
0.002331
0.002342
0
0
0.002262
0
0
0
0
0
0
0.002294
0.002309
0
0.00237
0.002439
0
0
0
0
0
0
0
0
0
0
0
0
0
0.008086
0.002653
0
0
0.002632
0
0
0
0
0.002793
0
0.00274
0
0.00551
0
0.00277
0.002717
0.00277
0
0
0
0
0
0.002841
0
0
0
0
0.002874
0
0
0
0
0
0
0.005634
0.002793
0.002817
0
0
0
0.002857
0
0.002849
0.002849
0
0
0.002825
0.002793
0
0.005464
0
0.005391
0
0
0
0.002688
0.002681
0.002725
0
0
0
0.002793
0
0.00277
0
0
0
0
0.002695
0
0.002717
0
0
0
0.002732
0
0
0
0.002674
0.002625
0
0
0.005291
0.002646
0
0
0
0
0
0
0.005168
0
0.0025
0
0.007772
0
0
0.002564
0.007732
0.002571
0
0
0.005682
0
0.005249
0
0
0
0
0
0.002584
0.005115
0.017722
0
0
0
0.002439
0.002463
0
0
0
0
0
0.002584
0.002545
0
0
0.002545
0
0
0
0
0
0.002463
0
0.002451
0
0
0
0.002375
0.002392
0.002469
0.004796
0.002392
0
0
0.002421
0
0.009901
0.002457
0.002427
0
0
0.00237
0
0
0
0
0
0.002415
0.002421
0
0
0.002445
0
0
0
0.002439
0
0.002475
0
0.002494
0
0
0
0.002519
0
0
0.002551
0.005155
0
0.005115
0
0
0
0.005155
0
0
0.002639
0
0
0
0
0
0
0
0
0.00266
0
0
0
0.002688
0
0.00277
0
0.002924
0.002899
0
0.00289
0
0
0.014205
0
0
0.002967
0
0
0
0
0
0
0.002967
0
0.005848
0
0
0.014881
0.002924
0.009009
0
0
0
0
0
0.006349
0
0.003077
0.006098
0.002985
0
0.002933
0
0
0.00303
0
0.003096
0.003049
0.003086
0
0
0
0
0
0
0.006135
0.002941
0.002899
0
0
0.005731
0.002857
0
0
0
0
0
0.00678
0
0
0
0.333333
0
0
0
0
0.005063
0
0
0
0
0
0
0
0
0.002387
0.002392
0
0
0
0
0
0.002304
0.002309
0
0.002242
0
0.004505
0.002273
0.002268
0
0
0.002183
0.002198
0
0.004348
0
0
0
0
0
0
0
0
0
0
0
0
0.00216
0
0
0
0.002242
0.002237
0
0
0
0
0
0
0.012626
0
0
0.00489
0.004706
0.002364
0
0.002433
0.002475
0
0.002525
0
0
0
0
0
0
0
0.002597
0
0
0.00274
0
0
0
0
0
0.002793
0.00277
0.002725
0
0
0
0.00295
0
0
0
0.003003
0
0
0
0.003003
0.002967
0
0.00295
0
0
0
0
0
0.003058
0
0
0
0
0
0
0.003185
0
0
0
0
0
0
0
0
0
0
0
0.003311
0
0.006431
0
0
0
0.003356
0
0
0.006734
0
0
0
0
0
0
0
0.00346
0
0
0
0
0.003571
0.007246
0.003534
0
0
0.003597
0
0
0
0
0
0
0
0
0
0
0
0
0.003745
0
0
0
0
0
0.003891
0
0
0
0
0.003876
0.003876
0
0.003745
0
0
0.003774
0
0
0
0
0.004237
0.00885
0.004329
0.004255
0.02139
0
0
0.003636
0.003704
0
0
0
0.003597
0
0
0.003521
0
0
0.006969
0.003413
0
0
0.003448
0
0.003448
0.003401
0
0.00346
0
0
0
0.010345
0
0
0
0
0
0
0
0
0.003546
0
0.003509
0.006849
0.010381
0
0
0
0
0
0
0.003484
0
0
0
0
0
0
0
0.003521
0.006944
0.003413
0
0
0
0
0
0
0
0
0
0
0.003448
0.00692
0
0
0
0.003356
0
0
0.003344
0
0.0033
0.003268
0
0.003378
0.006579
0
0
0
0
0
0.003236
0.003236
0
0.003333
0.003236
0
0
0
0
0
0.006645
0
0.003236
0.003175
0.003205
0
0.003226
0.003236
0.006349
0
0.003096
0
0.003125
0.003106
0.006329
0
0
0.003115
0
0
0
0.002994
0
0.003021
0.006173
0.00304
0
0
0
0.003058
0
0
0
0
0.00304
0
0
0.00303
0.006042
0
0
0
0
0
0
0.00295
0.002941
0
0.005714
0.00277
0
0
0.002762
0.002732
0
0
0
0
0
0
0
0
0
0
0
0
0
0
0
0
0.008152
0
0
0
0.008197
0.005435
0
0.00277
0
0.005464
0
0.005435
0
0.002786
0
0
0.003817
0
0
0
0
0.00271
0
0
0
0.002817
0
0.002809
0
0
0
0
0
0
0
0.00274
0
0
0
0
0
0
0.002985
0
0
0
0
0
0
0
0
0
0
0.002762
0.002703
0.002732
0
0
0
0
0.002786
0.005556
0
0
0
0.002667
0
0.00266
0
0
0.002646
0
0
0
0
0
0
0
0
0
0.002571
0.005025
0.002475
0
0
0.002387
0
0
0
0
0.002463
0
0.002475
0.002506
0.005013
0
0
0
0
0
0.002494
0
0.002506
0.002571
0.002538
0
0.005013
0
0
0
0.002451
0.002415
0
0
0
0
0.00495
0
0
0.002475
0
0
0
0
0
0
0
0
0
0
0.002545
0
0
0
0
0
0
0.00266
0
0
0
0.002849
0
0
0
0
0.002907
0
0
0
0
0
0.002933
0
0
0
0
0.003413
0
0
0
0
0
0
0
0
0
0
0
0
0
0.003861
0.004098
0
0
0
0.004484
0
0
0
0
0
0
0
0
0
0
0
0
0
0
0.006897
0
0
0
0
0
0
0
0
0
0
0
0
0
0
0
0
0
0
0
0
0
0
0
0
0
0.004098
0
0
0
0
0
0
0
0
0
0
0
0
0
0
0
0
0
0
0
0
0
0
0
0
0
0
0
0
0
0
0
0
0
0
0
0.003597
0
0
0.003448
0
0
0
0
0
0
0
0
0
0
0
0
0.003704
0
0
0
0
0.004149
0.010256
0
0
0
0
0
0
0
0
0.004651
0
0
0
0
0
0
0
0
0.013699
0
0
0.0125
0
0
0
0
0
0
0
0
0
0
0
0
0
0
0
0
0
0
0
0
0
0
0
0
0
0
0.006667
0
0
0
0
0
0
0
0
0
0
0
0
0
0
0
0
0
0
0
0.004673
0
0
0
0
0
0
0
0
0
0
0
0
0
0
0.004405
0.004367
0.004545
0.004587
0.004651
0
0
0
0
0
0
0
0
0
0
0
0
0
0
0.00641
0
0
0
0
0
0
0
0.00565
0
0
0
0
0
0
0
0
0
0
0
0
0
0
0
0
0
0
0
0.004464
0
0
0
0.004292
0
0
0
0
0
0
0
0
0
0
0
0
0
0
0
0
0
0
0
0
0
0
0.004673
0
0
0
0
0
0
0
0
0
0
0
0
0
0
0
0
0.0125
0
0
0
0
0
0
0
0
0
0
0
0
0
0
0
0
0
0
0
0
0
0
0
0
0
0
0
0
0
0
0
0
0
0
0
0
0
0
0
0
0
0
0
0
0
0
0
0
0
0
0
0
0
0
0
0
0
0.013333
0
0
0
0
0
0
0
0
0
0
0
0
0
0
0
0
0
0
0
0
0
0
0
0
0
0
0
0
0
0
0
0
0
0
0
0
0.005682
0
0
0
0
0
0
0
0
0
0
0
0
0
0
0
0
0
0
0
0.003788
0
0
0
0
0.005618
0
0
0
0
0
0
0
0
0
0.003802
0
0.003984
0.003846
0
0.003636
0
0
0
0
0
0
0.003717
0
0
0
0.003788
0
0.004673
0
0
0
0.003731
0
0
0.003484
0
0
0.006536
0
0
0
0.003096
0
0
0
0
0
0
0
0
0
0.002915
0
0
0
0
0
0
0.002833
0
0
0.002793
0
0
0
0.004184
0
0.00295
0
0
0.005988
0
0.002941
0
0
0
0
0
0
0
0
0
0
0
0
0
0
0.003333
0
0
0
0
0
0
0
0.003289
0
0
0
0
0.003846
0
0
0
0
0.003367
0.003322
0
0.003279
0.006601
0
0.003236
0
0
0
0
0
0
0
0
0
0
0
0
0.003049
0
0
0
0
0
0
0
0
0
0
0
0
0
0
0.002899
0
0
0
0.002907
0
0
0
0
0
0
0
0.002865
0
0.00295
0
0
0
0
0
0.015748
0
0.014493
0
0
0
0
0
0
0
0.003367
0
0.003311
0
0
0
0.003546
0.005556
0
0
0.003378
0
0.003311
0
0
0
0.003571
0
0
0.005952
0
0
0.004762
0
0
0
0
0
0.003448
0
0
0
0.003497
0
0.013986
0
0
0
0
0
0
0
0
0
0
0
0.008696
0
0
0
0
0.003704
0
0.003509
0.003497
0.003425
0
0
0
0
0
0
0
0.003115
0
0
0
0
0
0
0
0
0.003086
0
0
0
0
0
0
0
0
0
0
0.002849
0.005618
0
0
0
0
0
0.00274
0
0
0.00271
0.00266
0
0
0
0
0
0
0
0
0
0.002558
0
0
0
0
0.002433
0
0.002433
0
0
0
0.011962
0
0.002375
0
0.002488
0
0
0.004914
0
0.00241
0
0
0
0
0
0
0.002404
0.00237
0
0
0
0
0
0
0.004831
0
0
0
0
0
0
0.002545
0
0
0
0
0
0
0.002625
0
0.002639
0
0
0
0.002674
0
0.002703
0.005495
0.002833
0
0
0.009585
0
0
0
0
0.003077
0
0
0
0
0
0.002849
0.005618
0
0
0.002857
0.002865
0
0.003096
0
0
0
0
0
0
0
0
0
0
0.003125
0
0
0
0
0
0
0.004237
0
0
0
0
0.007143
0.00346
0
0
0
0
0
0
0
0
0
0.003096
0
0
0.002907
0
0
0.002907
0
0.002933
0
0
0
0
0
0.002924
0
0
0
0
0
0
0.002825
0
0.002833
0
0
0
0
0
0
0
0
0
0
0
0.00271
0
0.002632
0
0
0.002639
0
0
0.002597
0.002639
0.002646
0
0
0
0
0.003597
0
0.003597
0
0
0
0
0
0.002688
0
0
0
0
0
0
0
0
0
0
0
0.002604
0
0
0.002695
0
0
0
0.005277
0
0
0.002584
0
0
0
0.002532
0
0
0
0
0
0
0
0
0.002506
0
0.0025
0
0
0.005102
0.002519
0
0.002558
0.002591
0.00266
0.007042
0
0
0
0
0
0
0
0.00266
0
0
0
0
0.005305
0
0
0
0
0
0
0
0
0
0
0
0
0.002778
0
0
0
0.003021
0
0
0.003236
0
0.002941
0
0
0
0
0
0
0
0
0
0
0
0
0
0
0.006803
0.003745
0
0
0
0
0.003279
0
0
0
0
0
0
0.010239
0.003401
0
0.003378
0
0
0
0
0
0
0
0
0
0
0
0
0
0.003663
0.003759
0
0.007752
0
0
0
0
0
0
0
0
0
0
0
0
0
0
0
0
0
0
0
0
0
0
0
0
0
0.003472
0
0.003425
0
0.0033
0
0.003367
0
0
0
0.007326
0
0
0
0
0
0
0
0.003268
0.013378
0
0
0.003226
0
0
0.003205
0
0
0
0
0
0
0
0
0
0
0
0
0
0
0
0
0.006289
0
0
0.002924
0
0.002915
0.002915
0
0
0
0
0.002865
0
0
0.002941
0.005797
0
0
0
0
0
0
0
0
0
0
0
0
0
0
0
0.002747
0
0
0
0
0
0
0
0
0
0
0
0
0.002674
0.002632
0
0
0
0
0
0
0
0
0.005731
0.002833
0
0.002849
0
0.002817
0.002907
0
0.00295
0
0
0.00295
0
0
0
0
0
0
0
0
0
0.00289
0
0.0059
0
0
0
0
0
0
0
0
0
0
0
0
0
0
0
0
0.003049
0
0
0
0
0
0
0
0.006211
0
0.003205
0
0.003268
0
0.0033
0.006757
0
0.003378
0
0
0
0
0
0
0
0
0.003472
0
0
0.003584
0
0
0
0
0
0
0
0.007782
0
0
0
0
0
0
0
0
0
0
0
0
0
0
0.003788
0.003906
0
0.003774
0
0
0
0
0
0
0
0
0.004425
0
0
0
0
0
0.004566
0
0
0
0
0
0
0
0.003937
0
0
0
0
0
0.003831
0
0
0
0
0
0
0
0
0
0
0.003534
0
0
0
0
0
0
0
0
0
0
0
0.003165
0
0
0
0
0.003021
0
0.006329
0
0
0
0
0
0.004049
0
0.002976
0
0
0.002915
0
0
0
0
0
0
0
0
0
0
0
0
0
0
0
0
0
0
0.002933
0
0.002933
0
0
0.002941
0
0
0
0
0
0
0
0.003175
0
0
0
0
0
0
0
0
0
0
0
0.005556
0.005525
0
0
0
0
0
0
0
0
0
0.004739
0
0
0.005208
0.005076
0
0.009479
0
0
0.005236
0.005319
0.005435
0
0
0
0
0
0
0
0
0
0
0
0
0
0.005236
0
0
0
0
0.004739
0
0
0
0
0
0
0.003984
0
0
0
0.003846
0
0
0
0
0
0
0
0.004032
0.012448
0
0
0
0.004651
0
0
0
0
0.003106
0
0
0
0
0.002882
0
0
0
0
0
0
0
0
0
0
0
0
0
0
0
0.00271
0
0
0.002688
0
0
0.002584
0
0.0025
0
0
0
0
0
0
0
0
0
0
0.002415
0
0
0
0
0
0
0
0
0
0
0
0
0
0
0
0
0.002392
0.00241
0.002381
0
0.002445
0
0.002538
0
0
0
0
0.002513
0
0
0
0.002611
0
0.002725
0
0.004202
0
0
0
0
0.002703
0
0
0
0
0
0
0
0.003058
0
0
0
0
0.008511
0.003205
0
0
0
0.003096
0
0
0
0
0
0
0
0
0
0
0
0
0
0
0
0
0
0
0
0.00346
0
0
0
0
0
0
0.003717
0.003759
0
0
0.004219
0
0
0
0
0
0
0.004484
0
0
0.005128
0
0
0
0
0
0
0.004587
0
0
0
0
0
0
0
0
0
0.013699
0
0
0
0
0
0
0
0
0
0
0
0
0
0
0
0
0
0
0
0
0
0
0
0
0
0
0
0
0
0
0
0
0
0
0
0
0
0
0
0
0
0
0
0
0.003497
0
0
0
0
0
0
0
0
0.00346
0
0
0
0
0
0
0
0
0
0
0
0
0
0
0.004608
0
0
0.003115
0.003058
0
0
0.002933
0
0
0
0
0
0
0
0
0
0
0
0
0
0.003115
0.003096
0
0.003205
0
0
0
0
0
0
0
0
0
0
0
0
0
0
0.004115
0.003497
0
0
0
0
0
0.006601
0
0.003413
0.003367
0.00339
0.003236
0.003279
0
0
0
0.003356
0
0
0
0
0
0.003546
0
0
0
0.00365
0
0
0
0.003676
0.003831
0.004184
0
0
0
0
0.006873
0.006689
0
0
0.003311
0.003236
0
0
0
0
0
0.003175
0
0
0
0
0
0
0
0.004405
0
0
0
0
0.002817
0.005634
0
0
0
0
0.002667
0
0.002611
0
0.002681
0
0
0
0.005168
0
0.00551
0
0
0
0
0
0
0
0
0
0
0
0
0.002475
0
0
0
0
0
0
0
0
0
0
0
0
0
0
0
0
0.002681
0.002475
0
0
0.002392
0
0
0
0
0
0
0
0
0.002525
0.002488
0
0
0
0
0
0.005089
0.002591
0.002591
0.002597
0
0.002688
0.002809
0
0
0
0
0.002618
0
0
0
0
0
0.002695
0
0
0
0
0
0
0
0
0.004255
0
0
0
0
0
0
0
0
0
0
0
0
0
0
0
0.003401
0.006289
0.004425
0
0
0
0
0
0
0
0.003215
0
0
0
0
0
0.003571
0
0
0
0
0
0
0
0
0
0
0.003115
0.003145
0
0
0
0
0
0.003086
0
0.003205
0.003333
0
0
0
0.002793
0
0
0.002778
0
0
0
0.002786
0
0
0
0
0
0
0
0
0.002817
0
0
0
0
0
0
0.002653
0
0
0
0
0
0
0
0.002597
0
0
0.002747
0
0
0
0
0
0
0
0.002591
0
0
0.002717
0
0
0.002688
0
0
0
0
0.002625
0
0
0
0
0
0
0
0.005141
0
0.002519
0
0
0.00237
0
0
0
0
0
0
0.002262
0
0
0.002326
0.004587
0
0
0.002294
0.002336
0
0
0
0.002242
0
0
0
0.004598
0
0
0
0
0
0.002137
0
0.002123
0
0
0
0.004348
0
0
0.002415
0
0
0.002294
0
0
0
0
0
0
0
0.004619
0
0
0
0
0.002299
0.002381
0
0.002387
0.002347
0.002342
0
0
0
0
0
0
0
0.002283
0.005714
0
0.002252
0
0
0
0
0
0.002165
0
0.002188
0
0
0
0
0.00232
0.002299
0
0
0
0
0
0.002398
0
0
0.002488
0.002457
0
0.005038
0
0.002558
0.002558
0.002625
0.002625
0
0
0.00274
0.002732
0
0.002747
0
0
0
0
0
0
0
0.00274
0.002732
0.002695
0
0
0.002778
0.002801
0
0
0
0
0
0.002695
0
0.00542
0
0.00271
0
0.002762
0
0.008696
0
0
0.00277
0
0
0
0.002825
0
0
0
0
0
0
0
0
0.002924
0
0
0
0
0
0
0.002809
0
0
0
0
0
0
0
0
0
0
0
0
0
0.003195
0
0
0
0.003534
0
0.002985
0
0
0
0
0
0
0
0
0
0
0
0
0
0
0
0
0
0
0
0
0
0
0
0
0
0
0
0.002994
0.002985
0
0.002915
0
0.00289
0.002793
0
0
0
0.002941
0
0.008955
0
0
0
0
0
0
0
0
0
0
0
0
0
0
0
0.00304
0
0
0
0
0
0
0.00303
0
0
0
0
0
0
0.003077
0
0
0
0.003165
0
0
0
0
0
0
0.003145
0
0
0
0
0
0
0
0
0
0
0
0.00339
0
0.003846
0
0
0
0
0
0
0.003413
0.003367
0
0
0
0
0
0
0
0
0
0
0
0
0
0.003436
0.00692
0
0
0
0
0
0
0
0
0
0
0
0.005291
0
0
0
0
0
0
0.009259
0
0.008032
0
0.004016
0
0.008511
0
0.010152
0
0
0.005155
0
0
0.003861
0.003922
0
0
0
0
0
0
0
0.003717
0
0
0
0
0
0
0
0
0
0.003788
0
0
0
0
0
0.003623
0.00369
0.003636
0.00361
0
0
0
0
0
0
0
0
0.007246
0
0
0
0
0
0
0
0
0
0
0
0
0
0
0
0
0
0
0
0
0
0.008333
0
0
0
0
0
0
0
0
0
0
0
0
0
0
0
0
0
0
0.004444
0
0
0.003413
0
0
0.003247
0
0
0
0
0
0
0.003344
0
0.003425
0.009217
0
0
0
0.010563
0.013841
0.00346
0.00346
0
0.003436
0
0
0
0
0
0.003731
0
0
0
0.003906
0
0
0
0
0
0
0
0
0
0
0
0.003731
0.003788
0
0
0.003876
0
0
0
0
0
0
0.004032
0
0
0
0
0
0
0
0
0
0
0
0
0
0
0.705882
0
0.8
0
0
0
0
0.004292
0
0
0
0.003953
0
0
0
0
0
0.003663
0
0.00365
0
0.007042
0
0
0.003401
0
0
0
0.003195
0
0
0
0
0
0
0
0
0
0.003003
0
0
0
0
0
0.002933
0.002941
0
0.002924
0
0
0.002882
0.002907
0
0.002915
0.005935
0
0
0.002833
0
0
0
0.005764
0.002941
0.002933
0
0.003145
0.002941
0
0
0
0
0.009036
0
0
0
0
0.002865
0.002865
0
0
0.002994
0
0.002959
0
0.003175
0
0.003145
0
0
0.003086
0
0
0.003215
0
0.003322
0
0
0
0
0.007937
0
0
0
0
0.002865
0
0
0
0
0
0.005747
0
0.002857
0
0
0
0.005634
0.005602
0
0
0
0
0
0
0
0.008197
0
0
0
0
0
0.004032
0
0
0.002625
0.002577
0.002558
0.002611
0
0
0.003067
0
0
0
0
0.002653
0.002571
0
0
0
0
0
0
0
0
0
0
0
0
0
0
0
0
0
0
0.002299
0.002315
0
0
0
0
0
0
0
0
0
0
0
0
0.002347
0
0
0
0
0
0
0
0
0.002364
0.004751
0
0.004773
0
0
0
0.002415
0
0
0.00237
0
0.002375
0
0
0
0
0
0.002358
0
0
0.002421
0
0
0.002469
0
0
0
0.002451
0
0
0
0
0
0
0
0
0
0
0
0
0
0.002494
0
0.002488
0.002488
0.002525
0.002538
0
0.005236
0
0.005305
0
0
0.002681
0.002667
0
0
0
0
0
0.009091
0
0
0
0
0
0.002793
0.002809
0
0.002841
0
0.00289
0.005882
0.002941
0
0.002976
0
0
0
0.003012
0
0
0.003012
0
0
0
0
0
0
0.003279
0
0
0.003226
0
0
0
0
0
0
0
0.003155
0
0.003268
0.003333
0
0
0
0
0.003322
0
0
0
0
0
0
0
0.003413
0
0
0.003425
0.003497
0
0
0.003521
0.003472
0
0.003509
0
0.003521
0
0
0.003356
0
0
0
0
0
0
0
0
0.003472
0
0
0.003534
0
0
0
0.003546
0
0
0
0
0
0
0
0
0
0
0
0
0
0
0
0
0
0.007299
0.006897
0
0
0
0
0
0
0.003802
0.003802
0
0
0
0
0
0
0
0
0
0
0.003597
0.003774
0.003636
0
0
0
0
0
0
0
0
0.007353
0
0.00346
0
0
0
0
0
0
0
0
0
0
0
0
0
0
0.00304
0
0.003003
0
0
0
0
0
0
0
0
0
0
0
0
0
0
0
0
0
0
0.003115
0
0
0
0
0
0.00365
0.003247
0
0
0.003226
0.006452
0
0
0.003472
0
0
0
0
0
0
0.004717
0
0
0
0
0
0.005236
0
0
0
0
0
0
0
0
0.003096
0
0
0.003289
0
0
0
0
0.003597
0
0
0
0
0
0
0
0.003236
0.003247
0
0.003226
0
0
0
0
0.003106
0.006154
0
0
0
0
0.006042
0
0
0
0.00303
0.002985
0
0
0.0059
0
0
0.002941
0
0
0
0.006061
0
0.006024
0
0.0059
0
0.002933
0.002857
0
0.005682
0.002841
0
0
0
0
0
0
0
0
0.002747
0
0
0
0
0.002959
0.003279
0
0
0.006309
0
0
0
0.006061
0
0.002967
0.003021
0.006349
0
0
0.0059
0
0
0
0
0
0
0
0
0
0
0
0
0.002874
0
0.003077
0.002857
0
0.00274
0.002762
0
0.002755
0
0
0
0
0
0
0
0
0
0
0
0
0
0
0
0
0
0
0
0
0
0
0
0
0
0
0
0.003448
0
0
0
0
0.00346
0
0
0
0
0
0
0
0
0
0
0
0.003546
0
0
0
0
0
0.005714
0
0
0
0.003236
0
0
0
0
0
0
0
0
0.003155
0
0.002976
0
0
0
0
0
0.002762
0
0.002725
0.002762
0.005305
0
0.002653
0
0
0
0
0.002725
0.005376
0
0.00271
0
0.00266
0
0
0
0.002632
0.002604
0
0.002591
0
0
0
0
0
0
0
0
0.002755
0
0
0
0.00277
0
0.002941
0
0
0
0
0
0
0.003021
0.002994
0
0
0
0
0.002793
0
0
0
0
0
0
0
0
0
0
0
0
0.00295
0
0
0.006349
0
0.00361
0
0
0
0.003289
0
0
0
0
0
0
0
0
0.003802
0
0
0
0.003704
0.003831
0
0
0
0
0
0
0.003559
0
0.003846
0.003817
0
0
0
0
0
0
0
0
0
0
0
0.004149
0
0
0
0
0
0
0
0
0
0.003425
0
0.003413
0
0
0
0
0.004464
0
0
0
0
0
0
0
0
0
0
0
0
0
0
0.002793
0
0
0
0.002681
0.002703
0.002725
0
0.002732
0
0
0
0
0.005319
0
0
0
0
0.002717
0.007833
0
0.002597
0
0
0
0
0
0
0
0
0.003367
0
0
0
0
0.002577
0.002564
0
0.002571
0
0
0
0
0
0
0
0
0
0.002513
0
0
0
0
0
0.007407
0
0
0.002762
0
0
0
0.00277
0
0
0
0
0.005698
0
0
0
0
0
0
0
0.003226
0
0
0.00304
0
0
0
0
0
0
0
0
0
0
0
0
0
0
0
0
0
0
0.003922
0
0
0
0
0
0
0
0.004082
0
0
0.004098
0
0
0
0
0
0.005236
0
0
0
0.082278
0
0
0
0
0
0
0.004444
0
0
0.003953
0
0.008163
0
0
0
0
0.003344
0
0
0
0
0
0
0
0
0
0
0
0
0
0
0
0
0
0
0
0
0
0
0
0.002525
0.002506
0.002513
0.002551
0
0.002475
0
0.002445
0
0.002488
0.002513
0
0
0.003356
0.005063
0
0
0.002415
0
0
0
0
0
0.0025
0
0
0
0
0
0
0.002525
0
0
0
0
0
0
0
0
0.002817
0.004348
0
0
0
0
0
0
0
0.002899
0
0
0
0
0
0
0
0
0.002532
0
0
0
0
0
0
0.002551
0.005195
0
0.002545
0.002538
0
0
0
0
0
0
0
0
0
0
0
0
0
0
0
0
0.003195
0.003226
0
0.009554
0
0.002907
0
0
0
0
0
0
0
0
0
0
0
0
0
0
0.002882
0.002841
0
0
0
0.002793
0
0
0.00289
0.002817
0.002809
0
0
0
0
0
0.002695
0
0
0
0
0.002571
0
0.002558
0
0
0
0
0.002681
0
0.013158
0.002674
0
0
0
0
0
0
0
0
0
0.00274
0
0.00277
0
0.002841
0
0
0.00295
0
0.003049
0
0
0.002994
0
0
0
0.003106
0
0
0
0
0
0
0
0
0
0
0
0
0
0
0.003155
0
0
0
0
0
0.00361
0
0
0
0
0
0
0
0
0
0.003155
0
0
0
0
0
0
0.003401
0
0.003378
0
0
0.003906
0.003546
0
0
0
0
0
0
0
0
0
0
0
0.003876
0
0
0
0
0
0
0
0.004878
0
0
0
0
0
0
0
0
0
0
0
0
0
0
0
0
0
0
0
0.004484
0
0
0
0
0.004762
0
0
0
0
0
0
0
0
0.005263
0
0.005525
0
0
0.011765
0
0.006024
0
0
0
0
0.00641
0
0.013333
0
0
0
0
0
0
0
0
0
0.006536
0
0
0
0
0
0
0
0
0.00625
0
0
0
0.005747
0
0
0
0.005814
0
0
0
0
0
0
0
0
0
0.005682
0.005682
0
0
0
0
0.005747
0
0
0
0
0
0
0
0.006803
0
0.007874
0
0
0
0
0
0
0
0.015152
0
0.03125
0
0.011494
0
0
0
0
0
0
0
0
0
0.013158
0
0
0
0
0
0
0
0
0
0
0.0125
0
0
0
0
0
0
0
0
0
0
0
0.01087
0.011364
0
0
0
0
0
0
0.012658
0
0
0
0
0
0
0
0
0
0
0
0
0
0
0
0
0
0
0
0
0
0
0
0
0
0
0
0
0
0.035714
0
0
0
0
0
0
0
0.066667
0
0
0
0
0
0
0
0
0
0
0
0.055556
0
0
0
0
0
0
0
0
0
0
0
0
0
0
0
0
0
0
0
0
0
0.018182
0
0
0
0
0
0
0
0
0
0.014085
0
0
0
0
0
0
0
0
0
0
0
0
0
0
0
0
0
0
0
0
0
0
0
0
0
0
0
0
0
0
0
0
0
0
0
0
0
0
0
0
0
0
0
0
0
0
0
0
0.007194
0
0
0
0
0
0
0
0
0
0.006289
0
0
0
0
0.005464
0
0
0
0
0
0
0
0
0
0
0
0
0.004202
0.004132
0.004065
0
0
0
0
0
0
0.003817
0
0
0
0
0.003195
0
0
0
0
0
0.00303
0
0.002967
0
0
0.005764
0
0.002833
0
0.00289
0
0.002857
0.002825
0
0
0
0
0.003021
0.003021
0.00303
0
0
0.010101
0
0
0
0
0
0
0
0
0
0
0
0
0
0
0
0
0
0
0
0
0
0.003289
0.003279
0.006667
0.003344
0.003344
0
0
0
0
0.003279
0
0
0
0.003344
0
0
0
0
0.003344
0
0
0
0.006689
0.01
0
0
0.003279
0
0.003195
0
0.003226
0
0
0
0
0
0.003145
0
0.003165
0
0
0
0
0
0
0
0
0.003106
0
0
0
0.003003
0
0.002899
0
0.005797
0
0
0.002882
0
0
0
0
0
0
0
0
0.002732
0.002786
0.002778
0
0
0
0
0
0.002874
0
0
0
0
0.00625
0
0
0
0
0
0.007576
0
0
0
0
0
0
0
0
0
0
0
0
0
0.003425
0
0
0
0
0
0.002915
0
0
0
0.002924
0
0
0
0
0
0
0
0
0
0.002809
0.002833
0
0
0
0.002907
0
0
0
0
0.003356
0.003311
0
0.006431
0
0
0
0.006667
0
0
0
0
0
0
0
0.003663
0
0.003584
0
0.007042
0
0
0
0
0
0.003953
0
0
0
0
0
0.004032
0
0
0
0.004292
0
0
0
0.004367
0
0
0
0
0
0
0
0
0
0
0
0
0
0.005525
0
0
0
0
0
0
0
0.00463
0.004545
0
0.004525
0.004525
0
0
0
0
0
0
0.008969
0
0
0
0
0
0
0
0.004367
0
0
0
0
0
0
0
0.003968
0
0
0
0
0
0.003861
0
0
0
0
0
0
0
0.007018
0
0
0
0
0
0.003279
0
0.003257
0.003236
0
0
0
0.003175
0.006135
0
0
0
0
0
0
0
0
0
0
0
0
0.003175
0
0
0
0
0
0
0
0
0
0
0
0
0
0.00339
0
0
0.003472
0.007042
0
0
0
0
0
0.003968
0.008
0
0
0
0
0
0.004032
0
0
0
0.004149
0
0
0
0
0.004484
0
0
0
0
0
0
0
0
0
0.009132
0
0
0
0
0
0
0.004717
0
0.004854
0
0
0.005236
0.005263
0
0
0
0
0
0
0
0
0
0
0.006061
0
0
0
0
0
0
0
0
0
0
0
0
0
0.007463
0
0
0
0
0
0
0
0
0
0.008403
0
0
0
0
0
0
0
0
0
0
0
0
0
0
0
0
0
0
0
0.017241
0
0
0
0
0
0
0
0
0
0
0
0
0
0
0
0
0
0
0
0
0
0
0
0
0
0
0
0
0
0
0
0
0
0
0
0
0
0
0
0
0
0
0
1
0
0
0
0
0
0
0
0
0
0
0
0
0
0
0.011628
0
0
0
0
0
0
0
0
0
0
0
0
0
0
0
0
0
0
0
0
0
0
0
0
0
0
0
0
0.006061
0
0
0
0
0
0
0
0
0
0
0
0.004831
0
0
0
0
0
0
0
0
0
0
0
0.004405
0
0
0.007968
0
0.003876
0
0
0
0
0
0
0
0.003584
0
0
0
0
0
0
0
0
0
0
0
0
0.006472
0
0
0
0
0.003484
0
0
0
0
0
0
0.005814
0
0.006024
0
0
0
0
0
0.002882
0
0.00551
0
0.002817
0.002809
0
0
0
0.002849
0
0.002899
0
0.002833
0
0
0
0
0
0
0
0.003559
0
0.002841
0
0.002825
0
0
0
0.002825
0.002857
0
0
0
0.002924
0
0.004049
0
0
0
0
0
0
0.003125
0.006192
0
0
0
0
0
0
0
0
0
0.004016
0.003937
0
0
0
0.003984
0
0
0.004329
0
0
0
0
0
0
0.004545
0.004651
0
0.004975
0
0
0.010152
0
0
0
0
0
0
0
0
0
0
0
0
0
0
0
0
0
0
0.006579
0.006667
0.006897
0
0
0.007092
0
0
0
0
0
0
0
0
0.010204
0
0
0
0
0
0
0
0
0
0
0
0
0
0
0.016949
0
0.018182
0
0
0
0
0.02381
0
0
0
0
0
0
0
0
0
0
0
0
0
0
0
0
0
0
0
0
0
0
0
0
0
0
0
0
0
0.011905
0
0
0
0
0
0
0
0
0
0
0
0
0
0.013514
0
0
0
0
0
0
0
0
0
0
0
0
0
0
0
0
0
0
0
0
0
0
0
0
0
0
0
0
0
0
0
0
0.016129
0
0
0
0
0
0
0
0.00495
0
0
0
0
0
0
0.004425
0
0
0
0
0
0
0.003891
0
0
0
0
0
0
0
0
0
0
0.003484
0
0
0.003546
0.003623
0.00369
0
0
0
0
0
0
0
0
0
0
0.007407
0
0.00369
0
0
0
0
0
0
0
0
0.003817
0
0
0
0
0
0
0
0
0
0
0
0
0
0
0
0
0
0.004167
0
0
0.007092
0
0
0
0
0.004082
0
0
0
0
0
0
0
0
0
0.004762
0
0
0
0
0.012295
0
0
0
0
0
0
0
0
0.003984
0
0
0
0
0.003636
0
0
0
0.003559
0
0
0
0
0
0
0
0
0
0
0
0
0
0
0
0
0
0
0.00565
0
0
0
0
0
0
0
0
0
0
0
0
0.003663
0
0
0
0
0
0.0033
0
0.003322
0
0
0
0
0
0
0
0
0
0.003367
0
0
0
0
0
0
0
0
0
0
0.004425
0
0
0.003106
0
0
0.006042
0
0
0
0
0
0.003049
0
0
0
0
0
0.002882
0
0.005618
0
0
0.002849
0
0
0
0
0.002809
0
0.002857
0.005731
0
0
0.002833
0
0
0
0
0.002849
0
0
0.002849
0
0
0
0
0.00289
0
0
0.003021
0
0
0
0
0
0
0
0.003311
0.003367
0
0
0
0
0
0
0.007874
0
0
0
0
0
0.003571
0
0
0
0
0
0
0
0
0
0
0
0
0
0
0.010135
0.003155
0
0
0
0
0.002959
0
0
0
0
0.00304
0
0
0
0
0
0
0
0
0.002865
0
0
0
0
0
0.002899
0.002865
0
0
0
0
0
0.002865
0
0
0.005764
0
0
0.004386
0
0
0.002793
0
0
0
0.00551
0
0
0
0
0
0
0
0
0
0.00274
0
0
0
0
0
0
0
0
0
0
0
0
0
0.002564
0
0.002494
0
0.002513
0.002488
0
0
0
0
0
0
0.004673
0.002392
0
0
0
0.002342
0
0
0
0
0
0
0
0
0.002347
0
0.00232
0.002353
0.004739
0
0
0
0
0.002331
0
0.002299
0
0
0
0
0
0.002273
0.002268
0
0.002268
0
0
0.002347
0.00464
0
0.004545
0
0
0.002364
0.004938
0
0.002262
0.002188
0
0
0
0
0.002237
0
0
0.002262
0.002257
0
0.004435
0.002232
0
0
0.004494
0
0
0
0
0
0
0
0
0
0
0
0
0
0
0.002513
0
0
0
0.002632
0
0
0
0.002755
0
0
0
0
0.014035
0
0
0.003289
0
0.003268
0
0
0
0
0
0
0
0
0
0
0
0
0
0
0
0
0
0.007353
0
0
0
0
0
0
0
0
0
0
0
0
0
0
0.006329
0
0
0
0
0
0
0
0
0
0
0
0
0
0
0
0
0
0
0
0
0
0
0
0.004505
0
0
0
0
0.005051
0.007194
0
0
0
0
0
0
0
0
0
0
0
0
0
0
0
0.007463
0.003636
0
0
0
0.003472
0
0
0
0
0.007042
0
0.006667
0
0
0
0
0
0
0
0
0
0
0
0
0
0.002907
0.002857
0
0
0
0
0
0
0
0
0
0
0
0.002865
0.008982
0
0
0
0
0
0.005305
0
0
0
0
0
0
0
0.002551
0
0
0
0.002591
0
0
0
0
0
0.002817
0
0.002653
0.002695
0
0
0
0
0
0
0
0
0.002762
0
0
0
0
0
0
0
0.002801
0
0.002841
0
0
0.002857
0
0
0
0
0.005848
0
0
0
0
0
0
0
0
0.003115
0
0.003322
0.010309
0.006645
0.003268
0
0
0
0
0
0.003135
0.003226
0
0.003279
0.00361
0
0
0
0
0.003145
0
0
0
0
0.006431
0
0
0
0
0
0
0
0
0
0
0.003195
0
0
0.003268
0
0
0
0
0.003413
0.003436
0
0.003521
0.003559
0
0
0
0
0
0
0
0.003704
0.010471
0
0
0
0
0
0
0
0
0
0.003378
0
0
0
0
0
0
0
0.004082
0
0
0
0
0
0
0
0
0.002681
0
0
0
0
0
0.003175
0
0
0
0
0
0
0
0
0
0.005319
0
0
0
0
0.002639
0.002571
0
0.002597
0
0
0
0
0.002632
0
0
0
0
0.002717
0
0
0
0
0
0
0
0
0.005391
0.002674
0
0
0.002941
0
0
0
0
0
0
0
0
0
0
0
0
0
0
0
0.003906
0
0
0
0
0.004237
0
0
0
0
0
0
0
0
0
0
0
0
0
0
0.006494
0
0
0
0
0
0
0
0
0
0
0
0
0
0
0
0
0
0
0
0
0
0
0
0
0
0
0
0
0
0
0
0
0
0
0
0.005
0
0.010363
0
0.01
0.005319
0
0.005587
0
0
0
0.009174
0
0
0
0
0
0
0
0
0
0
0
0
0
0
0
0
0
0
0
0
0
0.004608
0
0
0.005495
0.005714
0
0
0
0
0
0
0
0
0
0
0
0
0
0
0
0
0
0.003922
0
0
0.007663
0
0
0.007634
0
0.003906
0
0
0.003922
0
0
0
0
0
0
0.008403
0.004237
0
0
0.008734
0
0
0
0
0
0
0
0
0.005076
0
0.006849
0
0.006536
0
0
0
0.006329
0
0
0
0
0
0
0
0
0.006711
0
0.007042
0
0
0
0
0
0
0.011494
0
0
0
0
0
0
0
0
0
0.012658
0
0
0
0
0
0
0
0
0
0
0
0
0
0
0
0
0.015152
0
0
0
0
0
0
0
0
0
0
0
0
0
0
0
0
0
0
0
0
0
0
0
0
0
0
0
0
0
0
0
0
0
0
0
0
0
0
0
0
0
0
0
0
0.008772
0
0
0
0
0
0.008264
0
0
0
0
0
0
0
0
0.006135
0
0
0
0
0
0.005348
0
0
0.005076
0
0
0.013245
0.004785
0
0
0
0
0
0
0
0.005587
0
0
0
0.003846
0
0.003636
0
0
0
0
0
0
0
0
0
0
0
0
0.002857
0
0
0
0
0.002907
0
0.002959
0
0
0
0.003058
0
0
0.009434
0
0
0
0.006969
0
0
0
0
0
0.004049
0
0.005155
0
0
0
0
0
0
0
0
0
0
0
0
0
0
0
0.004329
0
0
0
0
0
0
0
0
0
0
0
0.003215
0
0
0.003279
0
0
0
0
0
0
0
0.005076
0
0
0
0
0
0.003817
0
0
0
0
0
0.004149
0
0
0.003472
0.006993
0
0
0
0
0
0
0
0
0
0.003597
0
0
0
0
0
0
0
0.003413
0.003401
0
0
0
0
0
0
0
0
0
0
0.003155
0.006329
0
0
0.003311
0
0
0
0
0
0
0.003135
0
0
0.004651
0
0
0
0.003115
0
0.003401
0
0
0
0.00289
0
0.002825
0.002833
0
0
0
0
0
0
0.00277
0
0
0
0
0.002653
0
0
0
0
0
0
0
0
0
0.002646
0
0
0.002632
0.002667
0
0
0
0
0
0
0
0.007463
0
0
0
0
0.002755
0.002732
0
0
0.002674
0
0
0.002732
0
0
0.002786
0
0.004132
0
0
0
0
0
0.002874
0
0
0
0
0
0
0
0
0
0
0.005587
0
0
0
0
0
0
0
0
0
0
0
0.00295
0.002967
0
0
0
0
0
0
0
0
0
0
0.003636
0.007605
0
0
0
0.003356
0
0
0
0.00641
0
0
0
0.003521
0
0.006515
0
0.003185
0
0
0
0.003185
0.006431
0
0.006369
0
0
0
0
0
0
0.003436
0
0
0.003378
0
0
0
0
0
0
0
0
0
0
0
0
0.003521
0
0
0
0
0
0
0
0.003401
0
0
0
0
0.003484
0
0
0
0
0
0
0
0
0
0.003356
0
0.003322
0
0
0
0
0.003322
0
0
0.006734
0
0
0
0.003534
0
0.003559
0
0
0
0
0
0
0
0
0
0
0
0.006711
0
0
0.010909
0
0
0
0
0
0
0
0
0
0
0
0
0.00339
0.003413
0
0
0
0
0
0.005348
0
0
0
0.003906
0
0.004525
0
0
0
0
0
0
0
0
0
0.003922
0.004
0
0
0
0
0
0.008475
0
0
0
0
0
0
0.006849
0
0
0.006849
0
0
0
0.004219
0
0
0
0
0
0
0
0
0
0
0
0
0.003067
0
0
0
0
0
0.002899
0.002841
0.002793
0
0
0.002817
0.002786
0.005571
0
0
0.005305
0
0
0.002481
0
0
0
0
0
0
0.004706
0
0
0.002404
0
0.002375
0.002364
0
0
0.002381
0.002387
0
0
0
0.008219
0
0
0
0
0
0
0
0
0
0
0
0.007426
0
0
0
0
0.002433
0
0
0
0.002445
0
0
0
0.002551
0.002519
0.0025
0
0
0
0
0
0
0
0.005168
0
0
0
0
0
0
0.002681
0.002762
0.002793
0.002841
0.002874
0
0
0
0
0
0
0.003145
0.013072
0
0.006645
0
0
0
0.003356
0
0
0
0.003546
0
0
0.003636
0
0
0
0.003817
0
0.003759
0
0
0.003788
0
0
0
0
0
0
0
0
0
0
0
0
0.003731
0
0.007519
0
0.003623
0
0
0
0
0
0
0
0
0
0
0.00369
0.003704
0.003584
0.00365
0
0
0.00365
0
0
0
0.011858
0
0
0
0
0.00339
0
0
0
0
0.003279
0
0
0
0
0
0
0
0.002959
0.002933
0
0
0
0.002825
0
0
0
0
0
0
0
0
0.002899
0.003906
0
0.002817
0.002717
0
0
0
0
0
0
0
0
0
0
0
0
0
0.002725
0
0.002747
0
0
0
0
0
0.002725
0
0
0.002793
0.002755
0.005556
0.005391
0
0
0
0
0.002667
0
0
0
0
0
0.002865
0
0
0
0
0
0
0
0.005222
0
0
0
0
0.002551
0.002564
0
0
0.002584
0
0.002688
0.002703
0.002653
0.002681
0
0
0.002755
0
0
0
0
0
0
0
0
0.002717
0
0.00271
0.005391
0
0.002688
0
0
0
0
0.00277
0.002801
0.002825
0.002817
0
0
0
0
0
0
0
0
0
0
0
0
0
0
0
0.003521
0
0.003289
0.003257
0.003165
0.003226
0
0.003115
0
0
0.00303
0
0.003058
0
0
0
0
0
0
0
0
0
0
0
0
0
0
0
0
0
0
0.003704
0
0
0
0.003425
0
0
0
0.006711
0
0
0
0
0.00339
0.003356
0
0
0.008889
0
0.006494
0
0
0
0
0
0
0
0
0
0
0.00289
0
0
0
0
0
0
0
0
0
0
0
0.004348
0
0
0.003802
0
0
0
0
0
0
0
0
0
0
0.002755
0
0
0
0.00274
0
0.004587
0
0
0
0
0
0
0
0
0.005348
0
0
0
0
0
0
0.002551
0
0
0
0
0
0
0
0
0.002445
0
0
0
0
0
0
0
0
0
0
0.002336
0
0
0
0
0
0
0
0.004808
0.004819
0
0.004785
0
0
0
0
0
0
0
0
0
0
0
0
0.002899
0
0
0
0
0.002532
0.010204
0
0
0
0
0.00495
0
0
0
0
0
0.004831
0.00241
0.004831
0
0.002457
0.002475
0.002469
0.002439
0.004988
0
0
0
0
0.002558
0.002538
0
0.002564
0.005128
0
0.002639
0
0
0
0
0
0.002747
0
0.002755
0
0
0.002899
0
0
0.002941
0
0
0
0
0
0
0
0
0
0.00303
0
0
0
0
0
0
0.003077
0
0
0
0
0
0
0
0
0
0
0.013043
0
0
0
0
0
0
0
0
0
0.005814
0
0
0
0.002882
0
0
0
0
0
0
0
0.002907
0
0
0
0
0
0.002924
0
0
0
0
0
0
0
0
0
0
0
0
0.002985
0
0
0
0
0.003058
0
0
0
0
0
0.002967
0
0
0
0
0
0
0.002865
0.005634
0
0.002857
0.002841
0
0
0
0
0
0
0
0
0
0
0.0059
0
0.002985
0
0
0
0
0.003003
0
0
0.005731
0
0
0.002899
0
0
0
0
0
0.002967
0
0
0
0
0
0.002857
0
0
0
0
0
0
0.002688
0
0
0.002653
0
0
0
0
0
0.005376
0.002653
0
0.005305
0.002639
0
0.002604
0.002618
0
0
0
0
0
0
0
0
0
0.002933
0
0
0
0
0
0
0
0
0
0
0
0
0
0.003003
0
0.003049
0.002967
0
0
0
0
0
0
0
0
0.007782
0.003861
0.009132
0
0.003135
0
0
0
0
0
0
0.006711
0
0
0
0
0
0
0
0.006349
0
0.003311
0.004975
0
0
0
0
0
0
0
0
0.003096
0
0.003165
0
0
0
0
0
0
0
0
0
0
0
0
0
0
0
0
0
0
0
0.003448
0
0
0
0
0
0.00495
0
0
0.01005
0
0
0.005714
0
0.003012
0
0
0
0
0
0
0
0.002793
0.008
0.002591
0
0
0
0
0
0
0
0.004773
0
0
0.002273
0.002278
0
0
0
0
0
0.002174
0.002183
0
0.002179
0
0
0
0
0
0
0
0
0
0
0
0.002083
0
0
0
0
0
0
0
0
0.004425
0
0
0.002212
0
0
0
0
0
0
0.002421
0
0.005076
0.002564
0
0
0
0
0
0.004098
0.004115
0
0
0
0
0
0
0
0
0
0
0.002717
0
0
0.002841
0
0
0.002907
0
0
0
0
0
0
0
0.002994
0.004785
0
0
0
0
0.00545
0
0
0
0
0
0
0.002732
0
0.00277
0
0
0
0
0
0.002674
0
0
0
0.00271
0.002688
0
0
0
0
0.002976
0
0.004098
0
0
0
0
0
0
0
0
0
0
0
0
0
0
0
0
0
0
0
0
0
0
0
0
0.002865
0.002959
0
0.003003
0.003003
0
0
0
0
0
0.002793
0
0
0
0.002849
0
0.002762
0
0
0
0
0
0
0.002762
0
0
0
0
0
0.002632
0.002604
0
0.002488
0
0.005063
0
0
0
0
0.002577
0
0
0
0.002513
0.002538
0
0
0
0
0
0
0
0
0
0
0
0
0.005195
0.005115
0
0.002584
0
0.002618
0
0
0
0
0
0
0
0
0
0
0
0
0.002506
0.0025
0
0.002494
0
0
0
0
0
0
0
0
0
0
0
0
0
0
0.002342
0
0
0
0.002381
0
0
0
0
0.002506
0.002488
0.002469
0.002513
0
0.002538
0
0.002519
0.005102
0.0025
0
0
0
0.0025
0
0.002577
0
0
0
0
0.002899
0.005882
0
0
0
0
0.002564
0
0
0
0.0025
0
0
0
0
0
0
0
0
0
0
0.002564
0
0
0
0.002597
0
0.002625
0.005181
0.002571
0
0
0.002632
0
0
0
0
0.002525
0
0
0
0
0.002481
0
0
0
0
0
0
0
0
0.002545
0.002551
0.00266
0
0
0.00266
0
0
0
0
0
0
0
0
0
0.002841
0.002841
0.002882
0.003279
0
0.003155
0
0
0.002985
0
0
0
0
0
0
0
0
0
0
0
0.003125
0
0
0.003425
0.003717
0
0.003413
0
0
0
0
0
0
0
0
0
0
0.003497
0
0
0
0
0
0
0
0
0
0
0.005952
0
0
0
0
0
0
0.004673
0
0
0
0
0
0.005682
0
0
0
0
0
0
0.006098
0
0
0
0
0
0
0.015873
0
0
0
0
0
0
0
0
0
0
0
0
0
0
0.015873
0
0
0.009709
0.009901
0
0
0
0
0
0
0
0
0
0
0
0
0
0
0
0
0
0
0
0
0
0
0
0
0
0
0
0
0
0
0
0
0
0
0
0
0
0
0
0
0
0
0
0
0
0
0
0.02
0
0
0.007692
0
0
0
0
0
0
0
0
0
0
0.005952
0
0
0
0
0
0
0
0
0.005051
0
0
0
0
0
0
0
0
0
0
0
0.004444
0
0
0.00495
0
0
0
0
0
0
0
0
0.003597
0
0.003584
0
0
0
0
0
0
0
0
0
0.018072
0
0
0
0
0
0
0
0
0
0
0
0.010695
0.003788
0
0
0
0
0
0
0.003165
0
0
0
0.002967
0.003021
0.002994
0
0.002924
0
0
0
0
0
0
0
0.002841
0
0
0
0.002976
0
0
0.003185
0
0.003257
0
0
0
0
0
0
0
0
0
0
0
0
0
0
0
0.003876
0
0
0
0.005348
0
0.005405
0
0
0.004673
0
0.00463
0
0
0
0
0
0
0
0
0
0
0
0
0
0.006369
0
0.006536
0
0.00625
0
0
0
0
0
0.007519
0
0
0
0
0
0
0
0
0
0
0
0
0
0
0
0
0
0
0
0
0
0
0
0
0
0
0
0
0
0
0
0
0
0
0
0
0
0.012821
0
0
0
0
0
0
0
0
0
0
0
0
0
0
0
0
0
0
0
0
0
0
0
0
0
0
0
0
0
0
0
0
0
0
0
0
0
0
0
0
0
0
0
0
0
0.005128
0.005181
0.005155
0.005128
0.005128
0.005128
0
0
0
0
0
0.004587
0
0
0
0
0.004274
0
0.004167
0.004484
0
0
0
0
0
0
0
0
0
0
0
0
0.003704
0
0
0
0
0
0.003268
0
0
0
0
0
0
0
0
0.003322
0
0
0
0.00289
0.002865
0
0
0
0
0
0
0
0.002762
0
0
0.002667
0
0
0.002611
0
0
0.005115
0.005102
0
0
0
0
0
0
0.002445
0
0
0
0
0
0
0
0
0
0
0
0
0
0
0
0
0.002353
0.002358
0
0.002387
0
0
0
0.002398
0
0
0
0
0.002427
0
0
0.002445
0
0
0
0
0
0
0
0
0
0
0
0.005405
0.005376
0
0
0
0
0.003802
0
0
0
0
0
0
0
0
0
0
0
0
0
0
0.0025
0
0
0
0.002494
0
0
0
0
0
0
0.004988
0
0
0
0.002525
0
0
0
0
0
0.002538
0
0
0
0
0
0
0.004926
0
0
0
0.002433
0
0
0
0.002392
0
0.004773
0.002398
0.002427
0
0
0
0.004751
0
0
0.002488
0
0
0
0
0
0.002421
0
0
0
0
0
0.002494
0.002469
0
0
0
0
0
0
0
0
0
0.002825
0
0
0
0.002882
0
0
0
0
0.003497
0
0
0
0
0
0.004975
0.003546
0
0
0
0
0
0
0
0.003817
0
0
0
0
0.003247
0.003279
0
0.003236
0.0033
0.003279
0
0.010256
0
0
0
0
0
0
0
0
0
0.003257
0
0
0
0
0
0
0
0
0
0
0
0
0
0
0.003333
0
0
0
0.003509
0.003571
0
0
0.015707
0
0.003937
0
0
0
0
0
0
0.004587
0
0.004831
0.005181
0
0
0.004926
0
0
0
0
0
0
0.010929
0
0
0
0
0
0
0
0
0
0
0
0
0.006623
0
0
0
0.007092
0
0
0
0
0
0
0
0
0.009091
0
0
0
0
0
0
0
0
0
0
0
0
0
0
0
0
0
0
0
0
0
0.006944
0
0
0
0
0
0
0
0
0
0
0
0
0
0
0
0.004115
0
0.004115
0
0
0
0.004049
0.004367
0
0.004255
0
0
0
0
0
0
0
0
0
0
0.003096
0
0
0
0
0
0
0
0
0
0
0
0
0
0.003175
0
0
0
0
0
0.003876
0
0.00361
0
0
0
0.003759
0
0
0
0
0.011407
0
0
0
0
0
0
0
0.004082
0
0
0
0
0
0
0
0
0
0
0
0
0
0
0
0
0
0
0
0
0
0
0
0.01227
0
0
0
0
0
0
0
0.004274
0
0
0.004132
0
0
0
0.004255
0
0.005025
0
0
0.004587
0
0
0
0
0
0
0
0
0
0.008547
0.004202
0
0
0.008584
0
0
0
0
0
0
0
0
0
0
0
0
0
0
0
0
0
0
0
0
0.004926
0
0
0
0.005464
0
0
0.017241
0
0
0
0
0
0
0
0
0
0
0
0
0
0
0
0
0.006803
0
0
0
0
0
0
0
0
0
0
0
0
0
0
0
0
0
0
0
0
0
0
0
0
0
0
0
0
0
0
0
0
0
0
0
0
0
0
0
0.005988
0
0
0
0
0
0
0
0
0
0
0
0
0
0
0
0
0
0
0.004219
0
0
0.007812
0
0
0.007843
0
0
0
0
0.003636
0
0.003584
0
0
0.003584
0
0.003534
0
0
0
0
0
0
0
0.003906
0
0
0
0
0
0
0
0
0
0
0
0
0
0
0
0
0.005291
0
0
0
0
0
0
0.006667
0
0
0
0
0
0
0
0
0
0
0
0
0
0
0
0
0
0
0
0
0
0
0
0
0
0
0.015873
0
0
0
0
0
0
0
0
0
0
0
0
0
0
0.023622
0
0
0
0
0.007194
0
0
0
0.009259
0
0
0
0
0
0
0.013699
0
0
0
0
0
0
0
0.007246
0
0
0
0
0
0
0
0
0.007299
0
0
0
0
0
0
0
0
0
0
0
0
0
0
0
0
0.004237
0
0.003922
0
0
0
0
0
0
0.007194
0.007273
0.003584
0
0
0
0
0
0
0
0.00369
0.003745
0
0.005587
0
0
0
0.00365
0
0
0
0
0.003484
0
0.003472
0
0
0.00365
0.008368
0
0.003846
0.010363
0
0
0
0.002817
0.002703
0
0.002667
0.002591
0.002551
0
0.002494
0
0
0
0
0
0
0
0
0
0.002959
0
0
0
0.004357
0.002208
0
0
0.002227
0
0
0.002198
0
0
0
0
0
0
0
0
0
0.002146
0
0
0
0.002141
0.002193
0
0.002222
0
0.002439
0
0.002294
0.004535
0
0
0
0.004577
0
0
0
0
0
0
0
0
0
0
0
0
0
0
0
0
0
0
0
0.002825
0
0
0
0.002695
0
0
0
0.002865
0.003175
0
0
0
0
0
0
0
0
0
0
0
0
0
0
0
0
0
0
0
0
0
0
0.002717
0
0
0
0
0
0
0
0
0
0.0033
0
0.005882
0
0.005747
0
0
0
0.002778
0
0.002667
0
0
0
0
0
0
0
0
0.002571
0
0
0
0
0
0
0
0
0
0
0
0
0
0.002591
0
0
0.004963
0
0
0
0
0
0
0
0
0
0
0
0
0
0
0.003115
0.003058
0
0.009288
0
0
0
0
0
0.003571
0
0
0
0.002551
0
0.002545
0.002551
0
0
0
0.002653
0.002618
0
0
0
0
0
0.002571
0
0.002618
0.002639
0
0
0.002674
0.005362
0.008152
0
0
0
0
0
0
0.002899
0
0.006289
0
0
0
0.003106
0
0
0
0
0
0.002933
0.003155
0
0
0
0
0
0
0
0
0
0
0.006494
0.003226
0
0.003215
0
0
0
0
0.003247
0
0
0
0
0
0
0
0
0.003086
0.003058
0
0.009231
0.003106
0.003115
0
0
0
0
0
0
0.003003
0.00304
0
0
0
0
0.003247
0
0
0.003367
0
0
0
0
0.00369
0
0
0
0
0
0.003236
0
0
0.00339
0
0
0
0
0
0
0
0.003279
0
0
0
0
0.003333
0.003367
0
0
0
0
0
0
0.003311
0
0.006601
0
0
0
0
0
0
0
0
0
0
0
0
0
0
0.003731
0
0
0
0.003106
0
0
0
0
0
0.002865
0
0
0
0.002809
0
0
0
0.002681
0.002849
0.00271
0.011765
0.002817
0
0
0
0.00266
0
0
0
0
0
0.002639
0
0.002639
0
0.002681
0.005405
0
0
0.005376
0
0.007353
0.002747
0
0
0
0
0
0.002564
0
0
0.002545
0
0
0
0
0.002488
0
0
0
0
0
0.005634
0.007812
0.002571
0
0.002525
0
0.002577
0
0
0
0
0.005376
0
0
0
0.00277
0
0
0
0
0
0
0.003058
0.003145
0
0
0
0.004202
0
0
0.003356
0.003367
0.010309
0
0.011278
0
0.003584
0
0
0
0
0
0.003623
0
0.00369
0.003831
0.00625
0
0.007782
0
0
0
0
0
0
0
0
0
0
0
0
0
0
0
0
0
0.004831
0
0
0
0.006061
0
0
0
0
0
0
0
0
0
0
0
0
0
0
0
0
0
0
0
0.004167
0
0
0.004082
0
0
0
0.004237
0
0
0
0
0.00346
0
0
0
0
0
0
0
0.003205
0
0
0
0.003021
0
0
0
0
0
0
0
0
0.002941
0
0
0.002985
0
0
0
0.003012
0
0
0.003049
0
0
0
0.003205
0.003195
0
0.003175
0
0.003344
0
0
0
0.004425
0
0
0
0
0.003067
0
0.006006
0
0
0
0
0
0
0
0.002985
0
0
0
0
0
0.002924
0
0
0
0.008902
0
0
0
0
0
0
0
0
0
0
0
0.003236
0
0
0
0
0
0.003289
0
0.003497
0
0
0
0
0
0
0
0
0
0
0
0
0
0
0
0
0
0
0
0.003731
0
0
0
0
0
0.00346
0
0
0
0
0
0
0
0
0
0
0
0
0
0
0
0
0
0.003279
0
0
0
0
0
0
0
0
0.003322
0.003247
0
0
0
0
0.003236
0
0
0
0
0
0
0
0.003226
0
0.003226
0.003205
0
0
0
0
0
0
0
0
0.006231
0
0
0.003135
0.003115
0
0.00304
0
0
0
0.00304
0.003086
0
0
0
0
0
0
0
0
0
0
0.006098
0
0
0
0
0.003367
0.003311
0
0
0
0
0
0
0
0
0
0
0
0
0.003597
0.003876
0
0.00361
0
0
0
0
0
0
0
0
0
0
0
0
0
0
0
0
0.004149
0
0
0
0
0
0
0.004975
0
0
0
0
0
0
0.007407
0
0
0
0
0
0
0
0
0.008772
0
0
0
0
0
0
0
0
0
0
0
0
0
0
0.016667
0
0
0
0
0
0
0
0
0
0
0
0
0
0
0
0
0
0
0
0
0
0
0
0.025
0
0
0
0
0
0
0
0
0
0
0
0
0
0
0
0
0
0
0
0
0
0
0
0
0
0
0
0
0
0
0
0
0
0
0
0
0
0
0
0
0
0
0
0
0
0
0
0
0
0
0
0
0
0
0
0
0
0
0
0
0.006803
0
0
0
0
0
0
0
0
0
0
0.007937
0
0
0
0
0
0.003636
0
0
0
0.003472
0
0
0.003215
0
0
0
0.003135
0
0
0
0
0
0.005618
0.002725
0
0
0
0
0
0
0
0
0
0
0
0
0
0
0.004843
0
0
0
0
0
0
0
0.002347
0.004728
0.002387
0
0
0
0.002278
0
0
0
0.002309
0.006309
0.002232
0.002193
0
0
0.002155
0
0.002309
0.006135
0
0
0.002179
0
0
0
0
0.002114
0.002364
0
0
0
0.00211
0
0
0
0
0
0
0
0.002257
0.002315
0
0.017341
0
0
0.003534
0
0
0
0
0
0.002488
0
0
0.734908
0
0
0
0
0
0
0
0
0.003497
0
0
0
0
0
0
0
0
0.002564
0
0
0.002481
0.002488
0
0
0
0
0
0
0
0
0
0.002475
0
0
0
0
0
0.00838
0.003086
0
0
0
0
0
0
0.00277
0
0
0
0.002833
0
0
0
0
0
0
0
0
0
0.009524
0.008097
0
0.003484
0
0
0
0
0
0
0
0
0
0
0
0
0
0
0.003021
0.002933
0.002976
0
0
0
0
0
0
0
0.005814
0
0
0
0
0
0
0
0.002985
0
0
0
0
0
0
0
0
0.01087
0
0
0
0
0
0
0
0
0
0
0
0
0
0
0.016129
0
0
0
0
0
0
0
0
0
0
0
0
0
0
0
0
0
0.006452
0.00639
0
0.006601
0
0
0
0
0
0
0
0
0
0.002717
0
0
0
0
0
0.002933
0
0
0
0
0
0
0
0
0
0.003058
0
0.010714
0.003155
0
0.003165
0
0
0
0
0
0.003289
0
0
0
0.003322
0
0
0
0
0
0.003704
0.003953
0
0
0
0
0.003268
0
0
0
0
0
0
0
0
0
0.004032
0
0
0
0
0
0
0
0
0
0
0
0.006944
0
0
0
0
0
0
0
0
0
0
0
0
0.011628
0
0
0
0
0
0
0
0
0
0
0.006289
0.005
0
0
0
0
0
0
0
0
0
0
0
0
0
0
0
0
0
0
0
0
0
0.004132
0
0
0
0
0.003984
0
0
0
0
0.004329
0
0
0.008621
0
0
0
0.006024
0
0
0
0.004184
0
0.003891
0
0
0
0
0.003788
0
0
0.003861
0.003788
0
0
0
0
0
0
0
0
0
0
0.003155
0.003135
0.003125
0
0
0
0
0
0
0
0
0.002985
0
0
0
0
0
0
0
0
0.002882
0.008596
0
0
0
0
0
0.002841
0.002825
0
0.002849
0
0.002907
0.003077
0.003155
0.00641
0
0.003021
0.002809
0
0
0
0.002762
0.005391
0.002725
0.002717
0
0
0
0
0.002924
0
0
0
0
0.002907
0
0
0.002976
0.003106
0
0
0
0.004115
0
0
0
0
0
0
0
0
0
0
0
0
0
0
0
0.002551
0
0
0
0
0
0
0
0.003311
0.002625
0
0
0
0
0
0
0
0
0
0
0
0
0
0
0
0
0
0
0
0
0.003115
0
0
0
0
0
0.003205
0
0
0.00339
0
0
0
0
0
0.003311
0
0
0
0
0
0
0
0
0
0
0
0
0
0
0
0
0
0
0
0.006757
0
0
0
0
0.004505
0
0
0.004808
0.004831
0
0
0
0
0.009434
0
0
0
0
0
0
0.004762
0.004902
0
0
0
0
0
0
0
0
0
0
0
0
0
0
0
0
0
0
0
0
0
0
0.006897
0
0
0
0
0
0
0
0.011364
0
0
0
0
0
0
0
0
0
0
0
0
0
0
0
0
0
0
0
0
0
0
0
0
0
0
0.014286
0
0
0
0
0
0
0
0
0
0
0
0
0.019608
0
0
0
0
0
0
0
0
0
0
0
0
0
0
0
0
0
0
0
0
0.006667
0
0
0
0
0
0
0
0
0
0
0
0
0
0
0
0
0
0
0
0
0
0
0
0
0
0
0
0
0.00625
0
0
0.002959
0.002924
0
0
0
0
0.002755
0.008427
0.002865
0
0.009375
0
0
0
0
0
0
0
0.005814
0
0
0
0
0
0
0
0.002924
0
0.002976
0
0
0.003021
0
0
0
0
0
0
0.003165
0
0
0
0
0
0
0.003096
0
0
0
0
0.00639
0
0.003279
0
0
0
0
0
0
0
0
0
0
0
0
0
0
0
0
0
0
0.004808
0
0
0.005917
0
0
0
0
0
0
0
0
0
0
0.105263
0
0
0.25
0
0
0.071429
0
0
0
0
0
0
0
0
0
0
0
0
0
0
0
0
0
0
0
0
0
0
0
0
0
0
0
0
0
0
0.004348
0
0.00495
0
0
0.004255
0
0
0
0
0
0
0
0
0
0
0
0
0.003731
0
0
0
0.003636
0
0
0
0
0
0
0
0
0
0.003597
0
0.003623
0.003745
0
0
0.010204
0
0
0
0
0
0
0
0
0
0
0
0
0
0
0
0
0
0
0
0
0
0
0
0
0
0
0
0.002232
0
0
0.002179
0
0.002141
0
0
0
0
0
0
0
0
0
0
0
0
0
0.001984
0
0.002976
0
0
0.00202
0
0
0
0.002008
0
0
0
0.002024
0.004073
0
0.004695
0.002242
0
0
0
0
0.00813
0
0
0
0.003945
0
0
0
0
0
0
0.001949
0.001916
0
0.001931
0.002101
0.002008
0
0
0.001894
0
0
0
0.001866
0
0
0
0
0
0
0.001795
0
0
0
0.001727
0
0
0
0
0
0
0
0
0
0.001704
0
0.001689
0.001698
0
0.001701
0
0.001715
0
0.003419
0
0.001712
0
0
0
0
0
0
0
0.001786
0
0
0
0
0
0.002174
0.001912
0
0.001852
0.001862
0
0
0
0
0.004141
0
0
0.001934
0
0.003788
0.001923
0
0
0.001946
0.002004
0
0.004338
0
0.004016
0
0
0
0.002053
0
0
0
0
0
0
0
0
0
0.004338
0
0
0
0
0
0
0
0
0.002481
0
0
0
0
0
0
0
0
0.006024
0
0
0
0
0
0
0
0
0.003067
0
0
0
0
0
0
0
0
0
0.003731
0
0
0
0
0.004202
0.004386
0
0
0
0
0.004739
0
0
0
0
0
0
0
0
0.005917
0
0
0
0
0
0
0
0
0
0
0
0
0
0
0
0
0
0
0
0
0
0
0
0
0
0
0
0
0
0
0
0
0
0
0
0
0
0
0
0
0
0
0
0
0
0
0
0
0
0
0
0
0
0
0
0
0
0
0
0
0
0
0
0
0
0
0
0
0
0
0
0
0
0
0
0
0.009709
0
0
0
0
0
0
0
0
0
0
0.007634
0
0.007407
0
0
0
0
0
0
0.007353
0
0
0
0
0
0
0
0
0
0
0
0
0
0.006024
0
0
0.005988
0
0
0
0
0
0
0.005348
0
0
0.00578
0
0
0
0.005025
0
0
0
0
0
0
0.004651
0.004587
0
0
0
0
0
0
0
0
0
0
0
0
0.004132
0
0
0
0
0.003817
0
0.003704
0
0
0
0
0
0
0
0
0
0.003534
0
0
0
0
0
0
0
0
0
0
0
0
0
0
0
0
0
0
0
0
0
0
0
0
0
0
0
0
0
0
0
0
0
0
0
0
0
0
0.002865
0
0.002874
0
0
0
0.002653
0
0
0
0
0
0
0
0
0
0
0
0
0
0
0
0.002611
0
0.00346
0
0
0
0.003937
0.003378
0
0
0
0
0
0
0
0.003861
0
0
0
0
0
0
0
0
0
0
0
0
0.002208
0
0
0
0
0
0
0
0
0
0.002198
0
0
0.006515
0
0
0
0
0
0
0
0.002283
0.002331
0.002381
0
0
0
0
0
0
0
0
0
0
0
0
0
0
0.002257
0
0
0
0
0.00211
0
0
0.002092
0
0
0
0.004158
0
0
0.004396
0
0.002299
0
0
0.006849
0
0
0
0
0.002681
0
0
0
0
0
0
0
0
0
0
0
0.002494
0.002538
0.002525
0
0
0
0
0
0.002597
0
0
0
0
0
0
0
0.002653
0
0
0
0
0
0
0
0.003003
0
0
0.00304
0
0
0.003175
0.003195
0
0.003268
0.007353
0
0
0
0
0
0
0
0
0
0
0
0.00339
0
0.003311
0
0
0
0.003534
0
0
0
0.006061
0
0.00495
0
0.003891
0
0
0
0
0
0.00369
0.003676
0
0.003663
0
0
0
0
0.003802
0
0
0
0
0
0
0
0
0
0
0
0
0
0.011628
0
0
0
0.007067
0
0
0
0
0.006757
0
0
0
0
0
0
0
0.003236
0
0
0
0
0
0.003226
0
0.0033
0
0
0
0
0
0.003413
0
0
0.003534
0.003425
0
0.003509
0
0
0
0
0
0
0
0
0
0
0
0
0
0
0
0
0
0
0
0
0
0
0
0
0
0.003521
0
0
0
0
0
0.002907
0
0
0.002786
0
0
0
0
0
0
0
0
0
0.002809
0
0
0
0
0
0.002681
0
0
0.00271
0.00542
0.002639
0
0
0
0.002653
0
0
0
0.002681
0.002747
0
0
0
0
0
0
0.007491
0.003175
0
0
0.002762
0.002732
0
0
0.002725
0
0
0
0
0
0
0
0.002717
0.002725
0
0
0
0
0
0
0
0.002755
0
0
0.002841
0.002994
0.003106
0
0.006645
0
0
0
0.002994
0.003021
0
0
0
0
0
0.002994
0
0
0
0
0
0
0
0
0.002833
0
0
0
0.002857
0.002786
0.002786
0
0
0
0.002725
0.002725
0
0.002674
0
0
0
0
0
0
0.005063
0
0
0.007353
0.002404
0
0
0
0
0.002331
0
0
0.002294
0
0.006042
0
0
0
0.002227
0.002217
0.002198
0
0.002151
0
0
0
0.00207
0
0.002016
0.004016
0
0
0
0
0
0.001972
0
0
0
0.001946
0.001969
0.001972
0
0
0
0
0.001957
0
0.001969
0
0.001976
0
0
0
0
0
0
0
0
0.001965
0
0
0.00202
0
0
0
0
0
0.004367
0.002232
0
0.002268
0
0
0
0
0
0
0
0
0
0
0
0
0
0.002865
0
0
0.002882
0
0
0.00303
0.004219
0
0
0
0
0
0.003145
0
0
0
0
0
0
0
0
0
0
0
0
0
0
0
0
0
0
0
0
0
0
0.003497
0
0
0
0
0.003704
0
0.003846
0
0
0
0
0
0
0
0.004367
0
0.004785
0
0
0.005236
0
0
0.005376
0
0
0
0
0
0
0
0
0
0
0
0
0
0.007692
0
0
0.007692
0
0
0
0
0
0
0
0
0.010417
0
0
0
0
0
0
0
0
0
0
0
0
0
0
0
0
0
0
0
0
0
0
0.017544
0
0
0.011364
0
0
0
0.013699
0
0
0
0
0
0
0
0
0
0
0
0.008
0
0
0
0
0
0
0.010753
0
0
0
0
0
0.006173
0
0
0
0
0.005587
0
0
0
0
0
0
0
0
0.00495
0
0
0
0
0
0
0
0
0
0.004132
0
0
0
0
0.003636
0
0
0
0
0
0
0
0
0
0
0
0
0
0
0
0
0
0
0
0
0
0
0
0
0
0
0.006173
0
0
0
0
0.006944
0
0.003584
0
0.003861
0
0
0
0.003571
0
0
0.003534
0
0
0
0
0
0
0
0
0
0.003195
0
0
0
0
0
0
0
0
0
0
0
0
0
0
0
0
0
0.002825
0
0
0.002747
0
0
0
0.008902
0
0
0.002786
0
0.002924
0.004219
0
0
0
0
0
0
0.005525
0
0
0
0
0
0
0
0
0
0
0
0
0
0.00274
0.005682
0
0.003155
0
0
0.002801
0
0
0
0
0
0
0
0
0
0
0
0
0
0
0
0
0
0.002841
0
0.002762
0
0
0
0.002865
0
0.00625
0.004149
0
0
0
0
0
0
0.01
0
0.003021
0
0
0
0
0
0
0
0
0.007435
0
0.007018
0
0
0
0
0
0
0
0
0
0
0
0
0
0
0
0
0.004274
0.004367
0
0
0
0
0
0
0
0
0
0
0
0
0
0
0
0
0
0
0
0
0
0
0
0
0
0
0
0
0
0
0
0
0
0
0
0
0
0
0
0
0
0
0
0.014493
0
0
0
0
0
0
0
0
0
0
0
0
0
0
0
0
0
0
0
0
0
0
0
0
0
0
0
0
0
0
0
0
0
0
0
0
0
0
0
0
0
0
0
0
0
0
0.021739
0
0
0
0
0
0.006849
0
0
0
0
0
0
0
0.004808
0
0
0
0
0
0.004367
0
0
0
0
0
0.003597
0
0
0
0
0
0
0
0
0
0
0
0.003378
0
0.003021
0
0
0
0
0
0
0
0
0
0
0
0
0.002545
0.002558
0
0
0
0.005013
0
0
0
0
0
0
0.002433
0
0
0
0
0
0
0.002494
0
0.002494
0
0
0.002481
0
0
0
0
0
0.002481
0
0
0
0.002398
0
0.002331
0
0
0
0
0
0
0.004808
0
0.002433
0
0
0
0
0
0
0.012862
0
0
0
0
0.00678
0.015748
0.003205
0
0
0
0
0.002604
0
0
0
0
0
0
0
0
0
0
0
0
0
0
0
0
0
0
0
0.002525
0.002571
0.002519
0
0
0
0
0
0.002591
0
0.002762
0.002584
0.002558
0
0
0
0
0.002564
0
0.002571
0
0
0
0
0.002755
0
0
0
0.010899
0
0
0
0.002762
0
0.008969
0
0
0
0
0
0.002793
0
0
0
0
0.002976
0.009119
0
0
0
0
0
0
0.00692
0.003436
0
0
0
0
0
0
0
0
0
0
0.004525
0.004444
0.011628
0.003984
0
0
0
0
0
0
0
0
0
0.003636
0
0
0
0
0
0.007326
0
0.003497
0
0.003546
0
0
0
0
0
0
0
0
0.003521
0
0
0
0
0
0.00369
0
0
0
0
0
0.005076
0.004049
0
0
0
0
0.007353
0
0
0
0.004367
0
0
0
0
0.021739
0
0
0
0
0
0.011111
0
0
0
0
0
0
0
0
0
0
0
0
0
0
0
0
0
0
0
0
0
0
0
0
0
0.00346
0.003497
0
0
0
0
0
0.003953
0.003759
0
0
0
0
0
0
0
0
0
0
0.004049
0
0
0
0
0
0
0
0
0
0
0.003906
0.003876
0.003817
0
0
0
0
0
0
0
0
0
0
0
0
0
0
0
0.004065
0
0
0
0
0
0
0
0
0
0
0
0
0
0
0
0
0
0
0
0
0
0
0
0
0
0
0.004444
0
0
0
0
0
0.00495
0
0
0
0
0
0
0
0.008929
0
0
0
0
0
0
0
0
0
0
0
0
0
0
0
0
0
0
0
0
0
0
0
0
0
0
0
0
0
0
0
0
0
0
0.02439
0
0
0
0
0
0
0
0
0
0
0
0.028571
0
0
0
0
0
0
0
0
0
0
0
0
0
0
0
0
0
0
0
0.006711
0
0
0
0
0
0
0
0
0
0
0
0
0
0
0
0
0
0
0.008065
0
0
0
0
0
0
0
0
0
0
0
0
0
0
0
0
0
0
0
0
0
0.002941
0
0.002849
0
0
0
0
0
0
0
0
0
0
0.002994
0
0
0
0
0
0
0
0
0
0
0
0.003106
0.003584
0
0
0
0
0
0.002899
0
0
0
0
0
0
0
0
0.004695
0
0
0
0
0
0
0
0
0
0
0
0
0
0
0
0
0
0
0
0.002545
0
0
0
0
0.002381
0
0
0.00237
0
0
0
0
0
0
0
0
0
0
0
0
0
0
0
0
0
0
0
0
0
0
0
0
0
0
0.002278
0
0.002283
0.002278
0
0.002299
0
0
0
0
0
0
0
0.002294
0
0
0
0.002304
0
0
0.00232
0
0
0
0
0
0
0
0
0
0
0
0
0.002257
0
0
0.002268
0
0
0
0
0.005556
0
0
0
0
0.00232
0
0
0
0
0
0
0
0
0
0
0
0
0
0
0.004464
0
0
0.002
0
0
0.001916
0
0.001957
0
0
0.004016
0
0
0
0
0.002033
0
0.002033
0
0.001908
0.001916
0.001957
0
0
0.001927
0.005736
0
0.00189
0.001876
0.001883
0
0
0.001869
0
0
0
0
0.005671
0.001869
0
0
0.001894
0
0
0
0.001905
0
0
0.002008
0
0.002058
0
0
0
0.002119
0.004274
0.004283
0
0
0
0
0
0.002278
0
0.007673
0
0
0
0
0
0
0
0
0
0
0
0
0
0
0
0.008696
0
0
0
0
0
0
0
0
0.002933
0
0
0
0
0
0
0
0.00339
0.003497
0
0
0
0
0
0.006154
0
0.003067
0
0
0
0
0
0
0.002809
0
0
0.002801
0
0.00542
0
0
0
0
0
0
0
0
0
0.00346
0
0
0
0
0.004608
0
0
0
0.002299
0
0
0
0.002278
0.004598
0.002237
0
0
0
0.002252
0
0
0
0
0
0
0
0
0
0
0
0.004494
0
0.002247
0.002252
0.002288
0
0.004484
0.002252
0
0
0.002278
0.002242
0
0.002247
0
0
0
0
0.002519
0
0
0
0
0
0
0.00277
0
0
0.00266
0
0.002653
0
0
0
0
0
0
0
0
0
0
0.002967
0
0.003067
0
0.003205
0.003195
0
0
0
0
0
0
0
0
0
0
0
0.01
0
0.153846
0
0.307692
0.166667
0
0
0
0
0
0
0
0
0
0
0
0
0
0
0.021739
0
0
0
0
0
0
0
0
0
0
0
0
0.004525
0
0
0
0
0
0
0
0.004082
0
0
0
0
0.004184
0.004219
0
0
0
0
0
0
0.004149
0
0
0.004
0.004049
0
0.008065
0
0
0
0
0
0
0
0
0
0
0
0
0.006803
0
0
0
0
0
0
0
0
0
0
0
0
0
0
0
0
0
0
0
0
0
0.003745
0.007812
0
0
0
0
0
0
0
0
0
0
0
0
0
0
0.003378
0
0.003484
0
0
0
0
0.003546
0
0
0
0.021097
0
0
0.004386
0
0
0
0
0
0.009901
0
0
0
0
0.002874
0
0
0
0
0
0
0
0
0
0.00625
0.005634
0
0
0
0
0
0
0
0
0
0
0
0
0
0
0
0
0
0
0
0.007273
0
0
0
0
0
0
0
0
0
0.003831
0
0.007692
0
0
0
0
0
0.008065
0
0
0.009091
0
0
0
0
0
0
0
0
0.002427
0
0
0.002392
0.002364
0
0
0
0
0
0
0
0
0
0
0.003623
0
0.003333
0
0
0
0.003584
0
0
0
0
0
0
0
0
0
0
0
0
0.002415
0
0.006369
0
0.002364
0
0
0.002331
0.00237
0.004739
0
0
0
0
0
0.002262
0
0.002283
0
0.004651
0
0.002294
0.00464
0
0
0
0
0.002326
0
0
0
0.004808
0
0.002404
0
0
0
0
0
0
0
0
0
0
0
0
0
0
0
0.00271
0
0.00277
0
0
0
0
0
0.002899
0
0
0.002597
0
0
0
0
0
0
0
0
0
0.002532
0.003521
0
0.002488
0
0
0
0
0
0
0
0.002597
0
0.002451
0
0
0
0
0
0
0
0
0
0
0
0.012931
0
0
0
0
0
0
0.002433
0
0
0.004515
0
0
0
0
0
0
0
0
0
0
0.002146
0
0
0.002096
0
0
0
0.002075
0
0
0
0
0
0
0
0
0
0
0
0
0.002066
0
0.00409
0.004124
0
0.002033
0
0
0
0
0
0.007009
0.002342
0
0
0
0.002174
0
0.006787
0.006757
0.002242
0.011211
0
0.002299
0
0.011574
0.002288
0
0.002257
0.004415
0
0
0.002174
0
0.002222
0
0.002294
0.002304
0
0.00232
0
0.002299
0
0
0
0
0.002331
0
0
0.002398
0
0.002392
0
0
0
0
0.002451
0.002519
0
0
0
0.002625
0
0
0.002653
0
0.002755
0.00274
0
0.002732
0
0
0
0
0.002924
0
0
0
0
0
0
0
0
0.003891
0.005076
0
0
0
0.004065
0
0
0
0.107317
0.004505
0.230769
0
0
0
0
0
0
0
0
0
0.015748
0
0
0
0
0
0
0.003717
0
0.003623
0
0.003663
0
0
0
0
0
0.003401
0
0
0.003436
0
0
0
0
0
0
0
0
0
0
0.006667
0
0
0
0.009464
0
0
0
0.003125
0.003175
0
0
0
0
0
0
0
0.003289
0
0
0
0
0.003236
0
0
0.003344
0
0.003774
0
0
0
0
0.003401
0.011321
0
0
0.003571
0
0
0
0
0
0
0
0
0
0
0
0
0.003401
0
0
0
0
0
0
0
0
0.012195
0
0
0
0
0
0
0
0
0
0
0
0
0.00431
0
0
0
0
0.004505
0
0
0.009217
0.012903
0
0
0
0
0
0
0
0
0
0.003436
0
0
0
0
0.003497
0
0.003448
0
0
0.003521
0
0
0.009852
0
0.011905
0
0
0
0
0
0
0
0
0
0
0
0
0
0
0
0
0
0
0
0
0
0
0
0
0
0
0
0
0.002353
0
0.002309
0
0.002309
0
0
0
0
0
0
0
0.002092
0
0.004219
0
0.004219
0.002132
0
0
0
0
0.002128
0
0
0
0.002155
0.002174
0
0
0
0
0
0
0
0
0
0
0
0
0
0
0
0
0
0
0.00211
0.002179
0
0.002212
0.002193
0
0
0
0
0.002232
0
0
0
0
0.006803
0
0.004598
0
0.002415
0.002283
0
0.002326
0
0.002381
0
0
0
0
0
0.003497
0.008163
0.002817
0
0
0
0
0
0.002857
0.002857
0
0
0
0
0
0
0.002646
0
0
0
0
0.009259
0
0
0
0
0
0
0
0
0.014706
0
0.002717
0
0
0
0.002545
0
0
0
0
0
0
0
0
0
0
0.005348
0
0
0
0
0
0.005435
0
0
0
0
0
0
0.002967
0
0
0.00304
0.003125
0.003125
0
0.003236
0.003226
0
0
0
0
0
0
0
0.00369
0
0
0
0
0
0
0
0
0
0
0
0
0.006329
0
0
0
0
0
0
0
0
0.1
0
0
0
0
0
0
0
0
0
0
0
0
0
0
0
0
0.083333
0
0
0
0
0
0
0
0
0
0
0
0
0
0
0
0
0
0
0
0
0
0
0
0
0
0
0
0.003623
0.007246
0
0.003571
0
0
0
0
0
0
0
0
0
0
0
0
0
0
0
0
0
0
0
0
0
0
0
0
0
0
0
0
0.006211
0.003135
0
0
0
0
0
0.006515
0.003226
0
0.003322
0
0
0
0
0
0
0
0
0
0
0
0
0.00431
0
0
0
0
0
0
0.003257
0.003195
0
0.003115
0
0.003077
0.003145
0
0
0
0.005952
0
0
0
0
0
0
0
0
0.002825
0
0.005587
0
0
0
0.002688
0
0
0
0
0
0
0
0
0.002778
0.002695
0
0
0.002717
0
0
0.002695
0
0.002703
0
0.002639
0
0
0.005025
0.002519
0
0
0
0
0
0
0
0.002488
0
0
0
0.002427
0
0.00241
0
0.002347
0
0
0
0
0
0
0
0
0
0
0.002331
0
0.002358
0
0
0
0
0
0
0
0
0
0
0
0
0
0
0.002625
0
0.014837
0.002915
0.005848
0
0
0.005249
0
0
0
0.002558
0
0
0.002494
0.002463
0
0
0
0
0
0
0
0
0
0
0.002732
0
0
0
0
0
0
0
0
0
0
0
0
0
0.005882
0
0
0
0.003344
0
0
0
0
0
0
0
0
0
0
0
0
0
0
0
0
0
0
0
0
0
0
0
0
0
0
0
0
0
0
0.002611
0
0.002551
0.002494
0
0
0
0.002506
0
0
0
0
0
0
0.002268
0.002304
0.002273
0
0.002304
0
0
0
0.004556
0
0
0
0.002232
0
0
0
0
0.002193
0
0
0
0
0.002222
0
0
0.002165
0
0
0
0.00216
0
0.002132
0.002137
0
0
0.002092
0
0
0
0
0
0.002141
0.006329
0
0
0
0
0
0
0
0
0.002016
0.002012
0
0
0.002024
0
0
0
0
0
0
0
0.002008
0.004016
0
0
0
0
0
0
0
0.003968
0.009901
0
0.004008
0.002049
0.002088
0.002096
0
0
0
0
0.004149
0.004274
0
0
0.002165
0.004376
0
0
0
0
0
0.002132
0
0.002179
0
0
0
0.002217
0
0
0
0
0.002247
0.004444
0
0.002183
0
0
0
0.002294
0
0
0
0
0.004785
0
0
0
0
0
0.002421
0
0
0.002463
0.002439
0.002463
0
0
0
0.002494
0
0
0.002506
0
0.002611
0
0
0
0
0
0
0
0
0
0
0
0
0
0
0
0
0
0.002825
0
0
0
0
0
0
0.003077
0
0
0
0
0
0
0
0
0
0
0.003497
0
0.003472
0
0
0
0
0.003484
0.00346
0
0
0.00361
0
0
0
0.00369
0
0
0
0
0
0
0
0
0
0
0
0.003448
0.003401
0
0.003559
0
0
0
0
0
0
0
0
0.003175
0
0
0
0
0
0
0
0.002703
0
0
0.005115
0.002513
0
0.002421
0
0
0
0
0.002232
0
0
0.002193
0
0.003984
0
0
0
0
0
0.001675
0
0
0
0
0
0
0.001689
0.001681
0
0
0
0
0.001642
0.003339
0.001724
0
0
0
0
0
0
0
0.002976
0.001479
0
0
0
0
0
0.001506
0.001529
0
0
0
0
0.003008
0.003021
0
0.001815
0.003891
0
0
0.00157
0
0
0
0
0
0.004484
0.001458
0.002894
0
0.001431
0
0
0.001366
0
0
0
0
0
0.004138
0.00134
0
0.001359
0
0
0
0.001339
0.001326
0
0
0
0
0
0.001361
0.001357
0
0
0.002774
0.004038
0.00134
0.002747
0.001366
0
0
0
0.002903
0.001449
0
0
0
0.001543
0
0
0
0.001634
0
0.001661
0.001689
0
0.001821
0
0
0
0
0
0
0
0
0.001808
0
0
0
0
0.001792
0.001808
0
0.00996
0.001876
0.001845
0
0
0
0
0.001873
0
0
0
0
0.001942
0
0
0
0
0
0.002387
0.004566
0
0
0
0.002146
0
0
0
0
0
0
0
0
0
0
0
0
0
0
0
0
0.003067
0
0
0.0125
0
0
0
0
0
0
0
0
0
0
0
0
0
0
0
0
0
0
0
0
0
0
0
0
0
0
0
0
0.008621
0.004274
0.004082
0
0
0
0
0
0
0
0
0.002825
0
0
0
0
0
0
0.005319
0.014205
0.002604
0
0
0
0
0
0.002283
0
0.002242
0
0
0.002257
0.002217
0
0
0
0
0
0
0
0
0
0
0
0
0
0
0
0
0.010256
0
0
0
0
0.012048
0
0
0
0
0
0.002
0.001976
0
0
0.001992
0.00198
0.002004
0
0
0
0
0
0
0.005063
0
0
0
0.002309
0.001972
0
0
0
0
0
0
0.001736
0
0
0
0
0
0
0
0
0
0
0
0
0
0.00165
0
0
0
0
0
0
0
0
0
0
0
0
0
0
0
0.003683
0
0
0
0.006289
0
0
0
0
0
0
0
0
0
0.75
0
0
0
0
0
0
0.002299
0
0
0.002227
0
0.002217
0
0.002203
0
0
0
0
0
0.002294
0.004684
0
0
0
0.017123
0
0
0.01145
0.003205
0
0
0
0
0
0
0
0
0
0
0
0
0
0
0
0
0
0
0
0
0
0
0
0
0
0.005319
0.00578
0.25
0
0
0
0
0
