0
0
0
0
0
0
0
0
0
0
0
0
0
0
0
0
0
0
0
0.003215
0
0
0
0
0.002874
0
0
0
0
0
0
0
0
0.002257
0
0
0
0
0
0
0.001992
0
0
0.003781
0
0
0.001845
0.001812
0.005367
0.001815
0
0
0
0
0
0
0
0
0
0
0
0
0
0
0
0
0
0.001736
0.003425
0
0
0
0.001698
0
0
0.001653
0
0
0
0.003448
0.001821
0.001656
0.001587
0.00156
0
0
0.001486
0
0.001473
0
0.002972
0.001499
0.001495
0
0
0
0
0.001456
0.001449
0
0.001437
0
0
0
0.001427
0
0
0
0
0.002782
0.001376
0
0.001353
0
0
0
0.001287
0
0.001269
0.002538
0
0.003797
0
0.001261
0
0.001261
0
0
0
0.002525
0
0.00375
0.002513
0
0
0.001252
0.001255
0
0.001264
0.001269
0.002558
0
0
0
0
0.001304
0
0.001325
0
0
0.001326
0
0.003984
0
0.002699
0
0
0
0.002778
0.001387
0.001376
0.001381
0.004161
0
0.001412
0
0.002894
0.001481
0
0
0
0
0
0
0.001642
0
0.001631
0.001653
0.001684
0.001718
0.001695
0.003367
0.003407
0
0
0.001773
0
0.001815
0.007273
0.003597
0.001789
0
0.001799
0
0
0.00188
0
0
0.001898
0
0
0.003854
0.00189
0.001887
0
0.001908
0
0.001898
0
0
0.003643
0.001832
0.001825
0
0
0
0
0
0
0.001842
0
0
0
0.001873
0.001862
0.001883
0.001887
0
0.009158
0
0.001815
0
0
0.001912
0.005464
0
0.001808
0.003527
0.001718
0
0
0
0.001712
0.001692
0.00165
0
0.001631
0
0
0
0
0
0.001621
0
0.001605
0
0.001585
0.001608
0.00315
0.0016
0
0
0.001541
0.001543
0
0
0
0.002963
0
0.002928
0.001449
0.002861
0.001429
0
0.001412
0
0
0
0
0
0
0
0.001342
0
0
0
0.001318
0.001299
0
0
0
0.001266
0.00128
0
0
0
0
0
0.001271
0.001248
0
0.003755
0.003755
0.002541
0.002532
0
0.002488
0.003731
0
0
0
0.001218
0.002427
0
0.001239
0.002488
0.002478
0.001238
0
0.001247
0.002478
0.001227
0.001232
0.001236
0.002448
0
0
0.001203
0.001202
0
0.001202
0.002454
0.001236
0.001218
0.002445
0
0
0
0
0.001214
0.001198
0.001199
0.002395
0.001232
0
0
0.001227
0
0
0.001238
0.002427
0
0
0.002472
0
0.001235
0
0
0
0
0.003708
0
0.001224
0.00123
0
0.002407
0.001212
0.001196
0
0
0.001198
0.00479
0.00119
0.003614
0
0.003513
0.003542
0.00116
0
0
0.001142
0
0
0.00226
0.002283
0
0.002247
0
0
0
0
0.001129
0.002281
0
0.00112
0
0.004577
0.001117
0
0.001095
0.002167
0.001082
0.001098
0.001071
0
0
0
0
0
0.001074
0
0
0
0.001068
0.001073
0.001064
0.002139
0
0.003229
0.003205
0.002157
0.001072
0.001071
0
0
0.002107
0.007376
0.001071
0.001076
0.001082
0
0
0.001016
0
0.002068
0
0.003247
0.001018
0
0.000988
0
0.000997
0
0.001001
0.002979
0
0.000992
0
0
0.00097
0
0.000974
0
0
0
0
0
0
0
0
0
0.000942
0.000954
0.000962
0
0.001996
0.000978
0
0
0.000979
0.000988
0.000982
0
0.00197
0.000987
0.000989
0.001
0.001025
0
0
0
0.003106
0.001043
0
0.001036
0
0
0.001048
0
0
0.001076
0
0
0.001107
0.00111
0.003378
0
0
0.002257
0.004662
0.001151
0.010216
0.002291
0.001163
0
0
0
0.001174
0.001174
0.001222
0.001431
0.00486
0
0.002381
0.001192
0
0
0
0.001203
0
0.003619
0
0
0
0
0.001266
0
0
0
0.001259
0
0.002558
0.001297
0.002587
0
0.00129
0.003861
0.002597
0
0
0
0
0
0.0013
0
0
0
0
0.005083
0.002561
0
0.001284
0
0
0
0
0
0
0
0.001348
0
0
0
0
0
0.004237
0.002869
0
0
0.001468
0.001471
0.001462
0.001468
0.001511
0
0
0.003017
0
0.001553
0
0.001597
0.001608
0.001621
0
0
0
0
0
0
0
0
0
0
0.001739
0.001799
0
0
0
0
0
0
0
0.001887
0
0
0
0.006289
0
0
0
0
0
0
0
0.002188
0
0
0
0.004032
0.005964
0.003945
0.003891
0.001957
0.001931
0
0.001908
0.001908
0
0.005435
0
0
0
0
0.001675
0
0.001577
0
0
0
0
0
0.001418
0.001391
0.001401
0
0
0.001361
0
0
0.001309
0.001297
0
0
0.002506
0
0
0.00123
0.001211
0.001195
0.001168
0
0
0.002309
0.00116
0.001157
0.00232
0.002278
0.002275
0.001133
0
0
0.001134
0
0
0
0
0.001127
0.002301
0.005814
0.001151
0.003497
0.002331
0
0
0
0
0
0
0.001188
0.001209
0.001238
0.001656
0.001272
0
0.001215
0
0
0.001179
0.002384
0
0
0
0
0
0.001218
0.006234
0
0
0
0.001271
0
0
0.005175
0
0
0
0.001332
0.004054
0
0
0.002813
0.002833
0.00277
0.002766
0
0.001403
0
0.001361
0.001372
0.001385
0
0.001304
0.002608
0
0.001289
0.001289
0
0
0.002528
0.001242
0
0.001245
0
0.001261
0
0.002509
0.002551
0.001241
0.002481
0.003717
0.001256
0
0.0025
0
0.001258
0
0.003745
0.002469
0.001232
0
0
0.001225
0.003641
0.001202
0.001211
0.001214
0
0
0.001168
0.00348
0.001174
0
0
0.002378
0
0
0.001224
0.00246
0.001233
0
0.001248
0.00125
0.002509
0.002472
0.00246
0.002463
0
0
0
0.002404
0.002427
0.002463
0
0.002387
0.00119
0.002358
0
0.001181
0
0
0
0
0
0
0.004624
0.002299
0.001155
0
0
0.001149
0.004603
0.004515
0
0
0
0
0
0
0
0.001126
0
0
0.001117
0
0
0.001086
0.003282
0
0.002195
0
0
0.001081
0.001104
0.001117
0.001152
0.001217
0
0
0.001136
0.004515
0
0
0.001114
0.001122
0.001127
0
0.001127
0.003356
0
0.001129
0.001139
0.001139
0
0.001153
0.00116
0.003185
0.001359
0.004054
0
0
0
0
0.001193
0.001183
0.002404
0
0.001188
0.001208
0.001211
0
0.001221
0
0.001221
0.00123
0
0
0
0.001263
0
0.001269
0
0.001309
0
0
0
0
0.0013
0
0.002632
0.003968
0
0
0.001374
0
0.001377
0
0.001429
0
0.001441
0
0.001479
0
0
0
0.001553
0.00157
0
0
0.004673
0.00155
0
0
0.001629
0.001595
0.001595
0.001605
0
0.001658
0
0.005254
0
0.009615
0
0.001721
0
0
0
0.001608
0
0
0.001572
0
0
0
0.003096
0
0.001553
0.003165
0
0.001495
0
0.001477
0.001473
0
0.002946
0
0.002963
0
0
0
0.00142
0
0.001381
0
0
0.002793
0
0.002841
0
0.001439
0
0
0
0
0
0
0
0
0
0
0
0
0
0
0.001497
0
0
0
0
0
0
0
0
0
0
0.003752
0.002685
0
0.002494
0.001229
0.001233
0.001239
0.002481
0
0
0
0
0.002591
0.001285
0
0.001271
0.005096
0
0.001261
0
0.001276
0.003822
0.00125
0.001263
0.001267
0
0
0.003717
0.001255
0
0.001241
0
0.003764
0
0
0
0.001222
0.002457
0.001205
0
0.00119
0.001189
0
0.002389
0
0
0
0
0.002317
0.00117
0.00117
0
0
0
0
0
0
0
0
0
0
0
0
0
0
0
0
0.001159
0
0
0
0.001054
0
0.001015
0
0.000999
0
0
0
0.00202
0.002674
0.00191
0
0
0.000907
0
0.000894
0.00089
0
0
0.000907
0
0
0
0.00089
0
0.001823
0.000886
0.000883
0.001759
0
0.000885
0
0
0
0.000881
0
0.00172
0
0.000853
0
0
0
0.000867
0.000868
0.000857
0.000865
0.000867
0.001748
0.000873
0.000876
0
0
0.002595
0.001729
0.002606
0.00088
0.00088
0.000874
0.001756
0
0
0
0
0
0
0
0.001751
0
0.000881
0.001733
0
0.000872
0.000883
0.000874
0.000873
0.000867
0.000868
0.000883
0.000884
0.000896
0.000886
0
0.000882
0.002655
0.001799
0
0
0
0
0
0
0.001783
0
0.0009
0.000907
0.0009
0.001825
0
0.001848
0.000951
0.002806
0
0
0
0
0
0.00097
0
0
0.000976
0.000979
0.00202
0.003043
0
0.001009
0
0
0
0.001019
0.001022
0.001035
0
0.001048
0
0.003161
0
0.002123
0.001071
0
0
0
0.001107
0.001126
0
0.002257
0
0
0
0.001135
0.002299
0.002309
0.001138
0
0.001147
0.001131
0.001125
0.00113
0
0
0
0.003386
0
0.002278
0.001124
0
0.002286
0.002205
0
0
0.001091
0
0.002176
0.002198
0
0
0
0
0
0.001499
0
0
0.001096
0.001081
0.003219
0.003175
0.002086
0
0.003128
0.002079
0.003145
0
0.00103
0
0
0.001032
0.001045
0
0.001027
0
0.001036
0.002088
0.001028
0.004132
0
0.00303
0.001006
0.000985
0
0.001947
0.00675
0.000957
0
0
0.000914
0
0
0.002742
0.001794
0.001781
0
0.000873
0.000881
0
0.000865
0
0.00088
0
0.003445
0
0
0
0
0
0
0
0.000838
0
0.001701
0
0.001701
0
0
0
0.000848
0
0.00085
0
0.001685
0
0
0
0.000854
0
0.000851
0.00086
0
0
0.001374
0
0.002634
0
0.000875
0
0.000901
0.001825
0
0.002737
0.00367
0
0.000909
0
0
0
0.000901
0.000888
0.004363
0
0.00087
0.001765
0.002641
0.001759
0.002622
0.004329
0.001699
0.000852
0
0.00085
0.001693
0.001686
0.002555
0
0.000845
0
0
0.000846
0
0.000829
0.001674
0
0.001668
0.001669
0.002494
0.001671
0
0
0
0
0.000858
0
0
0.001212
0.000915
0
0
0
0
0.001762
0
0.000894
0
0.002715
0.001803
0
0.000991
0.004121
0.000984
0.001946
0.001919
0
0
0.001881
0.004695
0
0
0
0
0.000976
0.00097
0.000975
0
0
0.001986
0
0
0
0
0.001025
0.002053
0.003132
0.003099
0.001027
0.001029
0.001028
0.001032
0.001011
0.002055
0
0
0
0
0.001238
0.001155
0
0.001126
0
0.001109
0.002193
0.002257
0
0
0
0
0
0
0.001199
0
0.00114
0
0.001168
0
0.001111
0
0
0.001117
0
0.001103
0
0.001163
0.001163
0
0.001163
0
0
0.00358
0.004773
0.009501
0
0.003593
0.001178
0.001172
0
0.001205
0.001198
0.002389
0
0
0
0
0.00119
0
0.001192
0.002356
0.001164
0
0
0.001144
0
0
0
0
0.001133
0
0
0.001126
0
0.00112
0.001131
0.001119
0
0.003344
0
0.001121
0.001135
0.002283
0.004556
0.001125
0
0.001106
0
0
0
0.002208
0.001125
0
0.001121
0
0
0
0
0
0
0.001115
0.00221
0
0
0
0
0.001066
0
0
0.001041
0.001063
0
0
0.001095
0
0
0.001068
0
0.00106
0
0
0.002094
0.001049
0.00106
0
0.001055
0.002079
0.001046
0
0
0.001038
0
0.001048
0.001058
0.001059
0.003155
0
0.001071
0
0
0
0
0
0
0.002157
0
0.00108
0.002208
0
0.001088
0.001093
0.001103
0.001112
0
0
0.001133
0.001117
0.001117
0.00114
0
0.001159
0.002309
0
0.001189
0.001159
0
0
0.001195
0.001174
0.001166
0.001155
0.001149
0.002307
0.002301
0.00114
0
0
0.003409
0.00348
0
0.001145
0.001143
0
0.001155
0.002268
0.002222
0.004343
0.005441
0.004264
0.001041
0
0
0.007143
0.001035
0.001033
0
0
0.001033
0.001025
0.002026
0.000997
0.001984
0
0
0
0
0
0.00096
0
0.001921
0
0.001887
0
0
0.00094
0.00094
0.001905
0
0
0
0.000943
0.000931
0.000923
0
0
0.001848
0.003717
0
0.000955
0
0.000942
0.000935
0
0
0.000954
0
0.001936
0
0
0.001006
0.002016
0
0
0
0
0
0.001994
0.000965
0
0
0.00289
0.00097
0.000979
0
0
0.001001
0.002997
0.003964
0.001988
0
0
0.002053
0
0.001015
0
0.001013
0
0.001011
0.002012
0
0.001009
0
0.003027
0.002028
0.001992
0.000997
0.002022
0.002016
0.001
0.000994
0
0
0
0.002035
0.001017
0.001012
0
0
0.00211
0
0.001046
0
0.001036
0
0.002105
0.001068
0
0
0.004381
0.001105
0
0
0
0
0
0
0
0
0
0
0
0
0.006053
0.0012
0
0
0
0.001117
0
0
0
0.002339
0
0.001215
0.001235
0.001282
0.002469
0.001247
0.001255
0.001242
0
0.001272
0.002528
0.00125
0.002567
0.002561
0
0.002597
0
0.001284
0
0.001297
0.001307
0.003876
0
0
0
0.001266
0
0
0
0.001269
0
0
0
0
0.002618
0.001295
0.001277
0.001272
0.002581
0
0
0
0.003841
0.001276
0
0
0.00128
0
0.001316
0.001287
0
0
0
0
0.001279
0
0
0.001233
0
0
0
0.001224
0.002478
0.002522
0.001267
0
0
0
0.001292
0.001269
0.005019
0.003783
0.001294
0
0
0
0
0
0
0.001266
0
0.001232
0.00122
0
0.002421
0.001209
0.003628
0.002424
0
0
0.002442
0.001222
0
0.002451
0
0.001222
0
0.001284
0.00134
0.001709
0
0
0
0
0
0.001174
0
0.001166
0
0.002356
0
0
0
0.001163
0.001164
0.001152
0
0.001658
0
0
0.001157
0.002342
0.001151
0
0.001153
0
0
0
0.001152
0
0.003247
0
0
0
0.001091
0
0
0.001062
0.001052
0.001064
0
0
0.001076
0
0
0
0.0011
0.001119
0.001109
0
0.001114
0
0.001082
0.002157
0.004324
0
0.001068
0
0.001071
0
0.002208
0.00111
0.002212
0
0
0.002155
0
0
0.001083
0.003254
0.001092
0
0.002195
0.002225
0
0.001112
0.00111
0.001109
0
0.001125
0.001117
0.003378
0
0
0.001126
0.001111
0
0.00216
0.001052
0.00211
0
0.00105
0.001047
0.001053
0.002094
0.002119
0.001088
0.001081
0
0
0
0
0
0
0
0
0
0
0.001082
0
0
0
0
0
0.002162
0
0
0.003293
0.008753
0
0.002191
0
0
0
0
0
0.003488
0.002323
0.001153
0.001167
0.00348
0.001164
0.005767
0
0
0
0.002339
0
0
0.002361
0.00117
0
0
0
0
0
0
0.001119
0.001099
0
0.0011
0
0.001096
0
0.001092
0
0.002183
0.001091
0
0
0
0
0
0.002215
0.00111
0
0
0.001104
0.001116
0.002245
0.002232
0.001129
0
0
0.005063
0
0
0
0.00116
0.001147
0.001131
0
0
0.003708
0.001214
0
0
0
0
0
0
0.002364
0.003525
0.001172
0
0.003601
0.001206
0
0
0
0.002398
0.001205
0.002375
0.001182
0.003563
0.001203
0.001198
0
0.001181
0
0.002347
0
0.001151
0
0.001179
0.001176
0.003517
0.001168
0
0
0
0
0.002342
0.001171
0
0.00348
0.005896
0.001171
0.001159
0.001172
0.001161
0.002342
0.002342
0
0
0.002326
0.003452
0
0.004515
0.001136
0.001125
0
0.001131
0
0
0.002286
0
0.001136
0
0.001121
0
0.001104
0.001092
0.002162
0.001086
0
0
0
0
0
0.001053
0
0.002086
0
0.003036
0
0
0.001002
0
0.001
0.001004
0
0
0.001043
0.003135
0.001063
0
0.001157
0.001079
0
0.001035
0
0.001024
0
0
0.001008
0.003018
0.003003
0
0
0
0
0
0.001006
0.001014
0
0.001015
0.001026
0
0
0
0
0
0
0
0.001064
0
0.001079
0
0
0.001083
0.00216
0.001054
0.001038
0
0
0.001047
0.002079
0
0
0.001032
0
0.002092
0.00418
0.003132
0
0.003061
0
0.00102
0
0.001012
0.001028
0.001019
0.001018
0.001026
0
0.001041
0
0.002064
0
0.001026
0.002022
0.001003
0.000993
0
0
0.001009
0
0
0
0.001026
0
0
0.001034
0.002064
0
0
0.001037
0
0
0.002278
0.001096
0
0
0.00108
0
0.001045
0
0
0
0
0
0
0
0
0.001101
0.001096
0.001107
0.002265
0
0.00116
0.001153
0.00232
0
0.001189
0
0.003452
0
0.001147
0.002317
0.001153
0
0
0.001152
0
0.001179
0
0
0
0
0.002356
0.007034
0.001178
0
0.002356
0
0.001211
0.00123
0
0.001211
0.002398
0
0
0
0.001156
0
0.003421
0.001149
0.002331
0.001172
0.003546
0
0.003571
0
0
0.00122
0.002395
0
0.001205
0
0.001183
0.003464
0.001129
0.001136
0
0.00113
0
0
0
0.002268
0
0
0.001186
0
0
0
0
0
0
0
0
0
0
0
0.001033
0.003033
0
0
0.003024
0.000999
0
0
0
0
0.001009
0
0.001947
0.000978
0.00194
0.000962
0
0.001923
0.002874
0.002879
0
0.001892
0.00283
0
0
0
0
0
0.000927
0.000938
0
0.00091
0.001826
0
0
0
0
0.000914
0
0.000904
0.000904
0
0
0.000923
0.000928
0
0
0.000989
0
0
0.003185
0
0.001004
0.00098
0
0.000937
0.000938
0
0.000956
0.000949
0.001931
0.000951
0.002863
0
0.000991
0
0
0.000997
0.00198
0.002006
0.001011
0.002096
0
0.00105
0.001067
0.001053
0.001059
0.003212
0.002141
0
0
0
0.001125
0
0
0
0
0.001148
0
0
0.002323
0.00116
0.001152
0
0.001159
0
0.001192
0
0.001182
0
0
0
0
0
0
0.001235
0
0
0.001267
0
0.001294
0
0
0.002558
0.001274
0
0
0
0.001289
0
0.001282
0
0
0.002594
0
0
0
0.001311
0.001321
0
0.002714
0.001357
0.001344
0.001351
0.002685
0
0.001337
0
0
0.001342
0.004049
0.001307
0
0.002621
0.002597
0
0.001292
0.001314
0
0.001328
0
0.001319
0
0.00133
0
0.002699
0
0
0
0
0
0
0.001404
0
0
0
0
0.001433
0.001412
0.001403
0.005642
0
0
0
0.002829
0.002813
0.002833
0
0.001447
0.001484
0.001538
0.001724
0.005396
0.001748
0.001736
0.028446
0.003185
0.001504
0
0
0
0
0.002899
0.002894
0
0
0.001418
0
0
0
0.002837
0.001418
0.002821
0
0.001439
0
0.00142
0
0.004354
0.001433
0
0
0.004292
0
0.001437
0.001427
0.001427
0.004323
0.001427
0.001439
0.001447
0
0.002937
0.002933
0
0.00295
0.001437
0.001433
0.002817
0.001403
0
0.002805
0
0
0.001397
0.001404
0
0.001435
0.004292
0
0
0.001395
0.001372
0.002759
0
0.001404
0
0
0
0
0.001381
0
0.001383
0.001361
0
0
0
0.001321
0.001328
0
0
0
0
0
0
0.002577
0
0
0.002551
0.001276
0
0.001261
0
0
0
0.001247
0.001244
0
0
0
0
0
0
0.001255
0
0.003699
0.001232
0.001227
0
0
0
0.00119
0
0.0047
0.001186
0.001192
0
0
0.001195
0
0
0.003546
0
0
0.002331
0
0.001186
0
0
0
0
0.001182
0.001167
0.001164
0.001157
0
0.00237
0
0.001198
0.001202
0
0.003571
0.002381
0.002395
0.002375
0.001182
0
0
0.002304
0.001166
0
0.001138
0
0.001096
0.001101
0.0011
0.001099
0.001111
0.001114
0
0.001117
0
0
0
0.001147
0
0
0.00226
0
0
0
0
0
0
0.001143
0
0.005669
0.00681
0.001134
0.001159
0.001148
0
0.001167
0
0
0.001168
0
0
0.001261
0.001715
0
0
0
0
0.005882
0
0
0.001195
0.001209
0.001214
0
0
0
0
0
0.001171
0.001163
0.002342
0.001175
0
0
0.001172
0
0
0
0.001318
0
0
0
0
0.002328
0.001166
0.001152
0
0
0.001151
0
0
0.002247
0
0
0
0
0
0.00333
0.00441
0.001106
0.001085
0.002208
0
0.001075
0
0.001106
0
0.001134
0
0.008143
0.001122
0.001096
0.001096
0
0
0
0.001079
0.001055
0.00106
0.002105
0.004242
0
0.002058
0
0
0
0
0
0
0.001996
0.000996
0.000997
0
0.001963
0.000992
0.000993
0
0.00197
0
0.001984
0.000987
0.000975
0.000984
0.001965
0
0.001946
0.000971
0.002913
0.000964
0
0.000965
0
0.001918
0
0
0
0
0
0.000957
0
0
0
0
0
0.000968
0.000961
0
0.000984
0
0.001996
0
0
0.001972
0
0
0
0
0
0
0.001031
0
0.003049
0.00102
0
0
0.002026
0.001009
0
0
0.001022
0
0
0.001048
0
0.001031
0
0
0
0
0
0
0
0.001104
0.002217
0.001119
0.00223
0
0
0.006553
0.001304
0
0.001572
0.001225
0.001203
0
0.001172
0.001147
0
0.001166
0.00125
0
0
0.002378
0.002342
0
0
0.002312
0
0
0
0
0
0.001174
0.001186
0
0
0
0.002541
0
0.005769
0
0
0.003378
0.001669
0
0
0.002699
0
0
0
0
0.00369
0.001205
0
0
0
0
0
0.001211
0
0
0
0
0
0
0.001236
0
0
0
0
0.002653
0
0.001802
0.001304
0
0.001274
0.001276
0
0
0
0
0
0
0
0
0
0.003817
0.001316
0.001316
0.001318
0.001321
0
0
0
0
0.001332
0.005822
0.005355
0.001314
0
0.001279
0.001269
0.002551
0
0.001258
0
0
0
0.001285
0
0
0.00396
0.00142
0
0
0
0
0
0
0
0
0
0
0
0
0
0.001379
0
0.001376
0.002747
0
0
0
0.004926
0
0.001447
0.001445
0
0
0
0
0.007722
0
0
0.003774
0
0.001706
0
0.001471
0.001468
0
0.002857
0
0
0
0
0
0
0
0.001323
0.002649
0
0
0.001267
0.001305
0.001311
0
0
0.002584
0.005109
0
0
0
0
0
0.002561
0
0
0
0
0
0.002516
0.001264
0.002535
0
0.001272
0
0.001304
0
0.001441
0
0.001272
0
0.00123
0
0
0
0
0
0
0
0
0
0
0
0.001256
0.00128
0
0.001274
0.002528
0
0.001261
0.001285
0.001965
0.00128
0
0
0
0
0.001453
0
0
0
0.001264
0
0
0.001238
0
0
0
0.001443
0
0.006053
0
0
0
0
0.001211
0.001215
0.001212
0.001209
0
0
0
0
0
0
0
0
0.001222
0.001222
0.001181
0
0.001172
0.001171
0
0.002336
0
0.0016
0
0
0
0.001135
0
0.001124
0.001106
0
0
0.00227
0
0
0
0
0
0
0
0
0
0.003783
0
0.001335
0.001355
0
0
0
0
0
0
0
0
0
0
0
0
0
0.005102
0.001795
0.002315
0
0
0
0
0
0
0
0
0
0
0
0
0
0.002053
0
0
0
0.002825
0
0
0
0
0
0.007895
0
0
0
0
0
0
0.002242
0
0.00369
0
0
0
0
0
0
0
0
0.002217
0
0
0
0
0
0
0
0
0
0.004878
0
0.003802
0
0.002525
0.005025
0.004938
0
0
0
0
0
0
0
0.004673
0.004762
0
0.002326
0
0
0
0
0
0
0
0
0.002358
0
0
0
0
0
0
0
0
0
0.001799
0
0
0
0.001618
0
0
0
0
0
0
0
0
0
0.00158
0
0
0
0
0
0.004938
0
0
0
0.001767
0
0.001808
0
0
0
0
0
0.01139
0
0.002193
0
0
0.002304
0
0
0
0.013393
0
0
0
0.004545
0
0.004651
0
0
0.005236
0
0
0
0
0
0
0.001805
0
0.001757
0
0.001721
0
0
0.001695
0
0
0
0
0
0
0
0.001733
0
0.002096
0.001855
0
0
0.001739
0
0
0
0.001745
0
0.001799
0.001832
0
0
0
0.00173
0.001727
0
0
0.001709
0
0.001681
0
0
0
0
0.001698
0
0
0
0.003279
0
0
0
0.001862
0
0
0
0
0
0.003195
0
0
0
0
0
0
0.00266
0
0
0
0.001608
0.001558
0
0
0
0.004243
0
0.004082
0
0
0.001312
0
0.002584
0.002513
0.002454
0
0.002413
0
0
0
0.001242
0.001242
0
0.003797
0
0
0
0
0
0
0
0
0
0
0
0
0.006723
0
0
0
0
0
0
0
0.001348
0
0
0.002635
0
0.001359
0
0
0
0
0
0.019417
0
0.02521
0
0.001383
0
0
0.002677
0
0
0
0
0
0
0
0
0.001335
0
0
0
0
0.001314
0
0
0
0
0
0.001328
0
0
0.001374
0.00137
0
0
0.001376
0.005926
0.002635
0
0.001274
0
0
0
0.001203
0
0
0
0
0
0.001185
0
0
0
0
0.002356
0
0
0.003989
0.001289
0.001245
0
0
0
0.001195
0
0
0.001155
0.001171
0.002347
0.001182
0.001172
0.002334
0.001174
0
0.001185
0.002361
0
0.002463
0
0.00123
0
0.001235
0.001245
0
0
0.002494
0.001215
0
0
0
0
0.001178
0.001164
0
0
0.00116
0.001155
0.002331
0
0.002323
0.001164
0
0
0
0
0.001124
0.00111
0
0.001076
0.001087
0
0
0.001048
0.001049
0
0
0
0.00102
0
0
0.001
0
0
0.001978
0
0.001947
0.004897
0.000976
0
0
0.001036
0
0.011765
0.002066
0
0
0.00206
0
0
0
0
0
0
0.001022
0.002049
0
0.001018
0
0.001016
0
0
0
0
0.001032
0
0.00104
0
0
0
0.001046
0
0.00103
0.001048
0
0.001045
0
0
0
0
0.001063
0.002132
0
0.001076
0
0
0
0
0.004988
0.001145
0
0.001131
0.00116
0
0.006274
0
0.001048
0
0
0
0
0.001056
0
0.001642
0
0.001214
0
0
0.001121
0
0
0
0
0
0
0
0
0.002358
0
0
0.002275
0
0.00119
0
0
0.001873
0
0
0
0.002558
0
0.00123
0
0.003534
0
0
0
0.001182
0.003593
0
0.001152
0
0
0
0
0
0
0
0
0
0
0
0
0
0
0.00105
0
0.001036
0.001048
0
0
0.001063
0
0.003148
0.002107
0
0
0
0
0
0.001074
0.001083
0
0.001098
0.001126
0.00738
0
0
0.003035
0
0
0.001116
0
0
0
0.001079
0.001085
0
0
0.001093
0
0
0
0
0
0
0.002294
0.001127
0
0.001138
0.001115
0
0
0.002232
0.002398
0.001119
0
0.001116
0.001099
0.001098
0
0
0
0
0
0
0.001151
0.001357
0
0
0
0
0
0
0.001199
0.00119
0.002356
0.001179
0.002407
0
0
0.002439
0
0.001214
0
0.001224
0.001214
0.00123
0.001248
0.001263
0
0.00367
0.001333
0.005215
0
0
0
0.0013
0
0
0.001314
0
0.001342
0.001346
0
0
0
0
0.001393
0
0.001399
0.001401
0
0
0.001464
0
0.00313
0
0.001739
0
0
0
0.004539
0.002937
0.00295
0
0
0
0.002999
0
0
0.002119
0
0
0.001493
0
0
0
0.001488
0.001466
0
0
0.001553
0
0.001642
0.00363
0
0.001658
0.001642
0.00161
0.001595
0
0.001608
0.00165
0.002445
0
0
0
0
0
0
0
0
0
0.001572
0
0.001618
0.001695
0
0
0
0.001802
0
0
0
0.004773
0
0
0
0
0
0
0
0
0.002618
0.002801
0.002907
0
0
0
0
0.004049
0.285714
0.05
0.052632
0
0.448276
0.566667
0.282051
0.002857
0
0
0
0
0.00232
0
0
0.002151
0
0
0
0
0
0
0.003861
0
0
0.001718
0
0
0.003231
0
0
0.006079
0
0.003021
0
0
0.001495
0.004392
0
0
0
0
0
0.001475
0
0.001477
0.004431
0
0
0
0
0.001479
0
0.001502
0
0.001479
0.001427
0
0
0.00142
0.001437
0.001435
0
0
0
0
0.006098
0.002789
0
0
0
0
0.001362
0
0
0.001376
0
0
0
0
0.001294
0
0
0
0
0
0
0
0
0
0
0
0
0
0.00358
0
0
0
0.002307
0
0.00235
0
0.001168
0
0
0.003509
0.003546
0
0.00122
0
0
0.001217
0
0.001225
0
0
0
0.002516
0.001241
0.001245
0.002491
0.001242
0
0
0
0.001206
0.002472
0
0
0
0
0
0
0
0.001304
0.001333
0.001325
0.001348
0
0
0
0.001357
0
0
0
0.004178
0.001381
0
0.002782
0
0
0
0
0.001393
0
0
0.001456
0.001439
0.00146
0
0
0.001435
0
0
0
0.001445
0
0
0
0
0
0
0.001493
0.001464
0
0
0
0.001486
0
0
0
0
0.004566
0
0
0
0.00155
0.001565
0.003175
0
0.00159
0
0
0
0
0
0
0
0.001529
0
0.001553
0
0
0
0
0
0
0.001555
0.003072
0
0.001541
0
0
0
0.001558
0
0
0
0
0
0.002278
0.003241
0
0
0
0.001506
0.001517
0.003058
0
0.001515
0.003026
0
0
0
0.002946
0.001479
0.001475
0
0
0
0
0
0
0
0
0
0
0.001681
0
0
0.00146
0.002915
0
0
0.001477
0
0
0.001437
0.001403
0.001427
0
0.001451
0.006107
0
0
0
0
0
0.005894
0
0.001393
0
0
0
0
0
0
0.00266
0.001321
0
0
0.001299
0
0
0
0
0
0
0
0
0
0
0
0
0
0
0.001447
0.001497
0
0
0
0
0.001475
0.001481
0
0
0
0
0.001522
0.001558
0
0
0.001672
0
0
0
0.003205
0
0.003205
0.003311
0
0
0.003367
0
0.002639
0
0
0
0
0
0
0.002625
0
0
0
0
0
0
0
0
0
0
0
0
0.004184
0
0
0
0
0
0
0
0
0
0
0
0
0
0
0
0.001565
0.001513
0
0
0
0
0.002789
0
0.001372
0.00135
0
0
0
0.001307
0
0.001245
0
0.002472
0
0.001225
0.001229
0
0.005348
0
0
0
0
0.002299
0
0
0.003341
0
0.002208
0
0
0
0
0
0
0
0
0
0
0.001056
0
0.001049
0.001043
0
0.00202
0
0
0
0.002058
0
0.001029
0
0.001011
0
0
0.001019
0.001202
0.001017
0.002047
0
0.001027
0
0.002051
0.001028
0
0
0
0
0.001029
0.001017
0.001025
0
0
0
0.001052
0
0
0.001038
0.00209
0.001048
0.00105
0
0.001058
0
0.001073
0
0
0.001106
0.001109
0.001107
0.00111
0
0
0
0.001126
0.001129
0
0
0.00117
0
0
0
0.001245
0
0.002608
0
0
0
0.006316
0
0.001815
0.001832
0.001754
0
0
0.001631
0
0
0.001669
0.001664
0
0
0
0
0
0.001698
0.001724
0.001773
0.00177
0
0
0
0
0
0
0
0.002033
0
0
0
0.002208
0
0
0.002347
0
0
0.002551
0
0
0
0.002717
0
0
0.00639
0
0
0
0
0
0.003436
0
0
0
0.012987
0
0
0
0
0.00463
0
0
0
0
0
0
0
0
0
0
0
0
0
0
0
0
0
0
0
0
0
0
0
0
0
0
0
0
0
0
0
0
0
0
0
0
0
0
0
0
0
0
0
0
0
0
0
0
0
0
0
0
0
0
0
0
0
0
0
0
0
0
0
0
0
0
0
0
0
0
0
0
0
0
0
0
0
0
0
0
0
0.004505
0
0
0
0
0
0
0
0
0
0
0
0
0
0
0
0
0.002506
0.003367
0
0
0
0.004444
0
0.002899
0
0
0
0
0
0.002165
0
0
0.001927
0
0
0
0
0
0
0
0
0.001658
0
0.001592
0
0
0
0
0
0
0
0.001626
0.001645
0.00165
0.001698
0
0
0
0
0
0.001876
0
0
0
0
0.006818
0.002232
0
0
0
0
0
0
0
0
0
0
0.009524
0
0
0.002976
0
0
0.00346
0
0
0
0
0
0
0
0
0
0
0
0.004167
0
0
0
0
0
0.010753
0.002924
0
0
0
0
0
0
0
0.005115
0
0.002584
0
0
0
0
0.002506
0
0
0.004773
0
0
0
0.002392
0
0
0
0.002618
0
0.002278
0
0
0
0
0
0.001938
0.003876
0
0
0
0
0
0.006012
0.001795
0
0
0
0
0
0
0
0
0
0
0
0
0
0.001563
0
0.001543
0
0
0
0.00155
0
0
0.002151
0
0
0.001789
0.001792
0
0
0.002387
0
0
0
0
0.00155
0
0
0.001497
0
0
0
0
0
0
0
0
0.001805
0
0.001582
0.00157
0
0.001527
0.001502
0
0.001449
0
0
0
0
0
0
0
0
0
0.002703
0
0
0.001244
0.001239
0.002436
0
0
0
0
0
0.002484
0.001225
0.003559
0
0
0
0.001134
0
0
0
0.00113
0.001117
0.00111
0.00333
0
0
0
0.001082
0
0.004651
0
0
0
0.002049
0.001018
0.00206
0
0.001041
0
0
0
0
0
0.00104
0
0.001035
0.001044
0.001057
0
0
0
0
0
0.001047
0.001053
0
0
0
0
0
0
0
0
0
0
0
0
0.002066
0
0
0.001025
0
0
0
0.002041
0.001022
0.003083
0.001033
0.003115
0.002105
0.001059
0.002116
0.001056
0.001057
0
0.00105
0
0.001034
0
0
0.001021
0.001018
0
0.001015
0
0.001529
0
0.001037
0.002114
0
0
0.001111
0.002153
0
0.002742
0.000917
0.000916
0.000911
0.000906
0.00182
0.000896
0
0
0.000909
0.001817
0.001812
0.0009
0
0.000891
0
0
0.006369
0.002828
0
0
0
0
0
0.000875
0
0.001751
0.000881
0.00088
0.001732
0.001735
0
0
0
0.000877
0
0.000875
0.00088
0
0
0
0
0.000907
0.000899
0.000897
0.000894
0.001815
0.001813
0.001837
0.002757
0
0
0.000949
0.000941
0.000945
0
0.00095
0
0.000951
0
0.00096
0.000962
0
0.001224
0.001053
0
0
0
0
0.000941
0
0
0
0.000943
0.000935
0
0.001025
0.002148
0.004614
0.002064
0.001017
0.001009
0
0.001005
0
0
0.001032
0.002092
0.002125
0.001057
0
0.001115
0.001142
0.001149
0
0.001156
0
0.001168
0
0.003534
0.002347
0
0
0
0.001211
0.002401
0
0.001202
0
0
0
0
0.003584
0.001195
0.002436
0
0.001221
0
0.001235
0.001255
0.001221
0.00119
0.003542
0.001182
0.001161
0
0.001163
0.001136
0
0
0.001155
0
0
0.006135
0
0.001195
0
0
0.001148
0.002288
0
0
0.001153
0.001178
0
0
0
0
0
0
0
0.00123
0
0.003745
0.001255
0.002538
0.003947
0
0
0.004348
0
0
0
0
0
0
0
0.002774
0
0
0
0.005025
0
0
0
0
0
0
0
0
0
0
0
0
0
0
0
0
0
0
0
0
0
0
0.001553
0.001548
0.001538
0
0
0
0
0.010929
0
0
0
0.001527
0
0
0.001504
0.003082
0.001493
0.001527
0
0.001497
0.001522
0
0.003086
0
0
0.007712
0
0
0
0
0.001524
0.002232
0
0.001572
0
0.001453
0
0
0
0.001376
0.002706
0.001337
0.001309
0
0.002611
0.001706
0
0
0
0
0
0.001235
0.00122
0
0
0
0
0
0.001134
0
0.002195
0
0
0
0.001089
0
0
0.002208
0
0
0
0.001125
0
0.001572
0.001355
0
0.001252
0
0
0.001209
0
0.002392
0.001193
0.00117
0.001189
0.001208
0
0.001238
0.001267
0.001245
0
0
0.002591
0
0
0.001297
0
0
0.001364
0.001271
0
0
0
0.00271
0
0.002736
0.001399
0
0.001453
0.001957
0
0.001464
0
0
0
0
0.016611
0
0.002886
0
0
0
0
0.001548
0
0.005348
0
0.015734
0
0
0
0
0
0
0.001295
0
0
0.001295
0
0
0
0
0
0
0.001245
0
0.002516
0
0.001245
0.001245
0
0
0
0
0.001248
0
0
0
0.001271
0
0
0
0
0.001311
0
0.002663
0
0
0.001346
0.001333
0
0.00137
0
0
0
0.001348
0
0.001321
0
0
0
0.001337
0.001319
0
0.001316
0.001321
0.001353
0
0.001495
0.003008
0.001346
0
0.003896
0
0
0
0.001284
0
0
0.001271
0
0
0
0
0
0.001271
0
0.001274
0
0
0
0
0
0
0
0
0
0.001247
0
0
0.00128
0.001259
0
0
0.003676
0.002793
0.001366
0.004049
0.002695
0.003942
0.001319
0
0
0
0.005326
0.001346
0
0.001357
0
0
0
0
0.001416
0
0
0.001435
0.001425
0.002899
0
0.001431
0.002861
0.001441
0
0.001456
0
0.001404
0
0.001418
0
0.001456
0.001439
0.002933
0.001447
0.001445
0
0
0
0
0
0
0
0
0.00304
0
0
0
0
0
0
0
0
0
0
0
0
0.001961
0
0
0.00363
0
0
0
0.003322
0
0
0.001595
0.00313
0
0
0
0
0.001481
0.001445
0.001435
0
0.001433
0
0
0
0
0
0
0
0
0.001337
0
0.001304
0
0.001311
0.001305
0.002642
0
0
0
0.001267
0.00375
0.001236
0
0
0
0.001212
0
0.001222
0.003713
0.001274
0.003876
0
0
0.001218
0
0.001236
0.001248
0
0.002491
0
0.001314
0.003774
0
0
0
0.001247
0
0.003699
0.001241
0.001239
0
0
0
0.001224
0
0.001239
0.003722
0
0.002532
0
0.003942
0
0
0.003731
0
0.003717
0.001242
0
0.001279
0
0
0.003846
0
0.001538
0
0.001359
0
0.001271
0
0
0.001209
0.001208
0
0
0.002315
0
0.001142
0.001147
0
0.00114
0.001135
0
0.001122
0.004449
0.002215
0.001117
0.001105
0.001107
0
0
0
0
0
0
0
0
0
0
0.001139
0.001129
0
0
0.003436
0.002317
0.002481
0.002685
0
0.0012
0
0.002286
0
0
0
0.002301
0
0
0
0
0
0
0.001136
0
0
0.001114
0
0.003429
0
0.001277
0
0
0
0.001156
0.001176
0
0.001186
0
0
0.003901
0
0
0.003492
0.001143
0
0.005543
0.001114
0
0.00223
0.001109
0.001112
0
0.001088
0
0.001109
0.002227
0.001116
0.001107
0
0.001125
0
0
0
0.003348
0.001115
0.001109
0
0.002167
0
0
0.001106
0
0.001089
0.002179
0.001109
0.001106
0
0
0.002151
0
0.002112
0.002099
0
0
0.001044
0
0.002047
0.002043
0.001005
0
0
0
0.00304
0.002035
0
0
0
0.002055
0
0
0.001058
0.001057
0
0.001078
0.004338
0.001099
0
0.002208
0.002195
0.001117
0
0
0.002245
0
0
0.001188
0.002538
0.001174
0.001151
0.001156
0
0
0
0
0
0
0.001121
0.001133
0.001142
0
0
0
0
0.001151
0.002309
0.001159
0.001153
0
0.00116
0
0.002317
0.001155
0.002328
0.002334
0.001178
0.002339
0
0.001157
0
0
0.002307
0.00116
0.001163
0
0
0
0
0.001193
0.001195
0
0
0
0
0
0
0
0
0.001212
0
0
0
0
0
0.001235
0.001224
0.001205
0
0.001203
0.001205
0
0.002427
0
0
0
0.001294
0.004016
0
0.001241
0.001244
0
0
0.001748
0.001309
0.001247
0
0
0.001203
0.001211
0.00246
0
0
0
0.001211
0.002395
0
0
0
0
0
0
0
0
0.003515
0
0.001225
0
0.001289
0
0.004231
0
0
0
0
0.001241
0
0.001727
0
0.001209
0
0
0.00117
0.001164
0
0.001172
0
0.001167
0.001152
0
0.001181
0
0
0
0.002597
0.001225
0.001203
0.001181
0.002339
0.00116
0
0.001175
0
0.001701
0
0.001205
0
0
0.001136
0
0.001136
0
0
0.001149
0
0
0.001148
0
0.001156
0
0.001156
0.001131
0.00225
0
0.001143
0
0
0.002275
0
0
0.00346
0.001159
0
0
0.002331
0.001182
0.001174
0
0.001196
0
0.00122
0
0
0
0.002475
0.001263
0.001309
0
0.002833
0
0
0
0
0
0
0
0.002717
0
0
0.001427
0
0
0.001764
0.00177
0
0.001441
0
0
0.001346
0.001335
0.001311
0
0
0
0
0.001297
0.001285
0.001261
0
0
0
0
0
0
0
0.002869
0.002959
0.001506
0
0.001431
0.001328
0
0
0.003947
0
0.001314
0.001307
0.001292
0.001269
0.001276
0
0.001292
0.002574
0.001285
0.001276
0.003822
0
0.001305
0
0
0.002509
0
0.001247
0.00122
0
0.001198
0
0
0.00117
0
0.001179
0
0
0
0
0.001151
0.001148
0.001125
0
0.001145
0.002265
0
0.002237
0.002252
0.001119
0.004454
0
0
0.001115
0.0011
0
0.001082
0.00107
0.001073
0
0
0.00108
0.001088
0
0
0
0
0.001119
0.002273
0.001134
0
0
0
0
0.001163
0
0.001183
0.002392
0.001202
0.001241
0
0
0
0.003044
0
0
0.001359
0
0
0
0.001305
0
0.001299
0.003937
0
0.001323
0
0
0.003135
0
0
0.001374
0
0
0.001381
0.001445
0
0.002924
0
0
0
0.001575
0.00159
0
0
0.002092
0
0
0.001647
0
0.001541
0
0.001502
0
0
0
0.00152
0.00152
0.001531
0.001529
0.001534
0
0
0
0
0
0
0
0
0
0
0
0
0
0
0
0.001495
0
0
0.002433
0.001462
0.001414
0
0.001383
0.001351
0
0
0.00267
0
0
0.00137
0.00189
0
0
0
0
0.002594
0
0.002571
0
0.001261
0.002506
0
0.001241
0.001218
0
0
0.001209
0
0
0.001195
0
0
0.001198
0.0012
0
0
0
0
0.002528
0
0
0
0
0.001302
0
0
0
0
0
0.001361
0
0
0.001431
0.002869
0
0.00152
0
0.001661
0.006536
0.004348
0
0.002222
0
0.004
0
0
0.00198
0.002119
0
0
0
0
0
0.00173
0
0.001718
0
0.001739
0
0
0.001969
0
0.004405
0.002033
0
0.001927
0
0
0.004193
0
0
0
0
0
0
0
0.001686
0
0
0
0.004619
0
0
0.00318
0
0.001558
0
0
0
0
0.001522
0
0
0
0.00158
0
0
0
0
0
0
0.003328
0.001616
0.001577
0.001538
0.001511
0
0
0.001642
0
0.001546
0
0
0
0
0.001506
0
0.001481
0.003008
0
0
0
0.001495
0.001447
0
0.004132
0
0
0.001458
0.002972
0
0
0
0
0
0.001395
0.001361
0
0.002646
0
0
0.002564
0
0
0.001259
0.002488
0.002516
0.00125
0.001266
0.002561
0
0
0.001245
0
0
0
0
0.001339
0
0
0
0
0.001497
0
0
0.004057
0
0.001595
0
0
0.004255
0
0
0
0
0
0
0
0.002488
0
0
0
0
0
0
0
0
0
0
0
0
0.002506
0
0
0
0
0
0
0
0
0.002315
0.002451
0
0.002778
0
0
0
0
0
0
0
0
0
0
0
0.002268
0
0
0
0
0
0
0.003195
0
0
0
0
0.004762
0.004695
0
0.009434
0
0
0
0
0
0
0
0
0
0
0
0
0
0
0
0.003279
0
0
0
0
0.006993
0
0
0
0
0
0.09375
0
0
0
0
0
0
0.002193
0.002146
0
0
0
0.013645
0
0
0.001706
0
0.001621
0.001608
0
0.001565
0.004552
0.001481
0.001464
0
0
0
0.002782
0
0
0
0
0
0.002532
0
0.00125
0
0
0.001277
0.001236
0.001238
0
0.002433
0
0.001215
0
0
0.001192
0.001174
0.001172
0.002347
0.001163
0
0.001151
0.001155
0
0
0
0.003421
0.001139
0.00114
0.001135
0.001143
0.00113
0.001139
0
0.001116
0.002255
0
0.004902
0.002265
0.00111
0
0.001085
0.001078
0
0
0
0.001064
0
0.002278
0.00638
0.001119
0.002101
0
0.00105
0.001034
0.003071
0.00309
0
0.001033
0.002058
0.002083
0
0.001052
0.001017
0.001018
0.003061
0.001
0
0.001014
0.002039
0
0.001035
0
0
0
0
0.003145
0.004077
0
0.00101
0
0.001014
0
0
0.001016
0
0
0
0
0.003003
0
0.00201
0.001018
0.00103
0.004813
0
0
0.004773
0
0.00104
0.001032
0.001043
0.001041
0.002066
0
0
0
0.001054
0.001042
0
0
0
0
0
0
0
0.001044
0.002105
0.001047
0.003102
0
0.001161
0
0.003181
0
0
0.001029
0
0.002006
0
0
0
0
0.001012
0
0
0.004
0.001974
0
0
0.00202
0.001032
0
0
0.001033
0.001028
0
0.002053
0
0
0
0
0
0
0.00099
0.000986
0
0
0
0.00097
0.000985
0
0.003061
0.004161
0.001034
0.001019
0.00102
0.00102
0
0.001021
0
0
0
0.001049
0
0
0.002094
0
0.001054
0
0.002119
0.001073
0
0.002141
0
0.001065
0
0.001083
0
0
0
0.001104
0
0.001631
0.001316
0
0
0
0
0
0.001071
0.001078
0.00106
0.002092
0.001042
0
0
0.001063
0
0.00213
0.001058
0
0.001087
0
0.004808
0
0.001083
0
0.001071
0
0
0.001071
0
0
0
0
0.002186
0.003333
0
0
0
0
0
0.001172
0
0.001339
0
0.002574
0.001277
0
0.001311
0
0.001309
0
0
0
0.002797
0
0.001422
0
0
0
0
0
0
0
0.001555
0
0
0
0.001592
0.001608
0
0
0
0.001698
0
0
0.001789
0
0.00369
0
0
0.004158
0.013201
0
0
0
0
0.002114
0
0.002203
0.002252
0
0
0.002165
0.002132
0.002096
0
0.002053
0
0
0
0.003976
0
0.002
0.001961
0
0.001996
0
0
0
0
0.004184
0.002062
0
0
0
0
0.002075
0.002058
0.006198
0
0.004132
0.002066
0
0
0
0
0
0
0
0
0
0
0
0
0.00237
0
0
0
0
0.002625
0
0
0
0
0.003145
0
0
0.005102
0
0
0.004219
0
0
0.01005
0
0
0.004202
0
0
0
0
0
0
0
0.005291
0
0
0
0
0
0
0.005291
0
0
0
0
0
0.004902
0
0
0
0
0
0.004762
0
0
0
0
0
0
0
0
0
0.005682
0
0
0
0
0
0
0
0.013158
0.013333
0
0
0
0
0
0
0
0
0
0
0
0
0
0
0
0
0
0
0
0
0
0
0
0
0
0
0
0
0
0.025
0
0
0
0
0
0
0
0.25
0
0
0
0
0
0
0
0
0
0
0
0
0
0
0
0
0
0
0
0
0
0.007407
0
0
0
0
0
0
0
0.005747
0
0
0
0
0.005102
0
0
0
0
0
0
0
0
0.004274
0
0
0
0
0
0
0
0
0.007435
0.00369
0
0
0
0
0
0
0.013841
0
0
0
0.003077
0
0
0
0
0
0
0.00266
0
0.002545
0.002551
0
0
0
0.002331
0
0
0
0
0.004124
0
0
0
0
0
0.004175
0
0
0
0
0
0
0.00177
0.001795
0.005693
0
0
0.003165
0
0
0
0
0
0.001439
0
0.001401
0
0
0
0
0
0
0.001311
0
0
0
0.001218
0.001215
0.0012
0
0
0.002286
0
0
0
0.002215
0
0
0
0.001096
0
0
0
0.001095
0
0
0.001058
0
0.001055
0
0.001056
0
0
0
0
0.002116
0
0.002167
0.001085
0
0
0
0.002725
0
0
0
0
0.003344
0.001377
0
0.00177
0
0.002301
0
0
0.001159
0
0
0
0.003452
0
0.002336
0.001163
0
0.003505
0
0
0
0
0.002427
0.002407
0.001206
0.003641
0.001215
0
0
0.001198
0
0
0
0
0.00246
0
0
0.001239
0.002494
0.002445
0.001242
0.001227
0.001235
0
0.001218
0.001224
0
0.002433
0.001232
0
0
0.001171
0.001176
0.001175
0.001185
0.001181
0
0.001147
0.001149
0
0.001178
0.002304
0
0
0
0
0.001131
0
0.001107
0.001092
0.002157
0
0
0
0
0
0
0.002073
0
0.002105
0
0
0
0.001025
0
0.00201
0.000978
0.001946
0.000993
0.001967
0
0.000969
0.000961
0
0.002863
0.001919
0
0
0
0.000979
0
0
0
0.006772
0
0
0
0
0.002478
0.001218
0
0
0.000932
0
0.000884
0
0.00087
0
0
0.000879
0
0.001765
0
0
0
0
0.001807
0.001797
0.001803
0
0
0
0.000913
0
0.000917
0.000913
0.000929
0.000929
0.002896
0
0.001919
0
0
0.00097
0
0
0.001054
0
0
0
0
0
0.001043
0
0.002114
0.001075
0
0
0
0
0.001572
0
0
0.001182
0.001195
0.001205
0
0.001242
0.001259
0.00125
0.001256
0
0.001321
0
0.005874
0.002755
0
0
0.00266
0
0.002677
0
0
0
0
0.001416
0.002837
0
0.001453
0
0
0.003017
0.001527
0
0
0.003125
0.001585
0
0
0
0
0.001595
0
0.001572
0.003096
0
0
0
0
0.001451
0.001441
0
0.001464
0
0
0.002937
0.001439
0
0.001458
0
0
0
0.002959
0
0
0.001484
0.002976
0.00149
0
0.001451
0
0.001449
0.002861
0
0.001439
0
0
0
0
0
0
0.001441
0
0.004386
0.002941
0
0
0.001453
0
0.001406
0.001385
0.001374
0
0
0.001339
0
0
0
0.001287
0.002577
0
0
0
0
0.001248
0
0
0
0.002516
0
0
0
0.001289
0
0.002649
0.001312
0
0
0
0
0.001362
0
0.00137
0
0
0.001395
0
0
0
0.001445
0
0
0.001447
0
0.001466
0
0.001524
0
0
0.001587
0.00159
0.001637
0
0
0.001626
0
0
0.001704
0
0
0
0.00363
0
0.001855
0
0
0.00198
0.004016
0
0
0
0
0
0
0
0
0
0
0.002155
0
0.002445
0
0
0
0
0
0
0
0.004866
0
0.002469
0.002494
0
0
0.002577
0.002564
0.002591
0
0.002747
0
0.002857
0.003106
0
0
0
0
0
0
0
0
0
0
0
0
0
0
0.003597
0
0
0
0.003436
0
0
0
0.003717
0
0
0
0
0
0
0
0
0.004926
0
0
0
0
0
0
0.006757
0
0
0
0
0.007463
0
0
0
0.007752
0
0
0
0
0
0
0
0
0.02
0
0
0
0
0
0
0
1
0
0
0
0
0
0
0
0
0
0
0
0
0
0
1
0
0
0
0
0
0
0
0
1
0
0
0
0
0
0
0
0
0.004367
0
0
0
0
0
0.003788
0
0
0
0.003425
0
0
0
0
0
0.003106
0
0
0
0
0
0.002833
0
0
0.006231
0
0.002778
0
0
0
0
0
0
0
0.002577
0
0
0
0
0.002558
0
0.002481
0.002427
0
0
0
0
0
0.002347
0
0
0.002252
0
0
0.002268
0.002299
0
0.002494
0
0.002217
0
0.002123
0
0
0.002049
0
0
0
0.008909
0.002075
0
0
0.001953
0.003824
0
0
0
0
0.001789
0
0
0
0
0.003472
0.001706
0
0
0
0
0.003868
0
0.001637
0
0.00321
0
0.001582
0.003155
0.00158
0
0
0.001748
0
0.001572
0
0
0
0
0.004847
0.001534
0.001486
0.001453
0
0
0.002894
0
0
0
0
0
0
0
0.002729
0.001355
0.001318
0
0
0
0.003741
0.001247
0
0
0.001211
0
0.001214
0
0.003597
0.001181
0
0.001175
0
0
0
0
0
0.00117
0
0
0
0.001186
0
0.007509
0
0.00358
0.001176
0.001182
0.002361
0.001178
0.001188
0.003538
0.001175
0
0
0.001198
0.001215
0.005188
0
0.001167
0
0.001181
0
0.001171
0.001192
0.001179
0.003538
0.001166
0.002375
0.003542
0.002378
0
0.00122
0
0
0
0
0
0
0.001112
0
0
0
0.001083
0.001068
0
0.001063
0.002116
0
0.002114
0
0.001029
0
0.001027
0.00308
0
0
0
0
0
0
0
0.001109
0
0.002066
0
0
0.00101
0.002002
0.002014
0.001006
0.000991
0.002982
0.000999
0.000995
0
0.000987
0
0.000974
0.000965
0.002887
0.000973
0.000991
0.000989
0
0
0.003015
0
0.000996
0.003036
0
0
0.001041
0.001055
0.001072
0.001085
0
0
0.001502
0
0.00108
0
0
0.001092
0
0.002198
0.00108
0
0
0.001096
0
0
0
0.001106
0.001134
0
0.003722
0.003378
0
0
0
0
0
0.001078
0.001081
0.001093
0.00108
0.001089
0.001085
0.001112
0.001147
0.005031
0
0
0.001134
0.00112
0
0.001129
0
0
0.001147
0.001138
0
0
0
0
0
0
0
0.00128
0
0
0
0
0
0.00241
0
0
0
0
0
0
0
0
0
0
0
0.001376
0.001355
0
0.001326
0
0
0
0.001353
0.001391
0.002976
0
0
0.001342
0
0.001362
0
0
0.001289
0
0.001282
0
0
0
0
0
0
0
0
0
0
0.001279
0.001282
0
0
0.001335
0.001351
0
0
0.005533
0
0
0.00419
0
0
0.001449
0.002959
0
0.001499
0.003017
0.003135
0
0
0.001825
0.001689
0.003279
0
0
0
0
0
0
0.001661
0
0
0
0
0
0.001764
0.001754
0
0
0.001764
0.003546
0
0.001835
0.001862
0
0.001984
0.002959
0
0.003774
0
0
0
0
0.001828
0.001828
0.001802
0
0
0
0
0
0.008753
0
0.003876
0
0
0.001779
0
0
0
0.003401
0
0
0
0.001751
0.003571
0
0
0.001748
0
0
0
0.001605
0.001565
0
0
0
0
0
0
0
0
0.00149
0
0
0
0.001502
0.001511
0
0
0.001565
0
0
0.002364
0
0
0
0
0
0
0
0
0.005254
0
0
0.001513
0
0.001488
0
0.003012
0.001513
0.001517
0
0.001497
0.002967
0
0.002937
0.001456
0.002899
0
0.002299
0
0
0
0.001414
0
0
0
0
0
0
0
0
0.003026
0
0.001894
0
0.001271
0.001245
0.001236
0
0.001202
0.002367
0
0.001176
0
0
0.002309
0
0.001122
0.00224
0.002222
0.001088
0.002183
0
0.001056
0.001054
0
0
0.001028
0.00103
0.001032
0
0.001031
0.001027
0.003021
0
0.001032
0.001029
0
0.001014
0.001
0.001
0
0
0.00098
0
0
0
0
0
0
0.001011
0.001
0.001016
0.001009
0
0.000989
0
0
0
0.001024
0
0
0.001047
0.00324
0
0
0
0
0
0.00116
0.001078
0.001058
0
0
0.002181
0.010216
0
0
0
0
0
0.000972
0
0.000958
0.000969
0
0.000969
0
0.000967
0.000961
0
0.000971
0
0
0
0
0
0
0.000966
0
0
0
0.002921
0.000968
0.000966
0
0
0.001961
0
0
0
0.000986
0
0.001978
0
0.000984
0
0
0
0.001002
0.000989
0
0
0
0.002024
0.001011
0
0
0
0
0
0
0.001035
0.001033
0.001052
0
0.002339
0.001089
0
0.001062
0.001044
0.001041
0
0.002075
0
0
0
0.001015
0
0.001
0.001994
0.000999
0
0
0
0
0
0
0
0
0
0.002139
0.001127
0.001086
0
0
0
0
0
0.003597
0.001163
0
0.001119
0.00104
0
0.001012
0
0
0.00203
0
0
0.001006
0
0
0
0.001005
0
0.001963
0.000973
0.00097
0
0
0.000978
0
0.000998
0.003198
0
0
0
0
0
0
0.001005
0
0.002012
0
0
0.00098
0.001957
0.001931
0
0.000957
0.000934
0.00094
0.00191
0
0.003086
0.001942
0.000926
0
0
0.001767
0.000892
0.000878
0
0.000846
0.000855
0
0
0.000844
0
0
0
0
0.00084
0.00082
0.000829
0.002475
0
0
0
0
0
0
0.00084
0
0
0
0.000843
0.002515
0
0.000843
0
0
0
0
0
0
0
0
0
0.000864
0.001161
0
0.001712
0.001675
0
0
0.001649
0.00165
0
0.002542
0.000845
0.002545
0.000849
0
0
0.001245
0
0
0.001735
0.000871
0
0.001767
0
0.009485
0
0.000932
0
0
0
0
0
0.000913
0.000914
0.000917
0
0.000917
0
0.001815
0
0
0
0
0
0
0.002356
0
0
0
0
0
0
0
0.000964
0
0.00097
0
0
0.000984
0.000983
0.000986
0.001978
0.000995
0.000995
0
0.001032
0
0.002174
0
0.009077
0
0
0.005229
0
0
0
0.001133
0
0
0.002247
0.001143
0
0.00117
0.001176
0.002356
0
0.005272
0.00122
0.001215
0
0
0.007117
0
0
0
0
0.001261
0.003567
0
0.002361
0.003517
0
0
0
0
0.003525
0.001159
0
0.001163
0
0.001151
0.001153
0.001117
0
0.002262
0
0.001164
0.00117
0.002532
0
0
0
0.00161
0
0
0
0.001111
0.00547
0.001083
0
0.003243
0
0
0
0
0
0.001094
0
0
0
0
0.001086
0.001085
0
0
0.001094
0
0
0
0.003755
0.001238
0
0
0
0
0
0
0
0.002247
0
0
0
0
0
0.007009
0
0
0
0
0
0
0
0
0
0.001099
0
0.001089
0.001065
0
0
0.002119
0.00213
0
0
0
0
0
0
0
0.001088
0.001089
0.001096
0
0
0
0.001121
0
0.001139
0.00114
0.003488
0.001205
0.001217
0.001245
0.005442
0.00123
0.002415
0
0
0
0
0.001176
0.003534
0
0.001183
0.001172
0.001166
0
0
0
0
0
0.001236
0
0.001248
0
0
0
0
0.001328
0
0
0
0
0
0
0.001724
0
0
0
0
0
0
0.001497
0
0.00157
0.002506
0
0
0
0
0
0
0.001342
0
0
0
0
0
0.006012
0.00149
0
0
0.001488
0.003135
0
0
0
0
0
0.001147
0.002294
0.001153
0
0
0
0.001124
0
0
0
0
0
0
0
0
0
0
0
0.00224
0
0
0
0.001071
0.001078
0
0.001034
0
0.001036
0
0
0
0
0
0.001944
0.000998
0.000988
0.001949
0.001959
0
0
0
0.000951
0
0.000927
0
0.000934
0
0
0
0
0.000944
0
0.000947
0
0.000967
0.000961
0
0.000997
0.000998
0.003027
0.001006
0.002022
0.002045
0.001042
0.001075
0
0.00591
0
0
0
0
0
0.001287
0
0.002265
0
0
0
0
0.001176
0
0
0
0
0
0.001299
0.002994
0
0.001435
0
0
0
0
0
0
0.001385
0
0
0
0
0
0
0
0.006637
0
0
0
0.002096
0
0
0
0
0.005367
0
0
0
0
0.001429
0.001418
0
0
0
0
0.007321
0.004335
0.004323
0
0
0
0
0
0.00137
0.00137
0
0
0
0
0.002829
0.001435
0.001443
0
0
0
0
0.001499
0
0
0
0.00317
0
0.003817
0
0.001883
0.003781
0
0
0
0
0
0
0
0
0
0
0
0.001488
0
0
0.004444
0.001471
0
0
0
0
0
0.004478
0.001506
0.002128
0
0
0
0
0
0
0.002946
0
0
0.001441
0
0.001406
0
0.00277
0
0
0
0
0.001429
0
0
0.001475
0
0
0
0
0
0
0
0.001634
0
0
0.002439
0
0
0
0
0
0
0.002045
0
0.002577
0
0.001942
0
0
0
0
0
0
0.00404
0
0
0
0.002053
0
0
0
0
0.010638
0
0
0
0
0
0
0.002208
0
0
0
0
0
0
0.002347
0
0
0
0.002688
0
0
0.002336
0.002198
0
0
0
0
0
0.002179
0.002294
0
0
0
0
0.00211
0
0
0.00198
0.002
0
0
0
0.00188
0
0.001887
0
0
0
0
0
0
0
0
0
0
0.001653
0
0
0
0
0
0
0.00156
0
0
0
0.001458
0.001431
0.001406
0
0
0.001404
0.003876
0
0
0.001325
0.001307
0.003851
0.00128
0
0.001284
0
0.00129
0
0.002567
0
0
0.001272
0.001271
0.001274
0
0.0013
0.002608
0
0
0
0.006048
0.00134
0.001292
0.001269
0.001248
0.001263
0
0
0.002513
0
0.002535
0
0.001876
0
0
0.002937
0.001285
0
0
0.001203
0
0.002356
0
0.001217
0.001653
0.001159
0.00114
0.002255
0
0
0
0
0
0
0
0
0
0
0.001147
0.001151
0
0
0
0
0.002395
0
0.011921
0
0
0
0
0.001414
0.001664
0
0
0
0
0.001211
0
0
0
0
0
0.003886
0
0
0.002364
0.001167
0
0
0.00659
0.001198
0
0
0
0
0
0.0012
0.0012
0
0
0
0
0.001186
0.001174
0
0
0
0
0.001185
0
0.001196
0
0
0
0
0
0
0
0.002841
0
0
0
0.001346
0
0.009245
0
0
0
0.001393
0.001418
0.003284
0
0
0.011419
0
0
0
0
0.001276
0
0.001258
0
0
0.002478
0
0
0.002401
0
0
0
0.001179
0
0
0.002288
0
0.001156
0
0
0
0
0.001131
0
0
0
0
0
0.00227
0
0
0
0
0.001178
0.001684
0
0
0
0.001107
0.001114
0
0
0.001082
0
0
0
0
0
0.001073
0.00107
0
0
0
0
0.001043
0
0
0
0
0
0
0
0
0.002128
0
0
0
0
0
0
0
0.001083
0
0
0
0.003053
0
0
0
0
0
0.001464
0
0.001101
0
0.001093
0.001093
0.003297
0.001105
0.001086
0
0.001075
0
0.001088
0
0
0
0.001151
0
0
0
0.004769
0
0
0.001175
0.001159
0.001135
0.001131
0
0
0
0.001125
0.003333
0
0.001133
0
0
0.002336
0
0.001166
0.001189
0
0.002331
0
0.001185
0.006017
0
0
0
0.001193
0.002389
0.001205
0
0
0.003769
0
0
0.002762
0
0
0.003008
0
0.001383
0
0
0.001332
0
0.002554
0
0.001276
0
0
0.001259
0
0
0.002475
0.002491
0
0.00125
0.001236
0
0.001238
0
0
0.002732
0.002538
0
0
0
0.001271
0
0
0
0
0.002535
0
0
0.001264
0
0.002516
0
0
0
0
0.003831
0.001779
0
0.002618
0
0.001269
0
0
0
0
0
0
0
0
0.001206
0.001225
0
0.001208
0.00123
0.005282
0.002509
0
0
0
0
0
0
0
0
0
0
0
0
0
0
0.001192
0.001235
0
0.001229
0
0.002497
0.001282
0
0
0
0.001815
0
0
0
0
0
0.001218
0
0
0
0.001247
0.002743
0
0
0.001217
0.001203
0
0
0
0
0
0
0.001205
0.002433
0.001222
0
0
0
0
0
0
0.001267
0.001285
0.001319
0
0
0
0.004808
0.001429
0.001389
0.001368
0
0.001328
0.001353
0
0.001342
0.002714
0
0.004115
0.002789
0
0.001575
0.004717
0.001473
0
0
0
0
0.001328
0
0
0
0.001355
0.001374
0.004505
0.001399
0
0
0
0
0.002574
0
0.002535
0
0
0
0
0
0
0
0
0
0
0.001745
0
0
0.001203
0.002353
0
0
0
0.002706
0.001209
0.001182
0
0.001104
0.001085
0
0.001066
0
0
0
0
0
0
0
0
0.001007
0.001
0.000995
0.00199
0
0.000978
0
0
0.000979
0.001951
0
0.001903
0.000943
0.001001
0
0
0
0.000974
0
0.001963
0
0
0
0.000997
0
0
0.001002
0.00202
0.00197
0
0.000978
0.000988
0
0
0
0.000991
0.001007
0.001008
0.001013
0
0
0
0.001015
0
0
0.001074
0
0.001052
0
0.004149
0
0.001048
0
0.002099
0
0
0
0.004362
0.003319
0.003308
0
0
0
0
0.00117
0
0.001172
0.001153
0.001179
0.002378
0.001203
0.001233
0.001261
0
0.008596
0
0
0
0.00133
0
0.001337
0.001381
0
0.003984
0.002809
0
0.002714
0.002729
0
0.001344
0.001362
0
0
0
0.001414
0.001381
0.002778
0.002786
0
0
0
0
0.004292
0.002928
0
0.003021
0
0.001577
0
0
0
0
0
0
0
0
0
0
0
0.002611
0
0
0
0
0
0
0
0.002012
0
0
0
0
0
0
0.003284
0
0.001616
0
0
0
0.001608
0
0
0
0
0
0.003774
0
0
0.003306
0
0
0
0.002695
0
0
0
0
0
0
0
0
0
0
0.008108
0
0
0
0
0
0
0
0.001429
0
0.001366
0
0.003901
0
0
0
0
0
0.001227
0
0.002404
0
0
0
0
0.002488
0.001242
0
0.00125
0
0
0
0
0.00122
0
0
0
0.00237
0
0
0.001196
0
0.001182
0
0
0
0
0.001148
0
0
0.001157
0.001136
0
0
0
0
0
0
0.001106
0.004435
0
0
0
0
0.00112
0
0
0
0
0.001119
0
0
0.001136
0.00116
0
0
0.00344
0
0
0
0
0
0.001163
0
0
0
0
0.002364
0
0
0.0012
0.001205
0
0
0
0
0.00246
0.002475
0.001242
0.001276
0.002503
0
0.002894
0
0.001364
0.002685
0
0.001408
0.00744
0
0
0.002751
0
0
0
0
0
0
0
0.001385
0
0
0
0
0
0.002928
0.004412
0.002874
0
0
0
0
0
0
0
0
0.001406
0
0
0
0
0.002677
0
0.001348
0
0.001344
0.001353
0
0.001342
0
0.009597
0
0
0.002584
0.001253
0.002513
0
0.001247
0
0
0
0
0.001229
0.001211
0
0
0
0
0
0
0
0.001211
0
0.001193
0
0.002398
0
0.001239
0.002497
0
0
0.001464
0
0.007828
0
0
0
0
0
0.001153
0.002345
0.001147
0
0.001159
0
0.003515
0
0.001127
0.001103
0.002186
0.001085
0.002198
0.001092
0.001085
0
0
0.001064
0
0
0.001059
0
0
0
0
0
0.001019
0
0
0.001006
0
0
0.000995
0
0
0
0
0.000968
0
0
0.000971
0.000974
0
0
0
0.000994
0.001007
0.001016
0.001018
0.001019
0.001011
0.002055
0
0.001048
0.001058
0.001058
0.001115
0.003597
0
0.002181
0
0
0
0
0
0.001126
0
0.001372
0.001374
0
0
0
0.002186
0.001081
0.001082
0
0
0.001045
0.00104
0
0
0
0.001053
0.004206
0
0.002077
0.001041
0.00104
0
0.002077
0.002064
0
0
0
0
0
0
0.001047
0
0
0.001053
0
0
0.001037
0
0
0
0.001056
0.001064
0.001057
0.002157
0.001086
0.001087
0.002186
0
0.003333
0
0
0
0
0.00222
0.00112
0
0.001114
0.00111
0
0.001124
0
0.001142
0
0.002326
0
0.001142
0
0.001159
0.003529
0
0
0.001776
0
0
0
0
0.001297
0
0.00141
0
0
0
0
0
0
0
0
0
0
0.00113
0
0.001145
0.001135
0.001134
0
0
0.001121
0
0
0
0
0.001134
0.001127
0.002268
0.001131
0.002268
0.002288
0
0.00114
0
0
0
0
0
0.001153
0.001166
0.001157
0
0.002323
0.001161
0.001164
0
0.002398
0.002358
0
0
0.001172
0
0
0
0
0
0
0.00112
0
0
0
0
0
0.003405
0.001114
0
0
0.00222
0.001147
0
0
0
0
0
0
0
0
0.001176
0
0.001163
0
0
0.002503
0.001276
0.002714
0
0.001195
0
0
0.001159
0
0
0
0
0.001164
0.001168
0.001155
0
0
0.001152
0
0.00227
0
0.00111
0
0
0
0
0
0.002217
0.001114
0
0
0.001093
0.001088
0
0.001096
0.003257
0.001074
0
0.001081
0.002155
0.001089
0
0
0
0.00224
0
0.00225
0
0.001155
0.003468
0
0
0
0.001248
0
0.001473
0
0
0
0.001318
0
0
0
0
0
0
0.001359
0
0
0
0
0.001497
0
0
0.003215
0
0
0
0
0
0.00207
0
0
0
0
0
0
0
0.005254
0.001582
0
0.001508
0
0
0.001412
0
0.001441
0
0
0.002146
0
0
0.001408
0
0
0
0.001395
0
0
0
0.001348
0
0
0
0
0.001361
0
0
0
0
0.002674
0
0.001391
0
0
0
0
0
0
0
0.003937
0
0
0
0
0
0
0
0
0
0
0
0.004
0
0.003268
0.004065
0
0
0
0
0
0.003375
0
0.002086
0
0.000997
0
0
0
0
0
0
0.001855
0.00181
0
0
0
0
0
0
0
0
0.000887
0.000886
0.000876
0.000883
0.002597
0
0
0
0
0.002584
0.000842
0
0
0
0
0
0
0.000879
0
0
0
0
0.001773
0
0.001795
0.0018
0.000897
0.000898
0.000893
0
0
0
0.000919
0.000938
0
0.001874
0.001961
0
0.001018
0
0.001059
0
0.004498
0
0.001449
0
0.0013
0
0
0.00358
0
0.001166
0
0
0
0.00119
0
0
0
0.001441
0.006036
0
0
0.001667
0
0.001527
0.001486
0
0.002981
0
0.002169
0
0.001256
0
0
0.002387
0.001157
0.001199
0.002407
0.001217
0.001189
0
0.003513
0
0.001172
0
0
0.001209
0
0
0
0
0.001271
0
0
0
0
0.001299
0
0
0
0.001431
0.00625
0
0
0
0
0
0.001832
0
0
0
0
0
0
0
0
0
0.001429
0.001504
0
0.001381
0
0.001408
0
0
0
0
0
0
0
0
0
0
0
0.003759
0
0.001842
0.00978
0
0
0
0
0
0
0.00123
0
0.003436
0.001138
0
0.001144
0
0.001111
0
0
0.001086
0
0.00107
0
0.001042
0.002083
0.001062
0
0
0
0
0.003546
0.002172
0.001063
0.00309
0.002041
0
0.00102
0
0
0.002041
0.001025
0
0.002016
0
0
0.000995
0
0
0.00402
0
0
0
0.002
0
0.000989
0
0
0.002055
0.003086
0
0.001006
0
0
0
0
0
0
0
0
0.002927
0.000968
0.000982
0
0
0
0.000958
0
0
0
0.000944
0
0.001878
0
0
0
0.000914
0.000922
0
0.000917
0
0
0.00093
0.001852
0
0.000925
0
0.001873
0
0.002806
0
0
0
0.000922
0.00092
0
0
0
0
0.000938
0
0.001014
0
0
0
0.001896
0.003777
0
0.001925
0.000985
0.000988
0
0
0.001976
0.000983
0.000974
0
0
0
0
0.001024
0
0.001062
0
0
0
0
0.002114
0
0.001075
0.001079
0
0
0.002169
0.001101
0.0011
0.00224
0.002903
0
0.001096
0.001106
0
0.002139
0.001076
0
0.001074
0
0
0
0.001062
0
0
0.001418
0
0.002232
0
0
0.00111
0.002252
0.005605
0
0.00114
0.001149
0.001164
0
0
0
0
0.001206
0
0
0
0.003736
0
0
0
0.002736
0
0
0
0.001399
0
0.001401
0
0.002899
0
0.001477
0.003044
0
0
0
0
0
0
0
0
0.001825
0
0.00365
0.001866
0
0
0
0.004376
0.001946
0
0
0
0
0
0
0.002066
0.003976
0
0
0
0
0
0.003717
0
0.002353
0
0.002392
0
0
0
0
0.002841
0
0
0.003521
0
0
0
0
0
0
0
0
0.027027
0
0
0
0
0
0.006993
0
0
0
0
0
0.008475
0
0
0
0
0
0
0
0
0
0
0
0
0
0
0
0
0
0
0
0.002008
0
0
0.001845
0.001808
0
0
0
0
0
0
0
0
0
0
0
0
0
0
0
0
0.00188
0
0
0.001996
0
0
0.002222
0
0.002725
0
0
0
0
0
0
0
0
0.005682
0
0
0
0
0
0
0
0
0
0
0
0
0
0
0
0
0
0
0
0.003077
0
0
0
0.002342
0
0
0
0
0.002203
0
0
0
0
0.002288
0
0
0
0.003125
0.003003
0
0
0
0
0
0
0
0
0
0
0.008929
0
0
0
0
0
0
0
0
0
0
0
0.031646
0
0
0
0
0
0
0
0
0.008299
0
0
0.008403
0
0
0
0.002096
0.002088
0.002083
0
0
0
0
0.003263
0
0.001548
0
0
0.002845
0
0
0
0
0
0
0
0
0
0
0
0.004255
0
0
0
0.00295
0
0
0
0
0
0
0.001969
0
0
0
0
0
0.001812
0
0
0.001862
0.001894
0.003817
0.001953
0
0.002041
0.002088
0
0.004963
0
0.002309
0
0.002283
0
0
0
0
0
0
0
0
0
0
0
0
0
0
0
0
0
0
0
0
0
0
0
0
0
0
0
0
0
0
0
0
0
0
0
0
0
0
0
0
0
0
0
0
0
0
0.006757
0
0
0
0
0
0
0
0
0
0
0.008621
0
0
0
0
0
0
0
0
0
0
0
0
0
0
0
0
0
0
0
0
0
0
0
0
0
0
0
0
0
0
0
0
0
0.003559
0
0
0.003333
0
0
0
0
0
0
0.00274
0
0.006623
0
0.002283
0
0
0
0
0
0
0
0.001883
0
0
0
0
0
0.001661
0
0
0
0
0
0.001567
0
0
0.001631
0
0.001715
0
0
0.001513
0
0
0
0.001427
0.001427
0.001445
0
0
0
0
0.002782
0
0
0
0
0.00271
0.001326
0
0
0
0.00149
0
0
0.002649
0
0
0.001326
0
0
0
0
0
0.001238
0.001238
0
0
0
0
0
0
0
0.001199
0.001188
0.001193
0
0
0
0.002395
0.001186
0
0.002457
0.028881
0.001203
0
0
0
0
0.001161
0
0.005083
0.00116
0.001135
0
0
0
0.00221
0.004425
0
0
0.001096
0.001094
0
0
0.002181
0.001098
0
0
0
0
0
0
0
0.003181
0
0.002107
0
0
0
0.001131
0.001135
0
0.001188
0
0
0
0
0.001321
0.001342
0.001387
0.001466
0.006645
0.006667
0.006711
0.003311
0.006667
0
0
0
0
0
0
0.00128
0
0
0
0
0.002265
0
0
0
0.00213
0
0.001062
0
0.001035
0.001029
0
0
0
0
0
0
0
0
0
0.001967
0
0.000957
0
0.00096
0.000954
0.000959
0.001908
0.003745
0
0
0
0
0
0.001896
0.001885
0
0
0
0.001907
0.001921
0
0
0
0.000951
0
0
0
0.000968
0.000943
0.000941
0
0.000947
0.000944
0.00191
0.003886
0.001965
0
0.00191
0.00469
0.000937
0.00188
0
0.001932
0.00097
0.005769
0
0.001932
0
0
0
0.000981
0.001001
0
0
0
0.001998
0
0.00102
0.002075
0
0
0.003185
0
0
0
0.0022
0.002242
0.001107
0.001112
0.001109
0
0.0011
0
0.002488
0
0
0
0
0
0
0
0.002165
0.001085
0
0
0.001653
0.001089
0
0
0.001055
0
0.001072
0.001083
0
0.005938
0
0.001105
0
0
0
0.001078
0
0.002237
0
0.001163
0
0
0
0
0
0
0
0
0
0
0.002621
0
0.00137
0.007339
0
0.002837
0.002837
0
0
0
0.001497
0
0
0
0
0
0
0.001706
0
0.001745
0
0.001742
0.001748
0
0
0
0
0
0
0.002058
0
0.002309
0
0
0
0.002146
0.002137
0
0
0
0
0
0.006757
0
0
0
0.002463
0.002545
0.006116
0.002857
0
0
0
0
0
0
0
0.002967
0
0
0
0
0
0.006579
0
0
0
0
0
0
0
0
0
0
0
0
0
0.00274
0
0
0
0
0.003846
0
0.006309
0.002304
0.002033
0.001957
0
0
0
0
0
0
0
0
0
0
0
0.00335
0
0
0.001493
0
0
0
0
0
0
0
0
0
0
0
0
0
0
0
0
0.00141
0
0
0
0
0
0.001634
0.002252
0
0.003992
0
0
0.005
0
0
0
0
0
0.003279
0
0.001626
0.003431
0
0
0
0.003992
0
0
0
0.001876
0
0.002217
0
0
0
0
0.001908
0
0
0
0
0.003937
0
0
0
0
0
0
0
0.004202
0
0
0
0
0
0.003115
0
0
0
0
0
0
0
0
0
0
0
0
0.001656
0
0
0
0
0
0
0
0
0
0
0.001603
0.001597
0.00317
0
0
0
0.001493
0
0
0
0
0
0
0
0
0
0
0.001393
0.002778
0.001433
0
0
0.001495
0.00303
0
0
0.001534
0
0.00152
0
0
0.001541
0
0.001603
0
0
0.002584
0
0
0
0
0
0
0
0
0.002604
0.003597
0.001767
0.001739
0.001701
0
0
0.001675
0.003373
0.001698
0
0
0
0
0
0.001629
0.001658
0
0.00363
0
0
0
0
0
0
0.001531
0
0
0
0
0
0
0
0
0.001493
0.003053
0.001464
0
0
0
0.001445
0
0.00207
0
0
0.001445
0
0.002801
0
0
0
0
0.001335
0.001335
0
0.00277
0.001372
0
0
0.002597
0
0
0.002584
0
0
0.00134
0
0
0
0
0
0
0.001344
0.001348
0
0
0
0
0
0.001374
0
0
0.001385
0.001399
0.001381
0
0.002778
0
0
0
0
0
0.002809
0
0.001412
0
0.001447
0.002946
0.001506
0.001515
0
0
0.001626
0
0
0
0.002004
0
0
0
0
0
0
0.001672
0
0
0.001795
0.003817
0
0
0.001692
0
0
0
0
0
0
0
0
0.00489
0.002398
0
0.002857
0
0
0.005415
0
0
0.001805
0
0
0.003759
0
0
0
0.003035
0
0
0
0.001395
0
0
0
0.001389
0.001383
0
0
0.002782
0
0
0
0.001357
0
0
0
0
0
0.001383
0.001391
0
0.001453
0
0
0.001385
0
0.00134
0.001342
0.002649
0
0
0
0.001328
0
0.004505
0
0
0
0
0
0
0
0
0.005093
0.003401
0
0
0
0
0
0
0
0.00135
0.001348
0
0
0
0.001318
0
0
0
0
0
0.001321
0.001326
0
0.00133
0.001326
0.002667
0.001346
0
0.001364
0.001381
0
0
0
0.001404
0
0
0
0
0
0.002242
0.001605
0
0
0
0.001631
0.001642
0
0
0.001767
0
0
0
0.001905
0
0.002611
0
0
0.007273
0.00202
0
0
0.001789
0
0
0.003584
0.001859
0.006085
0
0
0
0.001715
0
0.001923
0
0
0
0
0
0.004598
0
0
0
0
0
0.001441
0
0.001346
0
0.001314
0
0
0
0
0
0.002436
0
0
0
0.001136
0
0
0
0.001153
0
0.002389
0
0.001218
0.001245
0.004249
0.004323
0
0.002448
0.002398
0.001156
0
0.002257
0.001117
0
0
0.001133
0.001116
0.001114
0
0.001105
0
0
0
0
0
0
0
0.002312
0.003396
0.001675
0
0.002288
0.001109
0
0
0
0
0
0.00325
0
0.010856
0
0
0
0
0.002081
0
0
0.001044
0
0
0.001094
0.003221
0.001114
0.001083
0
0.002148
0.003215
0
0
0.001063
0.001068
0
0.001067
0.001096
0.002415
0.002086
0.002099
0.003264
0
0
0
0
0
0.001044
0.002105
0.001031
0.004145
0.002037
0.002049
0.003064
0
0.001004
0.001007
0.001
0.000993
0
0.001024
0
0.002105
0
0.007955
0.004158
0
0.001007
0
0
0.000994
0
0
0.002941
0
0
0.000965
0
0.004748
0
0.000935
0
0
0.00095
0.00094
0.001878
0.000942
0
0
0.000942
0.000947
0.000939
0.000946
0
0
0.000987
0.001013
0.002472
0.001218
0
0.001245
0.002252
0
0
0
0
0.00146
0.001057
0.003145
0
0
0
0
0.000995
0.001006
0.001028
0.002037
0
0
0
0
0
0.001041
0.002092
0.001053
0
0
0.001066
0
0.001083
0
0
0
0.001088
0
0
0.001089
0
0
0
0.001111
0
0.001656
0
0
0
0
0.002222
0
0
0
0.003394
0.003667
0
0
0
0
0
0.001186
0
0.001248
0
0
0.00122
0.001211
0
0
0
0.001176
0
0
0
0
0
0.001175
0
0.001155
0.002304
0
0.001133
0.001133
0.00112
0
0.003348
0
0.001144
0.002255
0.001122
0
0.003315
0
0
0.001101
0.001096
0
0.001073
0.001067
0
0.002167
0.002146
0
0
0
0
0.001091
0
0
0.001096
0
0
0
0
0
0.001183
0.002401
0
0
0
0.001458
0
0.001236
0.001152
0.001129
0
0.001099
0
0.001078
0.001085
0
0
0
0.00346
0
0
0
0.001114
0
0
0
0
0
0
0.003831
0.001185
0
0
0.001145
0
0.001107
0.001116
0
0.001081
0
0.00107
0
0
0
0
0.002045
0.001029
0
0
0.002045
0
0
0
0
0
0.002049
0
0
0.00303
0
0.002107
0.001439
0.001052
0
0
0
0.002018
0.001004
0.002991
0.001988
0.001006
0.000987
0.00096
0.002841
0.002854
0
0.000936
0.000946
0.000939
0
0
0.000911
0
0.000915
0.000918
0.000917
0.000919
0
0.000895
0.001799
0
0.000898
0.000907
0.000908
0.000908
0.001838
0.000916
0.00369
0
0
0.001821
0.000915
0.000926
0.00278
0
0
0.000939
0
0.001007
0.001307
0
0
0
0
0
0
0.000984
0
0
0
0
0
0
0
0
0.001104
0
0
0.001181
0
0.004673
0
0
0
0.001199
0.001221
0.001248
0.002497
0
0.001287
0
0.002663
0.001355
0
0.001366
0.001368
0
0.001433
0
0.002252
0
0
0
0.001572
0.001548
0.0016
0
0.006633
0.001623
0
0
0
0.001838
0.003356
0
0
0
0
0
0
0
0
0
0.004587
0.004057
0.00198
0
0
0
0
0
0
0
0
0
0
0.009524
0
0
0.001957
0.001908
0
0.001852
0.001835
0
0.001818
0
0
0
0
0.003802
0.001748
0.001631
0.001603
0
0.001563
0
0
0.003053
0
0
0
0
0.001499
0.001451
0
0
0.001376
0
0
0.004038
0
0
0
0
0.001285
0.00128
0.002535
0
0
0.004944
0.002451
0.001221
0
0.001238
0
0.002692
0
0
0
0
0.001241
0
0
0
0
0
0
0.003195
0.001792
0
0
0
0.003906
0
0.001263
0.002488
0.003654
0
0.001199
0.001176
0.001174
0.003513
0
0
0
0.002212
0.003247
0.001082
0.00108
0.001071
0.002132
0
0
0.001063
0
0
0
0.001058
0
0.001058
0
0
0
0
0.001095
0.001089
0
0
0
0
0.002358
0
0.002466
0
0.001299
0
0.00133
0
0
0
0
0
0
0
0.002688
0
0
0
0
0
0.001464
0
0
0
0
0
0.001227
0.001195
0
0
0
0.00119
0
0
0.001172
0
0
0.002375
0.001186
0
0.001227
0
0.001224
0
0.001245
0.001232
0
0.001224
0
0
0.002442
0
0.001218
0
0.001227
0
0.002451
0.001208
0
0.001235
0.001221
0.00122
0.001235
0.001253
0
0.002509
0.001266
0.001269
0.00125
0
0.001259
0.001266
0
0
0
0
0.001267
0.003774
0
0
0.001271
0.002528
0
0
0
0.003778
0.001274
0.001276
0
0
0.002522
0
0.001294
0
0
0
0
0.00266
0.001344
0
0.001348
0
0
0.001412
0
0
0
0.001577
0
0
0.001712
0
0
0
0
0.001608
0.001623
0
0
0
0
0
0
0
0.001949
0
0.001776
0
0
0.001783
0
0.001825
0
0.005682
0
0.001927
0
0.005952
0
0
0
0
0
0.004854
0
0
0.002232
0.004396
0
0
0
0
0
0
0
0
0.0033
0
0
0
0
0
0
0
0.004505
0.00303
0
0
0
0.004329
0
0
0
0.002381
0
0.002188
0
0
0.002119
0
0
0.002315
0
0
0
0.001802
0
0
0
0
0
0
0
0.001534
0
0
0
0.002915
0
0
0
0
0.001435
0
0
0
0
0
0
0.001667
0
0.002853
0
0.001385
0
0
0
0.001305
0.003916
0.0013
0
0.001294
0
0.001802
0
0
0.001284
0.001271
0
0.001238
0
0
0
0.001241
0
0
0
0
0.001258
0
0
0.001253
0
0.001267
0.002554
0
0
0
0.001412
0
0.002577
0.001433
0
0
0
0
0
0
0
0.00627
0
0
0
0
0
0
0
0
0
0
0
0
0
0.001608
0
0
0
0
0
0
0
0
0
0
0
0
0
0
0
0
0
0
0
0.001047
0
0
0
0
0
0
0.002049
0.001015
0
0
0.001037
0
0.001041
0.001043
0
0
0.002037
0
0
0
0.001021
0
0
0.002073
0.00106
0.001048
0
0.001022
0.001027
0
0
0
0
0
0.001124
0.003141
0.001019
0.001018
0
0
0.001036
0
0.002075
0.001032
0.001014
0
0.001953
0
0.001008
0
0
0
0.001994
0
0
0.001025
0
0
0
0.001048
0.001052
0
0
0
0.001112
0
0.001167
0.001203
0
0
0.00818
0
0
0
0
0
0
0
0
0.001645
0
0
0
0
0
0.003049
0
0
0
0
0.001328
0
0
0
0
0
0
0.001289
0
0
0.003378
0
0
0.001236
0
0
0
0
0
0
0.001205
0
0
0
0
0
0.002519
0.001267
0
0
0.001326
0.00277
0.002841
0.001486
0.001686
0
0
0.001577
0
0
0
0
0
0
0.001818
0
0
0
0
0
0.001862
0
0.001916
0
0
0
0.002545
0
0.002141
0
0
0
0
0
0.005195
0
0
0
0
0
0
0
0
0
0
0
0
0
0
0
0
0
0.003205
0
0
0
0
0
0
0
0
0
0
0
0.001901
0.001825
0
0
0.001825
0
0
0
0
0.002445
0
0
0.00266
0
0
0
0
0
0.001613
0
0
0
0
0
0
0
0
0
0
0
0
0
0
0
0.002491
0.001218
0
0
0
0
0
0
0.001155
0
0.001125
0
0
0
0
0.001048
0.001045
0.002081
0.001046
0.003212
0.001091
0.002162
0
0
0
0
0.001176
0.001167
0.002387
0.001196
0
0.002413
0
0
0
0
0.020602
0.00116
0.00119
0.002339
0
0
0.00113
0.001138
0
0
0
0
0
0.001153
0
0
0.001168
0
0
0.001193
0
0.001156
0
0
0.001104
0
0.001099
0
0
0
0.002172
0
0.00111
0
0.001138
0.00489
0
0.001105
0.001088
0.002169
0
0.002174
0
0.001094
0
0.001119
0.001101
0
0
0
0
0.001121
0.002245
0
0.001164
0.001199
0.001206
0
0.001348
0.002915
0
0
0.001218
0
0
0
0
0.001143
0.00116
0.001142
0.002315
0
0
0
0
0
0.001122
0
0.001131
0.001122
0
0
0
0.001144
0.002299
0.001163
0
0
0
0.001193
0.001182
0
0
0
0
0.001242
0
0
0
0
0
0
0
0
0
0
0
0
0
0
0
0
0.002237
0
0
0
0
0
0
0
0
0.001285
0
0
0.0025
0
0.00125
0
0.001214
0
0.00237
0
0
0.002275
0.001136
0.002286
0.00113
0.001129
0.001124
0
0
0
0
0
0
0.00113
0
0.002198
0
0
0
0
0
0
0
0
0
0.001055
0
0.001057
0.001057
0
0.001074
0
0
0
0.001092
0.002162
0.001091
0.002245
0
0
0.007557
0
0.001133
0
0.003161
0.001054
0
0
0.001054
0
0
0
0.001099
0.00312
0
0.002186
0.00105
0
0.002083
0.002103
0
0
0
0
0.001092
0.003497
0.001754
0
0.003328
0
0
0
0.00155
0
0.001071
0.001048
0.001018
0
0
0
0
0
0
0
0.000982
0
0
0
0
0
0.002002
0.001013
0.002663
0
0
0.001041
0.001036
0.00104
0.001035
0.001045
0
0
0
0
0.001093
0
0.002191
0.001124
0
0.004614
0
0
0
0.004121
0
0
0.002445
0
0
0
0
0.001259
0.002522
0.00133
0.001302
0.003866
0.002591
0.00133
0.002688
0
0
0
0
0
0.010471
0
0
0.007317
0
0
0
0.001475
0
0.00152
0
0
0.001894
0
0
0.004843
0
0
0
0
0.001555
0
0
0
0
0
0
0
0
0.001623
0
0.001672
0
0
0
0
0
0
0
0.004577
0
0
0
0.001751
0
0
0.00177
0.001776
0
0.001795
0.001812
0
0.001799
0
0
0
0
0
0.001942
0
0.002
0
0
0.005917
0
0
0
0
0.002469
0.002793
0
0
0
0
0
0
0
0
0.027778
0
0
0.007246
0
0
0
0
0
0
0
0
0
0
0
0
0
0
0
0
0
0
0
0
0
0
0
0
0
0
0
0
0
0
0
0
0.007299
0
0
0
0
0
0
0.002857
0
0.003891
0
0
0
0
0
0.006536
0
0
0
0
0.001745
0
0
0.003322
0
0
0
0.003106
0
0.001484
0.00149
0
0
0.001658
0
0
0
0
0
0
0.001339
0.001316
0
0
0.001258
0.001224
0.001215
0.001181
0
0
0.001122
0.001111
0.002195
0
0
0.001091
0.002146
0.00107
0
0.002116
0
0.001053
0
0
0.001043
0
0.003138
0.001059
0
0
0
0
0
0
0
0
0.001035
0
0
0.000994
0.000997
0.00099
0
0.000992
0.000987
0.000988
0
0.001988
0.002991
0
0.000995
0.006
0.000997
0
0
0
0.002077
0
0.001058
0
0
0
0
0
0.003326
0
0.001135
0.001144
0
0
0
0
0
0
0
0
0
0.001965
0
0
0
0
0
0.002874
0
0
0
0
0
0
0
0
0.002342
0
0
0
0
0
0
0
0
0
0
0
0
0
0
0
0
0
0
0
0
0
0
0
0
0
0
0
0
0
0.04878
0
0
0
0
0
0.015748
0
0
0.002427
0
0
0
0
0.00207
0
0
0.001835
0.003552
0.001751
0.001739
0.001745
0
0
0
0
0
0
0
0
0
0
0
0
0.001285
0.001282
0
0
0
0
0
0
0
0.002466
0
0
0
0
0.003289
0
0
0
0.001125
0.001122
0.001111
0
0.004878
0
0
0
0
0
0
0.004723
0
0
0
0.002008
0.001976
0.000975
0
0.000969
0
0
0
0.000943
0
0.001887
0
0.000937
0
0
0
0
0
0
0
0.00361
0.000969
0
0.001894
0.001852
0.000924
0.003728
0.000944
0.004748
0.001908
0.000946
0.002812
0.000932
0
0.000927
0
0.000924
0.001885
0
0.00095
0
0
0
0
0.001903
0.002828
0.002833
0.000945
0.001876
0
0
0.001903
0
0
0.000982
0.001974
0
0
0
0.000992
0.001001
0
0.002964
0.000968
0
0
0.000979
0
0.001017
0.002304
0.001212
0.006502
0
0.001272
0.003812
0.003497
0
0
0.001002
0.001008
0
0.001466
0.000945
0
0.002727
0.00181
0
0.000885
0.000878
0.002611
0.000855
0
0.001676
0.001669
0
0
0.000803
0
0
0
0.00079
0
0
0
0
0
0.000792
0.000799
0.000803
0.000811
0
0
0.000818
0
0
0
0.000838
0
0
0
0.000867
0
0.003417
0.000884
0
0
0
0.001757
0
0.00089
0
0.001805
0.002747
0
0.000951
0
0
0.00114
0
0.001012
0.000999
0.000979
0
0
0
0.002028
0.002101
0
0
0.004981
0.001106
0
0
0.002157
0.001073
0
0
0.001047
0
0.001066
0.001068
0
0.001072
0
0.001054
0.002096
0.0011
0
0.001642
0.001212
0
0
0.001124
0
0
0
0
0
0.002326
0
0
0
0.001261
0
0
0.001209
0.002367
0
0.001163
0.001175
0
0.001163
0.002331
0
0
0
0
0
0
0
0
0.001205
0
0.001232
0.001244
0.003704
0.001241
0.002506
0
0.002548
0
0.002649
0.001357
0.001391
0
0.002299
0
0
0
0.001475
0
0
0.003125
0
0.001672
0
0
0
0.003953
0
0
0
0
0.001783
0
0.001789
0
0.001828
0
0
0
0.001942
0
0
0.004016
0
0.002128
0
0
0
0.002174
0
0
0
0
0
0
0
0
0
0
0.002762
0.002857
0.00289
0
0
0
0
0
0.007874
0
0
0.004608
0
0.004878
0.034884
0
0
0
0
0
0
0
0
0
0
0
0.035714
0
0
0
0
0
0.029412
0
0
0
0
0
0
0
0
0
0
0
0
0
0
0
0
0.002674
0
0
0
0
0
0
0
0.007042
0
0.002151
0
0.004098
0
0
0
0
0
0
0
0
0
0
0
0
0
0
0
0
0
0
0
0
0
0
0
0
0.002525
0.001838
0
0
0.001792
0
0
0
0
0.002174
0.001767
0
0
0
0.001661
0.002353
0
0
0
0
0
0
0.001462
0
0
0
0.001495
0
0
0
0
0
0
0
0.001439
0.002874
0.001451
0
0.001439
0
0.003003
0
0.001678
0.001495
0
0.00428
0
0.001427
0.001437
0
0
0
0
0.005502
0.001387
0
0
0
0
0
0.001555
0
0
0.001653
0
0
0
0
0
0
0
0.014599
0
0
0
0
0
0
0
0
0
0
0.009174
0
0
0
0
0
0
0
0
0.005
0
0
0
0
0.001527
0
0
0
0
0
0
0
0
0
0
0
0
0
0
0
0
0
0
0
0
0
0
0
0
0
0
0
0.272727
0
0
0
0
0
0
0
0
0
0
0.038462
0
0
0
0
0
0
0.001289
0.00125
0
0
0.001167
0.001149
0
0.002176
0
0.00207
0
0
0.000976
0
0.000994
0.000978
0.001955
0.001374
0
0
0.000941
0.000945
0
0
0.002863
0
0
0
0.002788
0.000929
0
0
0.000939
0
0
0
0.000907
0
0.001845
0
0.001901
0.000994
0
0
0
0.000897
0
0.000905
0.000905
0
0.002857
0
0
0
0
0.000888
0.000877
0
0
0.001815
0
0
0.003432
0.00112
0.001107
0.00111
0.004545
0.001022
0.00199
0
0.000967
0
0
0.000947
0
0
0
0
0
0
0
0.000956
0
0.000961
0
0
0.000994
0.000989
0.000994
0.000998
0.003
0
0
0
0.001017
0.001037
0.001031
0
0
0.001076
0
0.001087
0.001106
0.001127
0.001129
0
0.003425
0
0
0.00116
0
0
0.002331
0.001174
0.002364
0.002361
0.001182
0
0.001193
0.001183
0
0.001202
0
0.002395
0
0.001206
0
0.001214
0
0.001227
0
0
0
0.001218
0.002448
0
0.001263
0.001255
0.001279
0
0
0
0
0
0.002656
0
0
0.002198
0.002915
0
0
0
0.00134
0.001332
0
0.002193
0
0
0.005085
0
0
0
0
0
0
0
0
0.001543
0
0
0
0
0
0
0
0
0.001328
0
0
0
0
0
0.001294
0.001287
0
0.001299
0
0.00133
0.001346
0.001351
0
0.00367
0
0
0
0
0
0.001267
0.001285
0.002509
0.0025
0
0.001264
0.002545
0
0.00363
0
0
0
0.001309
0
0.003841
0.001255
0.002494
0
0
0
0
0.002861
0
0
0
0
0.003827
0.002774
0.001261
0.002494
0.001232
0
0
0
0
0
0
0
0
0.001192
0.001133
0.001153
0
0
0
0
0.001107
0
0.002183
0
0
0
0.001072
0.001078
0.001071
0
0.001071
0.002099
0
0
0.001025
0.003083
0.002039
0.002026
0
0
0
0.002014
0.00101
0.001005
0.001008
0.002991
0
0.000996
0
0.001008
0
0.004115
0
0.001401
0
0
0
0
0.002073
0.004094
0.003049
0.001021
0
0.001037
0
0
0
0
0
0
0
0
0.00207
0.001043
0
0.001049
0.001062
0
0
0
0
0.001064
0
0
0
0.001206
0
0.003425
0
0
0
0
0
0
0
0.001045
0
0.001186
0.001126
0.00221
0
0.001089
0.003219
0.004594
0.001067
0
0
0
0
0.001053
0
0.003096
0
0.001011
0.000997
0
0.001006
0.00202
0.001003
0.000998
0
0
0.001042
0.00108
0.002281
0.00206
0.00201
0.000992
0
0
0.000977
0.001927
0.000962
0
0
0
0.001866
0
0
0.002759
0.00098
0
0
0.000911
0.001812
0.000909
0.000929
0
0.000928
0.001833
0
0
0.000913
0.000912
0.000913
0
0
0
0.002703
0
0.000912
0
0.000962
0.002014
0
0
0
0.002636
0.000893
0.000902
0
0.001789
0
0.000904
0
0.000894
0
0.002698
0
0
0.000897
0
0.000887
0
0.001775
0.001781
0
0.002674
0
0.000912
0.001787
0.002653
0.000883
0
0.00273
0.00091
0.000916
0
0.002768
0
0
0.000941
0
0
0.000958
0
0.00194
0.000967
0.001934
0.000959
0
0.001938
0.000973
0
0.000984
0.000993
0
0.001028
0
0.002132
0
0
0
0.002334
0.003542
0
0
0.001236
0
0
0
0
0.001684
0
0.003263
0
0.001385
0
0
0
0
0
0.003026
0.001522
0
0
0
0
0.001919
0
0
0
0.001792
0.001838
0.00188
0.001923
0.001965
0.002008
0
0
0.002268
0.002217
0
0.004819
0
0
0
0
0
0
0
0
0
0
0.007792
0
0
0.039088
0
0
0.00277
0
0
0
0
0
0
0.002591
0.002584
0.002551
0
0.002632
0
0
0
0.003195
0
0
0
0
0
0
0
0
0
0
0
0
0
0
0
0
0
0
0
0
0.018987
0.003268
0.015228
0
0.002646
0
0.002924
0
0
0
0
0
0
0.00207
0
0
0.005618
0
0.001733
0
0.001704
0.001664
0
0
0.00173
0
0
0
0.001466
0
0
0
0
0
0
0
0
0
0
0.001325
0
0
0.001321
0.001404
0.001445
0.004505
0
0
0
0
0
0
0.001466
0
0.005263
0.001667
0
0
0.001443
0
0
0
0
0
0
0.001364
0
0
0
0
0
0
0
0.001323
0
0
0
0
0.006015
0.001361
0
0
0.001295
0
0
0.001299
0
0.001553
0
0
0.004386
0
0
0
0
0
0
0
0.001274
0.005472
0
0
0
0
0.002538
0
0.002442
0
0
0
0
0.001214
0
0
0
0.001121
0
0
0
0
0
0.001115
0
0
0
0
0.001096
0
0.003222
0
0.001085
0.001075
0.001094
0
0.002262
0.004866
0
0
0
0
0.001117
0.00479
0
0
0
0.001109
0
0
0
0.001111
0
0
0
0
0
0.001149
0.001143
0
0
0
0
0
0
0
0
0
0
0
0
0
0
0
0.001277
0.002581
0.001314
0
0
0
0.003989
0
0
0.004292
0
0.002101
0
0
0
0
0.001433
0
0
0
0
0
0.001408
0
0
0
0
0
0
0.005168
0
0
0
0
0.003317
0
0.00396
0.001709
0.001684
0.001631
0.00158
0
0
0
0
0.001558
0
0.006969
0
0
0
0.001538
0.004386
0
0
0.001531
0.002146
0
0
0.001686
0
0
0
0
0.0013
0.001279
0.001245
0
0.001199
0
0.003429
0
0
0
0
0
0
0
0
0.001148
0
0
0.001178
0
0
0.001239
0
0.001297
0
0.00135
0
0
0
0.00198
0.001553
0
0
0
0
0
0.001658
0
0
0.001825
0.004415
0
0
0
0
0.003992
0
0
0
0
0
0.004566
0
0
0
0
0
0
0
0
0
0
0
0
0
0
0
0
0
0
0
0
0
0
0
0.002451
0
0
0
0.007576
0
0
0
0
0
0
0
0
0
0.002294
0
0.002203
0
0
0.002347
0
0
0.01194
0.003003
0
0.005935
0
0
0
0
0
0
0
0
0
0
0
0
0.002062
0
0
0
0
0
0
0.001972
0.006652
0
0
0
0
0
0
0
0
0.004032
0
0
0
0
0
0
0.001326
0
0
0
0
0
0
0
0.002478
0.001225
0.002421
0
0
0
0
0.001206
0
0.00122
0.001255
0
0
0.001241
0
0
0.001258
0.001263
0.001256
0
0.002532
0
0
0.005013
0
0
0.001206
0
0
0.002407
0.001199
0.001179
0.001185
0
0.00235
0
0.002353
0.00117
0
0.001171
0.001176
0.001175
0.001183
0.001186
0.002398
0
0
0.002401
0.001222
0.001217
0
0
0.001292
0.001312
0.004213
0
0
0.001277
0.001282
0
0.003623
0
0
0.001258
0
0
0.001252
0
0
0
0
0
0.001253
0
0.003755
0.001276
0.001269
0
0.001845
0.002591
0
0
0
0.002436
0
0
0.001229
0
0.001242
0
0.001238
0
0.001218
0
0
0
0.002805
0
0
0.002448
0
0
0
0
0
0
0.001172
0
0
0.001193
0.002466
0
0.001193
0
0
0.001198
0
0
0.002424
0
0.003656
0.00128
0
0.001253
0.001244
0.001295
0
0
0
0
0.001242
0
0.001302
0.002577
0
0
0.002685
0
0
0.001366
0.004127
0.001401
0
0.001406
0.001431
0
0.001447
0.002857
0.001447
0.001408
0
0.00597
0.00155
0.006237
0
0
0
0
0.001486
0.005764
0.001431
0.001425
0.001404
0.001403
0.00142
0.001429
0
0
0.001443
0
0.001488
0.001481
0.00146
0.001466
0
0
0.001464
0
0.002865
0.001414
0
0
0
0.001422
0
0.001479
0
0
0
0
0
0.001629
0
0
0
0
0.003534
0
0
0
0
0.00463
0
0
0
0
0
0
0
0
0.037037
0
0
0
0
0
0
0
0
0
0
0
0
0
0
0
0
0
0
0.003195
0
0
0
0.002994
0
0
0
0
0
0
0
0
0
0
0.004739
0
0
0
0.002597
0.00274
0
0
0
0.002222
0
0
0
0
0
0
0
0.002632
0
0
0.004505
0
0
0
0
0.002174
0
0
0
0
0
0
0.004107
0
0
0.003268
0
0
0.002114
0
0
0
0.001946
0
0
0
0
0
0
0
0.001616
0
0
0.001667
0
0
0
0
0
0.001495
0
0
0
0
0.001425
0
0
0
0
0
0
0.001383
0.001401
0
0
0
0
0
0
0.001484
0.001764
0
0.00137
0
0.003995
0
0
0
0.00133
0
0.001325
0
0
0.001366
0
0
0.004348
0
0
0.001541
0.001567
0
0.001686
0.001689
0
0.003546
0
0
0
0
0.004673
0
0
0
0
0
0
0
0
0
0
0
0.008299
0
0.003472
0
0
0
0
0
0
0.005495
0
0
0
0
0
0
0
0.003333
0
0
0
0.010471
0
0
0
0
0
0
0
0
0
0
0
0
0
0
0
0
0
0
0
0
0.004274
0
0
0
0
0
0
0
0
0
0
0
0.005405
0
0
0.005525
0
0
0
0
0
0.015
0
0
0
0
0
0
0
0
0
0
0
0
0
0.001323
0
0
0
0
0
0
0
0.001383
0
0
0.002141
0
0.001403
0
0
0
0
0.00289
0
0.001479
0
0.006873
0
0.001397
0
0
0
0
0.001335
0
0
0
0.001328
0.001339
0
0.001361
0
0.001368
0
0
0
0.002433
0
0.001202
0.001192
0
0
0
0.002413
0
0.001149
0
0.002307
0.001183
0.002946
0
0.001403
0
0
0.002695
0
0
0.001144
0
0.001119
0.001107
0.001073
0.002105
0.001037
0
0
0
0
0
0.002014
0.000988
0
0
0
0.000989
0
0
0.000969
0
0
0.000979
0.000977
0
0.000965
0.000974
0
0.000973
0.001949
0
0
0.002887
0.00291
0
0
0
0.000986
0.001965
0
0
0
0.000999
0.001002
0.001008
0.00202
0
0
0
0
0
0.000996
0.001003
0
0
0
0.001034
0.001028
0
0
0.002107
0
0.001036
0
0
0.001037
0.00105
0.001059
0
0
0
0
0.001582
0
0
0
0.001
0
0.000989
0
0.00097
0.001916
0
0
0
0.000969
0
0
0
0.002105
0
0.00095
0
0.001833
0.001823
0.001784
0
0
0
0.000903
0
0
0
0
0.003591
0.000899
0
0.000902
0.001779
0.000879
0.000887
0.000898
0.000886
0
0.002646
0.000875
0
0
0.00253
0.001688
0
0.001676
0.000841
0.000834
0
0.001686
0
0.000844
0.001682
0.00253
0.002532
0
0.000869
0.000872
0.000882
0.00087
0.000865
0
0.001745
0.00088
0
0.000901
0.000905
0
0.001852
0.002791
0.000943
0
0
0.002844
0
0.000944
0
0.00194
0.001916
0
0
0
0.001969
0.000987
0
0.002146
0.00104
0
0
0.00103
0
0
0
0.001073
0.001095
0.001095
0.0011
0
0
0.001167
0.001188
0
0.001179
0
0.003444
0
0.001157
0.00232
0.004598
0
0.001172
0
0.001218
0.001217
0.00358
0.002336
0.003509
0.001174
0.001176
0.001183
0.00237
0
0.002353
0
0.001185
0
0
0.001153
0.001159
0.001151
0
0.00227
0
0.002283
0
0.001188
0.007491
0
0
0
0.001114
0.001145
0.00159
0.001134
0
0.001105
0
0
0
0.001089
0.001088
0.001076
0.002751
0.001117
0.001109
0
0.002172
0
0.001063
0
0
0
0.002128
0
0
0
0.001106
0.001086
0
0.00111
0
0.004464
0.001099
0.001083
0
0.001064
0
0
0
0.002092
0
0.00105
0
0
0.00107
0.001065
0
0.00108
0.003289
0.001124
0
0.00361
0
0
0
0
0.004124
0.002083
0
0
0
0
0.00198
0
0.001242
0
0
0.001148
0.001129
0
0
0
0.002139
0.001059
0
0
0.003168
0.001064
0
0
0.002186
0
0
0.00113
0.001134
0
0
0
0
0
0
0
0.008576
0
0.003472
0.001429
0.001376
0
0
0
0
0
0
0
0
0
0
0
0
0
0
0
0
0
0.001276
0
0
0.003846
0
0
0
0.001305
0
0
0.001266
0
0
0.001295
0
0.003812
0
0.001266
0
0
0.001256
0.003812
0
0
0
0.001838
0
0
0
0
0
0
0
0.001311
0.002628
0.001314
0.001342
0.001332
0
0
0
0.001355
0
0.004071
0
0
0
0
0
0.004283
0
0
0.004511
0.001499
0
0
0
0.001616
0
0.003008
0
0.004454
0.001377
0.001359
0
0
0.001333
0.002667
0.001357
0
0.001344
0
0.008811
0.001307
0.002494
0
0.001233
0.002364
0
0
0
0
0.001144
0
0
0
0.001117
0
0.001094
0.0011
0
0
0.004372
0.001098
0.002215
0.001107
0
0
0.004884
0.001145
0
0
0.001103
0.00108
0
0.001072
0
0.006483
0
0.001091
0.001058
0.002107
0.001052
0
0
0.002148
0
0
0.001106
0.00299
0.001195
0.001206
0.002415
0.002183
0
0
0.001047
0
0
0
0.001025
0.001024
0
0.001029
0
0.001026
0
0.002026
0.001011
0.001019
0
0
0
0.001106
0
0
0
0
0
0.0016
0
0
0
0
0.001083
0.003448
0
0.001031
0.001026
0
0
0.006504
0
0.001076
0.001072
0
0
0.00101
0
0
0.001028
0.003122
0.001035
0.001038
0.003093
0
0
0.002006
0
0
0
0.001006
0.000999
0.002967
0.000989
0.000986
0.002918
0.000971
0.001984
0
0
0
0.002043
0
0
0
0
0.001033
0
0
0
0
0
0
0.001017
0.001021
0.003052
0
0.002066
0
0.001024
0
0
0.001007
0
0
0.002033
0
0.001011
0.001012
0
0.00308
0
0
0.002086
0.002107
0.001136
0.003601
0.001152
0
0.001106
0.001081
0
0.00107
0.00106
0.001072
0.00106
0.002139
0.004367
0
0
0
0
0.001121
0.003326
0
0
0.001157
0.002283
0
0.001163
0.001182
0.002334
0.001182
0.001186
0.001192
0
0
0.002561
0
0.001284
0.001279
0.001295
0.00133
0.001348
0
0
0.002545
0.0025
0
0.002519
0
0
0.002558
0.001295
0
0
0
0.001901
0
0
0.001297
0
0
0
0
0
0
0
0
0
0
0
0.005952
0
0.001325
0
0
0
0.001297
0
0
0.018779
0
0
0
0
0.002635
0
0
0
0.001274
0
0
0
0
0.001136
0.002217
0
0.001067
0.002103
0.001043
0
0
0
0
0
0
0
0
0.001002
0
0
0
0.000984
0
0.000975
0
0.000965
0.000962
0.000978
0
0.00097
0
0
0
0.00098
0
0.001963
0.000975
0
0.000964
0
0.000965
0
0
0.001003
0.001362
0.001054
0.001038
0.002051
0.001049
0.002092
0.00209
0.008448
0.007495
0.004343
0.003304
0.001105
0.001083
0.002162
0.001089
0
0.002092
0
0
0
0
0
0.001065
0
0.002121
0
0
0.001098
0
0
0
0
0.002281
0
0
0
0
0
0.001143
0
0.001161
0.002334
0
0.001189
0.002439
0
0
0.00123
0
0
0
0.00271
0
0
0
0
0.001468
0
0
0.003101
0.003221
0
0
0
0.001852
0
0
0
0.008114
0
0
0
0
0.004167
0
0
0
0
0.463158
0
0.072993
0
0
0
0
0
0
0
0
0.00241
0
0
0
0
0
0
0.002183
0.002198
0
0.002203
0
0
0
0
0.002155
0
0.002092
0
0
0
0.002128
0.002114
0
0.004211
0
0
0
0
0
0.002169
0
0
0
0
0
0
0
0.002155
0
0
0
0
0
0
0.002114
0.002096
0.002092
0
0.002079
0.002053
0
0.002033
0
0.002092
0
0
0.002222
0.002278
0.002427
0
0
0
0.002551
0
0.002577
0
0
0
0
0.012384
0
0
0
0
0
0
0
0
0
0
0
0
0
0
0
0
0
0
0
0
0
0
0
0
0
0
0
0
0
0
0
0.002066
0
0
0.002008
0
0.00188
0
0.0131
0
0.001613
0
0.00304
0
0
0
0.001374
0
0.001361
0.002714
0.001332
0
0
0.001311
0
0
0.002564
0
0
0
0.002472
0
0.001217
0.001209
0.004808
0.001188
0.001176
0
0.001139
0.002286
0
0
0.003315
0
0.001094
0.001105
0.001107
0.001122
0
0.001176
0.001279
0.001185
0
0
0
0.00108
0
0
0
0.001
0
0.002956
0.000978
0
0
0.000964
0.002973
0
0.000985
0
0
0.000978
0
0
0.000972
0.000966
0
0
0.002004
0
0.001008
0
0
0.002041
0
0
0
0.003033
0
0.001015
0.002
0
0.001006
0.002028
0.001024
0.001031
0
0.002053
0.001038
0.001072
0
0
0
0
0
0.005217
0.003781
0.003478
0
0
0
0.002439
0
0
0.002283
0
0
0
0
0
0.001106
0.001119
0.003378
0
0.003394
0
0
0.002283
0
0
0.001183
0
0.001233
0
0
0
0
0.001786
0.004132
0
0
0
0
0
0
0
0.001439
0.002604
0
0
0
0
0
0
0
0
0
0.03405
0.014706
0
0.001736
0
0.001433
0
0
0.00134
0
0
0
0
0
0
0
0
0.002491
0
0
0
0
0
0
0
0.001203
0
0
0
0
0.001185
0.002392
0.002389
0
0.001172
0.001181
0
0
0
0.001157
0.001153
0.001159
0
0.001142
0.001144
0
0
0.001148
0
0.001151
0.001155
0.001157
0.001164
0
0
0
0.00361
0
0.001309
0
0
0
0.001418
0.001412
0
0.001395
0
0.001449
0.002861
0.001433
0
0
0.00314
0.001658
0.001669
0
0
0
0.007812
0
0
0
0
0
0
0
0
0
0
0
0.015504
0
0.005155
0
0
0.018779
0
0
0
0
0
0
0
0
0
0
0.0013
0
0.001253
0
0
0.001208
0
0.001179
0
0.001168
0.002317
0.002304
0
0
0
0
0.001198
0.002367
0
0.001202
0
0
0.001202
0
0.001209
0.001214
0
0
0
0.001252
0
0
0.002442
0.002427
0.00243
0.001227
0.001235
0
0.001248
0
0
0
0
0.001236
0
0
0.001238
0.002503
0
0
0
0.002532
0.001264
0.001276
0.001292
0
0.001287
0
0
0
0
0.00134
0
0
0.004444
0.001456
0
0
0
0.001701
0.004348
0.002183
0
0
0
0.002451
0
0.001414
0
0.001376
0
0
0.002577
0
0
0
0
0
0.001277
0
0
0
0.001271
0.001295
0.002625
0.001326
0
0.001441
0.002611
0
0.001271
0.001233
0.001252
0
0
0
0.001247
0
0
0.001245
0
0
0.001241
0.004938
0.001211
0.003623
0.001192
0.002389
0.0012
0
0
0
0.001224
0.001247
0
0.002433
0
0.001185
0
0
0
0
0.002558
0
0
0
0.001167
0
0
0.001179
0.001168
0.001168
0.001166
0
0.001166
0.001174
0
0.001164
0.001148
0.001155
0
0
0
0
0
0
0.001188
0.002347
0
0
0.002401
0.00355
0
0
0
0
0
0
0
0
0
0
0.001319
0
0.014493
0
0
0.00316
0.001362
0.001339
0
0.002571
0
0.001287
0.001264
0.001261
0
0
0
0
0.001202
0.001186
0
0.001188
0
0
0
0.002538
0.002618
0.002653
0.001319
0
0
0.001418
0
0
0.009174
0
0
0
0
0
0
0.010753
0
0
0
0
0.001435
0
0
0
0
0
0
0
0
0.001795
0
0
0.001323
0.00137
0
0
0.001179
0
0
0.001138
0.001149
0
0
0
0
0
0
0
0.001119
0.005587
0
0.001093
0.001088
0
0
0
0.002198
0.003315
0
0.001092
0
0.001065
0
0
0
0
0
0.002174
0.002203
0
0
0
0.001082
0
0
0.001079
0.001086
0
0
0.002137
0
0.00105
0
0
0
0
0.0011
0.003254
0.00107
0.001068
0
0
0
0.001066
0.002165
0.001075
0.001059
0.002176
0
0.001073
0.001073
0.001073
0
0
0
0.002144
0.00216
0
0
0
0.001072
0.001072
0
0.001079
0
0
0.001085
0.005525
0
0
0
0
0.0011
0.001114
0
0
0
0
0.001117
0
0
0
0
0
0
0.002225
0
0.002237
0
0.001115
0.001127
0
0.001133
0.002247
0
0.00113
0
0.002307
0.00114
0
0
0
0
0.003436
0
0.001116
0
0
0
0.001135
0.002257
0.001135
0.001133
0.001121
0
0
0
0.002275
0.003409
0.001131
0
0.002286
0
0
0.002307
0
0
0
0
0
0.003472
0
0
0.002334
0
0.00235
0.001176
0
0
0.002356
0.001186
0.002392
0.002407
0.001214
0.001229
0
0
0
0
0.002551
0
0
0
0.001316
0
0.001353
0
0
0
0.00134
0
0.001366
0
0
0.002813
0
0
0
0.001408
0.001397
0.001433
0
0.001466
0
0
0
0
0.004601
0
0
0.001534
0
0.001582
0.001585
0
0.001621
0
0
0
0
0
0
0.001653
0
0
0
0
0
0.001629
0.001621
0
0
0.001637
0.001678
0
0.003361
0.003328
0
0
0
0
0.001727
0.00339
0.004975
0.001661
0
0
0.001706
0
0.003317
0
0
0
0
0
0.001546
0
0.001504
0.001493
0.001486
0
0
0
0
0.002766
0
0
0
0
0.001282
0
0
0
0
0.001224
0
0
0.001212
0
0.001105
0.00213
0
0.001036
0
0.000966
0.001919
0
0
0
0
0
0
0.001908
0
0
0
0
0
0
0
0
0.005859
0
0
0.00175
0
0.000863
0
0.000866
0.004314
0
0
0
0.000856
0.000863
0.00085
0.000858
0.001745
0
0.00175
0.000855
0
0.000898
0
0
0
0.002852
0
0
0.002545
0.00083
0
0
0
0.000864
0.001767
0
0.001756
0
0
0.000849
0
0
0
0
0
0.001649
0.00082
0.001669
0.0008
0
0.000808
0
0
0
0.001633
0
0
0
0
0
0.00163
0.000794
0
0
0
0.001621
0.003165
0.000783
0.000799
0
0.000798
0
0.000808
0
0.004016
0
0.000838
0
0
0.000817
0
0
0
0
0.001698
0
0
0.000904
0
0
0
0.000796
0
0
0
0.000884
0
0
0
0
0.001594
0
0
0
0.003594
0
0
0
0
0
0
0
0.000797
0
0
0.00159
0.001603
0
0
0
0.000836
0.000847
0
0
0.001691
0
0.000824
0.000813
0.000819
0.002453
0.000831
0.000841
0
0
0.001702
0.001681
0
0
0
0
0
0
0
0
0
0
0.001009
0.003279
0.001105
0
0
0
0
0
0
0
0
0
0
0.00096
0
0
0
0
0
0
0.00086
0.001706
0
0.000833
0
0
0
0
0
0
0.001693
0.000848
0.000842
0
0.000857
0.000853
0.003436
0.000873
0.000863
0
0
0.00089
0
0
0.001835
0
0
0.002921
0.010194
0.000973
0.000928
0
0
0
0
0.000935
0
0
0
0.000947
0.001889
0.00095
0.001894
0.000952
0
0.000961
0.000964
0.000967
0.000962
0
0
0.000987
0
0
0
0
0.001078
0
0.004756
0
0
0
0
0
0
0
0.001067
0
0
0.002112
0.004264
0.002179
0.003289
0
0.003359
0.002278
0.001156
0
0
0
0
0.001196
0
0.001206
0.001211
0.001215
0
0
0
0.002525
0
0.001295
0.001304
0
0.002646
0
0.001362
0
0.001404
0
0
0
0
0
0
0.001477
0
0
0
0
0.001546
0
0
0.001621
0
0
0
0
0
0
0
0
0
0
0
0.00432
0
0.004717
0
0
0
0
0
0
0
0
0
0
0
0
0
0
0
0
0
0
0
0
0
0
0
0
0
0
0.016393
0
0
0
0
0
0
0
0
0
0
0
0
0
0.016393
0
0
0
0
0
0
0
0
0
0
0
0
0
0
0
0
0
0
0
0
0
0
0
0
0
0
0
