0
2
5
8
11
17
21
25
27
28
30
30
30
30
30
30
30
30
56
0
0
6
46
49
55
59
63
68
71
77
78
77
80
82
86
87
89
90
93
99
107
108
115
118
120
125
124
127
128
126
132
134
134
134
94
123
97
149
161
167
174
177
182
186
190
193
197
196
203
202
207
210
215
217
214
220
221
220
223
219
213
200
233
242
245
258
260
274
282
283
296
305
303
300
323
321
340
353
359
363
374
368
366
362
359
374
385
389
384
391
394
398
409
410
415
423
422
438
433
443
445
446
449
454
469
467
469
469
476
481
487
490
486
487
486
499
491
498
491
493
479
477
466
479
476
476
474
465
473
478
479
480
481
478
476
478
483
478
472
481
476
470
468
463
457
469
464
460
450
459
449
449
447
441
425
415
415
408
405
396
395
393
400
401
393
390
387
391
398
399
397
399
401
404
390
391
381
375
376
361
356
357
356
351
346
344
334
326
334
329
339
341
334
342
340
331
331
325
320
324
328
327
329
328
328
326
325
327
322
323
328
326
325
318
316
326
323
322
335
335
332
331
332
344
337
338
340
341
345
347
350
354
349
345
349
357
352
363
368
373
362
381
389
385
383
393
392
400
402
413
414
418
420
419
430
433
435
439
428
414
427
430
436
439
432
431
442
448
453
458
451
451
458
457
464
463
461
455
445
453
454
447
449
446
441
444
454
451
446
450
454
458
455
463
465
459
471
475
469
476
474
477
484
488
484
479
485
476
473
481
488
492
489
490
498
499
510
509
518
527
520
525
534
533
523
518
528
531
534
535
521
525
532
531
525
526
519
511
514
507
508
506
510
513
512
500
506
490
504
505
511
506
493
488
487
478
479
473
479
485
483
474
475
473
471
458
462
452
444
429
429
426
425
418
422
416
410
386
396
400
398
396
389
387
400
400
402
406
405
402
399
400
404
398
392
398
400
400
394
387
376
370
243
404
424
425
431
432
435
428
432
456
456
459
454
458
464
436
478
474
487
488
499
498
500
497
509
507
518
527
523
525
524
534
535
539
540
537
541
546
544
548
553
542
554
550
542
548
556
566
568
562
557
564
568
566
566
575
568
575
589
572
568
571
573
574
581
558
559
549
543
537
536
536
535
537
543
540
527
524
502
503
506
507
498
489
489
490
485
486
470
407
459
454
462
460
447
446
451
449
449
447
456
450
441
440
438
445
434
437
437
429
431
421
423
416
424
429
421
418
428
429
425
426
434
433
428
428
422
425
418
423
423
423
426
427
421
417
418
418
411
409
409
410
402
391
387
379
377
377
367
362
357
362
368
365
358
354
355
357
347
345
346
338
330
334
335
332
326
318
310
305
308
304
303
299
299
304
299
298
294
295
294
300
300
291
290
281
282
280
283
281
275
230
250
251
263
267
267
266
268
272
271
269
274
272
280
306
307
312
323
325
330
341
345
343
351
359
360
372
369
395
397
399
405
400
405
403
418
411
419
423
427
427
422
430
435
448
454
452
461
457
464
467
467
467
469
473
475
484
490
485
490
492
491
486
483
477
472
471
474
470
474
471
467
470
478
474
472
469
466
455
449
440
445
448
453
452
461
454
446
450
440
444
443
447
444
439
433
427
429
427
429
428
428
431
438
432
435
424
440
434
433
434
443
438
440
447
444
442
436
454
459
462
467
467
475
475
470
480
483
484
477
488
502
500
501
487
499
498
497
490
484
479
475
483
476
471
474
476
481
490
476
470
469
465
477
482
482
489
486
482
491
489
490
483
478
486
484
481
485
486
478
478
487
485
487
497
489
495
495
494
485
487
492
483
484
493
491
495
500
504
507
507
504
517
507
513
513
514
510
512
528
526
526
535
541
548
544
537
532
526
545
546
556
566
554
547
537
539
531
523
524
520
521
518
517
522
522
523
523
522
533
534
529
526
526
519
520
520
515
506
513
506
510
508
380
504
512
510
503
495
491
494
496
499
502
499
495
486
483
487
487
483
480
468
457
466
470
463
476
466
456
460
449
456
457
456
447
443
442
436
429
426
429
425
409
409
417
418
415
415
406
395
395
393
384
382
382
384
392
388
380
384
392
397
396
391
390
390
382
377
341
393
393
405
409
408
410
413
415
413
422
434
433
432
434
429
406
435
444
445
455
449
454
450
452
458
457
462
459
480
490
486
486
483
476
474
470
472
467
451
443
439
56
44
6
1
54
398
408
413
424
430
439
446
454
454
462
469
467
460
467
457
456
445
434
308
428
449
477
474
467
459
471
469
458
458
455
450
457
452
454
459
464
475
467
466
461
481
481
480
491
491
479
479
472
470
470
467
476
481
485
494
489
483
490
486
488
493
491
490
498
494
499
495
494
499
488
484
469
453
445
442
72
63
63
69
58
61
89
144
493
508
514
527
525
540
550
560
569
581
577
575
569
564
563
455
598
609
603
614
615
622
625
624
621
606
620
620
613
625
618
609
628
622
618
610
605
612
616
619
625
630
628
619
594
570
582
618
611
617
621
606
604
610
616
616
602
585
580
591
577
568
574
570
563
576
568
576
581
578
580
589
581
576
578
582
581
578
569
581
582
592
587
587
576
572
568
577
571
572
560
571
568
571
566
551
559
554
553
559
549
555
552
554
551
532
564
566
555
565
561
559
562
553
546
541
529
503
480
512
539
528
539
541
536
538
530
543
539
543
537
527
531
527
523
523
515
519
515
496
498
518
511
510
519
510
509
499
500
503
518
525
530
536
524
531
536
535
523
543
544
526
556
559
545
551
553
547
546
544
532
525
524
523
515
533
534
533
548
554
548
559
559
563
565
568
570
579
572
589
586
576
588
584
583
592
586
588
587
584
602
602
610
614
619
627
628
638
651
651
650
647
645
651
663
671
682
678
685
683
667
673
689
684
690
688
692
697
703
707
710
696
692
691
692
692
688
680
689
685
691
693
701
702
705
700
698
695
689
685
691
692
692
684
682
683
685
669
643
632
618
598
605
611
609
595
598
583
588
589
591
588
601
592
578
589
589
584
589
601
598
588
595
609
610
617
607
613
609
609
613
630
634
629
618
619
616
613
602
606
610
604
614
604
598
603
605
602
598
583
602
601
618
605
601
592
593
580
569
539
384
533
550
554
590
585
588
587
581
568
558
558
560
565
554
558
555
554
554
543
546
545
542
537
536
538
556
561
560
558
562
562
552
554
547
551
528
540
542
538
541
534
537
531
534
533
530
532
526
514
505
519
520
509
500
513
529
533
530
538
545
546
525
514
512
515
511
519
512
517
514
512
526
523
534
531
529
519
515
521
515
528
531
530
529
537
544
542
537
531
528
536
535
546
542
538
532
540
540
542
549
538
537
544
547
550
544
538
537
542
539
543
547
550
550
544
542
538
535
532
542
531
527
527
531
535
528
523
525
527
528
540
535
542
543
542
546
538
539
536
532
534
539
539
531
541
540
540
540
534
526
523
515
523
533
530
537
524
519
516
518
516
543
554
553
551
548
533
535
536
536
546
552
568
560
554
554
550
554
551
557
546
558
563
556
558
555
552
544
544
547
553
555
543
524
527
555
560
560
555
551
544
552
556
550
535
518
532
536
531
521
526
533
540
543
549
553
556
568
560
558
549
543
546
544
549
556
570
579
586
590
593
596
588
580
588
590
589
593
596
590
585
586
568
565
565
592
579
590
581
590
576
579
573
569
565
571
572
572
562
572
576
567
567
549
549
543
556
553
552
561
566
567
550
567
550
553
563
562
551
553
553
549
547
559
552
545
529
529
527
533
524
531
530
525
526
523
516
527
515
521
527
539
528
539
534
542
539
541
539
534
526
530
525
514
510
515
509
513
510
514
493
485
480
475
464
467
457
439
428
4
410
419
427
433
437
440
433
413
385
385
442
455
459
467
465
471
459
466
465
459
458
433
446
430
425
428
433
423
425
429
422
417
426
420
429
434
439
442
431
435
445
448
450
450
454
446
441
436
429
425
381
430
439
442
452
466
466
468
462
476
477
480
475
478
480
473
477
480
479
477
485
472
470
476
476
487
480
475
478
472
468
461
469
458
446
452
451
452
458
464
430
453
458
452
449
450
453
456
455
471
477
478
466
474
472
460
465
465
464
461
448
450
452
454
445
431
421
306
437
451
466
471
482
472
469
471
472
469
480
481
478
468
466
466
453
336
472
483
487
482
499
500
495
493
485
485
491
487
330
486
496
506
515
515
516
502
506
502
500
496
493
490
495
493
496
486
480
493
493
500
512
515
512
508
503
501
505
505
500
497
492
493
502
509
511
508
515
521
520
511
529
529
537
533
535
532
536
537
538
537
553
559
567
556
552
570
571
571
575
572
578
575
581
561
558
563
558
559
567
559
548
534
538
537
559
567
573
575
561
568
559
565
561
545
543
538
537
528
540
535
537
524
524
517
501
504
505
500
503
503
503
499
482
474
479
479
480
472
472
467
462
459
472
465
463
474
487
493
489
488
485
488
484
487
482
488
480
467
457
464
470
473
471
472
474
478
473
471
468
461
456
443
427
455
460
469
464
462
462
456
441
443
438
444
441
436
426
419
423
415
410
406
404
402
400
405
402
401
402
397
408
413
410
408
419
416
410
419
431
432
438
437
434
451
448
445
443
454
448
446
445
447
430
441
436
445
439
438
441
435
443
452
453
455
465
463
465
468
469
462
459
465
459
458
461
466
461
471
468
475
476
473
473
478
480
479
483
484
474
483
480
463
492
495
492
503
509
503
510
509
511
516
512
495
484
452
489
492
505
509
504
496
511
503
511
510
520
514
512
515
522
515
513
511
519
523
515
519
507
498
516
513
526
518
515
508
516
506
503
495
501
516
518
526
531
527
531
541
551
547
542
551
548
551
555
552
560
567
570
561
577
574
571
584
583
589
592
595
593
602
608
615
610
620
620
612
620
610
602
604
606
600
601
601
589
596
602
598
584
591
579
588
580
578
580
591
586
582
576
570
573
577
573
573
567
563
559
539
533
532
534
535
526
528
527
527
516
516
518
522
527
523
528
517
520
515
516
506
514
508
506
494
510
500
486
476
460
472
475
485
498
498
497
491
502
502
481
493
502
508
508
504
506
506
505
508
520
507
519
528
536
531
524
520
514
509
508
502
490
419
420
422
422
0
501
512
525
567
565
574
577
570
570
579
575
588
583
585
594
595
590
587
576
581
606
612
615
620
623
629
618
622
626
633
634
630
635
638
650
657
654
651
659
678
668
668
673
673
671
666
664
667
666
661
660
656
648
639
635
628
630
605
582
605
612
614
621
627
622
621
607
610
595
597
595
589
577
560
556
563
558
556
545
528
527
530
533
533
530
517
521
514
505
498
485
479
478
477
476
462
466
467
463
464
464
456
462
462
453
460
456
450
458
456
447
431
437
435
439
430
428
419
428
433
415
420
418
410
409
403
395
397
392
380
393
391
393
383
381
382
376
370
366
367
367
369
363
359
359
358
354
354
356
362
371
369
371
379
377
372
372
368
367
371
372
363
365
364
368
360
370
358
359
356
345
346
348
347
353
346
348
353
357
361
355
355
353
361
362
363
357
352
343
316
302
310
317
234
343
361
373
367
359
374
367
364
367
357
345
340
343
358
355
357
362
362
359
362
365
364
356
361
366
368
374
370
367
372
378
375
376
374
383
386
389
390
390
389
394
402
406
408
406
408
401
404
402
402
389
405
413
418
418
425
435
434
428
422
422
422
414
407
412
415
412
412
405
417
417
422
425
431
424
423
432
416
424
414
412
409
410
406
403
406
409
411
414
407
417
425
416
423
421
425
429
430
426
430
430
429
425
428
433
430
430
433
423
428
436
432
434
441
448
457
451
453
457
458
462
463
459
452
457
451
450
457
459
450
450
454
458
456
453
449
447
443
454
456
462
459
469
477
483
485
508
508
503
514
502
513
511
510
503
502
503
497
500
503
504
497
486
489
487
479
486
469
475
471
475
475
472
466
478
475
481
492
488
478
473
463
454
335
471
483
491
494
494
493
484
485
487
490
491
496
472
478
481
503
504
504
503
514
519
514
510
492
489
456
504
502
507
523
526
534
531
533
539
528
525
536
538
533
543
548
549
536
541
545
548
560
554
547
560
555
548
544
531
531
376
541
552
556
552
549
562
560
577
583
564
564
583
582
574
579
576
589
582
574
573
576
584
588
590
574
571
580
573
565
545
558
559
557
552
554
551
560
563
552
542
537
544
541
538
538
538
533
520
529
521
524
525
525
525
522
516
509
504
484
492
499
497
494
491
495
479
466
465
466
473
477
482
474
470
467
476
472
482
480
475
437
454
437
391
469
465
454
450
444
440
434
427
425
416
417
400
395
382
370
367
369
358
337
331
325
320
319
308
289
255
266
265
258
246
242
225
224
226
216
204
194
190
195
162
98
151
145
137
124
107
24
24
25
25
25
25
25
296
312
318
319
333
335
348
359
367
374
387
383
393
395
400
406
404
420
412
427
413
417
420
416
414
406
399
399
378
288
383
408
399
404
408
380
418
427
438
439
445
451
451
443
447
457
456
454
457
460
452
448
452
453
452
459
454
430
439
437
432
415
401
398
398
294
367
366
357
350
333
198
321
323
333
338
336
321
305
296
287
277
249
117
191
187
116
225
228
231
228
230
206
178
166
153
159
162
163
188
195
250
260
271
287
293
307
311
308
319
320
322
324
226
332
339
349
349
354
356
354
357
355
355
347
344
341
342
342
337
333
332
327
317
252
276
272
265
324
326
334
333
338
335
337
336
340
340
334
334
318
318
312
206
318
325
315
311
308
312
294
294
294
296
291
296
288
204
275
278
288
302
296
260
246
292
259
273
244
317
314
300
290
304
281
318
325
328
242
322
336
345
349
354
358
357
363
363
366
363
365
378
370
372
379
388
387
388
391
390
390
385
387
386
378
370
385
389
385
390
391
380
374
364
367
371
368
364
361
352
345
341
341
326
322
312
302
289
259
158
162
161
146
152
197
207
208
209
201
201
165
178
175
178
171
175
169
176
208
213
211
216
216
210
203
196
179
153
144
138
141
138
139
138
141
137
149
156
156
157
156
157
151
133
76
88
87
88
135
142
148
153
160
159
163
160
152
137
153
155
159
160
161
155
144
111
148
154
155
156
151
147
175
183
184
191
196
206
212
218
225
229
237
233
240
231
233
243
238
208
207
207
204
266
276
278
286
287
286
307
319
326
339
347
351
357
358
361
367
372
375
382
380
385
386
383
376
366
346
240
300
304
247
352
366
372
374
375
381
378
362
341
372
382
386
381
389
384
390
389
384
370
376
380
381
371
361
315
319
276
388
402
411
419
431
445
461
472
480
481
478
492
503
512
521
528
534
533
539
535
536
538
534
520
535
528
535
526
531
533
531
527
512
503
485
380
512
512
521
529
522
531
529
535
530
528
529
531
530
519
512
506
493
360
476
479
477
474
474
461
335
466
475
482
477
472
466
461
455
440
406
432
444
452
460
469
467
475
470
468
474
475
476
472
474
468
465
470
479
479
480
484
486
478
468
467
469
465
465
463
455
390
404
401
406
430
448
476
485
485
500
498
501
488
481
491
486
490
483
484
478
482
477
474
464
465
459
447
438
338
372
376
383
433
438
443
443
450
451
451
454
470
456
442
440
430
271
433
439
447
450
448
438
431
422
419
405
399
252
325
322
313
363
413
418
431
445
440
445
437
432
424
407
234
417
425
438
443
440
436
446
447
442
438
412
385
400
428
432
441
446
459
469
473
486
496
504
500
507
520
522
528
521
526
522
519
515
514
508
502
503
510
513
508
508
505
520
516
523
532
529
533
539
543
544
535
525
531
527
534
545
547
538
557
559
554
559
559
559
560
553
557
569
564
574
595
598
596
601
607
610
608
618
617
616
612
609
593
587
575
451
592
604
614
610
613
617
615
605
607
609
611
619
622
613
611
617
617
606
595
587
593
580
582
577
586
583
583
583
588
592
593
584
577
577
574
569
573
557
551
541
532
517
500
473
455
479
489
490
481
472
439
495
503
501
496
502
498
502
514
508
493
469
458
471
485
485
487
481
465
463
462
463
450
450
445
447
455
454
446
357
333
262
369
392
403
400
418
427
432
442
442
452
456
457
466
464
477
477
484
502
500
495
502
498
493
486
476
332
473
485
491
489
501
504
503
513
503
509
509
511
496
507
503
508
503
506
506
513
509
502
493
476
488
494
492
498
499
501
505
503
496
496
497
496
484
481
399
397
399
399
438
487
495
504
521
528
542
537
539
538
517
544
537
538
536
548
558
566
565
564
583
585
580
571
572
569
572
580
568
556
580
587
582
577
583
583
578
579
572
567
568
565
570
569
550
548
547
541
534
523
413
523
524
520
526
524
524
516
510
502
505
490
499
485
450
428
486
482
459
477
487
478
476
470
469
467
460
452
447
450
445
454
444
418
441
449
451
456
444
440
430
421
437
437
433
440
435
430
420
404
404
361
403
409
424
432
436
429
431
421
269
431
431
438
434
435
442
436
434
435
427
427
433
431
428
424
429
433
434
438
429
418
410
403
425
430
441
439
436
432
430
422
421
411
403
386
379
351
258
256
257
261
261
260
394
414
425
430
432
441
441
451
451
458
458
455
466
454
454
414
449
464
474
485
499
499
490
494
489
493
496
498
493
494
503
496
502
502
498
498
499
499
499
492
487
493
496
497
499
489
487
491
486
493
495
485
487
478
481
485
483
489
481
486
479
473
468
472
468
466
466
476
469
479
483
501
492
491
493
487
458
492
503
503
515
522
521
524
528
524
533
525
531
533
526
528
541
540
538
544
542
546
544
543
529
526
523
523
525
528
530
527
532
531
536
529
535
518
525
511
517
527
529
520
514
513
498
484
485
488
488
482
468
483
476
451
436
329
430
439
459
474
464
475
467
468
474
471
470
465
462
452
449
448
458
459
451
456
448
449
438
437
444
443
432
426
427
418
408
405
403
403
400
400
403
387
377
369
371
373
380
374
368
371
358
358
366
363
356
352
356
348
362
363
370
371
369
367
374
368
370
380
370
368
357
352
355
365
364
359
366
361
361
357
356
348
346
251
353
372
378
387
387
390
386
394
399
400
393
395
391
411
415
423
419
429
423
430
418
420
407
400
402
386
337
339
343
291
401
411
414
412
415
411
419
423
419
417
404
398
413
424
427
425
423
323
433
441
448
451
448
447
340
426
438
448
453
450
454
457
460
467
468
474
463
481
483
483
488
484
485
487
484
482
485
483
479
474
463
463
454
461
460
454
450
440
428
425
413
412
392
384
346
254
253
252
244
245
245
240
272
276
278
288
291
287
285
260
259
266
273
289
299
297
289
285
288
276
271
254
219
121
152
138
153
153
152
267
279
292
307
314
321
324
324
325
345
356
364
378
384
393
396
392
404
407
411
421
421
420
413
412
409
404
399
384
283
349
342
337
430
439
444
448
464
480
489
482
491
499
503
504
501
499
346
522
526
545
538
537
543
543
534
542
543
531
495
526
534
547
559
558
570
577
574
541
580
480
589
582
590
594
594
599
601
601
591
593
593
594
599
599
598
596
600
591
582
583
593
590
585
584
585
588
583
589
576
573
559
563
562
564
566
563
563
551
561
548
533
524
364
506
518
530
532
533
530
519
509
354
496
499
509
494
516
485
509
451
345
482
491
496
495
495
493
497
502
490
476
494
495
490
489
483
470
467
462
461
451
451
454
448
440
436
434
428
428
412
413
416
402
401
397
381
365
367
380
375
373
363
354
344
341
333
302
325
330
330
321
329
330
324
325
317
313
309
294
271
92
115
112
101
125
125
109
132
134
133
272
273
305
329
331
184
343
366
377
387
388
390
395
399
399
411
411
408
406
409
402
396
388
389
379
343
289
320
315
308
367
371
386
393
396
268
411
412
417
420
420
440
435
430
426
410
415
408
411
392
289
357
354
350
372
421
428
434
434
440
443
445
317
445
451
466
473
482
482
476
477
475
471
473
465
461
474
483
489
492
487
493
480
474
478
468
467
465
470
470
462
456
442
373
386
381
385
383
366
374
368
364
434
444
443
447
448
456
467
466
469
463
460
481
476
480
464
477
466
465
462
469
470
468
466
457
454
463
456
453
453
447
448
439
399
435
450
446
441
445
450
448
455
449
450
460
461
462
469
465
468
454
443
447
495
490
478
482
328
498
513
500
513
520
525
521
517
522
533
534
534
535
531
522
533
535
529
534
527
495
536
536
535
544
549
382
551
566
575
580
574
582
571
561
575
578
577
574
570
573
573
577
569
570
556
601
600
597
579
559
591
604
604
608
599
593
589
591
582
571
581
580
579
578
572
569
577
575
575
566
579
573
561
552
542
516
405
538
540
548
554
552
555
565
564
554
551
551
546
549
550
548
529
515
497
343
427
423
417
412
402
477
493
494
496
489
474
470
471
468
462
447
247
340
342
341
383
409
420
431
443
460
465
468
481
471
459
428
449
468
476
482
486
485
485
488
502
502
499
497
504
501
508
512
517
512
512
481
461
516
530
537
539
540
546
548
538
539
541
526
532
542
540
541
544
542
540
534
535
535
533
545
543
539
555
554
561
561
565
561
562
567
575
563
541
523
548
571
576
581
592
591
589
586
587
594
599
595
594
595
596
585
583
597
599
609
615
626
616
616
626
636
633
624
443
619
637
641
656
656
666
693
686
698
699
708
709
707
702
708
724
725
719
710
719
721
727
730
741
754
714
699
717
758
760
760
766
753
758
747
731
745
744
743
754
710
673
688
708
718
715
718
715
696
688
680
687
695
703
690
697
659
668
677
685
688
678
676
673
682
683
686
680
685
692
681
562
619
665
706
699
693
717
716
713
715
716
712
710
702
698
698
709
690
680
677
673
667
657
654
650
640
647
627
615
601
590
602
587
589
583
568
562
562
549
540
546
543
557
538
540
556
563
567
575
580
586
579
577
569
571
575
565
579
586
578
583
591
569
582
575
568
564
554
563
576
571
581
579
593
586
585
587
587
583
594
593
590
594
598
597
601
603
601
611
604
602
609
616
620
628
620
609
605
603
594
587
570
567
547
534
468
476
475
474
519
535
541
544
544
545
536
526
526
511
497
298
375
374
337
429
443
463
465
461
351
481
490
495
510
518
526
525
534
534
534
539
543
540
531
518
530
514
522
519
521
515
510
510
506
503
506
510
506
501
491
486
480
346
466
470
481
489
490
495
494
500
500
495
498
483
488
486
479
482
486
486
480
486
478
465
455
435
337
441
450
455
467
453
456
445
270
428
429
431
442
437
431
424
403
270
328
347
387
395
398
400
406
404
413
426
415
403
401
390
283
372
377
376
381
392
391
392
394
383
374
386
381
384
377
372
371
369
360
371
354
255
341
340
337
334
332
323
305
344
339
355
347
342
323
298
267
259
267
265
309
357
356
358
366
364
362
370
371
377
386
391
387
391
397
404
407
412
414
420
416
411
417
414
411
416
418
417
410
410
406
410
405
408
404
405
399
402
406
407
410
405
401
400
386
394
391
390
391
392
396
393
393
397
397
399
403
404
393
386
359
350
400
414
414
421
415
411
420
421
421
418
419
429
431
433
437
433
430
428
316
407
421
421
434
436
442
437
436
435
434
434
427
432
432
422
322
407
412
414
424
427
433
439
430
426
425
410
418
414
409
404
410
410
417
424
417
406
405
405
412
410
409
406
402
392
399
403
402
406
406
396
395
397
400
407
404
399
404
411
408
413
412
409
411
408
402
395
385
380
374
368
362
33
8
23
42
331
343
359
361
373
378
387
393
393
389
396
403
409
410
408
419
428
433
438
443
439
437
436
442
443
447
450
455
453
451
458
474
475
468
472
471
462
473
468
473
480
479
479
482
481
489
492
487
480
469
456
483
490
489
491
483
479
481
485
485
463
486
492
484
481
480
481
484
486
494
490
497
490
491
483
492
494
488
484
472
471
491
497
508
508
503
506
505
499
494
480
334
428
426
416
485
508
524
536
537
540
540
546
558
563
559
563
563
559
562
570
580
583
587
590
583
591
586
595
592
585
596
601
596
591
589
413
590
596
607
610
608
592
598
563
519
584
596
601
614
611
621
609
604
606
605
604
609
612
619
621
624
627
632
644
635
630
594
608
620
627
623
614
612
613
625
619
630
629
630
636
642
644
640
643
641
631
628
615
622
625
620
610
606
602
609
596
592
590
586
575
581
574
580
578
571
578
567
555
546
557
563
554
563
555
551
541
540
545
541
538
541
532
545
541
538
545
533
539
527
526
530
543
536
520
525
521
519
514
506
511
503
501
500
498
495
496
491
495
490
495
479
477
453
439
468
482
496
488
496
491
479
480
478
479
477
469
466
478
473
473
481
484
477
483
480
479
474
466
463
463
459
457
462
465
482
469
482
475
470
479
470
474
464
469
453
458
454
450
449
455
449
448
462
463
470
470
459
463
462
461
464
468
473
475
472
471
471
480
480
469
480
480
475
485
492
492
483
467
329
470
490
489
500
491
492
491
475
487
491
479
484
482
475
470
459
441
437
418
416
281
382
375
371
336
331
246
246
247
232
253
258
258
199
396
423
431
435
443
442
447
455
463
463
469
464
456
453
454
449
416
452
456
461
467
470
466
470
468
335
440
448
451
465
475
475
475
474
479
481
479
479
482
477
476
481
480
490
491
477
481
478
476
480
486
483
472
472
479
457
455
463
463
462
460
461
459
455
446
447
434
421
413
406
380
407
411
412
406
399
397
390
388
384
380
359
202
274
270
262
338
337
348
350
352
232
374
371
374
375
379
381
382
389
389
390
381
384
388
393
394
404
380
364
367
373
404
412
411
409
409
412
406
412
417
420
418
421
423
427
424
429
431
425
435
444
442
451
456
463
465
465
462
476
467
467
463
463
468
466
463
466
465
459
463
461
456
462
463
460
462
464
468
468
467
476
479
468
488
483
456
478
473
405
333
434
440
371
429
416
408
422
434
428
420
396
422
429
442
453
448
443
438
424
408
426
455
455
460
464
467
460
461
426
456
481
489
487
487
486
486
480
482
478
478
475
460
470
462
455
452
453
456
439
316
362
366
305
427
431
440
445
453
455
456
451
455
454
458
467
473
472
460
469
465
452
445
425
282
409
403
296
436
444
482
481
481
484
482
479
285
475
478
482
485
493
505
513
528
526
522
522
361
479
511
518
523
530
541
539
540
544
544
542
549
559
562
563
560
549
562
564
567
561
560
554
549
563
569
562
565
576
576
573
570
563
555
556
554
552
545
542
539
541
533
532
524
513
497
485
398
402
400
394
414
446
474
477
469
456
487
494
496
501
502
507
499
499
486
486
471
465
455
458
459
461
446
433
422
417
383
419
426
423
418
410
396
390
366
214
291
287
211
365
373
378
386
384
379
376
355
203
370
376
382
384
385
372
378
371
387
375
369
333
345
358
376
390
389
389
361
376
382
393
397
397
398
396
409
412
407
413
408
401
413
427
430
269
421
430
426
430
443
438
445
441
440
439
449
437
459
454
461
472
469
479
481
483
473
474
476
454
475
482
478
479
486
477
467
474
478
486
485
489
406
488
487
319
498
489
477
486
383
501
504
512
506
511
505
513
510
511
515
514
525
514
541
553
556
555
558
538
543
532
521
504
355
478
496
508
523
527
522
518
524
521
518
522
519
526
525
524
521
519
517
509
498
493
489
492
491
486
479
473
460
448
438
428
425
358
354
354
350
376
389
395
396
397
396
387
371
229
380
389
387
389
395
388
387
378
370
354
333
160
266
272
274
274
264
223
221
233
184
251
320
335
349
355
366
380
374
365
389
405
414
425
426
432
429
436
444
459
457
461
464
471
468
493
502
509
513
514
515
529
525
524
526
516
529
532
536
536
536
539
547
546
543
553
556
550
538
531
508
394
518
537
560
560
555
554
555
556
553
550
553
549
548
533
505
549
554
558
571
570
563
565
557
556
526
491
308
405
403
370
462
481
487
485
481
384
497
556
565
574
594
596
592
602
602
602
593
596
597
593
589
584
587
589
595
590
603
605
606
608
594
583
584
578
593
596
592
590
590
582
568
481
478
479
479
523
540
547
541
548
547
558
564
557
547
551
540
545
528
531
534
530
537
541
528
540
546
527
486
523
540
542
556
551
557
557
562
560
562
581
563
576
585
593
603
596
603
609
602
602
592
592
595
597
593
587
590
595
589
589
595
592
587
584
593
593
587
577
556
551
419
538
540
553
553
553
553
556
547
546
541
539
542
533
539
530
530
519
512
514
504
514
511
508
492
479
474
470
457
423
316
367
362
303
439
457
455
463
462
471
466
467
463
465
461
449
459
458
461
445
433
404
447
448
438
442
436
426
423
424
418
418
415
412
397
387
340
349
355
356
354
332
312
312
329
337
340
349
350
354
345
343
346
339
335
332
326
318
318
317
303
296
297
287
286
291
283
278
274
270
266
256
261
262
258
253
253
247
243
232
214
124
213
234
235
236
236
238
224
212
130
214
226
230
235
238
240
237
239
245
235
239
246
253
251
259
255
254
262
265
272
275
281
287
284
288
276
277
277
278
278
273
270
270
270
268
271
265
266
265
259
255
248
247
241
231
232
225
224
214
214
207
196
184
182
172
159
93
106
99
100
102
98
98
124
126
134
137
130
134
136
135
131
125
125
121
122
123
125
129
125
109
111
110
97
126
124
126
127
130
134
138
136
136
134
130
134
133
132
131
128
125
125
121
118
115
113
111
108
102
94
65
65
66
57
66
67
66
66
65
61
59
61
61
60
58
56
55
55
53
49
47
45
43
41
39
37
35
34
30
27
22
17
16
16
15
10
8
8
6
3
3
5
3
14
22
29
28
37
39
45
47
48
52
56
58
60
66
68
74
75
75
76
78
82
91
91
92
94
94
95
99
99
102
108
111
113
120
121
121
121
123
89
128
131
137
141
141
151
156
155
159
162
166
168
170
172
171
173
169
178
180
182
182
180
188
188
188
186
187
181
180
174
171
186
196
203
207
209
214
218
225
227
231
238
240
233
226
229
210
204
228
241
244
251
250
248
243
238
221
254
259
267
275
280
283
279
289
295
291
287
275
288
308
322
332
343
346
353
361
365
375
383
373
365
384
402
398
406
412
429
435
448
451
456
458
463
463
474
480
484
487
489
484
483
482
474
486
487
485
488
475
469
464
455
446
436
310
311
310
310
297
270
284
280
266
276
278
254
414
416
429
435
441
442
454
449
456
467
463
464
453
444
438
437
443
442
439
443
445
451
459
465
469
465
462
467
469
471
472
478
477
474
478
472
471
480
487
491
481
481
477
483
485
484
482
478
483
485
345
495
504
508
505
502
506
506
497
451
489
497
508
516
518
523
524
518
507
511
526
523
522
528
529
522
518
515
513
513
509
504
502
497
496
487
479
481
483
480
476
462
456
448
422
416
180
181
179
180
179
177
183
185
183
358
371
377
378
382
385
403
426
436
446
440
457
461
463
462
464
468
468
463
462
484
488
486
486
486
483
477
501
494
491
501
492
490
486
462
436
442
451
462
458
458
450
448
447
445
433
424
415
310
413
417
416
414
407
407
403
402
402
400
392
379
392
390
394
393
402
394
397
392
395
379
376
369
368
365
361
365
372
369
360
364
359
354
360
365
355
354
350
348
359
359
356
366
362
368
370
378
378
382
376
374
374
373
371
373
373
368
367
365
370
369
377
377
365
362
365
365
364
365
363
367
365
363
370
349
267
356
382
388
381
385
382
390
398
400
400
397
409
408
416
420
419
430
430
429
433
442
437
437
435
435
443
447
451
462
449
443
440
434
426
420
424
415
416
418
412
411
402
400
401
405
406
404
405
399
413
409
400
402
401
403
395
396
393
392
377
367
366
365
356
356
349
349
353
356
348
345
338
333
334
332
322
319
318
315
309
315
308
305
304
304
299
300
292
287
285
283
288
284
283
286
283
279
281
268
266
260
250
256
250
246
238
239
236
227
229
227
224
222
223
223
220
219
218
218
211
204
178
180
178
158
189
187
196
200
200
199
198
192
187
185
183
182
177
177
169
163
154
149
145
141
138
132
128
127
122
120
118
114
108
110
101
97
97
96
92
97
88
86
80
73
71
64
59
48
45
37
33
27
25
21
14
11
8
2
11
12
16
18
23
27
33
39
45
48
45
50
50
50
54
59
60
64
65
64
70
70
76
54
90
92
98
102
103
109
114
114
118
119
118
120
130
137
135
144
151
156
161
159
164
164
170
173
171
170
179
179
177
166
171
173
169
167
197
216
226
234
235
244
252
261
258
267
265
266
265
269
273
278
284
290
305
308
312
321
329
327
329
333
335
342
341
341
335
329
313
342
356
365
387
386
393
396
403
408
405
405
415
423
422
423
430
424
434
441
443
448
448
460
468
469
467
464
451
450
444
438
420
469
482
484
490
491
502
505
506
505
497
464
508
517
531
540
549
548
553
542
533
531
523
534
535
529
537
529
523
526
533
539
528
514
509
500
456
509
520
511
510
513
507
512
509
503
513
519
516
502
503
368
502
505
505
495
490
486
484
475
468
466
457
450
452
437
434
423
411
367
374
375
373
378
371
318
332
336
344
348
346
346
343
339
334
336
328
324
320
322
321
313
312
310
308
308
306
301
296
297
302
299
295
289
284
277
274
270
257
259
251
249
240
236
227
227
212
213
210
206
195
189
180
170
163
156
153
143
137
129
126
114
90
92
93
93
89
84
82
78
73
72
70
67
62
59
48
34
40
46
48
51
52
53
50
49
37
71
76
84
89
91
99
107
108
110
110
117
121
120
119
118
117
117
116
133
135
132
134
134
103
133
137
145
147
147
145
138
136
118
118
118
80
145
170
176
179
183
189
190
188
185
179
170
148
185
192
192
203
203
201
200
192
137
187
194
196
201
202
166
190
192
191
254
266
270
277
282
292
300
300
303
308
302
294
322
329
342
347
360
366
377
390
392
391
389
398
404
410
417
420
426
423
425
428
425
421
419
413
418
409
418
421
417
415
411
413
412
407
409
412
413
410
409
408
402
405
405
410
403
405
399
401
396
400
400
405
397
381
378
368
260
385
390
389
392
382
382
376
373
367
364
352
242
376
375
381
386
382
378
374
359
247
357
366
369
363
354
328
357
369
373
379
384
386
390
397
397
382
394
387
385
386
268
375
382
395
408
412
414
422
424
418
415
422
423
421
417
426
424
427
424
416
416
407
408
403
403
400
380
266
378
388
399
405
406
401
393
386
356
392
404
407
410
403
273
416
415
434
438
439
434
451
443
442
442
425
288
431
447
448
452
449
454
461
466
463
470
467
459
459
452
348
459
471
475
482
490
498
495
500
498
501
495
499
507
514
513
507
521
526
532
529
524
515
511
522
516
521
525
521
528
532
523
534
545
546
542
542
535
532
536
532
535
533
536
533
535
526
515
519
505
500
498
487
475
344
487
484
478
465
459
442
476
489
466
465
444
382
447
456
451
444
420
400
431
475
469
482
492
480
485
478
477
483
476
480
465
452
429
455
460
468
470
478
484
488
479
477
467
469
355
469
479
486
495
497
499
502
508
510
511
522
520
523
520
525
533
533
529
531
524
525
526
521
509
504
494
352
501
506
523
522
527
512
507
508
506
504
503
501
507
504
514
530
539
538
544
546
549
547
548
540
540
532
535
537
527
537
548
537
538
543
535
536
531
536
530
529
537
540
537
541
543
550
545
552
553
556
560
570
568
564
566
562
559
560
565
569
566
569
574
566
563
563
575
578
569
577
574
576
582
572
571
573
581
575
571
576
578
576
582
579
573
557
543
562
578
584
591
574
578
582
595
599
594
587
584
592
593
591
588
583
583
596
580
590
593
585
579
574
565
551
556
554
549
542
527
522
524
516
504
507
502
503
496
488
480
471
458
429
400
438
442
446
444
448
432
420
410
392
381
237
322
316
312
237
360
362
366
356
357
348
332
197
336
335
340
348
355
359
361
346
338
328
322
316
310
304
259
257
260
265
267
230
197
194
196
197
277
282
300
311
320
330
328
319
298
324
335
345
352
357
356
352
350
348
337
327
240
302
305
306
366
371
379
381
392
397
402
418
420
418
416
430
438
448
447
445
460
457
458
464
293
444
449
441
462
458
459
465
473
474
469
453
443
456
450
455
472
471
466
467
481
481
483
484
477
447
502
512
500
497
498
486
459
518
520
530
537
532
530
533
528
532
528
528
532
535
539
541
537
542
543
541
542
543
545
534
498
520
529
527
533
524
508
514
536
537
536
530
524
518
516
386
507
520
529
527
511
507
510
508
506
503
501
502
507
500
503
493
491
492
463
454
335
448
449
453
450
432
415
430
442
448
455
451
449
464
456
442
435
427
389
430
433
439
441
462
461
464
463
466
456
460
466
467
457
456
461
462
453
460
455
454
452
456
446
442
436
436
430
428
426
416
414
407
401
392
374
429
431
429
425
410
305
432
467
469
474
463
461
469
470
475
475
472
459
334
434
433
434
431
418
489
501
516
522
525
539
545
538
541
534
533
530
526
510
422
431
423
370
475
483
492
491
499
506
510
514
513
514
496
511
523
518
524
532
537
535
538
530
537
529
526
523
518
522
522
524
521
526
514
520
518
507
523
516
504
497
490
499
485
474
470
456
450
448
444
437
431
417
413
406
374
365
367
361
364
357
340
311
320
322
326
306
294
146
281
278
291
286
279
268
254
241
228
217
208
128
128
127
85
183
198
207
202
207
217
220
216
207
176
186
185
190
189
162
190
188
191
257
269
273
303
305
306
306
324
330
335
332
330
327
335
337
322
318
296
317
340
344
357
363
360
368
369
370
375
383
373
378
383
382
380
379
378
375
354
333
343
350
344
344
334
309
268
265
258
268
267
259
353
363
368
381
390
393
398
393
392
396
402
396
394
398
399
395
394
392
404
394
387
388
380
385
382
389
393
393
386
385
370
364
355
348
348
345
339
328
321
316
312
309
301
300
297
289
284
211
225
227
205
229
242
242
230
231
197
238
240
241
241
237
237
235
224
222
219
210
204
186
175
160
164
166
161
162
156
147
144
140
133
129
127
125
118
114
67
103
102
103
101
91
82
90
90
93
96
97
92
90
87
82
82
74
34
80
82
85
79
92
87
86
85
88
90
88
87
82
81
74
103
101
103
103
102
94
116
121
121
125
128
126
124
121
83
130
140
142
146
167
168
175
179
181
185
202
209
214
216
214
217
202
135
223
242
251
256
266
274
280
285
288
304
312
319
324
334
341
339
330
254
355
369
378
388
391
398
402
400
304
372
377
308
433
447
451
462
483
495
502
511
519
519
527
538
554
562
565
570
569
568
560
554
547
548
549
549
539
535
535
525
528
524
520
515
506
471
479
479
470
462
432
381
382
310
472
483
511
507
506
509
506
478
454
483
489
492
499
500
491
358
492
490
484
488
498
497
491
503
507
499
503
512
517
519
524
511
516
524
524
521
516
485
320
476
481
488
470
458
435
444
470
467
455
440
406
456
468
471
474
478
483
481
476
478
478
477
478
479
481
477
477
472
476
475
475
475
469
462
454
448
435
412
457
473
475
468
472
483
479
480
481
470
450
430
465
476
484
490
485
479
468
472
335
484
481
483
486
470
433
463
467
483
493
502
507
515
520
518
523
522
529
528
533
541
543
544
548
551
536
536
533
536
535
535
542
542
527
525
534
538
541
540
534
383
528
533
535
539
525
388
534
527
533
546
537
530
540
547
547
543
540
537
539
544
531
520
375
491
516
524
532
537
544
545
547
544
544
546
545
546
550
546
545
547
548
539
542
544
545
546
550
558
542
544
548
545
544
547
555
547
540
534
533
525
523
470
478
462
447
465
476
480
484
491
494
510
505
500
503
492
461
481
496
498
492
494
499
492
499
501
505
498
491
492
480
489
476
469
475
472
473
464
469
472
469
469
470
469
474
465
469
469
462
321
450
476
471
475
483
498
487
482
484
495
493
491
486
480
487
482
475
330
467
487
494
500
495
487
492
487
490
480
484
485
478
483
487
477
465
485
480
485
477
474
470
453
434
452
457
473
490
497
495
504
494
490
499
495
456
499
517
512
520
525
525
524
516
514
522
521
517
514
504
501
491
491
486
470
343
459
460
459
455
439
395
434
454
460
462
465
455
457
454
454
448
434
429
410
373
224
387
402
411
400
401
404
402
367
241
308
317
238
375
375
405
421
438
449
466
474
472
480
478
490
495
494
505
512
513
501
365
494
503
516
530
534
549
547
559
553
564
568
576
587
594
614
618
620
628
633
634
637
634
635
650
636
637
645
637
632
637
627
628
631
636
639
652
616
575
648
633
629
634
621
623
622
620
612
609
606
606
600
609
611
606
600
594
596
580
591
589
582
576
566
573
576
568
559
569
558
553
553
539
538
536
527
529
534
532
510
510
508
501
501
495
486
475
473
472
471
470
476
470
464
462
455
444
437
438
439
438
428
414
413
416
404
401
288
380
390
397
390
391
385
385
382
377
376
375
393
396
399
396
401
401
403
401
402
393
401
397
405
401
403
404
406
410
270
399
413
423
415
410
414
432
429
434
434
432
423
417
379
377
395
395
399
416
441
444
459
467
474
479
479
490
481
492
492
487
498
498
502
496
495
500
502
509
507
512
517
532
531
530
519
511
394
530
544
547
561
555
563
569
570
574
577
582
575
581
576
573
574
576
584
583
589
586
594
597
590
585
587
584
593
590
587
593
581
576
584
576
574
585
576
583
587
556
535
563
570
573
568
580
579
572
574
581
587
587
588
581
583
581
591
592
577
574
576
586
575
585
582
575
566
559
541
551
547
546
535
533
526
524
540
542
544
543
543
537
538
535
534
527
508
524
519
528
523
527
526
525
512
517
515
513
519
501
499
494
456
440
448
461
468
469
460
467
466
466
458
473
474
470
480
467
467
467
459
455
443
439
434
430
430
430
427
405
402
397
385
377
387
397
432
436
437
440
443
448
443
427
438
430
432
424
430
424
423
301
413
431
433
440
443
444
447
449
462
458
458
454
463
462
465
463
464
464
454
452
444
437
429
406
291
334
342
346
337
329
332
343
255
446
447
451
449
459
471
477
475
479
470
459
263
462
493
494
498
513
513
529
527
521
515
507
470
508
525
530
550
550
552
553
545
557
568
574
575
581
583
570
588
595
604
596
613
608
622
617
630
624
629
626
622
616
616
626
636
633
627
619
610
610
585
549
583
600
609
605
612
613
602
590
552
585
590
600
623
623
616
623
621
617
608
611
619
616
618
623
625
638
637
631
638
626
614
628
633
627
625
622
617
613
617
622
621
619
612
599
614
609
608
601
602
594
603
598
596
580
572
573
574
572
580
567
566
560
556
564
573
566
571
569
569
570
571
559
558
559
557
558
554
555
565
542
367
529
526
523
519
483
367
449
453
375
506
528
534
539
546
539
540
544
556
556
554
559
556
560
558
554
547
533
537
531
532
533
533
529
514
510
506
507
504
489
480
484
486
485
487
483
473
488
480
479
478
477
480
489
487
487
493
487
505
509
509
505
514
522
522
515
514
517
514
524
527
529
528
526
528
527
519
528
538
531
529
525
520
523
532
529
523
512
522
514
520
517
518
524
533
522
529
521
516
517
520
522
525
522
525
540
535
539
548
547
550
557
557
577
571
568
565
571
564
561
555
556
557
553
549
551
551
553
544
525
516
510
508
356
501
504
511
498
481
363
421
411
406
459
486
492
467
497
498
418
498
490
493
495
476
491
487
480
471
470
461
448
434
412
357
362
296
429
451
469
470
468
470
468
455
427
462
457
471
476
476
480
480
479
482
474
305
454
468
480
482
479
478
484
489
490
486
494
489
497
501
495
498
495
500
501
520
524
525
514
504
500
499
485
442
479
480
478
479
478
473
464
426
351
359
359
359
372
375
293
518
542
562
573
567
579
573
590
589
592
598
615
635
635
631
638
649
650
649
661
681
689
685
682
676
676
685
706
700
707
706
712
708
728
735
734
731
739
739
757
752
740
737
736
734
747
741
740
731
735
725
724
708
714
719
718
711
710
699
693
683
664
659
645
633
613
599
571
333
347
345
335
350
351
339
490
508
521
533
543
550
559
559
554
555
548
551
543
512
330
511
519
521
532
547
534
530
518
517
326
497
527
536
559
582
584
566
580
566
583
598
586
604
600
594
590
587
593
579
570
574
568
573
582
592
595
593
578
539
515
493
400
470
413
497
504
518
547
559
565
555
542
421
544
560
567
569
582
560
407
568
572
568
572
571
573
565
554
549
558
552
553
559
554
551
570
560
576
582
568
580
577
588
581
566
583
598
585
589
591
589
592
600
608
613
603
609
632
637
635
630
645
643
643
633
631
627
617
634
641
641
639
633
625
638
638
639
634
628
639
645
634
636
619
616
615
607
611
615
612
603
615
611
615
612
615
614
609
603
597
606
613
607
601
604
614
616
615
599
617
622
610
596
593
604
601
602
606
611
622
608
598
597
601
602
586
574
573
577
574
577
569
564
579
578
583
591
601
601
601
595
596
581
585
578
527
541
543
514
517
549
570
565
559
565
565
578
576
587
610
597
589
587
587
581
572
561
565
572
553
552
559
551
554
556
551
550
544
534
542
536
419
548
546
545
561
579
575
581
577
578
575
574
573
571
561
421
568
580
576
584
578
576
583
589
583
571
562
557
553
533
546
547
552
545
546
538
489
505
513
520
521
525
512
517
519
526
527
521
517
516
513
512
512
510
500
494
471
452
469
488
503
503
500
500
494
488
486
487
475
464
463
462
455
443
445
436
437
428
425
415
404
284
377
376
376
374
373
359
355
346
328
318
306
276
292
298
296
297
286
287
282
276
264
262
248
242
223
216
184
212
215
217
222
218
217
220
219
211
206
198
198
204
185
171
104
161
166
171
165
165
154
159
156
155
151
153
153
152
152
149
140
138
131
117
148
154
162
164
174
177
176
177
167
175
177
169
176
175
169
167
155
103
141
141
141
142
140
133
125
98
99
99
97
98
100
99
99
208
213
220
223
227
240
245
250
256
257
262
268
277
279
281
275
248
269
295
306
312
318
316
328
334
346
353
359
361
367
369
369
276
351
370
377
379
333
416
421
424
437
440
439
436
453
456
459
465
454
472
471
482
478
481
482
473
418
264
276
277
264
278
296
305
304
306
298
297
302
294
396
412
422
432
428
417
424
466
476
482
495
499
502
505
509
515
513
519
523
530
528
527
527
521
526
513
505
498
483
481
471
470
463
460
447
438
433
424
317
370
361
357
347
265
375
374
372
369
358
352
346
311
247
251
251
254
289
294
301
297
293
294
290
283
286
285
285
276
271
256
239
172
226
240
234
240
243
245
239
241
227
222
226
218
213
207
163
185
191
198
198
196
182
176
72
172
174
178
187
187
177
171
169
161
157
146
135
134
135
134
133
133
130
123
116
104
105
113
114
118
118
124
115
110
106
104
101
33
33
32
33
34
35
35
38
44
34
115
146
146
148
159
161
166
165
165
173
180
119
211
216
220
235
235
235
247
254
259
266
267
266
284
292
302
310
310
328
331
325
333
333
330
328
328
338
338
339
346
354
356
370
370
370
375
370
375
355
332
335
337
324
351
376
382
389
398
409
408
402
408
415
426
422
423
426
399
397
415
425
391
441
408
438
428
411
441
464
467
475
480
481
481
488
488
494
490
478
483
491
484
506
505
501
498
493
500
504
504
501
513
518
516
528
531
531
339
537
532
524
517
392
459
457
441
533
540
547
562
567
582
583
593
600
600
600
606
596
604
608
608
586
593
596
608
603
609
601
597
605
601
604
605
590
584
580
578
552
548
549
548
546
523
509
482
395
397
391
374
375
404
403
355
527
531
546
546
552
378
578
594
596
598
594
610
612
614
616
622
622
617
628
628
627
625
614
615
617
599
423
600
625
638
655
648
655
656
663
666
660
658
646
646
645
635
633
645
640
634
626
622
634
640
619
632
621
465
606
616
624
622
617
619
618
607
473
586
600
626
632
627
635
629
622
618
618
617
608
593
582
583
572
566
562
552
542
525
519
502
468
506
506
505
484
454
343
454
468
482
490
492
483
485
448
436
456
479
497
511
509
510
511
513
503
510
502
309
502
504
510
514
517
508
506
487
459
494
505
514
520
527
525
509
504
495
491
481
477
477
468
462
459
459
444
445
435
422
412
392
278
354
357
359
357
345
350
340
336
319
308
301
277
298
307
305
297
299
291
294
286
283
280
268
264
257
246
242
224
238
248
245
241
247
244
244
246
245
250
245
244
237
232
220
214
194
211
218
202
225
223
229
232
230
223
218
216
217
215
200
106
191
193
204
205
201
169
209
219
224
237
248
258
262
264
265
266
265
267
195
293
323
334
351
368
377
387
390
394
392
390
401
399
372
379
384
383
450
461
470
467
487
488
502
506
513
521
518
524
533
533
531
536
541
547
556
534
529
523
514
520
517
500
492
480
471
442
463
472
474
460
466
464
463
457
451
448
438
432
421
406
389
430
435
427
411
385
355
377
392
397
402
394
404
393
408
404
402
393
391
393
389
386
371
356
204
254
256
254
245
261
259
334
334
336
341
358
360
363
374
377
378
380
378
378
349
332
342
345
359
366
362
370
368
359
366
369
375
381
392
399
404
405
410
413
408
404
401
397
384
361
391
400
399
390
389
381
374
366
365
363
351
345
339
333
330
325
320
313
306
293
202
294
298
298
301
293
291
273
269
186
271
275
285
286
282
285
292
287
276
269
263
257
254
241
135
200
197
195
253
257
258
252
247
248
247
241
144
191
191
137
239
251
259
268
277
287
293
294
294
296
300
299
306
310
302
297
296
266
295
305
318
325
328
333
317
326
334
330
334
238
333
341
350
360
363
367
373
374
380
387
385
395
395
401
399
409
411
415
419
415
408
412
411
401
402
397
394
395
386
373
372
371
366
365
352
351
342
338
333
327
315
300
285
267
245
242
241
183
261
266
262
258
254
253
237
231
208
228
234
233
232
227
225
217
211
204
196
170
131
129
128
93
173
178
183
179
176
183
189
185
186
177
141
102
204
219
228
242
244
247
259
262
257
255
246
241
236
229
207
217
222
225
223
221
216
214
207
162
164
165
128
195
207
212
223
229
242
252
258
257
259
254
228
257
270
269
277
285
283
279
241
231
231
235
245
255
266
230
344
348
352
362
364
377
382
389
398
407
410
417
427
447
451
456
462
462
456
461
458
463
465
459
466
462
469
466
475
467
456
454
313
462
474
469
468
475
474
473
483
475
481
481
485
474
459
407
427
439
335
495
531
545
565
575
579
591
599
617
629
624
627
647
659
662
661
664
665
666
658
511
673
679
684
689
689
688
698
697
699
696
698
689
693
684
685
690
705
708
707
698
706
700
694
686
687
674
680
664
659
606
655
662
668
673
680
682
675
664
660
647
641
637
653
644
640
637
625
615
615
601
592
577
552
336
339
444
537
552
563
564
580
574
567
562
530
493
528
543
556
548
554
539
529
530
530
528
494
314
444
444
307
493
507
523
529
530
546
551
559
558
563
536
300
522
532
532
523
514
458
509
516
524
524
533
407
526
531
549
564
576
584
580
583
588
587
591
600
595
600
605
612
616
614
617
611
596
589
591
566
435
563
589
612
611
615
615
618
622
628
632
637
634
634
632
638
631
617
616
597
485
500
498
491
546
564
566
568
575
426
588
600
606
615
625
625
623
624
611
612
603
602
606
609
616
611
609
617
607
593
594
591
598
592
594
594
591
592
583
577
579
584
576
569
545
398
565
566
562
563
573
571
570
567
563
527
543
549
558
553
546
540
519
505
483
495
502
508
508
511
511
505
510
504
509
505
508
502
500
514
513
516
522
514
510
526
514
504
497
497
487
497
491
487
477
475
466
466
460
452
450
450
442
440
433
428
429
417
409
385
374
348
375
393
400
401
394
385
384
371
268
405
411
409
413
412
411
411
419
423
416
414
413
404
389
261
394
402
402
412
424
416
416
404
396
353
386
402
415
425
430
440
427
418
417
399
372
411
418
424
431
438
437
450
446
455
461
465
466
477
475
479
486
494
491
466
461
333
469
476
482
480
479
483
482
487
480
493
497
507
498
501
501
498
505
507
501
478
360
470
499
501
509
520
525
526
521
518
526
519
532
527
535
528
524
526
528
520
507
467
495
505
511
527
529
528
527
536
533
524
524
514
505
499
495
490
491
486
480
475
468
459
461
455
448
424
334
437
436
429
426
421
405
373
414
419
418
416
409
399
415
406
399
388
371
239
352
362
368
381
379
377
375
376
370
370
361
352
333
202
328
326
337
337
345
347
344
349
337
296
322
323
327
328
334
338
336
343
339
339
339
319
290
302
330
340
347
356
359
364
361
363
371
367
363
351
331
371
396
402
404
419
421
420
422
428
439
436
430
449
446
458
463
469
474
473
481
470
468
467
457
463
455
459
459
469
462
469
462
469
471
467
475
472
469
297
449
451
454
456
454
441
428
377
372
331
442
449
459
464
464
468
475
474
479
483
478
482
482
476
484
492
501
509
496
497
498
500
503
487
482
493
486
493
481
478
474
465
460
470
463
453
457
445
440
436
426
434
425
421
416
408
401
394
381
381
373
204
207
215
225
298
308
315
319
325
325
325
348
356
352
363
375
385
398
413
406
409
408
406
401
409
396
399
393
396
388
383
390
394
385
392
392
397
407
405
409
409
407
406
418
414
410
416
426
426
428
442
449
446
456
453
459
457
450
452
451
444
449
455
458
469
459
466
467
467
469
465
463
461
352
467
471
465
462
472
472
471
463
453
451
462
463
465
465
462
472
471
467
459
464
461
461
463
445
420
424
426
421
323
433
443
446
446
439
442
441
439
435
429
423
389
426
428
428
427
423
422
420
411
410
405
387
389
391
387
380
374
366
358
349
341
333
323
326
322
312
301
302
295
288
264
269
220
209
229
235
227
236
228
223
174
216
194
217
217
202
208
205
202
202
199
197
191
187
180
175
154
80
82
79
77
80
81
78
103
104
107
109
109
108
111
112
113
108
109
107
107
104
97
89
80
37
46
34
55
61
65
69
72
72
72
79
78
79
79
77
75
71
69
37
79
81
82
85
89
89
91
91
91
89
87
51
87
102
110
113
121
122
128
135
135
133
135
129
129
125
84
136
145
153
162
163
159
158
155
130
127
130
129
129
195
218
226
229
232
237
227
109
266
272
286
285
283
199
301
344
357
366
379
382
391
417
404
422
434
439
446
452
459
458
446
444
374
449
476
486
493
501
511
514
527
537
534
541
556
558
561
567
568
578
590
590
589
597
592
596
604
615
618
609
604
589
569
561
530
597
615
607
606
606
594
411
603
613
617
632
637
630
616
442
613
625
629
640
656
650
649
642
571
648
648
641
633
636
629
631
623
611
605
602
590
579
497
497
500
506
399
563
571
579
584
592
587
589
577
534
555
563
572
580
575
567
561
552
412
546
547
550
543
532
420
541
555
566
574
557
552
545
544
548
545
546
538
530
532
534
533
536
535
536
514
506
489
460
417
476
475
480
484
484
489
492
488
487
489
497
496
490
487
491
494
485
486
466
413
312
376
395
417
421
454
450
454
465
464
469
485
499
509
513
488
516
518
514
517
507
507
505
492
385
497
516
514
507
507
508
508
506
509
501
496
490
482
460
448
440
430
431
402
382
149
145
147
145
147
149
149
141
139
117
104
109
106
112
125
104
335
352
361
372
383
383
389
389
392
419
436
445
449
465
469
471
472
476
475
464
455
495
507
505
524
521
532
542
546
537
532
518
506
516
504
493
482
473
467
465
454
453
454
443
450
447
444
435
385
425
425
424
425
421
429
435
432
439
437
436
434
426
436
439
428
409
400
390
366
421
421
430
434
435
422
412
406
399
383
379
369
356
352
333
338
335
339
340
334
335
333
336
331
323
309
193
203
205
97
211
229
238
239
240
239
169
152
133
133
215
223
230
237
239
250
250
190
254
253
254
321
332
337
348
361
365
368
374
380
386
392
397
401
403
409
408
398
420
418
410
401
386
369
347
381
388
397
386
378
366
367
363
349
344
321
186
250
247
242
254
262
214
367
383
399
402
405
414
423
419
426
426
438
435
438
441
436
442
433
336
447
457
474
484
485
490
495
501
499
504
507
505
512
514
525
526
534
540
533
535
540
542
545
546
557
556
568
561
561
563
555
543
545
549
552
545
547
533
502
486
480
482
493
518
515
517
508
499
498
508
508
514
508
500
505
507
501
519
502
497
498
491
482
457
452
376
384
388
332
413
419
414
356
484
502
518
527
534
534
544
547
555
558
556
557
557
556
548
561
563
558
559
403
542
542
544
547
555
553
560
546
543
529
525
521
519
515
507
504
486
483
469
452
400
440
447
452
461
443
444
448
459
456
439
454
455
444
438
434
436
427
426
412
392
290
399
401
413
407
400
397
399
398
400
393
390
374
373
367
267
352
363
363
363
368
364
359
351
356
353
358
348
351
359
355
351
354
351
348
356
357
346
350
344
344
337
329
324
316
312
313
305
301
302
291
289
286
275
264
265
257
221
224
223
222
217
202
129
141
136
118
134
134
126
141
152
153
146
164
162
160
158
154
147
139
133
125
109
49
70
65
51
105
108
109
105
108
109
105
104
76
102
101
74
177
182
189
196
197
197
199
195
91
230
243
250
256
257
251
263
253
258
262
262
260
260
256
258
253
245
207
213
212
210
272
278
281
287
301
301
300
295
188
280
287
296
298
281
244
243
245
246
383
395
398
416
421
427
424
428
439
445
447
463
463
475
478
490
504
502
510
516
511
509
498
460
482
491
501
501
479
448
476
472
485
473
466
473
470
469
478
478
486
482
484
489
487
481
485
484
488
488
494
487
472
468
472
468
466
465
462
462
455
445
452
447
446
440
435
434
426
421
410
408
403
397
395
387
369
325
326
324
326
322
310
302
297
278
247
246
241
243
238
234
222
234
211
198
179
174
172
34
36
34
6
35
32
24
20
20
19
0
1
1
1
0
0
0
0
10
11
22
22
22
6
21
22
23
231
236
242
246
270
274
283
289
297
307
312
328
336
340
351
364
368
372
385
365
340
370
383
393
402
397
403
421
418
427
425
425
432
429
428
436
444
440
447
451
462
465
474
470
468
473
469
333
466
471
472
469
465
446
413
318
316
432
492
486
490
491
491
591
614
631
644
645
654
655
669
663
681
677
679
675
675
674
691
696
695
694
691
687
679
662
506
656
656
666
663
662
519
665
676
678
682
690
692
685
688
692
697
691
691
476
665
672
678
692
692
698
681
684
690
680
669
652
609
565
603
632
647
663
679
693
691
680
689
702
704
696
706
715
699
716
723
727
736
726
667
691
711
735
739
741
752
751
742
742
752
745
751
745
761
757
768
772
779
785
786
798
804
807
798
813
807
802
816
811
807
814
817
817
815
791
807
794
796
800
785
790
796
798
804
804
809
793
786
786
773
771
762
734
668
734
747
760
763
767
763
762
746
661
679
694
710
726
737
734
731
731
723
700
685
643
689
697
700
695
690
689
693
694
685
673
659
447
609
632
642
663
666
659
647
631
619
617
610
601
604
604
600
596
585
580
581
563
534
510
530
538
538
546
541
536
541
528
516
498
492
479
477
468
452
445
434
410
415
401
395
376
375
351
347
244
324
328
328
328
318
317
301
290
281
277
267
262
253
238
226
175
170
68
179
180
200
198
196
196
189
181
172
167
153
80
82
81
79
83
82
83
83
81
45
83
83
83
83
79
83
68
61
59
54
54
45
45
45
44
41
44
41
34
23
5
10
10
11
11
11
3
4
4
4
4
1
0
41
44
49
64
71
70
72
75
3
75
76
76
42
77
83
85
91
72
121
127
130
140
140
142
145
147
148
151
153
153
154
172
174
178
181
184
188
194
197
201
200
200
197
198
202
203
205
206
209
207
187
196
196
193
184
190
197
195
202
165
222
225
229
230
229
232
230
219
213
235
244
244
243
243
237
253
266
280
279
294
299
299
300
306
307
307
303
305
307
317
326
327
335
343
353
348
347
341
336
331
323
313
356
363
376
386
393
391
397
403
406
413
419
424
423
427
424
423
414
413
401
392
386
376
378
371
360
356
353
335
160
159
160
155
149
148
151
145
146
145
134
136
188
394
402
418
429
443
449
457
459
460
466
469
468
482
486
479
473
355
499
522
525
535
538
536
526
543
543
544
544
548
535
542
543
546
529
520
491
406
407
408
407
351
416
408
391
440
517
531
534
527
350
538
558
570
573
576
591
601
602
602
601
604
611
620
631
634
637
641
644
645
645
644
645
633
636
644
417
643
639
652
643
649
647
643
641
625
616
564
459
536
586
647
641
662
675
678
673
675
657
643
627
657
662
672
668
674
676
677
671
674
683
682
676
671
661
654
648
632
619
600
464
402
402
403
377
405
543
553
570
574
589
598
610
619
619
607
615
615
607
601
598
596
591
574
576
571
568
577
568
565
562
569
569
569
556
554
548
543
530
521
518
511
506
500
488
497
492
486
487
481
478
472
435
470
487
431
476
495
489
492
483
483
488
495
485
487
493
484
475
467
462
455
442
435
298
352
348
422
438
454
453
450
447
448
464
461
427
461
468
471
454
456
457
423
270
366
368
363
394
411
422
421
422
424
431
429
378
398
410
419
428
436
439
439
447
439
436
443
448
448
455
452
451
462
458
448
451
448
455
450
446
444
439
433
434
428
434
433
437
436
438
435
426
413
255
422
437
436
431
423
431
437
441
406
275
360
360
356
401
406
414
420
415
408
445
445
450
443
428
424
468
478
482
488
493
498
504
500
500
503
509
509
503
499
495
503
502
494
489
471
344
478
505
512
523
525
535
528
524
540
543
546
548
544
543
530
543
548
539
541
480
535
519
499
434
386
445
494
500
515
519
527
533
525
526
530
518
526
539
533
535
526
524
520
511
516
501
487
496
501
504
508
501
505
499
487
474
454
446
477
497
505
497
500
509
509
511
523
510
475
496
511
510
511
510
340
515
514
528
537
529
536
538
537
529
552
555
548
550
558
562
573
562
559
548
540
520
583
597
608
606
604
613
634
639
639
643
641
647
659
644
447
639
652
672
686
692
692
683
678
689
699
697
696
710
721
718
731
730
734
738
733
736
741
745
744
739
731
746
754
744
746
742
744
742
732
738
734
723
729
720
723
727
720
725
722
729
730
714
710
695
684
693
696
690
684
682
668
661
654
643
641
626
618
616
614
602
594
582
564
561
546
528
541
534
521
511
510
496
347
480
495
494
477
478
477
474
465
454
456
442
445
444
425
294
378
358
359
387
399
404
400
393
273
415
421
421
417
409
411
402
399
393
388
382
386
372
369
360
356
351
346
340
328
323
315
297
285
288
286
291
289
279
264
253
242
188
186
186
187
212
211
211
212
207
202
202
200
203
195
192
191
185
179
168
164
159
145
151
158
157
161
165
163
160
156
152
146
147
144
137
123
118
111
105
69
72
73
47
111
81
130
133
131
119
129
122
114
134
150
157
170
171
182
185
188
194
195
198
205
204
210
209
205
200
201
149
202
214
221
235
245
245
249
255
263
273
280
279
284
282
280
280
206
292
300
304
309
307
245
311
327
339
339
345
267
363
383
396
396
398
404
405
415
421
427
426
432
436
442
447
451
449
444
447
417
392
413
419
420
425
427
427
428
409
336
338
339
223
392
404
410
410
416
411
396
377
352
362
366
369
371
371
365
396
351
341
325
322
322
380
423
424
434
440
447
456
465
470
468
479
480
484
488
490
485
488
490
503
509
493
485
477
436
481
493
505
505
501
476
504
516
511
510
499
359
497
506
518
520
518
514
529
538
534
534
534
530
529
533
526
522
512
511
511
512
512
512
489
461
492
512
520
527
523
524
533
535
539
537
536
536
531
531
534
530
516
512
511
514
515
514
520
519
515
504
485
481
449
343
469
473
482
473
462
443
405
444
456
458
460
465
455
457
452
447
435
389
411
425
431
417
429
423
417
412
294
414
423
430
425
423
419
415
412
406
407
408
404
399
394
362
391
393
395
394
401
398
395
386
387
384
378
373
368
365
358
359
350
331
334
325
320
307
292
288
283
269
123
143
137
131
132
131
129
133
134
133
134
118
103
110
127
131
127
125
119
99
90
38
84
83
77
76
62
33
71
68
66
62
63
41
75
85
90
94
100
101
99
98
99
97
99
97
98
97
71
156
165
177
185
194
198
199
204
205
198
191
87
219
229
223
225
223
216
242
262
267
277
282
280
293
289
303
304
306
315
320
310
298
328
336
344
353
364
364
361
375
381
386
391
395
399
392
282
351
351
350
393
402
410
418
438
443
450
454
463
467
469
464
478
482
479
479
484
483
482
464
368
471
480
488
494
501
501
496
500
497
500
495
492
494
495
506
508
512
508
515
529
521
527
527
529
526
524
528
546
539
532
539
545
543
551
543
545
552
551
540
545
548
537
527
519
430
436
435
423
421
414
373
434
533
550
563
558
568
575
580
581
580
588
590
594
591
585
590
592
581
582
590
591
585
585
583
586
579
574
574
575
576
580
580
567
555
545
512
554
562
562
562
557
563
558
567
570
563
559
568
553
533
544
543
540
547
548
542
543
527
512
340
507
508
512
522
495
521
517
488
508
504
500
488
490
488
476
472
479
477
468
464
457
468
455
451
448
439
434
433
296
379
387
386
309
416
430
425
428
417
436
444
445
443
441
439
445
447
454
456
455
459
457
460
455
452
457
454
446
455
456
459
460
451
450
447
440
433
424
416
413
405
397
401
395
381
285
359
356
357
358
330
189
314
313
310
305
297
290
281
269
119
120
118
110
123
123
119
133
134
134
295
338
351
367
369
374
370
391
408
424
426
433
440
443
441
439
441
445
456
456
456
448
446
436
437
432
420
415
381
374
399
405
413
420
420
415
422
417
413
407
394
368
402
415
415
423
417
416
416
397
268
393
399
400
399
404
400
396
382
264
354
356
361
366
351
328
357
371
381
380
379
391
389
393
394
391
387
361
374
390
398
395
391
383
379
377
373
368
366
363
356
357
360
356
341
353
343
342
326
296
304
308
305
297
298
288
269
259
257
243
237
161
178
181
172
168
100
167
173
174
176
175
170
157
145
137
121
120
85
86
86
83
84
80
21
48
48
48
48
103
110
115
113
114
109
105
88
105
105
105
105
105
104
104
103
97
100
100
77
130
160
165
166
169
174
192
191
192
201
208
207
207
205
202
184
186
114
212
214
221
246
249
249
253
260
251
254
265
150
255
270
273
276
278
277
278
247
166
175
201
203
226
217
223
230
239
239
238
307
355
412
423
430
441
445
453
459
461
464
469
476
475
475
485
485
490
503
493
497
492
483
474
473
468
305
457
471
478
479
481
485
481
475
455
449
384
427
440
450
450
465
457
454
446
454
453
449
435
429
418
241
412
416
456
451
453
454
463
446
256
335
335
278
391
405
407
417
417
420
431
448
457
463
469
475
477
485
487
486
486
491
491
489
489
486
482
484
485
494
495
491
497
496
496
502
499
510
509
505
504
497
502
504
509
509
521
523
521
517
519
522
514
523
531
531
532
533
526
520
524
516
517
523
519
514
520
516
522
533
526
527
524
520
514
521
524
523
511
529
534
533
536
518
511
507
473
433
435
440
351
509
536
541
535
542
544
551
553
555
557
556
559
565
563
534
533
510
552
573
581
594
598
602
600
599
600
597
600
605
594
608
618
618
621
621
622
640
630
622
626
631
638
648
652
666
673
680
682
682
691
690
694
679
673
663
670
667
675
671
654
664
675
680
677
673
671
675
676
668
662
657
643
651
651
646
642
637
627
628
624
609
556
603
608
618
624
623
602
585
615
623
619
619
613
605
607
594
556
575
582
572
560
554
549
546
541
551
533
497
457
490
516
514
520
518
519
510
514
526
520
523
526
524
519
519
521
518
519
521
526
540
539
551
555
554
556
558
560
564
561
563
556
556
565
545
396
559
563
571
572
566
566
570
569
569
481
555
550
559
572
581
584
577
584
590
595
603
604
598
575
595
587
583
575
415
593
601
596
607
605
598
584
599
595
590
581
577
588
585
583
574
585
584
587
541
581
577
577
582
560
456
524
551
545
546
529
552
559
559
571
558
554
543
526
516
512
508
502
476
467
457
446
443
426
415
405
400
392
371
113
319
322
304
300
107
19
19
17
18
39
42
50
53
54
54
52
61
70
74
71
56
77
76
76
258
260
268
278
281
281
293
291
298
299
308
307
322
327
330
340
350
361
362
361
359
349
362
361
365
350
337
329
221
330
348
345
339
334
330
332
338
338
339
326
331
325
322
321
315
318
316
310
301
311
268
261
215
226
224
214
222
223
221
197
226
239
249
249
194
345
354
356
356
368
370
368
365
358
350
183
387
399
409
410
424
427
432
433
435
428
435
436
435
433
432
432
426
420
419
417
407
406
398
395
388
311
315
318
309
342
380
383
381
375
278
390
398
415
419
428
432
441
438
437
433
430
296
395
393
392
444
456
465
458
463
455
458
458
458
460
466
458
456
453
451
445
434
432
419
389
335
332
335
329
335
337
345
345
345
329
310
271
150
149
124
164
167
166
132
151
155
122
356
388
456
470
477
478
481
493
495
507
506
504
524
529
532
535
534
530
532
537
529
522
507
347
398
394
399
407
407
360
415
525
537
549
565
567
569
571
566
574
569
573
566
553
445
562
593
602
610
623
617
632
629
628
641
639
633
632
631
631
631
624
633
630
639
639
637
636
648
652
647
653
653
638
643
643
644
647
644
649
640
643
634
636
641
632
633
629
625
624
624
607
594
599
596
581
583
554
547
544
526
548
545
550
558
541
555
561
551
555
551
547
524
364
509
520
524
509
496
497
489
482
441
464
479
485
487
457
427
451
467
465
461
467
456
457
434
291
371
368
348
440
450
456
467
479
484
489
497
500
497
501
501
507
512
518
512
501
497
497
493
494
499
503
501
498
480
468
486
505
510
532
534
535
522
518
511
512
511
508
508
503
499
502
505
509
504
490
465
431
434
442
339
452
463
466
448
459
459
462
459
439
442
441
444
449
457
469
476
484
487
484
481
482
474
479
484
472
463
454
447
443
446
455
450
441
441
453
455
457
454
445
441
434
442
432
420
408
415
414
417
409
410
403
405
396
396
392
381
379
376
365
364
365
335
361
346
354
323
317
305
264
203
227
240
242
254
246
255
251
201
222
44
225
229
237
247
256
264
269
275
278
295
293
325
331
333
346
349
333
353
348
358
359
364
373
370
381
382
379
381
376
388
392
397
395
407
409
409
400
412
412
406
415
419
422
419
434
432
432
429
417
405
408
408
409
404
405
412
413
412
414
415
409
416
404
400
402
397
392
369
392
403
399
405
399
368
383
384
387
389
369
419
432
432
422
427
423
419
408
395
389
382
375
366
362
354
347
341
328
320
94
94
94
94
205
223
228
233
249
255
264
275
281
283
281
280
275
261
264
263
262
254
188
359
373
398
407
410
425
428
427
417
417
396
156
388
402
408
406
413
405
409
401
397
368
310
310
260
358
388
411
424
437
450
460
474
470
474
473
461
441
343
344
343
345
364
365
366
337
506
519
528
551
566
583
594
601
613
630
637
630
640
652
661
667
673
681
685
704
704
702
697
697
708
699
703
710
708
697
694
703
700
702
687
698
699
694
701
693
692
686
700
690
689
687
689
688
680
687
693
668
666
674
667
667
666
666
674
673
657
642
644
631
649
643
635
625
629
629
638
599
632
634
629
617
606
589
570
534
534
427
403
356
523
529
538
545
532
522
527
519
342
534
548
561
568
572
577
578
580
568
513
503
533
541
549
571
575
564
556
540
510
527
552
562
575
580
580
573
574
574
580
571
580
564
565
554
559
547
542
550
545
534
532
528
533
527
529
523
523
528
524
516
524
516
511
508
490
479
474
480
469
461
447
435
429
415
419
400
377
366
352
264
344
339
318
322
303
296
288
215
236
235
235
230
229
206
193
187
22
23
10
23
22
14
30
31
31
30
31
16
11
32
34
49
50
49
68
71
80
81
81
285
308
317
323
333
350
355
364
367
375
388
394
405
409
412
423
424
434
441
429
435
437
442
440
442
430
424
424
431
426
420
415
329
414
419
428
432
438
452
463
470
470
476
477
480
485
488
491
487
483
499
503
501
498
495
494
489
482
491
481
491
497
502
499
496
493
486
478
340
463
459
445
454
449
416
376
379
376
445
449
456
454
458
461
466
461
454
465
463
451
452
454
456
467
470
464
464
460
459
456
444
440
411
466
461
475
479
475
484
484
472
472
468
470
462
459
469
477
475
487
486
492
492
494
493
497
486
494
500
496
495
506
517
519
526
520
507
497
499
535
535
536
536
544
553
548
551
549
556
555
555
550
549
551
557
549
562
564
569
565
561
562
562
570
556
559
564
562
545
545
546
541
529
537
523
523
506
506
493
439
459
456
447
500
514
518
528
522
518
515
511
528
525
546
540
531
550
547
550
541
531
527
506
492
483
492
477
465
457
447
87
67
47
26
0
1
24
258
260
415
422
439
457
465
481
490
515
513
528
526
510
516
373
501
506
508
493
541
544
553
562
566
566
560
559
558
562
576
571
567
562
559
567
573
573
566
581
571
574
562
552
565
565
570
578
574
586
582
578
578
570
572
569
579
581
577
589
583
584
585
602
596
583
589
587
588
558
568
579
577
590
591
593
586
584
591
578
580
585
584
580
584
587
601
606
603
602
588
582
597
586
606
603
595
591
606
607
606
612
606
609
618
618
618
622
625
617
618
610
614
621
620
622
627
621
627
634
634
635
618
622
625
623
619
619
622
621
619
623
625
619
615
616
604
596
602
591
592
590
593
589
592
594
594
589
591
593
593
591
588
589
590
594
593
583
578
580
582
579
573
577
580
581
582
573
577
576
570
575
571
580
571
570
562
561
570
564
568
571
571
565
574
568
563
566
564
553
551
546
543
542
546
544
536
534
535
531
527
523
530
522
525
526
519
514
516
508
505
507
504
500
486
487
486
476
476
480
472
470
471
462
456
454
454
450
447
445
458
470
460
464
468
470
453
454
451
438
443
450
457
457
463
461
459
463
480
487
491
488
496
483
499
513
508
515
517
521
526
538
554
544
543
534
544
371
556
593
600
618
632
634
653
651
669
680
681
700
707
705
701
714
728
776
803
812
823
846
864
858
877
874
870
859
580
856
863
868
871
879
881
887
884
879
864
829
904
906
920
920
919
900
925
928
913
919
935
921
901
907
895
876
880
880
877
865
860
854
682
657
638
630
650
760
796
812
824
813
816
804
823
825
827
844
841
840
861
861
862
863
864
866
858
872
863
865
872
860
853
844
858
862
861
861
843
829
850
837
846
838
828
834
834
822
827
820
814
779
769
740
727
717
698
693
697
687
673
676
675
662
656
639
621
474
607
656
656
657
651
626
576
603
612
619
632
636
615
608
590
548
586
600
600
599
594
586
575
568
560
548
552
544
539
528
505
515
507
469
488
511
522
517
522
518
526
511
517
510
496
479
479
464
452
448
437
427
423
403
392
386
372
313
275
270
319
318
321
324
324
324
323
308
292
277
119
44
86
87
86
87
100
114
195
203
203
136
235
250
252
252
253
163
289
302
314
320
338
356
364
377
385
391
403
417
420
427
433
428
411
390
406
439
438
443
449
451
456
453
461
460
457
455
454
453
454
447
447
463
462
458
454
456
460
448
437
426
407
393
381
365
370
376
393
391
375
438
450
445
446
459
454
468
469
473
470
467
462
461
447
434
427
423
414
360
402
406
404
402
456
488
489
493
499
505
517
514
514
509
516
511
510
506
512
514
516
533
534
534
535
532
542
540
553
550
547
540
535
525
524
519
509
502
494
483
474
460
445
434
418
127
127
128
86
67
50
35
22
2
0
3
343
383
396
402
411
415
423
422
426
425
428
432
440
429
438
434
443
442
433
434
427
417
408
410
308
306
310
276
314
320
318
308
299
293
317
320
321
325
315
317
308
302
295
287
283
280
280
274
269
264
250
234
224
219
209
197
4
2
2
2
2
1
