0
2
9
14
17
17
18
28
30
40
42
41
40
44
44
42
43
43
89
0
0
9
77
82
86
88
91
100
98
106
113
120
124
123
129
130
139
145
145
149
150
156
163
161
169
171
172
174
178
179
179
178
179
174
127
156
133
199
212
221
230
234
244
242
246
246
257
257
261
264
267
270
269
269
275
278
277
285
282
282
266
246
292
303
311
324
329
342
346
351
363
373
377
383
399
398
414
406
421
423
428
433
434
429
428
445
460
463
476
486
482
487
500
509
510
526
525
536
542
557
556
558
560
567
571
574
580
580
580
586
591
587
585
583
574
588
595
600
599
591
591
585
579
590
588
583
580
576
568
575
582
579
571
584
576
582
579
582
571
572
557
562
564
556
543
558
534
539
520
529
522
522
522
521
505
506
502
490
488
486
481
483
480
463
462
459
450
451
454
452
448
454
446
447
434
441
429
430
430
427
423
414
415
411
410
407
400
399
412
420
416
412
408
414
406
405
400
416
407
410
416
414
397
406
399
397
393
401
406
406
399
397
391
394
387
411
396
401
417
427
417
427
430
427
428
446
452
460
469
473
462
474
479
479
480
488
493
484
491
492
483
498
500
503
498
506
517
509
520
528
526
530
530
532
539
554
568
566
556
540
563
569
576
577
578
583
590
592
596
598
597
600
605
597
605
615
613
607
579
588
588
577
575
582
578
587
586
586
580
572
571
575
575
570
571
568
565
570
569
579
576
587
585
585
584
597
597
581
591
605
599
599
592
601
604
604
621
614
616
615
608
608
617
615
605
608
600
614
619
629
617
619
622
614
615
618
611
604
606
602
605
590
590
588
590
569
572
558
570
573
571
562
556
558
553
546
541
536
544
541
540
543
535
528
522
514
520
513
504
490
504
503
499
488
489
482
482
471
465
474
477
478
478
467
478
486
485
488
497
498
492
514
523
515
506
507
516
509
506
493
479
458
296
491
520
523
528
539
531
536
537
560
559
558
559
555
564
546
568
577
593
600
605
605
616
629
628
640
645
642
650
654
658
663
666
670
673
668
675
673
683
687
689
684
701
709
703
710
717
720
719
718
714
725
741
737
749
752
736
738
751
734
721
734
736
748
743
721
722
709
703
683
683
681
675
677
667
654
641
636
624
625
634
624
623
609
614
619
609
614
596
529
587
591
592
575
563
554
567
565
559
561
558
547
538
524
529
535
516
518
534
532
535
534
526
542
539
543
539
538
560
554
560
565
569
579
568
560
572
570
571
562
565
565
567
569
559
555
558
556
543
540
536
539
535
539
532
530
520
522
519
503
514
512
508
506
495
492
487
493
480
471
469
454
453
444
441
444
446
437
437
423
420
419
411
406
405
410
399
395
390
395
400
404
395
388
385
376
384
383
382
388
383
332
362
367
374
381
385
395
399
410
417
421
428
432
434
453
461
465
468
468
471
476
486
484
497
499
498
512
508
531
532
548
554
552
562
566
569
577
581
591
596
596
579
593
600
607
615
615
624
613
627
623
626
625
622
626
628
641
649
641
653
638
635
640
651
642
643
646
650
647
643
646
645
646
644
649
647
644
650
639
631
619
631
623
624
624
628
633
631
617
614
624
620
624
610
618
612
593
607
595
600
595
601
587
593
578
570
559
559
562
556
555
573
571
568
561
560
566
551
573
572
578
585
585
581
595
587
601
607
600
593
599
601
603
610
617
606
606
608
600
593
593
588
589
576
582
582
581
588
586
579
578
587
590
585
586
587
588
584
580
585
584
584
586
575
577
573
570
564
564
573
577
578
572
569
582
580
584
589
591
578
585
605
594
603
599
607
610
621
617
619
614
609
616
605
602
602
597
601
605
619
621
615
619
626
639
639
617
616
616
627
624
625
630
626
626
617
622
631
632
633
632
633
627
629
639
638
637
633
632
637
633
628
628
634
624
631
622
615
596
600
602
605
598
442
602
608
595
593
591
577
582
576
584
591
592
584
580
580
576
575
571
569
562
554
553
544
534
538
534
529
541
541
543
549
541
541
551
554
559
554
550
561
561
550
538
545
548
547
539
533
523
522
511
514
506
517
524
519
515
509
505
503
509
508
499
495
482
476
469
443
494
505
511
525
526
532
529
533
526
527
528
526
531
544
535
530
539
529
536
539
544
546
541
525
513
369
535
545
564
581
586
588
577
582
578
574
576
564
547
533
533
56
37
4
1
75
496
506
513
523
541
552
551
553
560
577
579
578
575
572
557
560
557
546
414
536
564
577
583
582
576
583
578
582
581
573
580
575
575
570
562
556
563
564
562
563
573
575
567
574
590
588
592
587
585
578
582
581
582
583
581
587
581
594
589
590
593
589
590
595
610
618
620
611
600
597
594
570
557
549
537
102
81
78
66
51
44
70
123
547
559
577
601
607
629
642
657
659
662
671
677
668
659
668
501
704
719
726
734
747
755
750
746
734
731
737
740
741
747
739
726
750
751
764
769
757
763
765
768
776
780
780
771
756
725
754
800
794
797
794
793
788
778
776
772
761
768
768
771
758
753
733
744
746
750
750
741
744
731
740
753
755
754
758
758
767
766
761
773
775
779
777
765
753
744
742
743
740
747
738
758
741
742
734
715
720
729
737
738
724
727
730
727
721
687
723
722
704
706
704
698
700
694
669
665
652
615
590
621
662
658
675
679
674
682
675
661
667
665
661
656
667
654
656
642
638
635
617
603
603
624
616
606
607
609
613
638
624
626
631
634
625
646
635
643
644
638
630
635
640
636
662
656
652
655
654
651
654
656
650
654
644
640
642
654
648
631
652
662
673
692
695
700
708
716
726
718
719
713
711
698
702
698
702
692
690
701
693
694
710
709
739
730
729
733
752
762
776
794
785
793
781
795
796
808
825
820
826
831
816
823
830
828
829
842
828
836
839
850
845
843
834
835
842
836
837
823
823
832
831
831
830
838
832
836
833
842
842
845
854
851
831
834
837
833
827
800
771
763
753
756
752
758
754
738
729
726
730
750
750
758
778
761
753
761
763
756
772
786
787
789
791
801
803
805
807
810
798
808
804
824
830
824
826
825
823
825
827
812
821
827
830
813
803
796
806
809
801
791
792
785
789
778
772
762
760
754
743
698
509
700
716
726
759
756
761
747
748
747
733
738
742
744
747
741
734
728
720
717
701
707
705
692
691
702
706
706
703
691
707
705
692
692
693
703
685
680
674
672
680
680
677
667
665
653
646
649
639
624
628
629
632
632
620
640
642
648
647
656
663
675
661
642
634
640
621
638
636
637
638
639
649
650
643
643
642
624
627
622
621
608
615
611
609
609
602
604
611
612
609
608
614
618
619
627
633
627
626
625
635
626
625
626
620
621
614
616
614
622
626
617
627
626
626
623
633
621
611
608
624
619
609
620
619
613
613
617
619
635
636
642
649
637
646
645
650
636
639
625
622
639
635
639
634
655
654
658
651
654
640
632
646
643
632
633
636
627
613
630
609
621
636
643
636
636
631
621
624
614
619
619
629
628
623
626
630
621
621
625
619
615
631
630
645
627
625
623
623
618
609
620
627
638
627
626
644
643
644
647
637
634
635
645
642
621
610
635
634
638
615
626
625
647
648
649
654
661
670
678
671
668
662
660
659
660
667
679
693
699
709
706
716
715
715
720
731
746
743
729
730
734
724
710
720
711
718
722
725
733
734
731
728
730
722
724
724
717
727
728
728
730
727
735
713
723
713
714
707
708
726
733
735
717
728
717
728
744
743
724
731
727
721
729
737
737
738
731
721
722
734
729
740
741
741
738
716
715
725
714
709
721
726
718
732
735
737
727
725
728
707
709
708
701
685
680
672
664
673
674
683
671
656
652
648
641
628
622
605
586
6
543
547
559
568
563
566
559
509
488
486
572
591
602
621
616
619
614
622
632
613
602
596
594
590
577
573
558
555
561
560
553
550
546
546
545
543
539
544
535
533
543
538
544
553
554
538
537
531
520
511
456
514
524
540
561
564
561
561
563
575
584
585
588
589
592
580
585
591
590
580
584
581
587
591
583
591
587
582
580
582
575
573
570
574
572
568
564
574
576
583
563
576
577
572
569
567
573
572
576
582
595
589
586
582
574
564
568
572
576
574
575
570
565
562
557
536
518
415
541
554
583
589
598
597
598
605
608
608
614
622
619
604
601
601
577
408
587
597
594
602
611
621
623
623
618
610
607
601
404
596
616
627
630
640
635
626
634
628
633
630
631
619
633
641
634
633
625
624
616
628
641
646
651
639
638
628
638
629
623
632
627
625
654
647
648
649
649
650
639
630
639
633
636
626
632
631
634
629
640
627
634
630
648
644
658
666
669
677
681
684
694
690
682
673
666
682
685
692
697
688
673
669
663
671
688
692
691
694
707
696
703
704
700
680
690
689
685
682
686
691
687
678
690
683
673
663
662
655
655
647
650
655
645
635
643
645
641
625
629
623
619
613
626
623
623
633
644
648
645
651
632
630
627
632
623
621
617
621
619
612
626
625
626
622
634
638
628
633
635
625
615
598
566
589
598
612
616
619
621
607
579
585
589
584
585
581
578
568
564
560
555
550
557
549
554
554
541
543
541
537
548
552
548
552
555
552
564
570
571
576
591
579
581
599
607
612
609
611
620
611
612
609
615
623
630
626
624
618
627
628
623
630
642
640
655
650
648
647
656
652
643
665
666
667
670
667
665
673
676
682
687
678
682
674
687
688
687
693
684
690
686
667
706
695
693
684
687
684
686
680
680
687
676
666
645
592
632
653
670
674
673
659
677
671
676
683
689
683
693
694
699
687
677
682
685
675
681
668
662
653
668
678
679
673
622
659
664
651
664
663
657
690
701
712
715
728
727
738
741
742
738
740
711
720
731
715
718
732
720
712
724
727
722
731
706
711
717
716
717
723
724
722
725
734
724
716
725
716
701
697
701
688
687
690
690
697
696
687
673
678
674
685
667
669
670
675
676
666
670
668
675
676
670
663
670
661
670
661
662
658
657
665
652
655
664
658
653
641
653
655
665
664
677
674
663
676
671
667
667
659
650
653
651
644
641
629
635
641
637
649
654
647
652
657
669
673
656
656
654
658
658
661
654
656
651
655
661
658
669
673
679
673
673
677
680
684
685
686
666
653
628
604
585
3
607
621
635
692
705
706
714
707
712
711
709
709
710
712
725
738
731
725
720
720
750
756
763
747
751
762
764
766
778
784
796
801
803
805
806
813
806
800
812
813
800
801
813
811
811
822
826
828
840
836
830
826
807
795
779
773
762
731
692
718
716
718
748
753
748
734
727
743
715
728
724
717
701
701
698
709
709
708
697
684
689
680
673
678
681
670
672
679
671
660
667
651
654
644
642
641
641
636
627
628
623
618
623
622
610
608
610
603
604
611
604
600
615
608
606
595
586
593
602
600
584
585
574
573
581
561
557
555
561
553
541
544
542
551
544
537
541
535
534
537
526
548
547
549
546
560
556
549
545
557
534
564
568
576
572
574
574
568
569
572
580
582
581
585
572
569
581
569
568
569
564
542
555
544
553
555
556
562
564
571
567
571
555
555
545
536
537
538
519
458
440
454
462
359
500
525
524
514
512
526
529
527
523
527
519
509
521
527
532
538
539
541
532
540
543
537
535
536
530
534
534
521
532
536
534
534
535
531
537
537
547
532
537
543
543
543
544
545
542
537
536
528
533
535
528
527
531
526
522
540
544
551
543
536
540
546
536
533
527
523
524
535
540
539
542
555
556
552
549
557
556
560
558
559
553
555
564
561
567
564
558
565
568
569
574
584
582
598
591
600
604
600
607
615
622
620
625
622
641
639
635
630
626
625
632
623
613
619
621
623
623
638
639
637
640
638
627
615
610
610
619
615
626
612
617
617
616
619
623
620
603
611
617
617
629
635
656
658
667
673
690
700
702
705
700
709
698
694
689
689
685
682
674
682
688
678
669
665
671
666
659
645
645
657
661
664
658
653
652
659
641
655
646
636
630
614
588
419
591
605
617
623
624
625
603
600
600
603
601
598
580
595
586
621
620
619
605
609
613
606
602
588
583
552
599
597
610
616
615
620
631
628
634
618
631
650
652
648
642
657
644
647
643
647
636
652
649
641
655
642
642
637
626
613
416
632
654
655
648
649
639
641
657
661
657
658
681
692
683
695
694
707
700
702
701
705
702
709
712
713
696
705
703
705
690
701
706
703
712
727
724
731
722
727
719
718
720
740
738
737
736
744
730
728
713
722
724
717
725
717
713
712
692
669
662
659
661
652
646
643
635
626
621
631
639
645
645
634
642
641
640
633
636
634
619
603
612
602
581
626
611
608
602
595
596
584
574
557
547
539
533
517
497
473
471
475
464
450
434
423
420
419
403
380
319
330
329
317
309
303
281
277
280
273
265
244
236
194
105
176
168
164
154
130
22
22
22
22
22
22
22
395
419
420
423
441
447
463
470
479
483
498
498
504
503
516
519
522
537
538
546
531
542
545
545
544
533
523
513
493
380
496
522
513
519
515
480
516
531
543
546
543
551
545
542
537
545
546
545
543
538
532
527
538
536
542
542
530
518
526
523
509
486
477
462
459
336
431
429
417
408
365
211
373
380
391
394
388
383
363
353
341
340
293
135
231
226
153
283
294
315
311
315
275
246
233
227
242
245
245
280
291
356
365
384
387
393
407
407
413
420
418
432
436
314
439
443
451
464
468
463
463
465
472
469
472
467
466
462
458
463
452
447
446
434
327
370
369
357
419
430
430
433
436
442
444
438
430
428
420
408
400
396
393
255
399
406
398
388
395
401
390
382
378
369
363
355
336
258
338
347
358
368
363
314
320
352
323
332
318
381
388
377
368
389
358
404
411
416
325
418
431
435
440
455
452
457
467
470
474
473
472
482
474
484
491
501
501
501
494
485
477
471
475
471
466
460
472
477
469
476
461
451
439
430
421
420
411
410
402
394
389
380
375
356
350
341
330
313
287
171
172
172
153
160
219
228
228
231
226
229
188
192
198
195
191
185
185
193
227
230
235
239
233
232
225
222
215
188
169
165
172
172
171
171
172
163
177
182
182
179
180
180
168
146
81
100
100
101
153
161
167
171
176
174
177
172
163
139
163
168
175
179
183
179
170
117
172
186
186
184
185
180
212
221
225
231
237
241
243
261
268
274
284
277
287
287
292
294
291
248
249
248
250
321
333
337
354
354
355
375
406
413
422
431
437
450
457
458
463
467
474
475
480
475
477
472
470
459
439
313
384
392
322
450
465
480
483
488
501
492
471
441
478
498
511
516
525
525
535
537
536
523
528
535
541
531
519
432
430
368
533
574
590
604
613
622
648
655
657
672
669
683
690
703
715
718
723
736
745
743
740
741
736
735
729
738
738
736
733
726
726
726
712
701
681
514
692
694
699
706
700
712
720
730
716
707
708
703
706
711
708
693
681
496
669
678
683
676
674
651
455
638
646
654
650
648
642
625
620
611
544
593
609
619
632
646
650
656
650
643
651
644
653
647
636
643
635
626
635
644
646
643
640
636
642
630
634
633
629
626
617
513
516
517
517
552
588
616
634
645
664
670
660
671
669
668
661
676
656
665
660
650
636
635
628
626
610
598
590
470
519
521
518
606
618
616
623
626
625
615
621
618
610
599
588
569
381
559
579
584
590
598
594
584
576
567
555
547
323
417
411
406
479
540
552
553
572
579
576
584
578
575
561
293
553
571
591
597
595
593
594
599
595
580
562
530
549
574
580
588
588
606
613
613
630
634
642
641
645
642
652
652
639
643
631
631
630
634
634
648
654
655
676
667
672
674
674
672
674
676
680
678
670
674
678
676
664
670
687
698
701
701
692
700
699
704
707
709
715
719
724
735
742
741
758
755
756
755
763
765
768
771
788
784
777
772
765
745
728
720
554
738
743
745
741
752
753
767
764
758
752
756
755
758
749
754
752
751
753
739
717
724
724
727
736
738
728
722
718
728
719
726
717
715
715
702
705
698
697
692
684
669
658
644
617
602
644
645
645
643
619
590
671
681
685
686
699
693
687
680
677
679
652
631
654
672
671
668
671
663
646
644
654
654
648
647
646
648
637
631
504
465
368
505
522
538
547
556
559
571
573
577
572
574
570
569
583
589
591
597
604
617
622
616
614
608
603
602
403
587
614
620
619
637
633
625
617
609
605
616
619
619
620
628
637
630
638
647
653
650
658
644
620
644
653
650
659
658
667
680
669
671
666
657
653
639
630
502
502
504
492
533
605
619
634
634
654
664
659
669
676
669
704
696
690
693
702
697
700
706
698
697
703
710
717
721
722
723
730
720
716
728
744
742
732
729
728
735
726
736
719
712
694
698
697
697
702
699
699
685
681
511
679
685
687
685
689
685
672
674
645
651
645
652
663
662
564
685
679
619
655
671
666
671
663
649
648
653
642
624
639
625
628
618
583
621
641
637
642
639
634
635
620
633
623
623
634
625
601
587
587
567
524
572
586
605
616
627
609
607
601
378
597
594
608
612
619
620
607
603
611
600
587
594
584
582
577
577
579
575
578
559
544
545
531
573
573
565
576
572
574
567
561
548
542
525
505
491
467
343
342
341
345
344
344
505
509
527
532
540
545
553
554
558
566
564
566
564
557
536
502
543
555
569
588
591
591
577
577
583
571
582
590
587
589
597
599
603
603
593
605
598
601
592
592
595
595
609
609
607
598
598
594
594
611
613
592
604
598
594
591
576
580
585
584
589
575
565
568
566
565
570
574
570
569
595
593
596
589
594
588
552
594
617
622
629
631
628
638
635
645
648
648
653
655
665
669
680
667
680
680
684
689
693
681
677
667
671
677
669
667
664
647
645
646
645
651
647
645
648
642
646
650
657
647
641
635
638
629
623
629
622
622
610
619
610
592
557
435
547
554
579
588
592
593
584
581
590
582
582
571
578
571
559
562
552
561
553
557
567
562
561
567
566
565
551
548
542
534
525
527
514
518
523
511
514
501
497
482
481
481
477
476
463
471
457
457
472
474
469
470
472
468
462
467
477
482
476
469
470
464
466
466
462
457
441
436
436
447
452
446
451
453
441
435
433
421
422
314
433
442
455
463
472
460
477
479
493
496
505
490
496
510
520
521
521
527
528
528
528
518
507
499
508
489
435
445
443
359
531
546
552
560
564
561
573
580
577
582
557
540
563
576
576
577
571
443
577
597
603
603
607
592
424
578
587
600
597
615
619
616
618
625
621
624
623
634
634
637
636
640
634
638
639
641
641
638
630
618
615
608
604
599
603
581
574
568
558
548
529
529
517
510
442
352
350
351
349
349
347
346
407
419
421
424
426
419
421
399
395
401
411
432
427
428
431
424
426
412
414
397
350
207
238
223
239
239
238
404
426
433
456
462
471
473
472
472
505
516
531
545
549
555
564
556
569
564
568
573
559
562
560
543
547
540
535
508
364
439
434
419
561
579
583
596
603
621
628
631
636
644
653
651
637
639
452
662
671
667
668
660
677
678
668
665
671
658
599
645
652
661
676
664
672
679
669
617
680
524
689
689
686
694
703
710
711
703
693
713
715
716
721
720
730
719
717
716
705
696
716
716
717
723
725
724
718
709
711
709
697
701
707
707
710
700
697
693
706
713
709
710
706
709
705
704
702
697
682
662
648
461
647
654
663
626
657
638
653
585
453
629
645
648
642
656
645
648
649
642
641
653
648
646
639
638
632
629
625
625
629
616
608
603
599
589
588
582
583
569
569
573
562
553
542
516
498
509
524
511
509
505
498
485
476
460
418
455
459
453
450
447
457
452
439
430
425
417
398
385
137
171
168
145
176
173
157
189
187
190
341
348
386
401
407
257
426
440
449
453
462
466
474
484
492
502
495
494
486
489
479
469
466
461
454
401
318
349
346
339
412
417
431
453
460
293
478
477
483
487
495
507
501
506
502
496
503
500
489
468
343
424
423
421
442
496
500
502
506
512
522
516
383
524
541
554
563
579
578
575
588
586
573
583
569
573
582
593
599
606
612
620
615
604
591
591
583
590
599
585
577
568
544
479
493
491
490
482
476
473
470
466
531
552
555
569
579
581
575
570
574
587
576
595
581
586
576
583
576
573
577
582
581
582
575
579
573
579
575
571
572
556
562
543
496
540
549
541
531
534
536
544
537
532
537
545
549
551
560
550
549
522
510
518
567
570
556
555
378
594
610
608
611
632
643
634
641
652
658
653
647
659
662
669
680
669
662
664
664
632
671
679
683
683
694
512
696
713
729
729
719
717
714
710
726
723
732
726
716
719
721
731
722
743
741
750
741
742
721
677
733
750
748
757
752
752
748
749
736
727
723
726
722
728
723
718
728
728
720
712
716
711
694
685
678
636
508
668
680
692
710
712
716
718
725
711
711
717
704
704
692
684
670
648
626
464
589
575
557
552
545
632
649
660
659
658
652
655
664
658
658
629
346
497
498
496
568
602
614
633
641
649
661
659
671
654
639
576
609
621
641
654
666
666
671
674
672
670
669
670
669
672
668
680
687
681
679
649
615
676
692
679
686
692
693
693
701
696
704
704
711
710
707
711
716
713
711
700
715
709
716
719
719
721
732
741
737
741
741
753
758
761
769
753
713
689
719
748
757
769
774
784
781
783
785
782
791
787
780
780
783
776
763
776
785
778
783
782
799
787
794
803
807
791
563
778
792
802
816
820
832
857
833
867
873
884
878
876
874
875
891
885
877
867
875
880
882
874
887
905
858
834
856
892
901
906
897
898
921
896
893
886
894
892
893
838
807
827
858
865
878
880
877
846
846
825
832
835
840
828
834
831
828
824
813
808
813
817
817
823
836
839
840
835
834
826
669
764
823
849
836
831
853
860
849
855
865
868
845
830
824
826
832
817
799
793
786
782
778
768
773
764
768
753
753
751
729
714
709
711
712
719
714
713
695
692
692
697
694
696
700
713
716
710
708
715
711
693
693
698
692
701
690
705
704
705
714
719
706
719
725
696
684
665
693
705
710
720
720
724
718
726
722
717
716
724
721
716
721
722
728
725
734
729
747
735
732
739
730
734
740
740
729
727
727
725
712
702
698
679
656
592
605
603
601
677
694
706
708
704
704
685
670
676
669
651
377
490
488
427
531
548
576
587
583
427
609
621
621
649
666
670
664
663
676
683
693
688
692
689
678
688
678
677
672
678
674
681
676
678
672
665
669
665
667
654
653
638
464
624
640
652
657
670
674
670
672
671
659
663
651
648
646
639
635
630
631
635
633
623
615
602
583
432
586
590
596
606
611
609
603
603
587
579
571
578
583
569
560
536
397
460
478
513
522
534
532
541
547
559
567
573
575
569
560
367
525
535
542
538
556
552
562
568
562
529
565
563
552
545
538
536
529
526
537
515
392
499
504
495
488
481
472
445
510
507
521
509
505
482
464
423
414
422
418
477
528
538
547
549
537
531
542
543
537
538
548
531
532
535
538
541
550
549
554
555
550
561
558
553
560
553
554
546
545
548
538
539
543
538
544
539
547
551
544
546
541
535
519
518
514
526
526
526
533
527
527
524
531
526
528
529
522
515
497
482
469
534
554
564
572
569
572
568
565
567
563
558
569
580
579
571
565
560
558
424
538
550
550
564
570
576
570
569
572
576
574
572
574
567
564
416
545
553
558
571
570
573
580
578
584
580
578
571
564
551
559
559
547
551
557
565
559
562
559
563
561
560
557
554
550
564
566
562
572
571
560
557
561
569
567
553
542
551
551
554
549
541
544
551
546
545
535
514
508
493
481
469
41
11
23
39
471
487
496
506
519
519
527
533
525
524
528
537
546
554
554
552
567
571
579
579
583
584
594
599
603
612
615
621
627
625
629
633
631
637
647
639
653
649
644
644
647
657
652
643
645
653
656
661
641
632
614
671
673
688
695
699
691
690
694
686
661
686
690
677
674
673
678
678
680
682
683
689
685
689
671
675
675
669
669
655
654
649
650
653
665
667
660
650
643
629
607
430
530
533
521
597
629
638
656
662
657
656
655
658
661
654
652
655
657
657
650
654
662
675
687
679
689
683
682
681
678
692
699
693
675
684
439
670
668
676
692
692
682
671
642
587
655
663
687
676
691
700
703
697
706
711
716
714
722
728
730
743
742
747
745
740
730
705
737
753
780
772
765
760
758
767
760
763
771
767
769
790
796
789
789
805
789
792
787
795
798
794
787
784
783
796
794
802
801
790
779
783
790
795
791
786
783
773
765
771
771
763
757
763
761
756
730
724
730
727
729
717
712
719
716
721
721
718
709
711
712
720
717
698
693
699
696
699
700
701
693
684
679
681
672
672
675
675
673
655
668
661
660
626
596
638
647
646
648
652
651
649
664
673
662
652
641
644
647
638
640
648
642
637
634
637
626
624
628
633
629
627
625
618
609
617
609
613
611
607
612
610
607
596
593
595
589
575
575
570
585
580
567
579
580
576
576
569
567
574
565
581
579
580
573
580
592
587
588
584
579
573
558
564
570
572
569
564
540
383
541
560
562
568
554
567
565
547
549
550
549
553
550
544
530
516
494
497
482
473
341
440
435
436
392
380
293
293
296
279
295
299
303
232
468
504
520
515
516
524
521
530
537
537
539
541
536
536
537
530
504
527
539
549
554
563
550
553
554
383
514
533
544
560
571
571
577
573
561
568
575
578
572
580
576
567
580
582
589
591
589
582
578
573
584
574
567
557
557
559
562
570
568
565
559
555
549
542
538
543
536
523
507
495
451
489
498
494
491
493
474
471
461
457
455
443
258
349
346
338
428
435
450
450
462
283
492
491
500
507
509
516
519
527
525
512
517
520
517
508
509
514
491
462
469
479
502
509
515
521
525
528
530
531
542
539
530
533
540
542
547
538
542
539
541
551
546
555
561
559
559
558
567
563
567
558
552
548
554
568
576
589
580
583
581
585
579
592
591
592
602
616
622
638
638
652
661
672
671
659
656
659
651
650
616
661
654
647
665
664
658
657
654
638
622
605
644
649
645
657
667
665
663
639
616
648
675
676
688
685
683
680
673
628
677
696
706
709
710
713
716
700
688
664
660
665
646
648
649
638
639
635
636
617
426
505
502
416
587
596
609
616
615
629
636
621
624
633
636
622
634
636
634
635
635
615
602
576
373
528
538
390
580
597
636
636
650
647
652
635
388
635
648
662
666
671
654
661
674
674
672
665
463
639
658
671
676
675
689
679
683
692
687
694
696
719
729
724
715
708
720
727
732
724
721
717
699
707
706
707
719
727
719
719
720
714
706
703
701
700
709
709
708
699
690
690
681
682
674
653
518
521
518
515
527
567
601
603
598
574
618
636
638
645
642
632
625
614
602
599
586
574
570
573
567
571
543
534
525
508
469
533
541
532
526
518
505
502
466
283
377
378
274
477
495
504
517
514
505
498
468
285
486
497
508
517
524
509
514
518
532
528
527
495
509
519
537
554
568
561
521
542
543
559
562
571
570
554
571
575
564
573
576
568
579
585
597
401
584
596
598
606
622
609
630
633
626
622
630
627
642
634
638
655
650
659
660
674
646
665
660
639
646
662
666
667
673
663
656
650
656
679
676
674
681
688
678
578
691
681
659
670
510
670
678
680
678
684
679
692
697
695
706
719
728
713
748
747
763
751
747
749
749
737
725
700
505
659
696
710
718
722
719
709
718
712
696
695
684
696
698
693
693
684
683
669
659
647
654
650
646
640
626
608
588
576
559
542
532
447
447
439
422
471
482
497
506
492
491
470
459
255
452
463
464
456
452
468
461
459
455
442
422
201
343
357
364
361
348
309
294
303
236
338
442
455
476
477
487
502
491
498
523
537
545
562
567
577
583
600
607
621
616
620
617
614
614
635
633
645
642
653
658
668
662
663
652
651
665
653
665
670
668
664
681
673
669
682
676
665
658
649
612
476
630
656
661
665
666
666
655
656
662
663
665
661
644
630
573
623
642
641
651
658
660
672
653
658
614
572
387
482
481
438
558
592
599
601
608
452
622
678
693
690
718
724
724
729
728
723
722
721
719
725
724
712
725
721
747
743
747
746
747
738
730
726
719
720
707
720
715
711
716
698
676
573
570
575
575
642
664
665
663
663
661
673
662
668
668
669
663
673
678
679
693
684
682
679
673
676
663
631
572
572
571
572
654
673
681
700
723
715
728
735
734
732
737
743
750
738
737
738
731
723
721
735
736
743
737
732
742
750
748
752
751
743
743
736
745
741
729
723
703
689
494
683
687
690
700
713
702
691
681
674
674
666
678
669
671
680
680
672
672
677
673
669
683
680
671
673
664
653
651
610
470
566
574
455
642
660
665
671
669
680
676
675
685
671
671
666
661
671
667
658
639
618
656
671
672
670
661
655
647
653
643
645
645
639
634
632
624
613
605
603
592
530
522
531
539
558
555
562
557
543
527
518
520
501
504
500
489
482
476
469
470
465
461
455
455
452
441
427
430
428
425
409
418
423
409
403
402
392
386
377
342
233
342
369
360
372
369
374
355
345
219
339
356
363
371
364
362
358
361
380
378
372
369
381
379
380
376
366
362
362
360
361
362
360
357
361
357
356
354
351
344
343
336
331
330
332
333
328
323
320
319
310
302
297
291
284
276
267
261
256
236
142
212
206
207
193
172
85
98
96
86
86
86
84
137
142
150
154
155
158
158
158
162
149
154
147
148
154
154
155
155
141
143
142
133
173
173
182
183
185
186
185
190
193
197
203
205
205
203
201
195
189
185
180
170
167
162
160
155
149
140
96
97
97
84
97
98
98
98
97
91
93
92
91
90
88
83
77
73
73
67
62
61
58
58
54
50
51
43
36
33
28
29
25
21
16
15
13
12
9
4
4
4
4
21
29
32
35
44
46
53
56
55
58
60
60
64
72
73
76
76
79
82
86
85
93
99
103
107
109
112
114
123
127
130
138
139
149
149
150
151
155
101
161
170
177
182
186
195
200
192
194
193
193
192
191
197
202
205
205
209
208
213
230
214
211
212
218
222
215
219
214
214
203
203
226
244
242
246
255
264
258
264
265
273
278
299
290
293
288
283
276
319
337
349
355
366
366
364
354
331
377
386
403
417
423
428
443
442
450
446
438
420
436
464
471
481
499
502
514
526
529
552
553
562
537
567
582
589
593
602
607
613
607
612
617
616
607
611
623
638
639
644
651
650
650
654
635
634
641
641
639
639
626
625
616
602
580
386
390
388
384
372
339
370
366
351
366
368
335
552
564
583
593
594
606
617
619
624
635
629
629
625
616
616
629
636
629
620
621
616
615
616
626
631
623
628
625
625
612
619
623
637
638
651
648
644
664
652
668
660
639
656
664
671
675
683
679
677
662
476
661
672
687
683
677
687
682
671
633
675
695
711
706
714
715
721
724
722
737
750
742
739
750
757
751
754
738
733
741
739
732
723
719
704
700
679
678
679
680
661
658
642
628
599
580
243
241
244
242
244
242
253
250
253
517
522
534
539
542
547
568
596
608
623
616
630
629
630
632
642
643
653
656
664
693
693
696
703
688
680
660
680
674
681
676
682
671
669
625
607
624
646
652
646
644
643
639
623
627
618
602
604
459
574
571
569
578
577
576
568
562
560
550
536
528
532
530
519
515
524
516
511
519
525
502
512
507
509
504
485
490
487
478
464
457
450
439
445
444
434
427
429
428
446
446
442
445
448
450
457
453
463
460
457
444
463
469
465
458
469
466
473
465
466
467
471
478
462
469
466
469
487
497
491
496
490
499
508
482
356
484
510
516
525
528
522
530
543
538
538
541
547
549
553
553
563
572
575
576
587
584
581
580
579
580
601
611
616
627
617
608
595
578
584
585
579
558
550
548
546
545
538
526
513
516
526
520
512
506
509
505
508
501
504
505
498
500
481
475
477
468
477
468
462
463
447
443
436
422
425
427
423
423
425
420
413
418
405
405
403
408
408
407
411
405
403
406
402
392
396
395
403
399
399
403
397
386
380
379
372
367
358
356
352
351
346
342
337
325
326
326
318
317
304
299
295
289
292
291
287
267
225
224
227
183
241
243
242
247
246
247
247
242
240
233
229
221
214
210
200
196
185
186
182
177
174
173
162
159
152
148
152
151
137
138
128
130
127
129
120
116
118
109
100
92
86
77
72
64
60
51
44
42
37
31
20
14
10
4
6
6
9
12
13
17
24
26
32
36
40
45
45
48
57
66
65
72
76
75
79
79
82
48
102
114
118
127
134
141
147
149
154
159
166
165
180
185
190
197
204
214
217
218
221
225
221
232
227
227
243
242
238
231
234
233
229
228
257
284
291
314
320
329
337
341
337
356
351
356
358
356
370
376
376
378
383
385
384
391
400
402
410
412
414
418
412
415
402
400
378
413
425
434
449
454
449
457
462
478
486
483
495
503
498
497
497
500
507
508
518
527
522
534
540
548
548
568
548
532
521
523
503
579
586
593
598
603
600
611
602
600
593
566
618
630
642
652
674
666
672
660
657
659
647
641
638
636
640
646
648
641
649
639
625
612
609
603
561
642
654
650
654
651
644
637
640
638
646
645
623
611
601
450
607
611
605
598
599
589
583
576
567
564
548
535
533
522
513
497
480
433
451
451
462
459
458
400
425
430
437
446
445
443
440
427
432
431
426
422
415
415
410
406
405
399
405
397
394
390
389
395
391
383
382
372
377
371
371
363
360
348
334
334
332
320
314
308
292
289
284
274
271
261
257
242
231
221
211
199
188
179
171
157
127
129
124
126
126
121
113
112
111
103
104
94
89
78
70
51
68
75
79
85
81
80
79
76
40
106
119
131
136
143
145
150
148
151
158
162
164
169
170
172
171
171
170
192
192
191
192
190
145
186
195
197
198
197
195
189
183
147
145
147
108
179
211
223
227
235
242
244
240
232
228
219
183
227
231
234
248
248
240
237
230
161
220
231
233
243
238
196
230
230
230
314
335
344
355
372
380
394
404
407
410
407
389
426
430
442
452
463
471
477
491
493
498
504
508
519
519
530
534
538
537
544
539
539
531
531
538
545
540
537
549
550
549
556
548
555
550
556
559
559
566
572
573
571
563
554
551
551
546
535
534
534
529
528
531
517
498
491
481
351
496
496
495
497
489
489
480
477
468
461
446
311
480
480
483
491
500
487
479
467
302
468
490
486
483
467
410
443
451
462
470
482
484
490
493
491
495
506
494
494
492
349
492
501
524
540
542
548
556
561
561
559
563
562
565
569
575
568
575
579
570
565
568
566
558
551
540
527
370
516
534
544
553
546
543
534
518
481
543
567
566
573
547
373
566
572
587
599
591
594
600
597
590
585
563
415
586
596
602
598
611
622
632
612
626
630
630
639
640
626
469
625
636
649
655
664
666
673
663
671
680
680
684
685
683
677
679
686
684
696
710
703
698
697
714
714
701
707
711
719
727
708
704
707
710
711
712
701
699
691
699
679
679
681
679
673
662
656
666
648
636
636
621
603
437
627
631
623
606
596
566
609
624
596
604
587
511
576
585
580
561
541
526
561
611
609
601
612
600
603
598
581
592
588
590
584
566
527
568
582
584
594
598
594
610
607
595
589
589
418
554
567
582
588
600
605
603
612
610
624
628
627
630
619
617
624
628
618
627
627
629
630
627
621
618
599
440
608
616
623
620
641
633
630
617
625
622
625
629
640
630
650
649
659
661
659
662
666
667
663
654
661
649
654
655
652
657
663
666
660
663
663
670
676
680
680
685
685
693
692
692
699
701
695
700
701
705
697
703
705
701
704
707
703
712
720
722
729
725
731
722
712
710
726
725
721
718
710
704
706
700
704
707
710
714
708
710
715
718
712
712
702
681
643
679
713
725
723
717
709
720
733
730
731
730
730
731
738
751
739
739
729
728
710
716
715
711
706
708
700
701
708
701
691
687
679
686
683
667
650
644
645
641
631
637
619
607
597
558
516
566
565
579
577
573
563
556
539
519
503
324
447
435
436
323
489
490
498
493
484
475
451
270
461
462
461
463
471
484
488
469
464
455
444
435
427
405
348
345
347
356
357
295
256
256
255
256
375
392
416
433
433
451
447
436
404
429
447
460
471
482
476
473
466
471
463
449
335
420
414
419
511
523
528
543
554
565
572
584
583
587
584
601
607
617
629
621
633
640
640
644
424
630
629
636
655
650
655
663
661
661
661
658
658
666
671
681
694
688
693
698
708
699
702
682
678
638
701
709
702
697
683
671
646
689
696
700
712
719
721
717
707
712
701
700
698
705
696
695
705
704
703
707
704
701
700
691
639
663
668
674
657
654
639
645
680
646
627
576
558
456
526
441
593
658
664
674
676
673
675
681
679
670
667
671
683
678
678
675
671
670
654
645
479
628
635
644
655
616
596
613
625
637
654
651
664
671
669
653
638
623
566
619
632
642
635
647
658
661
656
645
643
649
659
652
648
652
642
656
642
649
642
643
639
636
640
622
618
625
620
611
598
585
577
571
558
532
504
576
577
568
563
540
393
557
615
612
615
617
607
606
603
596
599
589
572
409
544
547
546
544
528
635
646
667
684
692
694
695
692
688
677
669
667
650
633
520
533
534
482
587
597
607
608
619
622
628
631
628
622
613
620
622
625
627
628
627
627
629
626
630
615
619
613
615
614
607
608
602
614
597
596
591
583
589
574
576
570
565
566
556
555
549
534
529
523
517
505
492
483
473
462
410
393
392
394
393
392
373
333
332
331
331
322
305
115
273
267
273
265
244
233
217
204
189
178
170
39
38
36
30
37
37
35
30
26
26
29
31
30
31
36
39
42
43
30
43
42
43
198
215
229
255
264
275
281
291
299
302
304
317
326
339
344
330
340
325
349
365
376
385
392
396
401
390
392
391
397
396
398
401
404
403
409
401
393
378
364
377
385
384
377
368
346
308
305
293
308
316
277
441
455
465
471
485
486
496
494
496
493
489
487
479
486
496
498
508
512
527
533
521
514
517
522
519
527
524
532
534
535
525
517
507
499
494
488
476
470
471
461
453
448
432
428
417
414
395
306
317
317
298
322
351
351
338
337
281
350
349
346
345
345
342
335
326
314
303
299
287
265
236
207
235
240
247
237
233
223
218
215
212
215
206
202
193
183
124
173
175
177
174
162
145
159
160
172
175
174
169
166
162
157
153
141
74
147
151
154
158
162
159
162
161
163
162
159
157
153
145
124
155
155
158
156
158
144
174
179
182
190
195
192
190
184
121
199
210
210
219
240
243
248
252
256
252
260
259
266
266
265
268
260
185
284
302
315
321
338
346
351
358
365
371
379
386
401
409
421
418
412
311
443
456
469
475
465
495
515
529
532
533
531
403
561
575
587
602
612
616
631
643
650
651
661
673
675
687
691
697
710
717
710
705
704
700
700
688
690
685
672
666
654
657
655
659
622
584
591
599
602
583
547
468
480
381
586
603
616
626
621
628
623
608
573
631
640
652
655
653
645
457
643
641
644
656
659
663
666
672
676
669
677
673
676
687
699
692
691
693
700
692
690
665
477
654
672
674
654
638
604
621
657
662
653
631
602
695
715
726
722
721
710
707
701
691
677
684
688
687
697
692
690
680
685
684
678
675
677
676
657
650
625
588
646
661
661
663
670
670
675
671
667
653
633
584
640
656
669
664
664
656
651
639
445
659
654
650
648
633
587
640
649
674
692
700
703
704
711
714
718
721
720
712
720
725
730
736
738
742
738
733
734
734
730
733
727
729
720
703
711
719
712
714
699
517
679
701
713
705
700
524
705
700
708
711
707
714
721
712
721
720
719
707
714
707
694
578
486
634
648
650
654
651
663
666
676
680
680
687
679
687
688
692
688
685
682
684
690
690
684
689
693
692
680
683
682
679
674
673
686
683
674
669
665
640
665
609
608
577
567
608
615
630
634
641
645
650
652
654
644
628
583
622
629
637
640
641
641
634
636
632
639
634
617
613
610
615
604
594
590
584
583
578
577
586
569
563
556
560
561
549
551
551
548
377
525
539
537
544
543
552
549
539
542
550
543
548
549
532
539
536
510
365
500
515
512
522
532
531
537
534
533
524
531
529
529
538
539
529
535
538
532
528
523
516
517
499
477
496
506
516
531
538
534
544
539
530
535
518
477
522
534
536
543
546
540
545
534
537
547
542
537
542
541
538
524
516
501
477
340
489
490
493
487
445
405
445
472
486
495
496
487
492
494
499
488
478
471
455
423
262
436
463
480
473
478
484
479
446
282
377
389
278
469
476
500
517
531
544
575
586
585
595
597
605
616
620
631
646
646
637
466
608
615
637
651
657
664
672
677
666
668
678
685
679
678
704
710
711
706
715
713
709
697
702
703
691
695
696
686
685
691
680
691
693
695
711
722
661
569
702
703
693
699
705
698
698
688
673
684
684
681
674
696
699
708
708
708
699
687
700
697
708
691
691
699
714
708
695
713
706
704
695
690
681
680
661
658
656
644
638
641
632
622
625
614
601
586
570
561
563
564
580
573
567
568
558
554
530
535
534
526
513
511
507
516
500
495
357
501
511
527
528
529
530
540
533
523
516
512
544
538
550
558
554
561
560
568
563
557
561
557
572
571
566
569
557
551
387
559
577
585
585
581
573
584
594
584
582
577
584
577
528
523
546
562
580
587
620
630
637
639
647
656
662
668
655
675
672
660
682
687
697
694
696
691
699
699
709
702
712
720
711
705
708
690
532
681
694
696
708
708
713
718
713
717
725
715
729
729
735
733
729
732
743
734
734
736
734
734
730
717
720
718
736
744
742
745
743
738
729
713
661
692
714
730
741
715
689
730
746
750
750
763
758
764
773
770
774
770
790
792
796
799
801
801
787
778
773
777
767
773
765
750
734
728
728
732
723
719
706
698
696
703
710
713
709
706
704
696
694
691
676
676
658
680
674
679
679
680
661
661
671
658
645
658
648
645
646
642
610
573
604
620
631
644
641
646
642
652
641
638
639
650
646
637
642
634
623
612
606
603
610
597
587
585
584
552
545
544
526
526
534
549
583
585
583
597
587
594
598
592
605
592
588
593
589
579
568
401
566
573
579
579
580
576
568
570
578
586
586
573
582
589
597
598
593
589
583
582
582
580
587
574
566
557
546
533
508
441
448
462
339
562
574
580
591
587
607
603
609
617
606
584
357
583
624
639
636
636
634
640
645
646
628
620
594
665
673
683
680
691
697
705
709
711
729
730
729
739
736
730
738
737
734
745
754
741
749
749
753
753
745
739
741
733
738
736
731
729
730
725
710
726
693
638
690
704
713
710
710
720
702
691
618
665
672
676
718
718
709
719
724
710
714
719
728
717
716
712
710
718
719
713
721
726
704
740
741
737
734
742
743
737
744
747
755
742
739
744
746
751
739
733
732
723
721
718
703
706
700
704
692
688
690
688
686
675
678
679
686
677
680
668
666
668
671
661
664
664
660
668
660
650
658
645
438
628
614
617
608
571
444
528
526
449
613
634
648
649
660
665
666
675
671
675
687
696
693
690
697
697
682
683
696
683
683
688
683
682
672
664
663
656
652
650
649
642
637
638
644
648
630
630
628
631
624
615
628
631
629
628
635
621
643
641
644
642
638
646
645
656
642
647
641
656
663
659
662
650
652
637
646
651
656
652
660
662
652
661
667
666
659
670
674
680
662
665
668
678
683
679
688
684
681
684
680
682
678
675
681
685
690
683
692
682
692
698
709
725
724
714
707
706
717
722
710
709
713
727
709
727
745
743
744
721
711
697
685
453
667
669
680
657
650
488
559
553
546
612
634
645
646
661
664
566
668
672
676
670
648
655
652
647
636
642
633
615
584
565
491
499
412
570
599
620
620
627
629
629
614
570
611
622
632
639
625
629
631
637
633
625
427
616
635
644
646
647
649
656
651
658
657
660
655
655
661
655
670
667
670
671
675
693
689
682
672
664
655
643
575
613
614
635
637
644
636
621
573
478
489
488
480
495
498
402
665
696
723
730
728
738
731
742
736
744
766
770
778
780
788
775
781
789
786
792
816
824
832
817
806
814
815
833
830
843
835
833
825
839
852
838
842
845
842
846
838
831
832
833
827
828
814
805
792
798
784
794
779
784
786
791
782
790
793
788
777
755
735
732
719
688
673
653
403
426
423
415
432
432
423
592
624
643
661
669
669
684
673
675
678
678
683
662
646
425
641
661
666
671
672
650
639
631
615
389
601
639
653
670
686
688
670
676
661
674
673
663
669
661
662
655
659
669
668
667
666
650
647
650
664
666
655
636
596
576
543
431
509
433
525
537
550
590
599
605
598
588
436
580
592
597
611
620
600
424
602
610
609
620
617
612
613
610
598
603
603
600
609
612
609
627
630
620
619
607
616
633
630
633
635
649
669
663
673
660
658
668
675
684
696
707
702
716
718
720
709
708
700
695
694
693
700
684
695
704
689
701
697
691
693
686
684
680
675
681
688
680
681
674
673
670
670
659
666
678
669
676
669
663
668
676
669
668
662
657
658
664
662
658
665
679
676
683
682
697
712
715
718
731
728
735
721
723
740
743
750
749
745
740
740
743
735
737
743
737
732
723
717
720
724
719
721
725
725
721
710
707
700
697
694
628
652
654
640
620
679
695
701
690
700
703
705
710
728
733
731
719
718
716
708
702
686
695
706
693
690
683
692
689
683
689
683
685
677
675
668
523
689
700
692
714
734
734
740
745
736
748
732
730
731
711
523
711
713
713
706
704
703
695
706
694
699
689
678
678
677
681
674
681
685
670
669
608
635
645
660
662
665
651
665
674
675
670
664
670
679
667
662
666
667
647
638
608
586
606
649
660
668
669
666
654
652
655
642
644
638
629
626
627
613
601
593
583
574
565
546
524
355
489
484
481
484
477
470
456
444
418
410
391
344
374
380
380
378
367
359
356
350
341
335
325
311
299
286
247
270
273
278
281
278
272
271
270
259
260
246
242
228
221
130
197
207
210
203
205
208
211
209
208
207
200
196
204
194
193
186
183
177
156
192
199
206
206
209
210
212
215
210
214
214
210
208
209
206
201
192
119
181
181
182
181
180
173
154
112
112
111
112
109
112
110
111
254
256
261
277
277
292
298
310
321
327
338
336
359
369
365
357
334
360
382
388
400
410
417
428
432
441
447
452
451
465
473
477
352
452
465
483
492
416
540
554
552
562
566
560
555
575
575
576
569
564
584
585
589
586
597
600
590
517
336
348
349
341
348
359
366
365
366
352
351
352
346
510
527
539
536
534
520
538
583
600
609
617
627
625
638
646
649
644
660
665
676
677
682
676
670
677
659
646
651
630
624
615
609
597
590
578
565
554
546
423
465
464
467
456
355
485
487
478
478
475
463
456
418
343
344
341
339
394
402
408
414
403
394
386
383
385
377
371
355
345
335
321
221
314
321
331
332
337
335
325
326
318
312
307
299
287
276
234
269
279
281
284
281
275
260
120
260
271
273
284
286
272
266
259
250
244
226
206
204
204
203
203
197
193
191
180
160
163
180
189
191
203
207
201
191
186
180
173
64
64
64
64
67
67
66
70
79
66
166
202
208
216
222
225
232
231
232
236
237
162
279
289
292
303
305
310
329
336
343
350
349
350
369
386
397
412
417
430
424
421
420
417
408
419
421
430
435
436
445
447
456
454
460
464
466
457
480
464
446
453
453
440
468
501
505
521
531
538
544
545
532
542
542
541
542
540
544
544
544
563
568
574
568
562
541
515
547
571
581
583
596
593
601
612
609
616
612
614
621
614
613
621
624
623
614
623
622
626
621
634
626
634
628
638
640
628
437
627
626
609
601
478
539
537
521
625
637
648
666
677
678
688
678
687
682
677
682
678
680
673
677
665
671
675
685
689
693
688
686
694
692
690
700
691
684
670
667
642
633
623
602
587
540
513
483
321
324
324
314
308
311
312
290
314
318
343
339
330
260
333
341
232
602
608
627
642
640
639
644
640
640
652
657
657
654
668
655
662
652
441
648
666
676
705
710
716
722
729
740
749
742
735
738
726
726
731
742
734
735
734
725
732
734
721
731
713
526
698
710
732
740
742
746
747
728
552
696
722
741
747
755
749
749
743
728
732
730
717
716
719
712
714
704
704
693
680
665
653
631
562
590
600
589
571
550
413
564
583
602
614
610
601
607
566
542
568
602
611
625
625
620
624
623
613
613
606
394
606
625
635
643
638
642
640
621
577
633
649
651
670
686
673
667
654
645
631
634
624
631
623
609
606
609
602
597
580
576
566
548
396
511
515
511
501
496
493
492
472
463
440
427
382
413
415
414
408
405
398
398
384
372
373
368
360
352
333
321
301
336
342
342
337
340
334
341
340
336
341
344
343
334
332
310
315
270
290
307
256
319
323
324
326
320
317
326
315
312
311
291
187
300
297
307
306
303
257
284
293
304
319
333
334
348
345
344
345
344
344
257
374
420
437
457
465
474
480
491
496
488
500
498
491
448
448
459
461
559
569
580
583
599
601
608
613
625
640
641
646
651
646
655
651
657
662
662
646
635
630
622
618
609
593
592
565
544
522
553
559
550
549
545
540
543
530
530
531
502
496
488
470
447
487
496
493
471
436
410
449
456
452
456
449
453
460
467
472
474
452
452
462
463
455
441
434
229
299
300
312
310
312
303
408
406
418
420
432
436
440
449
452
459
443
443
436
410
387
407
410
424
444
448
445
459
464
467
473
475
488
496
502
505
510
510
506
510
508
503
501
480
452
496
507
516
510
514
498
484
483
483
473
466
460
451
449
433
432
422
415
407
389
273
374
374
379
386
375
372
354
351
228
337
339
343
347
351
349
341
344
331
323
308
302
298
276
160
215
216
216
314
322
326
324
318
315
313
300
184
257
258
173
322
335
338
351
360
362
364
372
378
376
380
380
380
384
386
378
369
324
358
369
380
386
393
395
387
388
398
407
406
269
401
411
422
423
432
436
441
448
448
456
459
462
463
472
475
483
482
489
495
501
504
501
505
498
495
492
493
483
477
475
472
472
471
460
456
447
440
438
429
411
406
392
368
349
304
309
303
245
326
333
335
332
325
324
317
294
274
302
305
325
326
310
305
299
286
278
264
237
186
188
186
132
250
262
268
270
266
269
279
280
274
267
226
139
278
303
312
323
330
339
347
351
347
342
343
339
333
315
285
298
297
306
305
306
290
288
284
214
216
222
170
264
287
300
308
322
332
342
349
349
348
338
303
316
332
335
340
346
344
340
278
268
266
276
286
295
304
272
416
422
438
444
454
463
469
479
482
491
478
492
498
506
505
508
516
518
519
522
525
534
524
520
525
520
508
506
498
490
487
472
329
482
488
490
496
499
501
498
498
494
495
499
498
484
475
405
432
442
336
514
537
551
562
570
572
584
590
597
609
613
618
632
641
633
638
637
633
625
621
464
539
547
533
620
671
672
683
689
694
700
702
702
711
707
697
705
713
715
720
727
732
730
730
731
725
722
722
708
696
649
696
707
726
727
727
740
738
728
719
708
710
701
700
697
693
689
674
661
660
648
641
627
611
388
392
521
617
638
651
652
657
651
652
648
619
559
609
627
629
633
629
628
613
604
611
607
574
352
500
495
363
605
627
641
652
663
668
685
686
684
694
664
373
655
671
668
665
655
586
645
652
663
670
686
511
666
687
708
721
727
739
738
739
736
748
738
745
751
750
750
765
768
773
767
776
768
767
754
725
527
691
719
762
766
764
766
771
767
770
782
775
771
767
777
786
777
764
764
751
631
642
643
638
704
727
733
735
743
547
739
755
759
765
764
777
772
762
755
765
765
759
758
756
764
763
763
763
761
747
739
733
736
729
735
733
736
722
727
723
712
709
718
710
673
477
673
681
687
681
681
686
684
682
669
635
670
675
687
682
646
643
633
615
585
610
627
622
633
637
640
629
623
631
633
643
641
641
639
647
647
642
654
650
649
652
640
633
623
626
629
642
649
645
650
641
637
642
643
653
652
645
642
636
623
634
621
613
611
564
555
523
577
611
610
613
600
590
589
569
413
617
618
615
613
617
605
612
627
619
621
622
622
623
602
419
601
632
641
652
656
654
646
627
617
551
591
618
629
645
659
655
648
651
637
618
570
640
649
664
672
687
686
686
691
705
714
701
706
709
707
708
719
726
729
699
698
509
698
706
731
736
739
737
720
723
694
716
735
730
729
733
725
718
705
704
704
667
512
678
706
718
723
735
750
738
748
737
740
743
736
728
739
737
745
741
736
723
694
649
694
706
715
730
720
706
696
702
706
703
699
686
680
671
666
663
656
657
639
632
621
618
609
598
582
548
453
577
571
568
560
553
536
496
530
537
535
528
518
511
509
502
489
475
450
291
416
441
450
456
451
446
447
437
437
423
414
407
371
199
377
382
386
390
382
381
357
371
342
291
337
346
351
354
357
368
368
370
362
359
351
333
287
301
333
345
356
366
370
383
391
390
394
388
380
370
353
379
403
411
422
424
434
438
440
442
449
437
318
462
480
497
513
530
533
539
555
553
561
578
574
585
587
602
598
610
618
623
622
623
616
613
619
626
623
420
605
604
605
621
613
609
592
511
498
456
592
605
616
618
626
630
645
636
634
634
643
644
638
630
644
650
659
659
653
655
659
656
656
655
658
647
646
645
634
631
618
619
624
623
624
617
610
600
605
597
595
593
582
585
568
559
553
543
533
525
504
285
293
305
330
451
461
467
471
485
485
486
515
525
526
536
556
556
566
579
574
567
578
583
575
575
575
564
568
569
566
560
564
564
569
578
573
585
589
594
603
600
594
591
585
582
583
579
580
569
566
586
592
598
595
599
601
600
598
596
587
600
599
605
603
615
620
624
627
636
627
622
618
613
463
610
625
619
624
624
630
619
624
615
619
624
635
625
641
647
651
661
666
665
667
648
642
644
631
592
602
600
597
479
617
644
648
655
652
666
681
686
674
670
669
677
671
656
651
651
650
640
648
639
631
621
613
609
609
609
598
587
570
569
560
542
530
519
515
510
494
479
475
467
453
416
426
360
340
369
373
355
373
357
358
265
329
295
325
327
312
312
319
312
307
306
295
296
287
275
270
240
128
127
127
124
127
125
125
154
154
165
166
172
176
179
182
180
178
178
171
162
163
156
150
138
77
91
65
120
120
120
124
127
130
136
133
136
131
131
127
125
122
110
57
126
128
134
141
145
146
147
145
145
143
138
70
138
154
158
167
172
172
175
181
187
186
184
176
178
166
116
188
191
195
208
208
206
201
196
154
153
152
154
154
256
273
280
297
299
303
304
132
343
354
359
357
361
247
379
414
430
447
456
469
472
491
494
503
508
513
522
531
530
532
524
524
441
523
557
576
585
602
620
627
640
654
665
668
689
693
702
711
715
725
725
732
732
750
744
755
756
768
763
753
750
732
713
706
672
730
750
749
743
737
726
527
744
755
771
785
788
774
755
527
749
768
779
797
806
797
809
803
693
809
806
798
790
792
789
786
774
765
748
742
731
714
609
607
607
618
510
669
671
681
689
691
684
708
696
643
693
715
716
715
718
709
703
684
493
683
688
698
684
663
518
657
684
687
693
679
684
688
693
699
701
695
680
684
690
689
685
696
694
688
681
674
657
629
559
604
613
625
641
637
641
640
641
640
640
640
640
631
621
620
629
614
612
596
530
386
475
495
544
555
612
615
622
628
631
634
647
652
679
681
648
684
684
690
692
678
672
690
681
546
673
703
708
683
685
682
679
683
674
664
654
650
642
618
599
580
580
568
535
493
209
207
206
205
201
213
210
194
187
152
124
132
129
141
151
125
400
427
432
445
462
465
474
470
467
505
529
539
543
559
565
574
568
570
574
566
553
579
587
591
603
610
624
622
630
631
629
619
615
605
599
585
583
568
557
560
546
551
547
546
550
550
538
530
498
514
514
506
502
493
507
505
503
497
485
492
493
486
483
489
475
473
464
454
422
476
486
489
494
504
494
485
481
475
459
457
446
432
425
391
395
400
395
397
389
388
389
382
381
369
349
223
237
245
105
250
265
272
273
274
271
195
179
148
150
235
247
259
261
272
289
289
216
295
294
298
360
360
378
391
403
411
417
421
426
436
449
458
463
464
472
476
471
491
490
482
471
461
448
412
453
463
473
459
445
432
427
426
413
405
379
210
290
288
281
293
300
264
428
443
449
474
469
474
479
486
490
497
505
494
510
504
503
505
509
380
517
542
569
574
591
603
607
613
617
628
620
621
629
626
630
635
637
642
646
644
645
656
663
670
687
678
691
679
685
684
679
670
680
676
674
669
669
653
623
616
595
611
636
669
671
675
670
654
658
673
673
681
670
649
661
657
655
680
659
652
663
665
645
634
618
513
523
526
457
550
564
555
469
654
682
692
708
712
708
720
720
722
720
718
722
724
718
714
719
725
714
701
527
694
704
702
708
704
714
700
697
685
683
680
675
661
630
461
621
629
622
610
588
541
602
612
619
618
609
613
608
604
607
587
590
599
588
583
582
571
560
550
535
519
390
532
540
539
537
523
516
523
521
521
523
520
514
498
496
348
482
488
483
485
496
490
482
479
478
484
482
474
475
479
488
471
480
477
470
480
478
465
468
468
460
450
441
428
428
426
427
423
416
414
399
400
393
384
378
375
368
339
336
337
339
333
309
191
213
208
180
202
201
202
217
227
226
225
246
242
236
235
232
224
214
199
186
162
68
104
102
82
148
159
159
160
160
159
158
157
115
152
151
114
254
268
269
274
274
274
276
276
145
304
323
334
342
345
338
351
340
342
339
340
341
347
338
341
331
316
258
258
255
256
341
343
353
353
366
366
370
368
229
336
354
365
369
355
309
313
312
317
482
490
503
515
527
539
545
552
559
576
575
591
597
612
614
621
629
640
643
639
640
623
607
561
584
599
608
607
573
523
557
574
590
569
578
572
578
580
582
587
589
587
596
609
604
606
614
624
636
639
640
636
632
628
626
629
615
623
620
617
609
608
607
594
586
593
585
579
585
584
580
575
569
556
553
547
522
482
480
481
479
465
447
445
436
390
341
337
337
332
326
316
307
290
266
250
248
244
36
38
37
12
32
33
27
18
17
16
0
0
2
285
310
328
334
345
352
352
352
350
392
412
423
430
446
463
482
492
507
521
530
545
552
548
555
553
560
560
563
538
505
527
547
559
576
575
575
582
579
593
592
596
598
601
601
613
614
615
621
627
627
639
652
653
639
640
625
489
670
683
702
719
712
714
697
657
728
760
750
751
729
718
660
756
778
801
811
805
811
806
813
815
830
821
834
839
839
838
855
861
865
861
853
845
828
812
610
826
826
837
840
827
637
840
839
842
852
862
863
873
874
872
883
866
862
606
833
843
854
873
886
891
898
907
904
916
893
884
850
775
825
858
869
892
907
926
933
931
942
945
962
948
955
953
934
946
948
944
955
942
858
890
923
947
952
967
974
966
956
958
965
959
973
971
972
980
990
995
995
997
1002
1010
1027
1020
1017
1026
1022
1025
1033
1019
1021
1022
1026
1034
1028
1015
1021
1006
1004
999
997
995
994
994
981
988
987
974
953
943
917
904
898
868
790
874
904
918
917
923
919
921
902
800
822
839
852
856
856
848
850
845
830
793
782
733
779
778
786
793
780
780
792
795
794
767
744
525
699
726
741
753
749
748
736
743
744
734
749
742
729
719
714
707
693
689
677
659
631
603
636
651
642
660
654
624
621
608
595
592
576
567
551
549
531
535
527
509
509
504
482
469
462
418
411
283
380
378
382
382
371
372
363
350
343
341
321
311
296
284
278
214
213
84
222
221
242
243
238
230
228
226
211
203
194
103
102
101
96
103
103
103
102
103
52
100
103
103
101
103
103
84
79
74
69
61
48
47
47
46
45
46
44
38
33
7
11
11
11
10
10
4
5
5
5
5
1
0
1
58
62
68
78
86
84
88
92
8
95
97
101
63
108
111
116
122
92
165
177
183
191
194
199
203
206
204
211
214
213
214
240
247
261
261
265
268
274
277
284
287
282
286
286
293
290
290
286
295
295
264
281
278
276
264
279
289
300
307
240
346
351
355
356
354
366
357
343
334
352
372
372
369
364
345
366
381
397
412
422
431
433
428
435
433
442
443
445
439
454
466
473
487
494
500
500
506
507
496
490
473
443
487
501
512
519
521
526
529
532
546
550
570
567
559
559
567
562
554
547
534
525
510
505
496
484
476
465
461
423
181
182
182
174
169
167
168
166
166
163
156
155
195
483
499
521
535
551
565
571
578
579
589
600
608
612
615
608
611
470
625
665
683
687
696
691
686
688
685
681
690
687
691
692
705
696
696
682
633
519
530
537
533
439
535
533
507
550
656
670
682
666
441
682
713
729
726
727
736
743
756
742
740
753
756
770
758
768
778
759
777
785
789
773
776
771
770
771
533
809
811
824
811
806
810
797
806
793
776
703
537
656
703
781
792
817
824
839
834
837
817
795
772
804
822
823
823
830
836
833
825
821
829
842
837
808
807
798
783
766
749
731
595
508
509
501
477
506
674
697
720
729
742
748
765
771
772
774
786
780
786
775
790
784
784
769
761
748
748
752
745
747
752
748
754
753
746
737
746
737
724
733
727
715
693
695
687
684
677
678
663
643
652
631
603
635
644
638
641
633
631
626
618
609
606
591
568
563
559
554
538
529
525
510
498
490
330
380
373
422
430
441
439
432
423
416
421
415
364
406
400
388
368
360
353
318
177
250
251
244
307
317
325
322
318
312
303
296
265
313
322
329
336
334
347
336
339
333
337
332
330
331
321
202
315
331
331
331
330
317
289
314
311
335
336
331
332
323
320
320
322
316
323
332
330
315
191
300
321
336
342
341
342
347
364
329
176
241
238
240
316
343
351
366
369
366
415
419
433
431
434
428
472
474
486
497
500
510
527
524
534
542
555
555
567
564
577
585
589
595
588
556
409
580
592
604
616
624
637
630
628
628
630
629
637
630
631
621
617
612
600
609
549
607
588
561
495
430
507
568
588
610
619
635
635
636
638
638
627
629
638
634
630
628
625
628
604
622
617
607
610
610
612
616
614
610
580
569
550
533
541
564
588
602
603
603
601
611
606
621
597
543
568
583
583
584
591
416
622
638
644
639
632
628
635
640
645
674
686
689
690
695
705
714
714
700
687
671
650
719
745
747
740
741
733
750
749
735
746
745
751
754
736
550
752
769
785
804
812
814
802
800
815
833
836
834
835
842
836
847
857
860
872
884
871
871
879
879
867
872
879
898
888
885
893
896
895
889
891
893
898
906
902
909
907
900
904
893
892
891
886
880
864
846
857
855
846
847
845
826
832
810
814
806
784
770
770
770
758
743
737
719
725
724
696
699
690
685
667
674
653
455
631
641
643
622
624
615
612
613
608
599
586
588
591
570
389
502
486
483
508
525
521
515
509
368
540
552
549
541
539
537
538
524
521
512
505
502
480
486
481
469
468
451
450
425
416
386
363
343
356
355
355
352
345
320
311
293
216
218
217
217
262
264
263
263
256
253
251
249
250
239
234
238
231
222
214
213
198
176
201
213
218
220
225
225
225
223
225
216
221
210
209
199
198
190
180
129
129
130
93
174
131
195
199
191
172
190
179
157
190
198
204
214
213
209
218
227
230
227
226
231
227
244
235
233
223
222
150
218
234
243
254
259
261
270
275
285
292
303
306
305
303
311
311
215
333
341
347
350
343
280
377
398
407
412
420
321
437
451
452
458
470
474
478
490
505
515
520
528
538
544
554
566
560
562
554
521
487
510
523
527
536
530
528
518
506
423
426
429
294
481
485
501
509
517
495
488
473
443
462
473
462
466
467
467
493
449
441
414
414
412
491
540
547
561
570
575
593
607
615
623
627
627
627
638
642
654
662
671
677
684
666
653
647
610
671
683
692
688
675
623
679
694
687
666
642
457
662
682
687
686
685
688
694
701
699
702
708
708
705
708
715
715
709
716
710
709
706
700
671
636
677
695
708
723
712
718
722
718
725
717
713
701
697
692
689
688
674
673
682
683
686
675
685
690
691
681
662
649
602
459
622
617
619
616
596
585
536
580
606
604
607
608
592
574
566
564
550
500
522
537
542
528
539
522
502
495
364
503
512
522
527
520
517
522
521
515
521
509
506
496
484
433
503
510
512
508
513
508
522
521
524
527
517
509
504
496
496
482
477
463
456
448
439
428
411
399
394
384
200
227
224
218
224
219
213
218
221
220
225
185
161
174
193
204
200
200
196
164
142
78
141
135
134
123
94
66
111
108
105
101
94
76
129
139
148
157
157
160
159
160
160
161
161
159
157
158
112
240
265
271
284
304
311
320
323
318
308
304
136
334
335
334
327
326
318
358
375
394
405
410
422
427
429
436
432
421
427
438
424
395
419
434
438
458
474
476
491
495
509
507
518
536
537
523
360
474
474
472
525
532
547
560
575
579
592
596
597
599
611
611
620
623
628
635
640
642
647
622
496
618
627
634
637
653
643
647
657
652
659
658
656
655
651
668
663
649
646
660
659
674
681
673
687
682
673
672
675
676
669
675
673
667
671
666
675
670
665
660
673
675
668
663
665
626
671
679
670
667
662
480
679
680
676
679
685
688
686
672
673
683
690
698
691
690
689
695
702
695
708
710
706
705
716
705
701
715
710
724
709
725
727
728
721
717
698
661
723
727
726
725
716
709
702
688
690
684
689
687
668
652
660
660
657
660
651
656
647
644
611
413
618
634
639
647
619
653
660
631
660
648
650
634
644
642
638
617
630
624
605
593
597
599
593
575
576
568
566
563
408
497
498
500
405
556
571
574
568
565
586
593
603
598
593
584
580
565
567
559
567
562
563
575
569
569
563
558
564
562
560
554
556
556
557
549
546
533
529
522
511
498
494
489
496
486
360
449
454
461
469
423
232
409
414
408
403
396
383
366
346
158
157
155
144
163
161
156
170
172
172
369
410
425
455
466
469
472
480
492
500
508
513
529
525
525
527
528
530
539
536
523
523
508
498
484
437
403
401
402
396
450
457
463
456
456
453
452
440
435
425
410
389
409
427
432
431
434
424
419
407
280
410
409
407
402
406
406
384
374
243
354
371
371
383
377
352
396
404
413
418
417
429
419
411
416
411
413
389
401
419
426
422
424
418
415
412
404
402
405
397
399
395
392
388
384
386
378
365
355
324
328
333
332
326
322
316
294
283
284
273
257
186
217
220
199
198
131
198
199
203
200
197
190
181
170
161
150
146
117
117
116
114
113
111
30
67
67
67
65
126
133
137
136
137
137
124
102
124
130
130
128
127
128
126
123
122
122
122
81
161
200
203
205
217
230
237
233
236
242
247
247
248
245
244
238
233
160
250
250
259
274
276
280
285
302
300
313
318
173
309
319
325
332
330
330
327
300
206
217
247
250
266
264
266
274
278
276
278
352
411
470
485
496
499
512
524
528
537
542
537
545
546
550
563
565
567
565
563
563
565
554
533
521
507
337
522
537
544
532
540
548
539
541
517
508
446
528
542
551
566
569
570
567
568
577
588
580
568
568
546
365
541
559
603
607
621
623
628
635
428
603
619
628
638
653
658
660
644
582
611
629
649
649
661
665
664
671
667
658
660
683
691
700
706
692
704
710
708
732
730
729
724
722
725
728
730
735
730
727
729
727
729
733
726
723
734
723
721
734
728
711
715
723
713
714
717
712
723
724
727
716
718
728
728
725
738
729
741
741
753
748
747
739
725
717
715
710
708
706
714
713
712
704
692
684
632
563
564
570
457
666
711
730
721
734
739
735
732
741
734
741
748
748
764
745
744
735
773
792
797
804
823
827
835
821
811
805
807
801
815
819
825
825
816
812
821
846
846
848
851
852
871
869
871
878
890
891
891
897
907
920
914
899
883
876
891
881
881
886
877
868
870
873
880
876
864
868
847
847
846
849
840
839
833
834
828
823
808
810
813
788
724
780
788
803
804
797
766
740
790
795
790
784
772
757
753
736
672
686
693
692
686
670
665
664
666
678
665
620
572
623
650
664
657
666
656
649
646
660
655
659
656
665
665
654
656
650
655
659
649
660
666
677
674
686
672
697
697
709
690
703
701
703
712
692
492
709
716
729
736
745
750
750
740
743
687
733
733
744
748
756
762
745
745
748
736
745
746
746
732
749
741
730
718
533
737
745
745
753
745
740
735
737
749
748
738
728
753
757
763
746
765
757
760
710
755
750
756
742
703
566
665
697
694
692
665
705
712
728
718
712
713
706
686
671
665
662
650
641
632
614
597
589
573
556
547
539
530
504
168
435
431
405
399
122
26
31
27
26
53
58
68
71
74
74
71
84
93
106
106
76
113
113
115
357
371
378
390
392
400
410
397
418
421
430
426
462
471
477
497
503
511
513
520
517
508
519
525
520
492
487
471
349
470
493
489
485
486
482
487
496
499
495
495
497
496
497
493
492
489
489
480
472
473
390
369
279
307
309
287
302
305
307
266
317
334
353
352
271
469
476
480
478
507
508
505
507
506
487
266
537
544
559
556
573
579
584
585
588
581
597
593
604
599
598
600
587
584
564
575
567
563
561
561
543
433
429
435
419
459
510
522
530
525
365
545
556
592
596
608
615
611
605
603
602
594
402
555
552
547
630
648
645
643
651
641
642
636
641
638
641
631
629
616
626
615
611
610
597
540
484
485
481
471
478
485
492
493
490
482
459
392
228
228
199
243
253
252
201
237
239
189
494
536
605
617
629
637
629
645
645
653
663
663
675
674
689
690
695
695
695
673
676
658
623
413
478
475
472
477
474
438
491
638
658
668
693
689
694
687
687
686
691
687
678
671
532
674
714
718
744
750
755
772
773
772
788
775
778
781
773
776
773
772
779
787
782
790
788
788
781
775
773
770
778
764
776
773
778
787
776
778
768
768
750
750
753
736
723
731
730
724
723
711
696
694
682
682
692
679
676
659
643
669
671
682
686
681
696
695
684
686
677
672
636
452
644
643
662
635
631
630
628
619
573
598
623
630
636
604
567
602
615
606
607
616
605
587
566
382
484
480
460
576
590
597
604
609
622
626
634
641
638
654
641
649
658
659
657
636
635
636
634
648
647
660
650
644
617
586
601
629
634
645
651
661
667
657
643
651
654
646
650
638
629
632
621
626
610
594
569
523
527
537
406
542
565
571
562
556
574
568
557
548
534
529
540
542
549
568
569
570
569
568
570
575
567
570
565
562
561
563
560
553
545
555
548
549
549
555
555
548
542
539
532
524
530
525
516
491
504
501
504
502
498
490
490
486
484
480
468
460
464
456
438
441
392
424
394
410
378
386
376
291
178
185
187
196
203
212
210
219
236
231
140
254
266
272
278
283
294
303
311
320
334
319
354
361
362
360
363
368
379
386
388
385
388
395
395
420
416
413
414
416
420
433
436
433
433
433
435
433
444
447
427
446
455
456
462
473
472
473
485
470
467
466
475
476
478
485
477
480
480
489
491
492
505
508
508
512
499
497
466
489
514
507
517
503
446
464
463
475
477
457
534
550
555
544
542
537
527
517
509
502
501
492
480
471
464
457
458
445
420
138
138
140
141
309
339
360
369
378
387
403
426
430
434
429
428
421
406
406
402
401
393
304
513
532
546
550
548
567
565
562
542
544
532
258
523
524
543
546
545
542
546
543
532
509
394
397
332
475
509
538
567
584
596
605
617
615
616
613
596
571
440
443
440
440
464
471
474
425
627
647
650
675
707
720
729
738
761
770
780
780
792
798
804
813
805
819
820
837
850
849
845
838
846
837
839
840
844
841
844
844
856
851
845
853
848
850
857
852
861
856
855
849
839
840
833
848
839
850
852
840
843
842
845
847
852
851
853
853
845
834
833
810
805
803
794
791
800
795
798
736
790
789
777
773
761
749
733
707
697
550
508
446
659
668
684
697
676
659
668
665
446
690
702
721
725
742
743
742
742
720
660
643
690
696
706
733
733
727
717
679
647
670
691
708
722
730
720
717
720
724
714
724
725
718
727
712
702
702
706
712
705
701
701
692
696
671
667
666
669
666
667
647
653
657
655
651
647
641
632
633
617
608
598
585
579
569
566
561
527
517
502
389
486
482
467
452
438
422
414
346
354
355
352
341
334
308
272
258
22
23
8
20
19
8
31
43
42
42
42
27
18
48
61
68
72
76
93
101
112
110
113
384
408
418
424
437
441
451
466
477
486
492
507
515
515
524
546
560
564
567
553
549
545
548
553
553
550
540
539
546
537
529
508
399
494
506
516
519
527
545
545
553
559
558
559
558
568
581
581
574
572
586
590
592
602
606
594
598
591
592
595
608
608
608
603
596
599
579
555
363
527
537
529
520
514
471
377
378
377
388
391
346
496
558
567
582
596
581
601
617
611
620
629
627
631
636
640
644
633
620
614
604
595
556
620
622
625
647
642
652
656
650
642
642
648
641
639
643
648
642
661
656
676
673
663
661
661
641
654
654
663
650
665
677
679
666
638
627
611
623
660
663
667
669
672
680
682
682
679
682
678
690
679
675
680
673
677
689
676
676
668
669
670
676
671
662
676
679
669
663
665
664
647
646
666
653
652
648
649
616
552
575
572
560
633
648
662
671
669
665
666
664
672
673
683
679
676
688
678
681
680
666
661
636
622
607
615
595
582
572
559
119
92
69
36
0
1
23
281
284
470
495
514
553
555
562
591
621
614
638
642
625
624
446
623
630
620
603
652
663
670
684
677
680
675
682
683
690
695
697
703
692
692
696
697
706
705
711
663
713
701
710
717
716
717
724
699
731
728
718
730
726
713
705
701
704
707
719
712
717
705
726
726
738
741
745
750
707
721
720
732
735
737
742
730
742
732
722
717
718
724
703
721
723
733
745
750
757
747
746
734
738
741
747
742
748
750
753
747
761
749
749
748
748
749
756
760
750
744
749
746
752
753
758
763
763
763
757
760
761
755
758
763
764
757
769
771
769
769
768
759
765
744
764
758
763
749
749
753
761
747
763
763
753
754
744
750
752
747
744
738
738
737
725
728
726
723
712
715
706
702
714
708
720
714
712
720
713
707
704
694
688
679
672
667
666
668
669
668
662
659
665
661
670
645
656
655
643
641
634
627
633
626
630
615
620
618
618
627
621
626
624
621
619
617
612
613
607
605
602
596
588
578
574
582
569
565
569
566
575
568
565
567
565
556
541
536
529
542
555
538
538
540
531
516
520
526
518
521
521
519
524
517
520
518
524
533
543
541
545
540
547
556
576
581
577
582
592
605
612
625
620
620
615
623
423
634
671
677
691
714
706
725
721
747
768
778
785
800
791
778
789
806
846
859
873
876
901
949
932
953
950
943
927
635
919
930
930
927
943
950
957
951
946
935
885
971
984
992
989
985
981
990
994
994
1014
1019
999
981
989
969
960
964
978
991
955
976
959
804
788
755
754
784
913
958
974
990
975
964
943
974
979
994
990
999
1002
1016
1022
1033
1034
1036
1023
1013
1044
1033
1031
1048
1025
1022
998
1016
1029
1026
1015
1008
985
978
966
975
967
954
953
953
951
948
940
943
911
892
869
853
833
818
796
796
767
768
764
769
745
727
719
701
540
693
749
746
739
735
697
657
701
714
724
732
737
712
695
677
623
685
705
715
724
708
710
709
702
699
689
691
688
670
650
630
641
637
580
606
631
652
657
653
655
655
652
650
641
615
610
599
586
573
568
555
547
535
520
505
491
483
413
372
370
433
431
441
438
443
438
431
428
402
382
162
43
102
101
103
103
116
125
221
229
228
161
268
282
284
285
283
186
327
344
356
355
380
388
400
419
424
438
452
465
480
491
503
496
485
441
476
510
523
527
531
531
534
544
544
562
556
551
556
554
558
554
552
563
555
563
561
563
565
555
539
532
505
484
462
429
437
446
468
463
447
508
525
530
532
542
546
559
558
558
548
551
541
534
526
510
493
489
476
413
450
460
459
457
531
562
579
580
590
601
614
619
633
630
639
640
640
650
642
644
659
677
679
673
675
679
691
685
685
691
687
689
684
672
664
661
663
661
660
658
651
638
628
613
598
166
164
168
131
119
113
105
106
301
299
304
487
517
525
541
554
557
567
570
575
576
576
562
565
560
570
570
571
555
559
556
545
531
520
511
388
388
383
353
404
416
406
393
386
380
410
411
417
417
412
410
400
390
385
378
369
356
353
339
329
331
301
281
271
260
249
228
13
10
10
8
6
3
