0
0
4
7
10
12
12
14
21
22
25
26
27
28
28
27
28
48
27
50
0
0
9
47
49
53
54
56
60
62
65
66
69
72
72
74
75
73
76
79
82
82
86
92
93
94
93
93
95
97
101
106
107
107
105
69
93
71
120
125
133
141
148
144
145
145
147
150
147
150
152
158
159
158
157
164
174
177
182
182
183
180
166
199
206
214
220
228
229
230
235
240
244
241
242
247
254
261
266
269
280
282
281
276
279
278
288
307
303
306
314
318
326
329
329
328
338
340
347
345
362
360
371
368
371
375
370
370
370
371
375
373
373
376
371
369
374
374
376
379
375
372
379
375
371
371
370
372
372
375
372
361
365
365
367
363
363
363
360
363
373
366
364
364
362
357
364
362
362
356
355
347
348
348
339
330
332
331
331
331
325
319
317
319
311
315
308
309
312
312
312
310
314
313
319
308
306
301
302
300
304
295
293
299
299
294
288
289
285
295
294
286
283
282
282
278
281
280
271
273
276
284
284
274
274
267
267
266
260
263
263
267
263
257
260
258
261
264
258
266
275
276
280
284
284
289
298
298
298
298
299
303
308
309
300
297
298
297
298
293
291
286
293
300
298
298
301
301
301
298
304
304
305
309
313
321
325
332
335
327
310
330
330
324
321
319
321
327
321
323
324
321
326
325
331
339
347
346
340
333
346
349
352
353
351
359
364
370
370
362
361
364
374
371
377
374
379
377
382
386
400
397
397
394
395
390
403
407
398
401
407
402
404
404
410
418
408
420
416
418
420
420
428
431
431
424
413
412
432
437
441
440
442
437
437
424
425
416
404
417
410
410
406
404
410
414
407
407
401
404
399
408
408
398
401
385
390
388
383
394
398
386
391
383
380
382
367
361
352
349
334
346
347
334
332
334
334
331
326
333
339
342
337
329
323
336
339
344
346
352
348
345
354
354
356
341
331
332
340
333
325
323
313
202
337
358
352
359
361
358
353
347
362
375
377
379
375
376
389
394
400
421
421
427
426
434
440
442
443
449
452
459
456
453
455
465
467
470
468
477
479
480
478
479
474
478
466
462
467
467
471
468
467
468
472
472
463
465
467
465
474
476
461
454
458
452
453
457
446
440
431
428
405
395
389
385
385
379
378
362
360
348
341
347
341
333
327
323
319
309
308
289
228
284
279
282
269
253
254
247
245
232
233
220
209
200
199
193
189
175
170
155
154
157
150
143
139
137
131
131
125
119
119
116
116
115
109
103
99
94
95
86
84
77
75
63
29
64
66
64
66
66
66
66
67
64
65
65
67
64
68
67
71
71
77
80
79
80
81
83
86
88
86
86
88
87
85
89
90
91
92
97
103
104
104
109
113
115
119
123
124
126
126
127
134
137
136
139
136
139
135
138
147
153
146
136
151
152
160
161
165
173
181
191
200
202
202
205
214
228
236
239
248
250
253
267
265
270
287
297
299
306
305
316
322
328
335
334
342
342
351
355
360
368
369
367
368
370
381
384
389
392
401
393
397
402
402
403
404
411
411
411
418
412
414
414
412
414
423
419
417
411
412
413
419
424
420
423
423
429
423
421
422
421
422
402
405
407
406
407
416
414
410
413
413
413
412
413
409
413
417
412
417
416
413
412
407
401
402
399
404
397
396
399
399
410
410
407
403
403
399
397
384
392
387
391
395
391
396
400
396
415
413
416
410
414
418
418
414
404
412
410
420
414
405
412
404
402
401
411
413
411
417
412
414
414
412
418
419
419
407
411
413
418
414
417
414
404
396
398
396
391
393
397
403
399
400
397
400
413
411
418
418
419
409
418
431
428
428
428
429
422
425
430
428
433
429
429
429
440
447
440
440
436
447
455
441
443
448
452
452
445
444
446
464
465
476
480
481
477
457
461
468
466
461
460
456
447
439
450
451
445
447
453
455
456
457
458
462
455
459
462
459
453
448
446
443
440
315
423
431
419
414
406
412
420
416
409
407
414
405
407
402
402
398
400
397
389
391
404
404
405
407
411
402
400
396
402
404
393
385
394
400
397
389
392
388
399
386
382
379
377
380
379
363
362
358
357
357
354
357
356
354
349
350
354
362
363
363
361
359
352
357
362
368
362
363
370
366
359
365
363
367
368
354
360
366
368
370
371
367
381
385
392
396
394
388
379
377
372
365
377
380
389
395
409
409
415
411
408
401
402
404
391
385
380
38
28
2
0
54
371
382
388
400
399
413
412
412
419
418
426
426
424
422
411
424
416
412
303
412
432
450
456
449
448
460
450
454
459
453
445
448
451
452
453
456
461
455
457
449
461
457
460
468
466
457
463
455
456
456
453
458
453
449
443
447
443
458
450
449
453
450
453
456
453
452
448
439
440
433
423
415
400
397
391
72
66
60
52
39
46
63
103
407
417
423
440
445
454
463
479
487
493
498
492
486
479
486
375
514
520
525
529
536
536
535
542
539
532
535
544
544
552
549
543
549
551
552
549
549
548
545
548
548
556
555
546
528
509
510
550
548
557
553
549
544
537
537
539
527
530
529
529
528
526
523
519
517
514
511
511
518
513
514
505
493
496
489
493
491
491
490
502
490
503
497
499
497
489
484
489
492
498
496
491
488
485
481
474
491
497
500
501
494
508
500
498
500
470
498
497
485
485
485
476
468
473
457
462
444
417
400
419
437
438
452
451
445
441
438
444
437
437
430
422
429
427
429
432
422
421
411
399
396
399
393
387
394
382
382
392
382
388
400
409
403
413
404
415
418
415
421
423
426
425
434
442
441
443
442
441
441
442
444
441
440
436
431
447
450
451
457
466
471
480
480
483
485
490
495
490
497
500
497
498
513
516
518
517
509
520
524
521
527
522
534
528
542
550
568
573
572
583
585
583
574
591
591
603
601
603
604
604
597
601
609
612
610
608
618
614
616
623
619
617
621
624
625
624
630
619
627
616
617
623
619
623
633
624
620
623
624
620
618
624
622
623
628
629
625
620
601
591
578
579
578
578
583
574
561
540
545
536
546
543
562
549
550
554
548
559
562
575
583
573
579
591
584
582
586
586
592
588
591
601
612
587
590
588
590
585
585
583
588
589
597
576
568
566
564
560
555
548
539
536
546
536
530
521
513
514
507
480
356
478
491
500
542
545
545
545
542
545
538
547
544
548
552
546
546
543
543
537
535
515
525
511
511
506
511
518
517
518
525
525
517
517
513
506
504
504
495
490
507
511
516
500
501
487
491
488
475
469
465
477
477
475
462
466
472
480
484
499
492
496
492
484
488
479
474
481
464
460
464
473
471
469
474
472
468
455
461
454
456
449
463
448
444
459
465
470
477
481
480
476
481
482
476
479
478
480
473
475
482
478
473
479
475
479
483
473
469
473
475
476
481
484
480
476
479
478
466
459
464
462
457
464
469
466
463
465
479
471
469
466
475
469
466
469
463
461
472
463
454
463
472
470
461
464
467
473
466
462
471
452
453
456
454
447
453
440
442
453
447
449
468
466
470
458
459
450
450
449
446
446
447
460
448
456
460
454
459
448
449
443
449
453
456
463
464
463
460
451
458
458
456
462
452
456
478
480
477
479
480
475
470
473
466
455
446
472
469
467
456
464
463
479
483
484
485
478
486
491
484
477
469
480
482
493
497
507
514
518
516
519
523
530
522
529
529
536
532
526
530
522
525
514
518
530
548
528
547
547
550
552
554
549
549
544
548
542
552
549
545
548
533
542
536
539
539
541
545
543
550
540
541
526
532
526
527
534
534
518
524
528
522
519
523
524
519
511
508
501
503
500
496
494
493
492
483
484
491
478
475
486
487
480
494
496
494
489
488
486
472
470
463
461
459
454
461
457
461
463
462
449
445
441
439
438
433
433
417
407
5
404
408
411
415
411
411
409
381
354
357
407
418
425
436
428
433
429
429
426
422
419
409
400
399
396
381
377
370
377
375
372
372
369
357
379
376
376
380
375
373
376
378
380
381
379
380
372
372
361
355
315
354
370
383
382
389
389
384
379
383
389
394
389
393
399
394
393
396
399
394
404
393
403
400
398
406
401
398
397
396
396
395
395
395
387
387
374
381
394
399
383
393
395
389
394
395
389
384
393
394
392
389
386
393
392
387
389
384
388
396
391
389
384
383
379
368
359
285
367
370
402
411
416
411
409
419
411
411
423
430
428
412
412
413
400
291
397
401
407
404
410
414
418
415
415
419
422
412
293
423
434
440
442
449
450
447
453
443
446
449
447
444
454
457
453
455
450
455
456
467
474
475
467
466
473
468
475
478
468
479
475
471
490
495
496
501
502
504
503
496
506
491
488
495
495
498
499
499
489
493
497
498
503
505
510
517
531
535
537
539
533
533
530
537
535
527
535
534
531
523
511
525
528
535
540
543
547
548
550
553
559
562
558
547
552
562
554
545
551
552
553
547
544
538
532
545
542
536
544
549
549
541
530
520
526
527
529
514
517
516
506
504
518
517
504
504
508
510
517
509
498
504
494
501
507
504
503
494
484
486
494
490
486
486
488
493
482
481
477
478
469
462
438
460
465
474
470
457
469
448
433
438
433
441
447
440
448
439
450
446
446
439
437
430
430
432
434
432
428
425
427
439
434
429
430
417
409
417
426
424
426
417
419
439
437
438
437
441
450
445
444
450
443
443
450
444
438
452
451
442
449
452
448
445
448
453
458
457
467
455
458
454
454
457
455
461
458
461
459
458
464
463
456
456
458
456
452
462
463
466
453
446
470
468
467
466
471
473
476
472
470
471
470
462
456
425
456
457
467
478
484
476
486
482
481
487
491
487
488
488
486
480
477
473
469
466
458
456
436
441
445
450
448
450
446
448
452
446
452
450
464
476
475
478
477
485
479
487
491
483
484
489
485
490
492
484
491
501
497
496
497
498
491
502
485
495
498
497
503
514
512
507
519
518
523
512
509
507
500
509
505
506
505
508
492
503
502
490
492
492
490
501
489
508
515
506
505
502
499
510
507
512
511
515
517
512
508
501
496
497
502
501
502
506
510
506
505
504
503
498
507
511
509
500
501
508
508
501
500
498
500
489
497
488
478
475
466
476
484
475
480
481
474
474
475
475
463
469
468
470
467
471
469
463
464
460
458
450
455
465
466
463
468
468
472
474
474
475
462
455
441
433
424
2
431
444
463
503
504
500
519
509
512
518
510
511
513
521
521
528
523
519
507
512
543
549
552
554
556
557
553
564
563
563
565
571
569
563
568
577
579
566
579
589
582
580
596
594
591
585
585
591
597
593
588
587
577
555
547
544
536
512
488
523
528
524
539
541
534
536
529
535
523
537
531
525
514
504
484
494
495
484
482
464
474
471
472
471
473
466
471
482
465
457
453
450
450
442
444
450
450
454
439
436
436
430
434
440
424
418
429
427
418
416
408
403
409
404
400
392
393
384
387
382
380
383
385
379
379
378
375
377
378
377
371
373
368
372
362
369
373
363
360
358
354
360
350
350
360
358
354
352
347
358
356
357
356
363
359
357
361
357
355
362
358
352
350
351
355
351
354
343
344
350
341
328
349
342
347
345
349
350
346
348
346
344
343
346
342
335
335
324
310
280
275
279
281
224
311
341
344
341
337
340
334
333
340
335
336
334
343
345
345
345
342
345
338
341
344
341
341
345
337
340
335
330
333
334
328
320
324
318
324
318
319
321
317
317
323
323
323
325
328
323
319
314
318
323
315
315
323
332
324
330
337
332
326
322
318
321
317
318
323
326
322
331
336
334
333
333
333
331
321
325
330
337
338
337
343
344
347
345
349
348
357
357
360
362
369
384
387
390
385
388
388
380
395
391
394
396
393
389
403
401
399
402
401
407
409
411
414
408
410
411
411
414
411
408
414
408
400
399
410
418
418
421
415
410
419
413
414
407
409
408
407
415
421
421
431
438
446
441
453
458
474
473
472
484
489
489
494
491
500
499
491
484
474
479
488
483
479
480
482
485
484
469
467
470
477
481
471
465
471
464
452
461
450
444
450
432
417
306
435
445
450
446
438
445
445
433
432
435
432
434
429
440
438
452
451
451
450
453
446
444
438
430
429
397
442
448
463
469
466
464
462
465
469
462
456
463
468
466
469
467
467
465
462
466
468
476
485
481
489
485
484
482
473
459
314
473
486
487
481
493
500
502
504
510
508
515
538
534
532
542
540
548
542
542
545
547
538
542
546
546
543
551
548
549
536
543
551
544
538
551
552
557
554
555
554
548
558
559
556
561
559
567
564
561
556
553
559
551
555
546
537
528
504
493
489
490
492
482
482
480
466
444
449
455
456
468
461
464
467
469
460
465
470
467
463
453
446
455
457
475
467
461
453
451
441
431
424
419
405
397
389
376
365
357
356
351
347
331
323
307
307
305
295
291
247
254
256
250
243
237
225
224
226
219
208
197
191
160
102
141
141
138
130
116
22
20
21
21
20
21
20
274
284
288
291
308
311
327
330
338
344
349
354
355
360
359
365
368
376
370
382
378
370
372
376
376
368
364
362
349
263
350
356
350
353
350
318
337
343
342
344
347
348
344
347
352
354
360
363
360
355
353
353
356
359
353
352
338
330
332
322
320
311
301
287
286
217
267
265
265
264
242
142
245
240
247
246
244
241
237
222
219
209
190
80
127
124
88
158
166
173
173
176
158
135
130
122
132
133
133
150
155
212
230
238
243
246
259
266
271
279
280
288
286
196
281
287
296
299
294
300
298
301
307
305
305
304
305
303
303
297
290
289
290
280
222
251
252
245
286
292
301
301
300
298
294
288
286
280
279
275
265
262
255
185
266
269
264
258
255
257
249
247
246
246
240
239
234
172
221
228
234
247
244
210
209
244
233
241
224
264
270
255
245
252
237
270
279
279
215
288
301
297
302
312
306
316
313
318
319
315
320
325
325
322
327
339
336
342
339
343
336
343
347
348
347
341
346
349
343
346
342
334
329
316
318
319
314
312
308
303
299
295
291
278
276
266
259
244
227
148
149
145
136
145
173
174
179
178
176
172
138
146
146
144
142
146
144
143
180
184
192
197
198
193
189
184
171
149
136
139
142
142
141
142
140
133
149
157
156
155
157
154
153
137
88
102
102
102
146
157
158
167
166
167
169
167
162
134
151
150
153
156
150
146
137
109
138
147
146
146
146
139
150
164
165
174
177
180
188
193
198
201
206
205
203
199
198
202
197
169
168
166
167
228
241
242
253
253
252
280
294
301
303
309
310
318
319
321
320
317
319
319
324
322
322
322
319
301
284
208
245
247
209
300
306
317
323
329
337
327
320
301
338
348
350
356
354
360
363
367
360
352
355
362
364
353
344
309
312
269
388
405
409
416
421
427
439
440
441
446
437
435
435
441
441
448
454
455
466
464
467
459
464
459
462
460
461
457
452
451
448
440
433
427
419
310
437
437
444
446
444
447
455
452
442
439
445
440
437
437
435
433
425
307
424
429
435
425
428
421
292
422
426
431
428
426
427
418
410
403
366
389
398
406
412
423
430
432
429
426
424
423
420
419
413
411
410
417
412
417
414
411
406
404
412
409
412
409
399
402
384
327
334
338
335
362
385
407
413
419
432
432
424
417
406
407
406
407
410
412
418
415
403
404
391
394
380
371
363
278
309
311
320
373
381
379
382
385
395
398
403
397
397
391
385
371
243
365
386
391
394
403
393
391
381
377
375
364
224
299
295
290
341
374
371
384
393
396
400
404
400
402
385
200
370
373
388
391
389
380
384
383
381
374
367
340
354
366
373
379
379
391
400
401
404
405
407
407
410
410
415
417
415
420
414
417
420
420
415
416
414
417
419
423
420
429
429
427
432
433
437
439
441
446
447
451
452
453
451
461
463
462
461
469
469
478
487
475
477
481
479
473
484
481
482
486
486
492
500
507
505
512
512
516
520
523
513
511
503
497
372
512
512
513
498
515
519
506
501
502
495
497
493
496
491
496
497
493
496
496
483
484
478
485
484
488
483
477
478
480
472
477
471
466
475
465
461
463
466
453
451
436
424
420
392
378
422
416
423
414
401
387
445
463
461
460
461
458
455
458
451
441
420
408
426
437
438
438
438
433
417
422
427
422
425
422
426
428
432
424
354
339
262
370
386
389
395
401
399
416
426
425
419
426
421
426
434
443
446
453
464
467
471
471
465
464
457
451
319
434
451
454
464
472
483
478
480
477
477
482
481
479
475
480
478
478
491
496
505
500
497
492
476
492
494
494
494
493
487
490
494
498
485
481
477
476
468
359
363
359
355
378
436
438
456
469
469
488
490
495
499
491
517
501
508
511
523
523
536
530
515
524
523
529
516
521
515
521
527
516
515
512
526
522
525
513
517
524
512
511
508
508
513
511
520
514
512
508
501
492
490
356
481
487
486
483
483
480
470
473
452
445
442
440
448
448
396
457
456
446
457
455
433
427
410
394
426
430
458
458
465
456
456
444
426
453
465
472
470
466
469
460
456
467
469
460
462
460
454
450
443
427
395
420
431
442
448
451
448
447
444
295
423
438
453
454
459
468
460
459
461
441
451
456
445
446
442
436
433
436
430
422
413
405
403
428
422
427
434
432
435
422
417
410
408
401
378
369
350
254
253
250
254
254
253
357
362
375
380
390
387
390
381
388
393
390
377
388
377
371
341
377
384
396
403
416
414
414
413
415
416
420
428
424
421
419
413
416
408
418
421
418
423
417
424
428
420
425
434
438
437
436
433
436
447
446
444
447
438
439
439
437
437
452
446
438
433
431
436
436
436
440
441
433
437
448
453
453
453
445
443
405
453
461
470
478
484
487
493
498
495
490
492
489
486
491
493
500
495
504
503
499
496
499
489
474
466
464
468
468
474
468
465
464
473
469
475
474
462
467
467
467
473
474
467
464
453
448
441
430
431
429
430
423
425
415
408
396
316
388
399
422
426
430
426
433
430
426
421
421
418
420
412
407
404
398
400
399
401
399
386
376
375
376
368
360
354
358
350
348
349
346
351
344
338
343
335
337
326
329
338
342
335
327
331
332
328
328
330
325
325
325
322
328
325
337
326
325
323
325
320
327
324
315
315
308
310
313
315
315
313
320
322
322
321
320
323
318
219
330
343
346
354
369
363
354
363
366
364
362
356
360
380
389
394
398
396
391
390
389
385
377
374
375
363
326
332
331
289
382
389
385
391
395
400
401
410
411
410
396
382
394
396
401
402
391
302
390
402
405
409
410
400
286
382
397
399
402
406
408
406
408
407
416
417
411
422
418
423
429
427
432
440
437
445
443
443
442
435
434
436
435
433
434
425
420
418
407
400
392
385
372
367
325
240
237
238
234
236
232
235
270
273
278
282
284
286
284
266
260
275
282
300
306
299
293
293
298
292
291
270
251
144
174
158
175
176
173
294
309
316
327
337
338
340
338
339
356
358
368
376
381
384
395
400
405
401
402
411
407
417
412
407
407
394
393
375
272
328
324
322
410
420
422
423
428
441
438
441
444
443
445
439
423
429
303
438
455
464
458
455
467
465
459
456
462
458
421
454
464
478
486
490
504
514
500
478
522
436
523
525
520
525
524
528
527
531
529
537
542
542
544
544
544
538
545
528
532
531
544
536
537
541
525
525
519
514
505
499
492
494
505
495
498
498
500
486
485
487
481
480
474
478
471
465
463
465
467
459
447
312
435
436
445
445
449
437
444
415
310
418
432
433
433
431
432
436
435
428
414
426
422
422
419
419
414
404
402
402
394
395
401
387
396
388
376
372
375
363
361
363
357
350
345
329
316
319
324
312
314
312
307
296
284
275
255
273
281
279
278
272
276
271
265
258
256
252
243
227
72
89
87
76
92
91
83
103
104
103
220
227
252
273
274
165
276
292
301
304
309
311
317
321
316
318
313
314
310
307
298
291
291
287
282
243
210
221
218
214
247
250
258
274
275
136
275
285
293
292
294
292
291
289
285
270
265
202
206
209
191
206
206
203
236
308
313
316
324
326
330
331
238
352
360
375
383
394
396
403
411
417
421
429
409
409
405
411
421
424
420
422
420
404
403
403
392
391
399
388
387
376
374
334
338
332
334
333
321
324
321
309
370
380
381
393
401
403
406
395
392
396
405
412
408
416
396
413
401
401
398
403
411
413
412
404
397
398
393
384
369
301
306
306
302
368
385
388
392
396
404
410
415
410
411
403
403
403
411
400
404
387
375
383
410
413
404
404
277
430
444
434
437
457
451
456
463
466
477
476
474
482
483
480
486
485
487
487
485
460
502
501
506
511
515
375
507
518
532
535
527
526
524
511
517
519
518
526
522
516
520
520
506
519
507
546
541
541
523
495
531
543
535
531
533
527
525
523
516
507
511
512
505
501
492
486
489
487
477
476
479
476
465
454
439
429
350
451
459
468
479
482
482
484
493
492
490
500
491
491
487
480
464
452
438
308
389
385
373
363
352
413
426
434
440
439
425
427
429
425
423
408
237
324
327
326
364
389
397
406
411
427
430
431
436
426
416
374
399
416
419
433
440
435
445
433
432
426
424
423
425
433
434
443
452
452
444
422
407
458
474
476
472
488
482
485
488
498
502
497
493
489
494
497
494
498
502
499
507
513
518
519
512
509
513
511
523
520
519
522
522
523
527
519
497
478
504
525
538
550
548
551
552
553
549
541
542
536
544
550
548
536
537
547
559
555
563
572
570
555
566
569
576
570
404
560
576
584
587
598
606
617
603
620
618
624
629
628
623
630
651
652
644
640
639
652
647
650
647
668
633
617
624
664
662
670
666
662
672
662
648
648
672
667
667
624
597
611
634
634
644
641
626
607
608
610
602
609
605
608
608
604
599
590
590
585
591
589
594
601
598
598
601
596
598
586
471
533
569
610
606
602
618
616
610
612
610
616
602
590
586
581
588
574
562
565
561
557
556
560
545
528
532
530
525
507
503
491
495
487
486
470
468
477
466
466
470
471
472
473
475
474
481
472
482
482
475
465
473
473
474
481
483
486
492
496
505
504
494
494
499
488
484
471
480
500
492
503
505
507
504
512
515
512
513
510
516
516
523
515
518
516
520
511
524
526
520
519
522
518
523
518
520
513
508
516
505
505
505
494
478
430
438
435
432
472
480
485
481
481
484
472
457
452
453
441
262
324
324
285
373
383
403
406
402
287
425
433
431
437
447
451
448
454
454
449
452
460
463
466
456
467
452
459
446
454
449
441
439
431
427
423
423
416
410
408
404
385
296
382
391
403
413
415
425
413
415
411
408
412
405
403
405
405
395
392
389
385
388
386
384
376
359
267
357
364
362
374
373
370
365
359
357
365
360
363
368
359
357
342
229
287
307
322
333
338
342
347
351
350
360
361
358
357
343
241
335
343
347
350
358
355
355
364
356
327
360
358
357
351
345
340
343
338
343
333
256
326
331
323
320
319
309
288
339
334
353
352
355
331
315
277
276
283
281
309
359
364
362
366
359
361
355
349
348
350
357
345
344
347
351
356
368
362
362
367
363
363
361
364
371
372
361
355
349
352
345
334
336
327
331
335
344
347
354
357
351
350
349
348
355
340
352
356
348
353
359
358
363
363
360
359
357
349
344
329
316
355
367
377
386
387
377
389
386
388
383
387
381
387
384
382
382
379
377
280
368
376
385
389
397
394
390
391
388
390
388
382
392
391
393
294
383
386
389
401
404
401
405
391
398
408
404
408
402
396
394
385
388
388
385
386
382
372
365
375
374
369
355
360
358
356
361
350
351
343
331
338
341
338
341
336
335
339
339
342
335
332
324
326
326
323
323
312
303
290
274
269
27
6
19
28
260
274
281
285
294
292
299
306
309
311
313
316
320
328
330
335
345
348
352
354
356
354
362
367
370
373
376
378
378
385
390
393
391
396
393
389
403
408
411
413
418
425
421
425
423
435
434
433
423
419
402
432
431
432
437
442
441
442
444
439
427
440
447
437
431
431
436
439
442
440
435
447
451
460
460
461
466
461
457
446
443
460
456
463
457
458
458
457
453
442
427
295
377
375
365
428
455
457
472
483
475
486
479
489
491
495
501
495
485
483
484
492
493
505
509
505
512
503
510
507
504
525
522
517
507
507
341
518
514
516
508
504
505
497
490
425
426
367
511
518
523
537
544
545
540
555
557
557
553
562
564
573
577
581
588
573
559
532
557
568
581
587
583
572
565
570
565
571
567
573
566
578
586
579
587
584
576
575
567
572
578
574
565
557
557
564
556
549
552
540
531
529
525
524
529
526
524
508
501
508
504
504
500
499
484
482
473
475
476
470
465
463
464
470
477
476
473
473
459
462
455
452
444
429
420
420
415
417
417
406
415
406
400
405
402
406
408
403
404
397
404
402
397
388
369
392
392
402
404
405
403
391
394
394
392
388
383
392
397
394
389
392
393
393
398
394
395
390
393
391
392
391
392
398
395
401
397
398
393
399
401
402
401
393
401
386
394
383
380
386
377
374
372
383
381
383
387
385
383
379
379
376
380
380
381
384
392
391
387
385
383
382
378
384
381
387
385
382
373
277
371
389
382
391
387
384
379
373
371
375
366
365
363
355
352
340
329
324
313
309
202
283
282
277
248
240
178
176
176
169
187
188
188
133
321
346
355
349
363
363
364
370
372
376
377
373
375
379
376
374
357
387
394
400
397
408
407
409
404
277
376
391
396
402
405
405
404
405
403
403
405
402
404
404
405
405
409
414
415
414
408
398
401
401
412
411
407
404
405
406
401
408
407
400
400
400
395
391
385
388
381
367
355
345
324
350
360
360
354
353
342
333
336
332
333
321
179
240
235
230
297
304
311
317
325
199
344
341
345
346
354
352
354
362
362
357
347
347
355
347
350
352
338
318
322
324
355
357
358
360
372
380
382
370
384
375
378
376
386
387
379
376
374
375
373
383
386
397
402
411
411
422
427
430
430
423
423
414
415
418
420
428
435
440
437
438
442
447
441
440
447
447
450
458
455
467
475
475
480
479
477
473
463
437
416
452
450
422
446
440
433
431
439
431
426
413
432
434
431
448
444
444
439
422
409
426
452
453
454
453
460
456
454
426
446
462
469
468
466
474
471
469
472
464
452
447
437
437
431
428
414
414
407
390
277
311
312
261
365
370
370
393
398
400
410
403
401
405
407
409
405
407
402
401
395
392
382
368
241
354
350
255
374
379
404
404
407
404
412
407
260
417
428
433
432
431
424
434
435
440
438
433
312
437
444
455
462
463
470
472
474
478
470
475
481
495
498
500
503
502
507
519
521
521
514
517
506
511
518
516
511
517
507
506
521
518
514
512
509
505
504
502
507
503
494
495
489
486
476
459
379
386
387
383
395
415
434
432
423
409
439
447
456
454
452
446
435
437
438
428
417
410
400
397
393
386
375
366
359
345
313
349
349
347
344
333
329
322
283
182
245
244
186
299
301
303
316
314
313
311
296
154
306
310
317
326
325
301
308
311
315
307
300
280
297
306
315
327
330
321
299
314
327
337
337
342
349
345
357
364
361
362
366
372
375
387
399
269
405
416
423
420
437
434
457
449
453
456
476
468
482
475
481
503
497
502
501
506
498
501
508
490
503
514
512
517
530
535
530
539
541
567
569
567
563
579
581
432
584
576
554
557
445
571
583
584
586
583
584
594
596
598
609
605
612
598
619
616
618
606
608
605
614
597
591
570
430
531
549
565
566
566
561
558
559
557
544
538
528
534
532
524
518
501
504
492
483
479
484
480
478
460
460
446
425
413
405
392
365
303
306
305
291
317
328
335
340
336
332
321
318
176
321
324
332
333
336
343
344
342
329
319
303
135
250
253
252
253
250
216
212
222
174
251
313
321
330
332
334
353
347
343
372
386
390
407
407
424
423
430
434
447
442
447
442
462
468
473
473
477
484
480
471
478
479
478
471
469
477
479
478
482
488
480
486
481
483
489
494
484
479
465
440
339
456
476
478
483
489
489
491
481
484
485
484
486
481
470
439
479
484
490
492
507
502
508
512
509
473
449
286
371
364
331
424
432
437
433
436
336
446
480
499
503
513
517
522
525
515
518
513
524
525
534
530
526
535
531
547
546
554
553
554
537
531
525
524
531
525
535
539
536
541
528
503
416
415
415
422
465
476
481
477
479
483
486
481
479
472
475
468
468
470
467
476
468
480
475
465
466
471
460
425
456
467
467
475
478
477
482
483
483
486
488
492
497
499
505
497
493
496
494
493
485
484
488
484
478
485
477
485
485
492
497
497
499
497
502
502
504
496
489
482
472
340
471
476
473
479
490
492
471
466
469
467
467
468
458
452
451
444
444
438
440
427
435
446
438
374
420
413
404
399
371
280
334
331
274
402
414
409
417
412
413
402
408
410
402
397
395
403
398
397
388
375
354
391
399
396
399
398
395
391
390
386
386
381
383
370
362
311
329
337
338
336
314
286
292
300
313
321
316
318
312
306
294
287
284
287
294
291
288
286
280
279
280
273
273
277
277
272
264
270
260
255
251
254
254
250
252
249
245
239
230
211
128
200
214
209
207
202
202
203
197
108
203
215
222
236
234
228
229
235
241
236
234
243
245
242
240
237
244
245
248
253
261
261
264
262
264
265
265
267
261
265
263
257
260
258
259
259
259
255
253
250
247
248
245
240
228
227
221
219
217
212
206
196
187
183
171
159
98
109
107
101
101
100
91
119
119
128
132
130
134
131
130
125
119
118
111
113
112
116
114
108
98
101
100
92
110
113
113
116
118
124
123
126
129
128
129
127
129
128
128
129
125
123
121
123
120
113
113
106
103
97
68
68
67
61
70
69
68
66
67
65
67
68
69
64
66
64
59
58
55
52
51
50
46
47
46
45
42
41
36
33
29
26
24
22
19
17
16
15
9
5
5
5
5
20
33
38
39
42
43
49
50
52
54
59
60
65
69
72
74
75
75
74
78
78
82
83
83
86
85
86
90
92
95
99
100
100
103
101
101
99
98
67
101
107
109
116
116
122
127
129
133
132
127
131
133
134
128
133
132
137
138
140
139
134
139
138
132
136
136
135
133
126
127
149
159
167
172
182
182
187
191
194
207
214
220
221
220
216
207
198
241
244
249
254
257
256
250
246
237
265
267
279
288
295
295
302
303
306
299
299
283
304
322
329
335
335
344
348
352
357
364
364
355
329
358
301
358
375
384
393
408
406
403
407
407
410
414
423
426
425
427
430
433
440
438
428
437
436
434
428
421
407
411
407
395
384
269
272
270
264
260
235
250
250
232
247
245
218
371
381
392
404
409
412
413
421
423
436
432
436
428
425
425
435
438
443
442
446
443
449
455
454
456
448
451
452
455
453
458
459
464
462
457
457
448
447
443
450
443
434
437
446
450
447
447
440
437
437
320
446
445
453
450
449
449
455
445
416
438
450
459
461
466
469
471
463
459
471
478
469
467
475
476
470
478
476
478
474
471
461
461
457
457
446
432
437
426
422
414
413
406
398
371
365
156
156
156
156
157
157
161
158
161
340
349
357
360
364
367
378
400
408
420
419
433
433
435
438
437
442
448
453
463
478
477
471
471
471
471
466
476
470
470
463
463
461
460
432
412
420
432
432
421
417
416
410
406
407
395
394
388
309
383
381
383
377
376
377
365
370
364
366
355
356
347
348
351
349
349
346
351
347
351
335
333
329
323
325
316
315
316
305
304
299
295
291
289
292
283
275
271
272
280
282
277
281
281
277
285
288
294
293
295
288
293
290
286
281
280
279
278
282
281
281
287
288
285
284
288
287
287
285
291
292
299
299
300
281
217
280
295
300
307
310
306
309
325
328
331
329
342
337
337
340
351
352
355
358
359
365
367
366
359
358
364
370
374
376
369
366
364
348
347
350
348
347
347
341
337
334
331
324
321
325
327
321
319
315
322
316
320
319
321
324
318
319
312
306
302
298
305
304
297
307
296
292
296
292
292
284
281
286
285
290
281
285
275
274
269
268
273
275
271
267
264
266
265
260
260
268
268
266
268
264
263
256
254
251
255
246
244
245
243
241
237
235
236
234
228
220
223
222
219
221
214
211
209
212
201
187
169
168
167
140
185
187
188
190
190
189
190
180
178
169
167
168
163
160
153
153
145
141
137
132
129
128
120
120
112
110
107
105
101
104
99
97
94
87
83
80
74
66
55
53
48
45
38
30
25
18
17
15
12
9
7
2
1
4
9
12
14
20
23
32
31
34
36
40
45
47
48
50
54
57
58
59
61
64
64
67
50
73
77
78
80
82
84
89
94
93
93
98
99
111
116
119
126
122
131
143
142
147
148
150
158
156
156
163
162
154
147
151
150
152
147
167
191
194
204
208
219
223
225
223
228
233
232
229
230
238
247
249
255
270
276
281
292
294
292
294
294
301
304
303
308
301
298
283
313
319
324
331
344
342
350
343
350
354
353
358
371
369
370
379
379
384
396
398
400
406
408
412
422
420
424
414
404
395
396
377
434
443
451
454
463
465
471
470
473
468
444
485
486
495
498
497
502
496
486
483
481
479
475
478
474
479
473
478
480
488
493
479
471
469
457
420
475
479
477
483
466
470
456
453
450
468
473
462
460
448
330
449
456
456
447
455
444
437
436
426
421
419
409
407
402
400
388
372
332
340
346
348
348
347
290
304
307
310
316
321
319
319
311
297
304
299
292
294
296
299
295
297
297
294
296
297
297
286
285
288
279
284
280
277
271
273
264
257
257
248
250
243
231
228
227
214
213
210
200
191
186
183
178
176
171
161
153
147
140
132
117
91
93
92
96
92
89
85
80
77
72
71
66
58
54
51
40
54
57
58
59
58
56
47
46
27
66
68
72
83
80
81
89
95
100
101
101
103
106
106
107
107
106
106
127
127
126
125
125
96
126
133
137
138
137
138
132
129
108
109
107
71
131
156
163
167
175
177
186
185
182
177
172
152
188
189
188
195
201
197
192
180
117
177
191
193
199
193
155
183
184
184
259
272
273
278
295
296
302
304
307
309
303
288
312
313
327
331
338
342
348
351
356
364
365
375
379
381
380
385
392
394
401
394
395
398
396
396
400
390
401
397
405
401
403
399
399
398
393
390
394
398
398
393
394
389
394
384
380
385
374
379
376
377
375
372
364
357
350
336
238
336
340
347
340
333
334
333
326
319
314
307
213
317
322
327
330
335
323
321
306
206
317
331
328
329
314
281
301
311
323
323
325
327
326
336
338
335
333
330
323
325
230
328
337
343
364
369
379
382
381
378
378
374
376
373
373
378
385
390
397
397
393
401
400
399
389
385
370
267
368
376
377
383
379
374
372
362
336
373
386
390
392
383
241
388
388
401
414
419
415
420
411
406
411
398
278
412
424
423
421
423
426
431
436
441
442
443
437
437
428
316
422
438
449
454
461
463
459
464
465
467
468
468
478
485
483
485
488
490
495
492
494
493
490
503
494
495
498
500
508
506
509
504
506
517
515
520
517
508
510
506
501
499
497
493
492
483
482
472
463
453
450
435
408
306
422
421
417
400
395
384
408
421
389
390
391
344
386
394
399
388
372
353
373
416
413
418
421
416
418
412
405
404
402
412
401
386
356
378
383
392
399
402
403
408
409
415
416
413
300
406
413
417
435
436
434
436
429
439
441
447
449
454
454
452
449
455
453
455
450
459
460
457
443
439
423
307
454
459
466
468
472
461
463
449
449
447
451
453
460
461
465
466
470
463
465
469
467
463
462
472
472
453
458
449
458
463
461
462
458
459
459
454
460
457
458
466
462
461
455
460
459
459
464
460
465
465
469
482
483
483
484
484
482
487
501
497
500
489
493
489
481
481
492
494
490
488
481
478
482
480
481
473
472
470
473
473
477
473
480
476
468
457
439
459
477
489
494
487
491
502
506
507
502
506
496
495
513
527
519
520
518
530
526
530
536
529
521
523
518
514
514
503
504
502
487
491
490
478
473
469
465
462
461
458
451
435
428
411
386
409
415
419
415
416
411
406
394
383
373
236
316
308
309
233
351
343
353
340
331
321
299
186
310
314
313
317
320
323
321
310
308
300
295
287
288
278
234
233
235
239
233
210
186
185
181
184
259
272
280
285
297
302
292
289
272
291
301
318
326
332
322
316
315
313
305
295
205
272
267
270
324
333
344
355
361
363
376
387
390
391
389
395
406
413
416
414
429
428
427
443
285
429
431
429
444
434
438
435
433
433
432
428
427
440
438
445
454
449
464
469
480
482
480
474
471
447
481
496
487
485
487
476
449
491
498
506
504
504
512
516
520
528
525
519
512
524
526
528
530
526
524
534
533
535
528
512
483
503
502
500
490
488
474
489
521
519
522
509
518
507
499
363
494
505
517
521
516
512
508
517
518
506
506
505
500
498
501
505
508
504
481
470
352
464
462
464
467
426
413
420
443
452
464
459
451
466
459
432
440
434
392
430
440
442
439
454
463
464
461
447
449
448
458
449
451
449
457
462
463
460
443
447
448
442
435
429
428
437
427
420
417
408
396
396
384
369
342
382
382
377
365
354
259
362
401
401
399
392
378
394
388
393
396
389
374
262
349
350
352
353
334
400
411
430
438
444
447
446
451
463
458
459
460
455
431
369
372
366
315
406
424
431
434
444
459
461
456
464
470
461
478
482
483
475
484
470
467
470
465
471
457
467
469
470
473
470
470
469
477
471
470
473
461
473
470
456
451
456
463
455
443
437
430
422
425
418
412
404
393
385
369
345
329
329
327
329
328
321
288
298
298
299
288
271
150
261
264
275
282
278
264
263
246
237
222
212
152
151
148
90
194
208
206
197
196
199
203
197
191
150
167
165
172
170
150
170
169
172
231
241
256
272
273
282
289
297
304
305
301
301
301
308
306
292
291
267
288
311
322
330
333
331
337
339
338
338
339
339
345
343
348
350
344
342
338
324
295
311
316
312
313
309
278
235
237
223
238
240
221
340
347
350
363
368
372
376
375
377
372
383
379
371
371
380
379
379
381
381
379
375
371
375
379
378
377
380
374
374
375
369
365
353
348
350
342
327
326
319
311
308
298
293
288
284
279
272
206
217
221
199
223
237
234
232
226
179
233
232
230
228
218
223
216
216
208
205
201
188
176
155
142
155
158
165
163
163
159
158
151
145
138
136
136
130
121
80
116
115
116
116
108
98
100
103
109
112
114
112
107
107
106
104
97
47
92
89
95
94
97
98
94
95
94
96
93
90
87
82
70
93
93
95
95
94
85
103
105
106
112
112
110
109
104
71
114
122
125
128
152
154
161
164
166
165
175
173
173
172
169
172
172
126
181
194
204
207
220
228
234
243
245
258
267
271
266
277
283
284
281
215
308
315
311
326
326
327
333
329
260
312
312
266
376
388
393
407
415
417
428
440
446
444
461
471
486
488
492
500
502
507
501
489
483
479
477
472
466
456
450
446
445
443
439
435
424
397
405
405
407
399
363
324
332
261
398
412
421
430
426
426
426
412
393
420
423
423
427
430
430
313
423
419
424
423
426
424
419
422
419
426
432
431
434
438
436
430
432
429
432
426
430
420
302
418
419
426
407
394
372
382
398
396
390
376
355
411
424
430
423
428
423
431
427
423
417
411
415
421
421
424
421
414
417
417
417
414
413
413
408
404
391
376
407
416
418
415
414
424
421
422
417
400
395
365
405
414
424
430
430
420
412
410
276
434
433
436
435
429
387
417
421
438
445
458
463
462
469
469
469
476
481
481
480
488
490
499
500
504
507
506
512
514
499
504
497
499
483
494
495
494
497
493
487
365
476
481
475
481
469
352
494
490
491
494
485
490
493
498
498
493
494
500
500
492
484
470
333
451
466
462
460
463
461
466
468
469
468
473
470
470
466
470
469
470
470
471
478
485
477
473
473
469
462
461
469
467
466
473
469
463
457
442
446
438
441
398
402
385
371
397
404
410
422
429
432
439
438
444
440
423
399
423
432
432
435
444
436
436
432
434
431
436
428
425
428
426
422
413
413
417
415
410
423
423
412
410
411
413
424
414
420
418
411
281
379
393
396
398
404
412
410
410
411
420
416
415
412
400
402
402
389
276
380
394
399
403
405
399
403
410
408
407
409
411
406
411
403
403
395
406
405
403
410
398
401
387
362
381
382
396
415
415
416
425
414
414
408
404
374
410
420
426
427
426
420
429
431
424
433
428
427
435
426
424
422
415
411
392
292
400
403
403
401
374
343
376
395
399
401
404
407
394
394
384
381
371
371
362
342
217
352
356
361
363
369
365
352
320
208
258
271
203
330
335
348
351
363
372
383
388
390
392
388
399
406
401
406
413
416
406
289
393
401
421
427
443
453
454
462
459
459
460
468
472
483
490
492
497
490
502
495
499
488
494
491
491
490
485
488
483
494
492
488
481
481
483
491
459
401
488
483
482
487
486
478
485
485
482
484
481
480
477
487
488
487
483
483
475
475
484
491
496
491
483
491
495
490
491
499
499
484
488
484
483
484
468
469
471
475
464
465
462
457
456
457
460
457
445
443
441
432
440
420
429
428
420
415
415
416
413
400
387
387
378
378
374
361
259
358
368
369
367
366
365
362
359
346
344
345
350
353
355
355
359
357
356
360
359
356
360
351
360
353
360
354
351
340
228
336
348
359
359
351
364
368
364
360
357
365
363
365
333
328
347
357
362
365
384
391
406
413
415
409
419
419
416
425
427
425
445
442
447
449
449
458
459
466
476
474
472
479
480
484
477
473
345
476
482
487
495
494
494
497
500
499
494
497
500
511
507
511
514
501
509
511
507
506
495
503
509
511
509
507
518
514
507
515
510
514
529
519
526
519
513
518
514
493
484
515
518
523
523
531
527
529
529
534
529
535
544
549
539
535
541
544
527
527
534
530
511
510
500
498
487
486
485
489
484
489
478
464
468
470
473
470
475
477
480
474
473
473
470
476
469
485
487
483
477
481
466
466
471
474
468
469
454
450
448
452
426
400
411
414
423
423
420
423
420
420
415
415
417
410
413
401
405
404
404
403
393
388
395
381
373
379
387
367
351
351
345
340
351
360
377
377
375
381
384
394
393
392
397
394
384
372
378
380
379
257
377
388
392
396
394
405
406
408
415
421
422
430
433
440
441
435
442
438
441
436
435
437
452
440
433
423
412
413
390
351
348
361
261
421
425
435
431
437
437
435
433
441
432
416
268
409
429
431
442
459
447
448
448
447
441
431
407
447
455
456
461
465
461
470
464
465
468
462
471
483
482
484
492
491
493
508
518
508
518
516
523
522
524
514
521
512
516
519
515
526
519
514
498
499
482
443
474
484
492
494
499
493
492
482
439
473
476
483
516
519
514
517
512
514
511
515
520
523
520
516
515
512
521
531
535
528
516
522
527
526
523
522
529
523
527
527
527
534
537
528
536
544
540
531
536
528
523
522
515
516
513
510
505
500
502
490
491
476
481
482
479
478
487
474
467
467
465
459
453
458
459
466
460
446
447
427
270
431
431
429
426
393
287
348
349
286
393
412
421
427
429
427
429
436
439
444
451
452
450
448
457
456
446
445
456
450
448
455
456
449
450
447
452
451
448
447
446
445
448
452
442
446
438
443
438
440
433
429
435
438
432
438
443
440
449
460
461
464
453
467
468
469
471
475
472
474
474
479
474
474
478
469
466
469
481
478
481
465
452
458
466
455
443
447
446
453
451
452
447
444
454
458
466
461
463
471
463
480
479
471
479
492
484
486
495
496
505
506
517
530
535
527
524
523
524
522
519
512
516
526
524
535
545
545
545
535
527
517
512
355
506
507
516
503
491
377
432
430
427
456
485
497
488
501
501
413
500
499
497
492
475
493
480
475
459
469
460
442
424
410
367
365
292
433
453
471
476
476
478
476
460
425
460
472
478
483
472
471
464
459
448
447
312
444
454
461
464
464
458
457
452
456
457
457
458
455
452
445
457
437
461
468
469
477
480
482
469
458
451
444
405
434
431
439
433
434
422
412
375
311
310
312
307
330
328
267
447
483
495
503
503
518
520
530
532
532
555
570
574
571
575
576
578
580
575
584
596
604
598
593
589
584
585
600
601
600
596
592
594
600
616
611
611
602
608
617
611
613
602
596
605
608
600
585
571
577
578
581
567
574
569
568
571
572
561
563
551
546
523
524
505
487
469
456
281
289
287
278
294
296
290
410
433
445
456
460
461
463
472
465
459
451
444
430
408
272
409
418
424
427
440
421
416
406
403
240
375
399
409
421
432
439
435
426
426
435
427
426
440
434
441
438
435
439
434
428
423
419
424
423
434
432
435
423
393
376
366
275
337
275
352
357
368
409
418
416
416
420
308
433
445
443
449
459
460
334
467
470
473
483
478
475
467
464
461
457
461
463
467
464
459
480
471
485
490
484
484
502
513
507
508
520
518
519
520
521
510
520
513
519
524
524
518
532
532
526
518
518
521
516
511
506
505
496
502
497
504
508
510
513
519
525
516
522
516
519
528
521
523
522
513
512
508
507
507
503
495
495
482
487
489
484
484
480
480
475
488
483
482
478
480
486
473
474
473
477
487
486
486
487
492
492
484
497
504
515
514
508
512
512
522
511
507
509
507
510
513
506
510
513
518
513
512
522
523
530
521
514
514
516
504
470
477
484
460
453
498
506
514
508
504
515
526
525
538
547
545
539
534
539
537
521
522
528
531
526
524
517
523
526
530
527
523
525
519
523
522
415
542
536
547
557
568
565
561
563
564
573
565
565
561
553
437
560
570
571
571
568
560
552
560
552
551
546
539
535
533
531
528
532
534
524
518
462
488
494
501
511
514
509
510
512
519
522
507
508
503
484
489
481
471
458
457
439
429
442
458
470
473
476
460
455
452
454
452
448
435
432
428
427
412
406
402
400
391
387
383
368
250
328
331
328
327
325
317
315
306
291
289
269
244
263
266
264
269
262
263
254
252
246
242
234
221
214
211
170
191
189
192
194
190
186
186
181
174
172
171
170
156
151
85
134
140
143
143
144
136
140
139
135
140
127
130
129
130
125
125
121
110
101
120
122
129
131
137
132
132
129
129
131
131
129
126
129
125
125
120
75
108
107
109
109
109
105
92
64
64
64
64
64
63
63
64
162
170
177
178
180
193
196
198
203
201
202
203
217
220
220
215
200
224
235
243
251
253
260
269
271
271
277
282
290
301
301
303
215
278
283
299
308
255
338
346
351
355
361
365
361
369
374
373
373
365
377
381
380
378
393
396
386
340
223
227
224
222
225
235
248
253
253
242
242
242
234
327
334
342
347
343
337
353
389
398
410
416
421
425
436
450
445
440
444
446
452
454
459
455
452
457
446
437
431
428
425
419
412
411
404
394
388
385
381
316
341
340
342
337
263
347
340
344
337
329
324
316
285
235
236
232
232
264
267
271
274
272
269
265
262
250
249
247
237
229
224
208
148
193
198
197
200
203
204
205
200
193
194
189
185
178
169
136
165
165
165
169
166
156
154
64
149
152
156
164
162
155
151
154
143
137
132
105
103
105
103
99
96
92
89
85
82
86
94
99
103
108
112
104
100
98
97
93
43
42
43
42
47
46
46
49
57
43
101
130
129
134
142
144
146
150
148
154
153
105
200
203
206
208
209
212
220
228
235
237
242
245
252
261
265
278
281
287
292
283
289
287
286
281
289
290
294
295
301
310
323
330
336
343
346
336
354
329
318
324
324
312
338
364
375
383
394
400
406
402
403
409
411
409
419
425
418
424
418
437
447
442
435
433
419
407
445
461
465
462
468
460
466
467
464
464
467
464
464
470
467
466
466
455
465
463
463
455
457
455
448
451
438
428
450
416
298
452
456
458
462
461
451
438
404
456
468
479
487
485
483
485
488
489
491
486
486
480
487
478
498
479
473
477
487
492
491
489
472
485
484
495
498
481
485
478
480
462
463
467
464
468
443
431
402
330
328
326
325
321
342
340
307
405
416
425
435
435
302
447
475
476
479
479
490
501
501
504
497
497
493
507
506
504
506
513
507
520
512
350
525
532
539
556
550
547
547
546
554
561
558
550
566
555
564
557
569
566
564
552
555
560
554
556
551
541
412
539
543
554
556
554
550
561
541
406
520
534
552
553
554
553
544
550
550
542
538
532
518
508
505
500
500
493
482
465
465
449
442
398
430
440
428
409
389
280
377
389
394
404
401
405
407
374
360
377
403
412
421
428
434
434
435
423
416
418
269
408
418
421
422
430
423
414
412
384
419
426
430
447
452
446
442
441
432
426
424
419
424
418
411
408
404
401
394
389
386
372
353
243
329
337
337
326
332
322
315
303
293
282
276
248
256
258
256
254
255
250
257
254
250
248
245
239
230
217
216
195
207
212
207
198
202
205
206
197
198
199
195
197
190
183
172
174
150
165
170
150
178
174
180
183
178
171
174
170
170
165
160
96
163
166
168
168
168
142
173
182
186
196
206
210
213
218
213
218
219
220
161
240
261
273
279
286
292
303
311
307
313
317
320
322
297
296
299
301
359
370
378
383
394
396
403
402
409
415
422
429
431
430
431
429
439
436
442
432
420
420
422
414
415
397
392
377
365
348
366
374
374
372
374
374
374
368
373
371
351
346
342
325
315
342
338
341
325
301
284
305
319
322
320
307
324
326
328
329
317
305
303
305
303
301
287
275
146
191
192
193
191
197
188
258
261
266
276
281
283
287
292
293
298
305
304
305
283
269
293
296
303
310
313
318
321
319
324
329
328
334
331
341
342
350
349
352
356
360
349
344
339
317
350
351
349
348
344
335
328
319
321
323
321
319
320
314
309
310
303
301
286
273
190
276
282
282
284
277
275
266
256
179
246
251
254
257
258
253
250
249
243
236
235
223
220
211
100
160
159
155
214
225
225
220
216
214
217
207
104
158
158
100
200
210
215
227
230
234
246
247
251
250
251
247
249
253
253
248
249
216
245
252
251
257
264
266
262
269
270
271
278
204
285
295
298
307
312
318
323
326
330
333
335
337
339
344
350
353
357
361
361
367
364
362
358
356
353
347
351
343
328
330
326
325
324
318
313
309
310
308
303
287
286
270
256
242
213
214
213
163
225
227
231
231
224
219
217
201
184
199
204
209
209
211
206
201
192
184
180
154
125
126
126
89
166
169
172
175
175
179
183
178
173
164
131
79
182
195
205
214
215
212
212
216
211
212
210
201
196
191
175
187
186
192
192
192
183
182
176
147
149
152
113
191
205
212
216
221
231
237
242
239
241
237
203
220
231
234
239
249
246
245
212
206
206
217
228
236
239
211
297
302
306
310
313
323
325
328
339
342
349
357
361
366
369
371
374
379
382
381
384
382
374
369
373
367
366
372
368
357
363
349
240
340
345
337
338
342
346
342
344
340
338
333
334
329
324
278
295
305
224
336
350
357
364
369
373
367
381
388
394
391
401
404
415
405
405
407
412
415
404
303
367
372
360
420
456
460
469
471
477
482
493
482
485
478
480
483
487
495
506
507
518
508
516
528
528
520
526
520
512
473
509
511
524
527
510
519
524
518
509
508
495
497
497
496
479
482
476
466
462
456
445
432
424
277
280
359
440
451
456
465
474
472
467
463
444
410
452
463
467
465
467
450
446
448
445
439
412
247
376
371
256
428
440
449
452
453
451
459
463
457
466
434
244
426
435
432
427
420
374
422
427
445
446
451
339
457
470
486
497
501
508
502
500
503
500
501
511
511
513
514
519
527
528
539
540
530
538
527
510
390
486
513
531
538
539
537
555
559
552
548
545
539
535
546
551
551
542
539
524
419
424
420
422
458
482
481
485
486
360
491
499
507
518
523
526
516
516
510
512
505
512
515
514
515
515
506
501
496
486
487
479
486
487
495
489
489
481
481
476
477
478
473
465
445
318
443
446
449
453
451
455
450
443
444
405
431
435
445
450
442
431
416
409
394
403
412
416
412
415
418
418
416
415
415
405
417
410
414
423
417
421
426
420
417
415
415
410
403
399
396
408
409
413
406
404
396
397
397
399
397
403
403
392
387
393
391
386
379
357
348
329
349
363
354
363
353
351
349
338
248
372
377
373
378
378
368
373
379
379
379
376
373
364
350
240
362
378
392
392
393
387
381
371
361
328
371
374
383
390
401
399
391
383
381
368
351
393
402
413
431
433
432
428
432
432
441
448
446
448
447
448
457
464
464
465
444
321
444
462
474
476
476
483
481
475
459
479
495
495
494
490
501
497
492
489
479
471
357
474
497
503
509
525
529
531
533
525
523
523
521
521
530
526
529
526
527
518
492
465
490
495
502
507
513
506
498
495
488
483
480
474
469
468
469
463
451
449
440
432
419
419
405
395
391
364
287
381
382
376
372
361
355
325
361
371
371
378
376
377
374
367
363
346
338
207
326
334
342
344
356
349
341
338
339
337
329
320
301
174
305
305
305
309
312
307
294
293
274
251
278
281
292
298
298
299
298
299
301
294
295
278
253
266
296
302
312
314
320
324
327
329
333
327
323
317
295
323
348
355
360
366
371
377
385
394
400
396
406
423
422
428
439
432
450
445
452
442
450
452
440
445
430
434
435
434
435
443
450
443
445
434
438
440
429
270
416
416
422
418
419
415
404
338
330
299
394
395
398
400
409
414
422
436
432
436
440
452
446
438
437
438
451
442
445
443
445
446
448
446
448
447
451
454
444
445
441
434
434
437
438
439
437
420
413
409
409
405
403
400
387
381
374
362
358
351
338
194
198
204
221
311
320
327
330
339
342
341
372
376
378
385
396
404
410
414
413
413
417
418
427
422
423
422
419
419
412
403
408
407
407
403
392
396
391
396
399
401
398
397
396
399
396
393
393
384
382
386
390
387
375
373
373
369
376
383
376
376
376
379
376
381
377
381
379
385
380
378
378
373
279
370
372
372
384
392
391
392
395
388
386
386
388
383
381
389
390
388
392
393
392
385
386
392
377
346
353
361
355
259
364
375
372
378
371
367
372
370
365
361
353
324
368
370
363
369
363
363
363
363
366
358
358
360
360
356
346
335
331
329
328
325
315
310
300
292
275
276
272
273
264
224
243
186
175
207
210
196
214
204
206
153
198
166
199
196
182
185
185
184
177
182
177
174
168
166
161
153
84
85
84
82
84
84
84
115
114
122
125
127
129
132
133
130
131
130
123
126
121
110
105
96
57
62
52
76
80
77
80
81
83
89
90
95
93
92
92
91
88
77
41
80
81
88
90
96
98
100
101
101
94
88
49
94
111
114
118
124
123
122
125
126
125
122
117
120
111
84
136
141
144
153
153
148
148
141
123
122
124
124
125
184
200
204
214
214
217
215
110
240
252
257
263
259
183
276
301
323
329
340
352
355
375
376
380
388
392
401
399
407
403
399
398
336
408
435
449
460
472
489
489
498
499
503
513
534
537
540
541
544
553
556
566
562
563
569
568
567
575
580
576
565
555
530
523
493
545
560
551
553
551
538
388
549
555
564
572
574
570
561
401
567
575
579
593
602
597
596
602
541
602
602
601
604
596
601
603
607
601
595
588
580
578
492
482
487
492
396
534
537
543
545
557
547
560
553
513
548
570
574
571
563
565
560
556
414
572
579
582
572
550
421
547
559
567
563
575
571
560
568
573
578
565
547
564
558
566
562
575
573
568
555
553
542
538
536
545
542
538
544
535
518
529
534
522
525
520
528
520
511
507
511
503
497
472
420
341
399
420
448
456
502
500
503
512
506
507
523
536
550
546
523
548
538
525
533
519
520
526
517
402
523
538
536
539
522
518
519
515
511
502
491
487
483
467
454
438
427
423
403
384
150
148
151
146
148
148
153
141
134
109
91
96
95
98
108
88
276
289
295
296
311
310
313
313
308
333
349
358
364
368
376
382
384
380
381
370
364
389
400
407
414
413
424
426
427
420
411
410
399
396
389
375
369
365
357
362
356
357
357
359
357
362
356
347
300
349
344
336
335
329
333
341
335
333
330
320
326
327
327
330
328
317
311
306
277
318
332
333
339
339
331
320
320
314
308
304
299
292
284
269
271
272
270
271
269
268
266
265
264
251
240
148
157
164
74
163
175
181
183
184
182
131
117
92
90
151
155
155
158
163
167
172
142
172
171
171
222
232
238
243
249
252
264
265
269
268
274
278
278
287
292
293
294
301
303
298
289
283
274
261
284
288
290
283
273
267
268
263
256
249
229
137
179
174
173
182
184
157
253
263
271
283
282
283
297
305
303
307
312
312
319
317
314
315
311
220
311
320
328
336
341
344
346
344
349
354
355
363
365
361
370
370
372
380
375
373
381
384
382
382
394
392
400
402
401
402
399
391
391
389
390
393
390
386
368
364
360
370
387
407
408
416
418
420
420
436
430
433
424
426
426
424
421
437
433
424
439
433
425
408
403
331
335
342
297
354
368
364
315
428
442
452
458
461
460
467
466
472
465
471
477
476
470
469
477
478
475
465
354
454
461
463
462
462
465
466
455
452
446
451
448
450
444
438
428
417
412
399
389
361
385
391
389
388
384
381
380
370
371
364
375
377
376
365
355
355
354
345
339
325
229
324
325
328
327
317
325
324
328
330
330
317
314
304
301
211
292
302
302
300
310
303
304
292
291
297
300
288
291
297
295
291
288
294
288
288
288
290
292
288
279
279
266
255
254
253
245
247
247
242
234
232
231
227
216
215
212
179
180
177
180
178
174
111
123
118
107
115
114
110
122
133
134
128
144
147
148
143
144
135
131
121
115
102
50
74
73
57
100
109
111
110
112
113
113
109
85
105
107
84
166
173
181
181
182
182
184
184
90
208
213
215
217
222
221
235
227
230
233
231
225
234
227
228
226
217
173
172
174
170
221
228
230
234
244
246
246
245
164
232
246
254
256
254
231
232
232
233
332
339
342
351
359
369
366
371
380
394
397
407
410
412
413
416
427
435
432
433
428
422
420
372
394
396
401
401
376
356
363
376
382
378
380
379
380
379
386
382
399
392
397
399
392
384
390
388
387
391
394
391
384
376
376
371
375
374
376
376
371
370
364
359
354
353
351
344
339
344
337
335
330
325
322
319
310
277
280
276
280
275
265
261
257
238
212
209
210
210
204
200
197
187
176
162
160
157
34
33
32
8
31
32
26
23
21
16
0
0
0
11
18
27
26
27
6
27
27
27
223
230
236
245
266
282
290
303
306
315
314
324
333
337
353
365
369
377
386
362
346
359
373
380
390
394
398
403
408
405
406
401
406
412
427
434
439
440
440
439
456
459
463
465
459
463
463
366
501
512
524
529
527
527
520
496
549
567
567
557
546
546
506
579
588
609
619
620
618
613
620
619
616
623
617
611
616
611
624
621
618
621
617
608
600
578
443
594
596
600
611
603
454
599
605
609
610
628
629
621
622
631
636
615
614
417
602
610
608
617
617
628
623
624
631
622
610
598
560
519
551
566
578
599
608
621
622
609
622
629
630
628
641
645
640
639
636
635
640
635
578
599
615
636
638
640
653
644
634
636
654
647
644
655
662
675
673
677
676
666
671
680
679
682
670
680
682
689
680
687
689
694
699
698
697
684
684
674
671
674
658
658
666
658
649
650
659
657
648
657
650
643
635
602
549
606
613
628
628
627
620
616
613
533
550
571
575
585
574
563
579
561
557
529
523
504
542
547
553
550
540
542
543
544
542
530
514
347
474
486
492
497
500
484
475
475
472
471
477
468
466
459
458
457
456
456
448
439
418
400
434
439
433
433
424
423
420
409
404
402
395
381
377
374
357
357
350
328
327
317
310
299
296
281
272
198
266
263
263
264
256
257
248
241
227
228
220
211
203
189
178
125
123
43
129
132
146
143
142
141
140
135
128
127
116
61
61
62
59
61
62
59
61
61
39
59
62
60
62
57
61
54
50
45
45
41
37
37
37
36
36
37
35
30
24
4
12
11
11
12
9
2
3
3
3
3
1
0
50
55
60
74
81
82
82
82
2
82
85
87
55
90
92
94
105
85
127
131
133
140
141
148
151
154
153
157
160
157
158
182
184
189
192
195
202
204
210
211
213
212
214
214
216
220
214
216
213
212
187
208
208
204
200
209
213
214
221
171
246
253
260
262
264
264
264
250
247
256
278
275
273
275
260
274
288
304
300
311
317
324
319
319
319
326
325
324
327
328
333
336
351
362
367
362
361
362
357
349
334
315
352
359
370
374
384
387
385
389
394
397
405
406
407
404
399
396
381
376
370
365
356
353
346
339
332
320
314
286
130
131
131
127
117
116
118
113
114
113
105
103
147
359
378
390
403
418
425
436
445
451
455
459
461
467
468
468
463
354
477
497
506
511
525
517
518
523
526
523
530
530
524
534
535
530
527
521
488
399
405
419
412
346
419
410
396
437
485
497
489
488
354
494
509
521
521
525
527
537
531
540
538
548
555
563
560
572
575
584
591
589
591
576
580
562
574
575
354
587
583
573
565
564
567
552
554
542
523
481
371
439
477
525
530
556
557
564
564
565
555
540
524
546
547
554
560
561
553
558
561
562
567
570
555
551
533
541
526
514
507
499
386
341
335
335
317
340
442
447
475
477
485
495
506
508
508
505
506
512
504
506
504
513
508
495
497
489
488
485
474
473
467
472
466
467
468
468
463
461
458
464
459
451
438
442
439
441
446
442
431
421
421
403
382
396
406
393
406
417
410
409
408
410
403
407
397
391
400
399
387
374
374
363
358
354
235
291
291
349
359
375
374
375
360
356
369
370
347
373
367
371
360
357
357
338
220
277
277
275
304
316
325
323
328
334
336
329
312
338
346
351
364
362
369
361
362
356
356
361
365
371
372
377
372
379
381
388
394
389
399
404
406
408
398
399
398
393
387
386
395
393
392
391
385
374
251
372
378
382
384
379
375
388
396
360
259
307
303
301
341
356
361
373
373
365
405
405
405
401
393
375
434
444
443
446
447
448
454
442
446
458
461
460
463
462
464
459
471
469
463
435
314
448
458
466
472
469
475
475
475
480
478
481
481
479
477
483
490
494
484
491
486
486
483
477
455
444
424
453
456
464
464
468
478
474
474
471
469
470
472
464
453
449
449
451
450
454
441
444
439
446
449
454
450
451
435
425
409
398
396
423
434
446
450
450
450
451
459
468
457
427
438
444
447
446
457
317
451
460
471
472
466
470
471
478
472
481
496
493
491
490
502
505
507
499
492
480
461
505
523
525
527
529
533
543
542
538
537
546
540
537
528
376
516
529
540
547
553
552
546
546
552
557
561
565
569
576
572
588
594
600
605
612
606
605
608
611
605
602
604
607
601
603
608
611
615
611
611
612
606
606
611
615
606
612
613
605
596
598
581
585
574
565
570
575
552
547
542
543
533
540
527
527
521
509
504
498
479
477
473
468
466
460
445
440
433
426
423
424
389
283
384
385
386
376
379
369
368
367
374
371
358
358
366
355
235
320
310
309
329
341
332
331
331
228
343
350
346
344
338
335
327
319
321
312
303
297
287
282
281
279
273
270
268
260
256
247
229
219
222
222
217
215
214
205
198
194
143
142
143
143
170
170
171
167
161
155
155
153
152
149
138
138
137
132
128
129
123
112
119
125
124
126
132
131
130
127
128
128
127
122
118
110
107
100
95
68
67
68
53
101
76
118
119
115
103
116
106
102
115
126
135
145
147
150
149
155
157
153
151
158
160
166
166
162
154
156
120
163
169
181
183
195
196
198
204
207
218
213
219
219
219
218
222
167
230
229
233
236
233
195
251
266
274
273
276
228
299
306
314
314
325
333
338
340
347
350
356
358
357
358
364
367
363
362
360
324
311
335
334
337
340
342
333
340
326
273
278
279
184
314
315
319
329
333
322
321
315
286
293
295
292
298
297
294
312
284
275
254
254
252
293
317
322
329
337
343
352
361
366
367
373
368
373
373
370
375
386
389
387
394
385
374
369
343
391
406
406
412
404
388
417
418
423
416
407
292
409
423
431
437
428
439
441
443
442
444
450
452
457
458
459
462
460
463
463
463
469
464
437
411
444
458
460
466
466
474
476
471
470
472
469
460
462
461
464
455
449
449
450
449
445
448
441
440
438
427
421
419
402
288
407
412
414
404
400
387
348
375
389
383
386
384
382
379
374
375
359
325
334
348
342
339
339
332
329
321
233
312
312
319
317
316
324
320
311
313
318
311
308
304
301
278
305
311
314
311
316
319
311
317
316
314
308
306
299
299
288
287
280
277
274
268
264
249
235
234
228
229
104
127
123
118
122
121
112
116
114
115
116
101
90
89
102
104
103
98
96
75
73
33
66
64
64
59
53
27
57
53
51
43
37
27
53
57
64
68
72
72
72
72
70
71
71
73
72
71
56
118
130
138
145
152
161
171
170
170
168
165
72
192
197
199
198
196
192
218
224
236
243
249
258
267
266
278
282
276
288
290
282
272
293
305
310
316
325
328
330
335
345
345
348
349
352
342
251
315
317
317
349
349
360
371
387
389
397
395
394
399
403
404
413
416
422
424
427
430
430
415
309
402
406
414
418
421
415
413
419
417
419
407
405
409
416
426
427
426
422
432
420
430
445
437
442
440
443
444
449
443
439
440
443
442
444
432
428
430
424
421
429
424
412
422
420
394
426
429
420
421
415
309
429
432
435
438
441
437
442
438
443
449
458
461
459
455
454
467
467
464
462
458
453
457
459
455
458
456
456
473
468
476
471
458
459
450
445
423
459
464
461
469
458
463
459
458
458
469
460
464
465
451
452
446
450
445
449
449
449
440
414
290
421
430
435
433
428
448
439
419
444
431
434
434
438
429
423
418
428
427
410
407
408
409
409
397
382
380
380
377
263
320
326
329
262
363
372
372
369
367
376
379
377
383
378
378
385
383
389
395
387
384
393
392
390
392
401
396
387
388
396
392
386
385
386
374
373
368
369
364
356
348
345
344
339
331
248
308
310
312
310
287
163
280
279
283
278
268
260
253
241
109
109
105
102
110
110
103
114
114
114
278
310
323
336
343
345
344
356
377
382
394
395
397
398
397
400
398
400
407
405
400
405
396
393
391
391
380
368
347
334
354
359
360
367
367
362
358
347
340
332
313
300
324
331
332
336
335
332
333
319
221
321
332
331
332
337
329
322
313
215
297
307
305
307
304
281
301
309
315
315
324
323
322
321
329
331
325
310
317
329
332
330
329
319
317
312
307
303
306
299
298
293
297
291
290
294
287
280
274
243
251
254
249
251
244
237
220
214
211
210
201
140
159
160
157
155
99
149
153
152
154
148
147
137
131
120
109
108
80
80
80
80
79
75
18
40
40
39
40
78
79
84
83
82
81
74
59
77
82
81
82
83
80
79
75
76
76
76
53
106
134
137
142
149
154
155
158
161
161
169
169
170
167
166
158
157
110
178
189
196
200
205
207
212
227
227
230
239
132
230
247
247
249
249
247
247
226
156
159
184
187
196
194
195
204
210
208
209
268
303
336
342
353
359
367
371
378
381
385
387
394
395
401
409
413
415
420
414
413
404
402
392
387
370
246
379
393
402
399
406
405
395
393
380
377
319
365
376
395
394
399
405
400
396
396
402
397
385
388
372
260
367
383
410
411
418
418
426
419
287
400
412
421
428
436
436
438
428
393
412
426
430
437
443
451
448
448
445
441
436
448
456
463
470
472
474
471
470
488
486
496
496
491
484
487
485
495
495
489
499
499
501
504
494
482
497
493
500
500
507
493
494
495
492
499
492
490
502
498
499
493
492
483
484
484
488
494
495
504
505
504
503
499
487
488
484
486
485
488
488
490
482
469
463
455
427
389
391
394
334
468
492
507
511
517
521
518
518
532
529
529
526
540
534
512
505
492
516
529
538
548
554
555
560
554
543
528
536
541
530
539
538
541
542
549
554
562
556
554
550
555
556
561
548
551
550
555
549
551
553
560
564
553
543
538
534
543
539
535
530
522
529
536
529
527
523
525
524
520
514
519
510
506
504
497
498
499
486
488
486
469
430
472
475
483
485
488
468
451
465
473
466
471
465
458
458
449
418
433
439
439
434
422
422
421
424
433
431
410
377
411
428
442
445
449
440
443
441
442
442
437
426
426
426
431
435
429
439
441
436
438
433
433
430
426
430
440
447
446
441
450
454
460
462
456
316
458
465
472
481
480
491
493
494
493
403
473
475
485
491
502
505
501
498
501
509
507
517
510
495
506
502
495
494
375
496
508
506
521
523
523
521
528
523
511
513
506
512
511
516
510
522
516
519
479
511
511
508
507
476
377
455
467
468
469
456
471
479
487
480
470
471
466
447
432
428
424
417
397
391
378
367
365
361
346
339
337
324
314
101
264
262
252
241
78
20
20
19
19
34
40
42
46
51
50
50
52
55
67
66
45
69
69
69
208
211
222
231
234
240
252
245
251
254
255
255
275
279
282
289
291
303
303
314
306
309
313
320
321
302
298
294
206
287
297
302
295
287
288
296
307
303
299
293
295
293
291
295
298
293
288
294
290
290
252
244
183
204
205
185
201
203
205
179
209
215
222
223
169
331
332
336
335
358
361
361
357
355
345
175
377
383
383
385
388
391
401
413
416
414
416
422
422
421
421
419
412
405
399
404
400
400
400
404
394
329
332
336
326
356
388
394
393
390
278
402
417
437
433
438
445
448
448
447
436
430
306
402
398
395
435
443
443
439
447
438
443
438
441
438
439
434
433
425
417
411
408
409
399
371
322
321
321
313
319
324
323
327
323
316
304
268
138
138
119
143
149
147
127
139
143
124
319
346
400
407
416
421
427
436
440
447
452
461
470
471
478
472
475
477
476
470
460
451
422
304
344
342
345
345
345
319
354
465
477
488
491
491
501
495
496
498
497
499
499
491
394
504
525
529
535
538
540
542
544
553
553
548
545
548
548
551
549
546
548
558
546
549
545
541
549
547
547
562
562
547
547
543
553
555
536
544
528
544
534
538
548
543
535
540
536
534
530
516
498
494
489
486
481
469
466
450
442
461
461
464
464
462
475
470
464
466
469
470
445
308
453
448
465
446
430
436
434
427
391
414
428
432
433
405
385
412
413
418
418
423
403
395
376
254
320
319
306
407
418
423
424
414
425
430
434
435
428
442
443
447
458
454
460
453
445
454
453
457
463
472
458
456
433
413
429
442
451
463
471
472
462
453
446
452
448
452
455
458
452
450
451
453
451
438
418
376
378
385
294
395
412
416
410
404
411
410
415
408
395
389
388
391
396
404
410
419
419
416
406
410
414
414
419
416
408
410
404
401
397
402
403
389
385
383
392
378
381
378
372
371
369
361
355
346
350
352
352
347
339
340
339
320
330
320
312
314
315
302
286
285
249
276
261
276
249
257
245
193
115
242
120
245
126
128
123
127
131
129
243
143
173
139
175
76
169
176
185
186
188
188
193
200
208
205
207
217
222
226
225
229
226
226
234
243
240
248
253
258
268
268
270
262
254
259
264
266
269
274
267
266
268
265
265
268
277
283
279
283
300
300
296
297
296
294
289
287
286
286
286
287
286
284
278
279
279
272
272
268
266
263
256
237
240
240
233
232
223
189
187
188
188
189
173
171
168
165
159
156
146
135
129
116
103
99
10
64
66
66
64
60
56
53
0
1
103
115
128
137
142
147
151
153
156
157
156
155
157
157
157
156
157
157
121
225
233
246
258
262
271
278
279
280
274
262
96
255
259
260
267
274
270
268
269
268
249
203
203
181
265
292
309
320
334
344
346
360
362
364
365
366
348
300
301
299
297
322
322
325
291
448
454
470
487
509
516
527
534
544
560
564
561
574
582
589
597
603
600
604
630
640
635
637
633
638
638
641
639
640
633
630
625
627
619
619
629
631
621
620
615
616
624
624
615
599
614
600
605
600
605
610
595
590
596
594
595
590
581
580
575
578
576
576
557
561
561
555
547
550
542
564
534
557
557
547
544
532
514
501
491
482
391
362
301
462
468
466
473
469
454
452
443
303
465
473
493
504
512
512
516
512
501
450
430
460
468
475
496
499
491
491
466
439
463
497
508
512
524
523
515
519
512
513
503
508
501
499
494
492
492
480
486
491
483
489
486
490
482
481
482
478
480
473
469
476
473
475
474
471
466
454
452
445
440
428
422
415
401
401
392
367
357
351
262
332
326
313
301
287
285
284
213
229
230
228
223
221
230
202
186
181
18
18
10
16
16
11
23
28
26
28
27
19
14
28
36
38
41
41
55
58
68
68
68
241
266
275
288
298
299
306
314
318
323
326
332
333
333
348
363
367
363
373
367
365
357
367
374
368
369
363
354
355
356
348
341
251
340
350
359
363
368
373
377
377
381
385
386
397
403
406
410
410
415
409
422
425
429
434
430
437
433
425
438
442
442
449
445
447
444
435
430
308
420
423
416
423
423
398
368
368
365
430
438
440
443
445
448
446
443
435
450
448
446
448
445
445
439
437
436
429
423
420
425
414
409
381
428
429
433
441
436
442
444
429
423
426
424
420
420
418
423
415
427
433
441
439
439
442
438
434
445
442
446
434
441
455
454
450
445
436
419
426
451
456
456
456
465
463
464
470
466
479
475
476
465
462
469
468
474
465
462
467
461
464
462
465
473
457
458
459
452
452
453
446
439
435
436
436
432
417
416
403
367
373
370
373
422
432
440
449
449
442
445
441
455
451
452
456
449
460
457
458
449
445
425
424
418
415
422
413
402
395
385
88
69
51
31
0
0
18
197
198
337
347
361
377
384
392
405
428
430
435
436
432
431
303
424
429
430
413
451
466
468
476
477
482
478
482
490
486
486
492
494
488
491
483
494
500
497
507
505
502
501
508
522
526
527
533
521
534
533
528
534
524
524
522
522
530
528
537
534
535
530
535
538
536
541
550
547
535
540
543
542
551
558
564
558
549
546
530
528
534
535
522
523
533
535
532
530
527
531
523
524
524
536
538
534
540
547
539
537
544
533
536
540
545
543
545
554
547
544
543
544
541
546
541
545
553
560
566
566
561
561
551
551
555
543
549
555
543
540
539
531
527
524
537
534
525
527
527
529
534
523
528
536
521
519
511
512
513
510
508
509
511
502
512
507
511
506
501
499
495
501
509
509
508
505
498
489
491
479
474
477
486
480
477
464
471
472
460
466
464
457
459
454
455
454
454
458
456
456
451
443
449
443
441
441
442
435
432
426
419
417
413
423
420
415
411
410
405
405
402
402
401
391
401
404
398
398
393
390
392
389
392
394
391
385
385
381
381
380
377
372
378
378
381
365
355
362
344
346
352
348
347
347
354
359
361
369
377
386
382
382
384
389
399
401
407
411
415
423
432
448
444
444
443
449
294
474
497
506
512
522
526
541
537
554
573
568
582
583
587
598
608
606
656
668
676
692
716
743
743
751
750
752
742
485
749
748
753
752
758
767
774
773
770
754
707
772
777
782
791
782
781
791
802
793
809
823
803
798
805
795
780
794
784
790
765
782
765
638
627
604
600
621
725
759
770
777
773
767
763
779
782
782
796
810
819
817
827
831
825
834
818
801
825
830
804
816
815
805
773
787
777
774
765
757
733
746
734
737
730
709
708
700
691
700
695
690
664
652
637
615
591
567
569
570
561
550
543
539
525
522
509
485
382
486
523
517
511
511
483
462
483
493
503
507
508
492
486
463
432
471
474
479
482
483
477
487
476
483
481
477
477
471
464
445
452
446
406
422
441
455
454
450
445
452
442
445
437
429
423
417
415
405
402
394
394
383
368
363
356
341
295
276
272
302
304
312
313
311
311
301
300
294
276
107
32
59
64
64
64
81
86
163
168
173
102
195
211
209
210
209
121
237
250
260
265
275
283
283
296
306
314
317
326
333
334
337
336
324
302
317
333
337
338
339
343
346
349
356
358
356
357
362
357
358
358
351
356
358
362
352
356
368
359
350
345
313
310
295
280
284
292
308
302
292
351
362
359
364
368
365
363
368
363
362
365
356
361
349
339
330
323
321
277
313
316
315
310
373
390
395
398
400
407
415
417
421
417
429
441
444
448
454
451
457
465
470
462
469
471
479
483
494
498
499
491
496
495
495
493
498
504
495
493
494
482
485
463
449
432
431
427
425
411
406
390
371
357
14
6
376
405
421
428
437
448
448
455
443
451
437
432
430
431
437
431
426
426
424
417
409
404
396
389
297
297
300
277
309
313
311
306
302
294
319
323
331
334
311
321
315
309
305
292
290
285
284
274
262
251
231
220
216
209
200
180
5
2
2
2
1
1
