115
148
212
215
225
223
226
225
230
248
252
254
266
276
295
293
297
302
19
18
33
332
327
361
366
366
386
408
515
542
541
547
562
594
603
599
611
598
704
729
692
690
686
688
695
679
695
697
703
708
719
712
718
708
715
717
906
961
975
1035
1025
1142
1160
1170
1154
1177
1185
1235
1244
1273
1278
1288
1293
1292
1340
1357
1338
1379
1400
1386
1394
1583
1583
1584
1604
1584
1626
1679
1661
1695
1711
1698
1719
1753
1754
1742
1762
1760
1771
1772
1797
1803
1886
1903
1898
1910
1917
1918
2052
2074
2139
2159
2194
2174
2232
2191
2238
2218
2278
2258
2303
2285
2292
2339
2361
2333
2370
2387
2415
2408
2419
2400
2471
2485
2501
2495
2462
2531
2566
2585
2596
2573
2562
2586
2624
2661
2699
2630
2670
2737
2743
2736
2732
2746
2693
2902
2889
2933
2971
2976
2948
2910
2907
2883
2966
2938
2934
2996
3004
3031
3063
3040
3036
3007
3054
3080
3043
3073
2955
3001
3056
3086
3104
3044
3085
3073
3058
3135
3077
3048
3036
3059
3063
3114
3119
3249
3228
3329
3352
3396
3355
3300
3231
3316
3293
3082
3292
3266
3248
3211
3185
3102
3257
3288
3172
3285
3296
3251
3279
3251
3242
3255
3371
3399
3378
3390
3282
3384
3369
3529
3470
3454
3420
3374
3528
3427
3591
3588
3667
3681
3671
3632
3697
3738
3715
3794
3728
3781
3856
3818
3967
4003
3846
3912
3860
4015
4005
4004
3911
3895
3834
3867
3886
3880
3828
3803
3866
3881
3891
4082
4095
4088
4043
4061
4013
4085
4070
4113
4022
4080
4083
3919
4027
4065
4115
4161
4162
4107
4004
4112
4046
4121
4085
4116
4142
4084
4105
4169
4093
4074
4104
4117
4120
4096
4087
4083
4108
4074
4079
4035
4158
4209
4174
4148
4140
4166
4193
4121
4094
4023
4083
4134
3995
3960
3902
4067
4054
4096
4162
4179
4229
4217
4189
4238
4322
4290
4307
4247
4287
4294
4284
4289
4161
3896
4024
4115
4109
4070
4110
4063
4115
4063
4127
4198
4164
4189
4262
4207
4263
4223
4266
4157
4170
4321
4267
4266
4241
4262
4175
4264
4440
4484
4450
4429
4446
4511
4477
4470
4396
4389
4398
4400
4449
4498
4521
4517
4534
4514
4482
4472
4477
4492
4442
4371
4382
4291
4399
4376
4327
4357
4271
4298
4341
4282
4278
4199
4204
4199
4217
4238
4268
4246
4220
4266
4320
4341
4397
4388
4296
4210
4180
4168
4233
4279
4259
4314
4366
4395
4353
4354
4315
4330
4356
4283
4276
4278
4068
4311
4340
4331
4393
4394
4329
4372
4377
4334
4230
4305
4302
4311
4380
4412
4357
4434
4408
4340
4352
4320
4275
4223
4251
4302
4389
4449
4456
4442
4444
4446
4467
4315
4422
4390
4392
4444
4437
4448
4377
4430
4388
4363
4308
4388
4374
4284
4277
4212
4265
4282
4251
4237
4182
4362
4340
4364
4346
4407
4424
4351
4357
4355
4462
4509
4476
4343
4394
4443
4386
4382
4427
4411
4242
4521
4529
4457
4399
4435
4500
4522
4474
4505
4329
4357
4363
4445
4462
4444
4538
4565
4562
4527
4511
4524
4408
4349
4314
4374
4402
4336
4286
4334
4366
4346
4353
4347
4359
4326
4305
4326
4318
4273
4325
4363
4359
4394
4389
4470
4459
4540
4590
4540
4589
4557
4628
4596
4565
4513
4485
4470
4503
4414
4400
4424
4402
4482
4436
4400
4395
4448
4465
4461
4494
4542
4511
4502
4550
4550
4617
4604
4559
4592
4549
4555
4580
4536
4758
4753
4803
4754
4814
4834
4833
4792
4766
4822
4753
4842
4843
4874
4854
4832
4973
4879
4695
4716
4790
4739
4811
4845
4858
4837
4745
4857
4887
4892
4911
4846
4963
4981
4959
5012
4965
4933
5062
5015
5026
5068
5164
5019
5182
5002
5171
5115
5257
5286
5195
5238
5301
5324
5407
5418
5341
5383
5382
5373
5299
5317
5356
5340
5321
5288
5237
5251
5272
5299
5279
5243
5326
5348
5413
5412
5380
5292
5380
5331
5236
5210
5069
5061
5110
5098
5069
5012
4958
5073
5088
5014
4943
4959
4968
4975
4929
4980
4933
4922
4911
4949
5018
5136
5157
5151
5102
5150
5132
5089
5089
4956
5019
4911
4848
4903
4831
4735
4778
4805
4790
4847
4761
4868
4894
4935
4977
4960
4919
4937
4967
4997
4886
4957
4926
4812
4896
4820
4838
4879
4831
4936
4854
4897
4867
4892
4910
4837
4878
4872
4618
4639
4566
4707
4698
4724
4775
4821
4865
4785
4781
4709
4774
4773
4844
4757
4707
4703
4892
4909
4911
4892
4906
4950
4990
4960
4973
4933
4882
4883
4883
4803
4777
4845
4930
5039
5040
4952
4996
5238
5366
5339
5276
5211
5316
5390
5342
5114
5037
5023
4987
5058
5149
5029
4962
4887
4940
4907
4931
4937
4942
4987
4946
4896
4956
4997
4886
4979
4968
4937
4952
4921
4895
4847
4755
4813
4792
4791
4795
4823
4891
4872
4873
4860
4851
4849
4899
4938
4977
4907
4814
4912
4902
4849
4876
4914
4944
4923
4929
4928
4857
4861
4816
4866
4878
4748
4879
4925
4901
4892
4838
4769
4793
4830
4824
4890
4816
4820
4890
4932
4990
4946
4960
4802
4822
4743
4820
4847
4841
4779
4830
4818
4786
4792
4774
4840
4861
4899
4927
4879
4918
4877
4823
4785
4851
4848
4869
4834
4843
4908
4934
4953
4957
4870
4890
4876
4769
4785
4795
4945
5012
5022
4997
5009
4989
5009
4937
4897
4684
4805
4864
4797
4773
4745
4536
4559
4559
4544
4721
4746
5001
5084
5071
5012
5014
4922
4933
4910
4913
4630
4647
4749
4689
4736
4643
4630
4671
4655
4621
4715
4751
4641
4762
4736
4683
4710
4732
4771
4715
4688
4654
4623
4609
4666
4602
4620
4587
4577
4585
64
25
20
15
521
4737
4736
4725
4755
4795
4815
4810
4753
4819
4805
4777
4844
4830
4749
4707
4758
4831
4829
4715
4771
4843
4842
4947
4975
4913
5023
5049
5035
5081
4894
4941
4966
4973
5051
5022
4994
5063
5078
5062
5115
5095
5096
5016
5089
5110
5080
5108
5136
5185
5306
5345
5339
5245
5424
5455
5540
5543
5619
5539
5527
5607
5617
5552
5500
5537
5583
5524
5609
5605
5666
5658
5612
5617
5576
5534
218
126
86
77
121
128
345
787
5567
5527
5535
5587
5671
5679
5623
5599
5681
5750
5809
5766
5778
5771
5726
5712
5648
5725
5705
5750
5753
5736
5770
5692
5594
5620
5674
5415
5468
5507
5425
5536
5490
5483
5538
5560
5513
5478
5480
5474
5484
5484
5486
5425
5377
5308
5350
5422
5454
5362
5374
5372
5430
5400
5429
5435
5414
5472
5475
5490
5449
5433
5424
5438
5419
5330
5293
5288
5345
5282
5282
5369
5330
5322
5277
5226
5311
5284
5276
5360
5287
5329
5276
5316
5265
5204
5287
5272
5223
5336
5266
5344
5168
5152
5297
5151
5246
5292
5230
5251
5183
5263
5372
5329
5322
5265
5305
5270
5222
5329
5408
5330
5296
5434
5322
5567
5607
5402
5353
5418
5705
5650
5670
5686
5600
5603
5567
5505
5458
5494
5481
5497
5500
5463
5358
5361
5448
5446
5296
5233
5398
5406
5355
5353
5387
5410
5524
5423
5335
5475
5508
5657
5645
5595
5410
5325
5348
5429
5201
5212
5119
5026
5117
5187
5083
5155
5103
5158
5165
5121
5063
5139
5118
5135
5156
5132
5134
5164
5011
5170
5152
5191
5158
5147
5172
5067
5161
5203
5075
5201
5174
5160
5237
5184
5103
5251
5270
5280
5372
5314
5520
5392
5508
5297
5467
5550
5551
5388
5378
5419
5518
5630
5534
5723
5712
5723
5669
5686
5736
5686
5654
5715
5707
5588
5689
5725
5707
5636
5727
5784
5641
5697
5715
5727
5744
5791
5901
5767
5842
5808
5853
5753
5741
5922
5716
5727
5804
5836
5791
5764
5829
5869
5759
5794
5786
5657
5902
6098
5946
6027
5995
5955
6124
6000
6131
5973
5817
5677
5553
5635
5599
5545
5600
5532
5485
5458
5488
5447
5453
5424
5392
5455
5438
5490
5422
5467
5351
5467
5441
5427
5318
5448
5489
5244
5430
5362
5262
5236
5282
5242
5163
5094
5133
5112
5184
5140
5133
5049
5096
5130
5103
5094
5079
4952
5012
5017
5053
4996
4877
4850
4842
4903
4875
4816
5012
5018
5042
5183
5175
5093
5066
5104
5045
5072
5064
5062
5112
5121
5065
5049
5110
5026
5133
5061
4980
5019
4951
5009
4847
4792
4764
4871
4960
4968
5013
4952
5070
5080
5193
5051
5091
4883
4888
4851
4790
4813
4804
4908
4859
4893
4699
4880
4978
4887
4852
4929
4956
4992
4942
4920
4868
4909
4969
5032
5056
5021
4895
4932
4885
4911
5006
5132
5119
5006
5163
5192
5155
5096
5285
5266
5176
5188
5218
5139
5095
5085
4888
4768
4752
4796
4722
4806
4783
4784
4791
4747
4713
4756
4716
4796
4738
4931
4944
4996
4968
4982
4915
4874
4981
5038
4984
5040
5130
5061
5103
5143
5113
5055
5031
5025
5058
5028
5082
5112
5093
5060
5002
5012
5030
5063
5077
5137
5127
5138
5135
5169
5143
5199
5230
5179
5229
5233
5216
5234
5263
5309
5295
5437
5410
5456
5374
5341
5388
5379
5391
5340
5367
5128
5106
5207
5283
5190
5252
5326
5308
5290
5347
5302
5302
5342
5269
5358
5496
5535
5441
5486
5465
5414
5461
5520
5477
5300
5241
5310
5255
5133
5210
5186
5073
5066
5045
5119
5188
5168
5059
5166
5230
5149
5201
5121
5216
5133
5208
5352
5342
5310
5285
5346
5278
5298
5127
5356
5301
5404
5454
5377
5451
5449
5455
5421
5399
5272
5331
5074
5068
4998
4948
5169
5100
5113
5103
5140
5166
5262
5214
5119
5196
5269
5252
5199
5110
4997
5383
5200
5320
5343
5339
5196
5324
5271
5281
5071
5138
5161
5215
5168
5345
5313
5254
5195
5231
5134
5023
5166
5078
5193
5229
5230
5209
5254
5214
5148
5211
5202
5141
5232
5334
5298
5303
5334
5363
5277
5336
5350
5411
5474
5410
5350
5298
5360
5370
5339
5345
5343
5294
5294
5314
5244
5305
5274
5455
5407
5540
5506
5564
5543
5531
5526
5483
5448
5332
5394
5493
5507
5482
5485
5518
5487
5399
5484
5435
5293
5306
5266
5279
5259
5386
5297
5201
5125
132
5221
5154
5175
5227
5271
5166
5267
5140
5086
5047
5228
5258
5235
5467
5446
5450
5512
5419
5456
5469
5481
5407
5378
5405
5458
5484
5394
5563
5518
5507
5660
5628
5456
5470
5476
5437
5525
5394
5328
5510
5556
5495
5691
5704
5823
5762
5781
5775
5706
5711
5379
5606
5635
5689
5644
5604
5645
5547
5473
5667
5662
5726
5586
5610
5584
5588
5614
5641
5699
5686
5703
5663
5676
5625
5610
5496
5425
5521
5524
5536
5509
5547
5536
5529
5452
5460
5287
5383
5395
5490
5487
5399
5450
5510
5571
5591
5554
5569
5576
5521
5555
5461
5512
5532
5444
5405
5401
5481
5546
5597
5562
5537
5540
5649
5591
5673
5580
5384
5404
5439
5431
5390
5345
5340
5317
5340
5347
5325
5353
5312
5362
5314
5236
5265
5095
5241
5371
5385
5419
5363
5312
5346
5321
5343
5265
5268
5279
5249
5113
5214
5242
5249
5237
5356
5269
5248
5351
5495
5462
5390
5386
5439
5416
5410
5390
5465
5510
5596
5660
5615
5661
5702
5697
5556
5505
5406
5490
5511
5587
5562
5428
5449
5439
5415
5519
5506
5477
5443
5471
5336
5392
5386
5278
5262
5258
5178
5181
5004
5016
5015
4993
5038
5097
5045
5171
5352
5370
5419
5330
5329
5213
5359
5370
5271
5440
5507
5494
5435
5437
5350
5367
5324
5399
5390
5467
5379
5452
5366
5361
5464
5480
5501
5445
5374
5461
5397
5492
5477
5447
5430
5399
5434
5341
5432
5333
5336
5399
5379
5361
5300
5441
5434
5274
5356
5348
5488
5482
5412
5375
5278
5201
5319
5371
5378
5402
5294
5331
5297
5333
5300
5310
5312
5241
5318
5351
5466
5358
5363
5360
5432
5445
5444
5437
5430
5376
5428
5442
5486
5428
5457
5422
5244
5129
5370
5392
5279
5242
5457
5554
5502
5498
5497
5505
5477
5496
5401
5383
5311
5298
5433
5439
5420
5302
5285
5294
5209
5154
5099
5070
5056
5126
5075
5045
4968
4978
5015
4968
4944
4886
4938
4948
4963
4953
4970
4893
4944
4790
4878
4880
4851
4942
4911
4946
5039
5064
5220
5307
5359
5419
5300
5317
5230
5181
5226
5140
5058
5100
5087
5158
5120
5147
5051
5039
5110
4987
4994
4945
4985
4968
4898
4905
4838
4911
4919
4884
4887
4883
4895
4814
4902
4841
4812
4953
4959
4935
4947
4952
4987
4977
4902
4948
4879
4999
4835
4833
4800
5159
5144
5188
5146
5239
5210
5179
5075
5097
5081
5053
5088
5148
5130
5136
5134
5074
4986
5044
5083
5115
5114
5118
5195
5217
5175
5122
5019
4969
4850
5007
4962
5006
4985
5080
5070
5038
4992
4994
4971
4876
4824
4796
4789
4809
4828
4841
4785
4869
4778
4745
4706
4741
4768
4784
4748
4687
4806
4744
4780
4720
4702
4682
4662
4721
4724
4691
4696
4671
4646
4647
4613
4535
4494
4543
4632
4671
4709
4722
4771
4787
4850
4845
4962
4919
4943
4951
4937
4919
4983
4952
4996
5009
5074
5025
4981
5143
5155
5126
4938
4926
4935
4995
4958
4995
5050
5039
4873
4860
4790
4747
4722
4777
4789
4750
4777
4800
4726
4807
4788
4754
4801
4793
4752
5002
4956
4926
5046
5126
5335
5281
5313
5320
5334
5340
5345
5243
5398
5325
5342
5302
5493
5428
5646
5585
5736
5668
5633
5426
5421
5400
5286
5385
5470
5420
5454
5500
5418
5345
5365
5375
5335
5407
5337
5302
5320
5254
45
5228
5228
5188
5478
5335
5501
5412
5386
5508
5546
5459
5478
5463
5460
5476
5416
5432
5390
5465
5441
5463
5489
5479
5384
5428
5431
5544
5463
5602
5549
5570
5641
5631
5616
5528
5521
5591
5587
5608
5664
5496
5542
5446
5530
5554
5480
5533
5509
5475
5436
5543
5466
5466
5446
5563
5629
5638
5475
5340
5412
5398
5403
5489
5557
5459
5441
5342
5337
5243
5340
5495
5548
5448
5519
5367
5465
5417
5511
5443
5303
5262
5195
5183
5354
5281
5191
5198
5266
5239
5278
5242
5353
5349
5358
5409
5376
5310
5380
5444
5436
5459
5533
5661
5756
5692
5705
5596
5537
5634
5630
5470
5459
5193
5116
5274
5241
5219
5325
5308
5283
5097
5239
5231
5162
5103
5225
4965
5035
5028
4964
5005
4952
4908
4995
4831
4980
5088
5095
5109
5158
5056
4909
4923
5180
5190
5180
5182
5155
5155
5007
4781
5095
5229
5223
5191
5242
5234
5114
5155
5091
5140
5049
5213
5141
5081
4932
5183
5113
5344
5311
5234
5236
5333
5394
5448
5401
5371
5379
5351
5413
5404
5331
5282
5366
5376
5390
5366
5353
5269
5173
5176
5239
5263
5259
5312
5471
5482
5429
5511
5479
5506
5476
5502
5421
5359
5369
5368
5340
5311
5316
5353
5318
5348
5357
5388
5340
5322
5300
5257
5360
5256
5200
5205
5192
5423
5406
5309
5352
5248
5223
5322
5247
5301
5131
5125
5106
5137
5128
5061
4961
5013
5005
5029
5116
4976
5075
5059
5021
4962
5041
5026
4904
4943
4852
4885
4856
4863
4811
4777
4749
4755
4765
4690
4717
4702
4799
4810
4579
4702
4689
4687
4694
4602
4690
4673
4658
4667
4575
4545
4541
4588
4589
4495
4474
4531
4528
4483
4505
4579
4605
4638
4631
4628
4580
4620
4619
4574
4573
4479
4533
4547
4501
4484
4466
4513
4510
4532
4519
4439
4339
4352
4440
4409
4370
4440
4449
4432
4430
4356
4331
4370
4380
4429
4342
4416
4413
4398
4411
4359
4360
4377
4395
4419
4350
4411
4351
4425
4404
4404
4388
4348
4393
4439
4418
4412
4304
4310
4325
4309
4422
4411
4416
4373
4396
4457
4471
4466
4481
4481
4499
4514
4471
4461
4436
4492
4505
4497
4463
4523
4471
4512
4638
4651
4536
4410
4369
4346
4309
4346
4416
4391
4324
4355
4435
4471
4406
4407
4453
4535
4548
4354
4360
4408
4481
4493
4504
4533
4499
4360
4361
4393
4397
4326
4230
4276
4284
4335
4365
4286
4314
4471
4493
4504
4368
4475
4478
4506
4509
4499
4476
4490
4508
4550
4530
4503
4618
4597
4657
4670
4780
4826
4983
4899
4891
4779
4900
5002
4996
4917
4749
4759
4755
5080
5163
5124
5101
5227
5275
5288
5215
5145
5165
5093
5221
5232
5167
5169
5251
5193
5233
5203
5190
5212
5204
5061
5131
5206
5255
5214
5221
5182
5113
5116
5117
4973
5107
5214
5267
5253
5231
5203
5135
5182
5158
5185
5243
5151
5149
5163
5129
5206
5181
5145
5162
5212
5213
5199
5144
5163
5042
5031
5052
5038
5099
5057
5068
5080
5087
5033
4983
5026
5059
5165
5104
5014
4998
5036
5053
4936
5034
5025
4930
4807
4913
4928
4997
5019
5062
5102
5116
5099
5140
5024
4920
5000
5031
5105
5042
4961
4985
4931
4933
4870
4711
4755
4784
4766
4739
4651
4738
4742
4739
4748
4709
4628
4582
4629
4431
4398
4453
4451
4373
4298
4204
3698
3695
3671
3678
3679
3639
3683
4525
4555
4600
4575
4638
4552
4636
4686
4671
4603
4333
4735
4686
4842
4768
4762
4723
4819
4774
4636
4321
4359
4316
4337
4344
4273
4165
4156
4048
4026
4143
4114
4038
4021
4092
4038
4066
4277
4301
4199
4300
4272
4290
4339
4265
4365
4493
4490
4540
4599
4573
4557
4688
4652
4633
4464
4415
4353
4535
4593
4601
4490
4539
4508
4502
4433
4589
4502
4518
4489
4471
4443
4558
4556
4630
4699
4784
4826
4756
4864
4806
4960
4864
4764
4765
4747
4656
4674
4796
4933
4934
4904
4780
4779
4766
4703
4780
4849
4830
4864
4899
4969
4964
4916
4973
4807
4971
4854
4799
4894
4897
4877
4858
4670
4676
4721
4769
4738
4770
4764
4794
4748
4827
4761
4762
4843
4857
4858
4895
4873
4837
4862
4837
4837
4662
4673
4721
4685
4828
4855
4856
4851
4824
4812
4799
4867
4809
4783
4761
4803
4687
4758
4689
4633
4713
4801
4738
4789
4819
4737
4781
4582
4618
4568
4566
4561
4472
4379
4531
4511
4514
4456
4475
4385
4309
4521
4326
4218
4026
4660
4695
4616
4722
4737
4522
4812
4788
4692
4557
4602
4832
4829
4853
4893
4673
4726
4762
4842
4797
4681
4665
4699
4695
4722
4549
4573
4629
4604
4598
4559
4500
4614
4679
4657
4617
4596
4675
4757
4726
4782
4718
4595
4673
4569
4583
4513
4473
4515
4500
4489
4482
4361
4442
4347
4365
4358
4370
4172
4097
3902
3905
3957
3912
3924
4172
4219
4256
4234
4156
4194
3897
3998
4005
4010
3944
3943
3898
4006
4222
4240
4166
4096
4229
4327
4351
4350
3959
4082
4083
4173
4175
4247
4203
4225
4110
3834
4058
4272
4126
4094
4183
4136
4229
4128
4058
3976
3987
3988
4184
4110
4211
4024
4041
4245
4318
4299
4265
4227
4296
4289
4316
4381
4461
4275
4317
4282
4343
4390
4325
4334
4359
4330
4295
4454
4444
4468
4502
4375
4324
4444
4524
4431
4358
4349
4451
4513
4422
4393
4343
4230
4215
4206
4152
4428
4457
4345
4357
4389
4254
4259
4397
4357
4417
4417
4420
4271
4294
4228
4232
4247
4166
4185
4227
4143
4243
4159
4135
4200
4122
4096
4120
4109
4061
4131
4193
4185
4128
4106
4097
4151
4134
4115
4198
4251
4213
4238
4249
4284
4231
4294
4317
4243
4310
4303
4299
4297
4247
4110
4131
4118
4169
4400
4438
4439
4468
4468
4503
4445
4549
4580
4536
4568
4572
4567
4612
4592
4517
4499
4554
4581
4693
4647
4676
4738
4742
4801
4794
4781
4791
4811
4735
4698
4722
4699
4666
4653
4824
4822
4834
4849
4839
4804
4759
4693
4741
4752
4766
4747
4698
4740
4754
4629
4627
4505
4562
4672
4601
4492
4523
4534
4459
4508
4561
4621
4463
4516
4541
4395
4472
4393
4326
4393
4327
4351
4468
4518
4565
4584
4482
4522
4519
4633
4744
4736
4727
4634
4547
4512
4552
4642
4605
4734
4715
4753
4779
4788
4755
4752
4764
4756
4567
4615
4598
4566
4584
4638
4799
4852
4868
4903
4852
4947
4977
4943
4831
4990
4995
5012
5029
5053
5068
5085
5023
4945
5016
5147
5018
4915
4964
4851
4795
4810
4869
4900
4971
4946
4903
4895
4976
4966
4953
4913
4913
4889
5093
5055
4900
4962
5021
5049
5055
5119
5002
5040
4981
4989
4950
4933
4683
4780
4754
4764
4818
5126
5114
5116
5080
5188
5081
4968
4934
4921
4934
4832
4794
4898
4924
4918
4943
4906
4921
4931
4935
4905
4830
4820
4800
4868
4850
4873
4829
4894
4864
4875
4890
4842
4924
4868
4874
4813
4973
4957
4977
4956
4916
4954
4920
4877
4930
4929
4960
5009
5019
4997
4996
4969
5063
5063
5093
5082
5033
5023
4966
5015
5017
4961
4929
4972
4960
5043
5073
4966
4911
4926
4935
5030
5064
5033
5077
5010
5022
4902
5002
4897
4819
4814
4822
4853
4834
4843
4788
4735
4749
4617
4623
4674
4647
4563
4509
4517
4485
4530
4533
4494
4544
4540
4589
4541
4520
4595
4490
4580
4549
4513
4511
4409
4446
4439
4451
4507
4443
4408
4389
4469
4499
4527
4522
4536
4438
4484
4552
4599
4548
4462
4436
4408
4473
4515
4509
4536
4579
4618
4589
4582
4405
4349
4351
4447
4453
4421
4308
4253
4412
4522
4522
4489
4492
4497
4537
4572
4544
4532
4469
4408
4445
4510
4532
4481
4507
4523
4456
4479
4489
4498
4494
4417
4419
4418
4472
4432
4325
4238
4264
4522
4585
4597
4559
4546
4605
4648
4552
4627
4616
4562
4553
4599
4609
4652
4583
4592
4616
4637
4691
4625
4649
4674
4608
4601
4544
4528
4660
4626
4552
4672
4653
4585
4570
4504
4581
4651
4543
4529
4534
4578
4542
4439
4532
4520
4657
4584
4540
4532
4430
4546
4525
4591
4548
4640
4600
4606
4629
4591
4590
4634
4627
4600
4568
4426
4446
4440
4450
4496
4605
4550
4560
4578
4507
4491
4502
4494
4463
4426
4482
4495
4465
4445
4504
4412
4427
4524
4509
4524
4520
4448
4301
4389
4365
4383
4370
4348
4262
4335
4303
4303
4298
4297
4308
4258
4272
4212
4225
4150
4227
4385
4370
4419
4421
4496
4501
4486
4464
4212
4347
4355
4347
4381
4306
4428
4353
4386
4383
4420
4431
4526
4488
4392
4087
4559
4602
4467
4481
4536
4554
4639
4736
4735
4734
4775
4736
4690
4868
4672
4672
4460
4291
4213
4305
4240
4272
4254
4248
4466
4593
4640
4656
4545
4526
4513
4531
4539
4558
4442
4376
4429
4464
4528
4519
4576
4544
4558
4479
4448
4591
4595
4571
4473
4561
4819
4718
4759
4682
4721
4725
4768
4719
4747
4653
4638
4725
4714
4615
4662
4681
4645
4744
4683
4593
4689
4645
4716
4820
4686
4627
4688
4652
4622
4673
4634
4562
4406
4379
4406
4396
4417
4357
4616
4711
4770
4800
4781
4779
4785
4776
4778
4742
4673
4800
4872
4840
4864
4820
4875
4798
4904
4903
4898
4867
4865
4963
4975
4953
4974
4962
5176
5183
5294
5185
5223
5265
5254
5258
5197
5110
5018
4982
5039
4952
5070
5080
5078
5075
5050
5229
5196
5262
5292
5067
5156
5153
5173
5299
5168
5101
5082
5078
5066
4980
4974
5039
5041
5140
5039
5014
4886
5083
5144
5094
5088
5131
5067
5086
4912
4952
5000
5053
5012
5042
5050
5056
5011
4996
4932
4935
4952
4916
4979
5039
5029
4977
5007
5038
5032
5022
4948
4996
4966
5066
5186
5193
5267
5182
5227
5251
5282
5278
5030
5131
5066
5057
5114
5074
5097
5072
5073
4958
4997
4896
5018
5046
5035
5039
5037
4941
4886
4870
4950
4868
4750
4720
4693
4831
4863
4934
4814
4855
4873
4846
4886
4862
4924
4871
4909
4935
4751
4792
4867
4878
4959
5089
5192
5122
5107
5063
5178
5282
5265
5208
5155
5197
5221
5136
5049
5082
5205
5164
5207
5228
5128
5143
5246
5291
5245
5242
5129
5079
5021
5020
5112
5079
5046
4936
4941
4981
4998
4955
4949
4919
4859
4816
4879
4965
5070
4820
4809
4838
4815
4769
4641
4770
4772
4454
4678
4710
4722
4761
4718
4521
4695
4567
4721
4799
4822
4815
4825
4744
4599
4646
4710
4712
4625
4487
4482
4620
4598
4641
4655
4643
4654
4702
4702
4570
4671
4687
4596
4500
4502
4491
4474
4572
4620
4742
4750
4682
4714
4703
4682
4628
4575
4578
4421
4272
4437
4490
4564
4501
4473
4246
4335
4437
4392
4354
4367
4315
4273
4261
4286
4250
4262
4336
4252
4247
4297
4300
4254
4364
4357
4350
4362
4353
4350
4398
4354
4303
4514
4517
4483
4495
4532
4605
4594
4734
4687
4612
4601
4626
4775
4894
4728
4529
4621
4638
4597
4592
4496
4216
4144
4229
4236
4203
4227
4104
4488
4551
4573
4540
4513
4575
4623
4550
4428
4437
4498
4501
4574
4651
4674
4655
4662
4619
4630
4588
4594
4172
4245
4252
4236
4264
4231
4566
4587
4602
4588
4587
4776
4738
4725
4614
4692
4689
4667
4734
4763
4738
4761
4819
4882
4823
4820
4946
4908
4946
4923
4848
4738
4719
4954
4943
4749
4786
4761
4767
4783
4842
4825
4819
4788
4817
4735
4752
4821
4838
4772
4769
4867
4815
4698
4840
4841
4773
4814
4875
4891
4902
4868
4863
4770
4849
4790
4843
4832
4741
4754
4742
4696
4637
4569
4603
4626
4684
4672
4678
4706
4704
4719
4738
4769
4777
4697
4685
4675
4698
4661
4642
4616
4660
4629
4589
4640
4584
4599
4598
4578
4681
4517
4522
4410
4472
4536
4472
4535
4499
4512
4516
4563
4635
4439
4364
4378
4398
4380
4467
4487
4413
4406
4355
4516
4538
4641
4663
4646
4548
4589
4582
4673
4613
4667
4597
4662
4506
4527
4648
4504
4575
4504
4546
4493
4511
4439
4404
4204
4308
4356
4287
4384
4361
4374
4369
4444
4507
4422
4563
4555
4528
4533
4527
4682
4816
4799
4830
4835
4815
4868
4895
4877
4652
4607
4599
4778
4611
4568
4587
4604
4550
4588
4571
4444
4447
4642
4640
4820
4829
4769
4792
4844
4796
4804
4786
4821
4745
4208
4109
4205
4282
4243
4257
4280
4292
4308
4281
4760
4711
4844
4799
4879
4851
4943
4943
4935
4997
5007
5004
5012
5117
5128
5121
5155
5207
5281
5312
5258
5217
5311
5333
5316
5201
5155
5202
5177
5184
5298
5394
5370
5311
5348
5295
5400
5442
5426
5403
5313
5379
5432
5362
5458
5398
5484
5391
5296
5276
5056
5007
5029
5086
5094
5122
5119
5305
5342
5359
5326
5231
5156
5199
5277
5257
4932
4972
4856
4841
4872
4893
4859
4814
4880
4880
4828
4757
4686
4723
4790
4771
4780
4711
4776
4764
4648
4780
4716
4830
4868
4786
4742
4622
4657
4664
4613
4567
4412
4439
4429
4385
4704
4796
4765
4830
4794
4721
4597
4660
4675
4683
4568
4672
4545
4721
4653
4753
4638
4732
4643
4731
4753
4822
4803
4638
4633
4786
4786
4835
4704
4689
4722
4607
4406
4629
4681
4704
4730
4798
4750
4667
4746
4691
4710
4832
4695
4647
4613
4719
4808
4597
4696
4638
4918
4898
4768
4925
4848
5105
5223
5103
5169
5035
5071
4941
5009
5152
5062
5058
5060
5033
5166
5140
5143
5119
5085
5172
5125
5069
5082
5098
5170
5188
5147
5013
5107
5133
5162
5110
5065
5016
4994
5027
5017
4962
4952
4964
4999
4980
5020
5004
5024
5069
4996
4848
4830
4804
4810
4690
4834
4922
4890
4901
4811
4872
4953
4991
5010
4980
5045
5019
5000
4975
5006
5010
5042
5026
5073
5077
5125
5118
5074
5138
5039
4866
4980
5074
5162
5121
5072
5022
5017
4962
5108
5059
5054
4983
4944
4999
4990
5024
4970
4945
4901
4802
4802
4773
4808
4757
4699
4812
4888
4766
4899
4837
4830
4818
4839
4866
4789
4553
4495
4585
4604
4590
4630
4764
4742
4746
4762
4725
4731
4769
4750
4679
4632
4535
4606
4659
4588
4737
4742
4644
4613
4543
4666
4663
4690
4621
4351
4476
4456
4447
4455
4438
4431
4310
4164
4199
4316
4278
4315
4363
4338
4389
4333
4433
4360
4302
4350
4286
4189
4222
4206
4245
4218
4058
4046
4056
4083
4143
4084
4084
4121
4087
4056
4069
4085
4066
4079
4073
4136
4143
4162
4105
4206
4293
4306
4326
4355
4360
4306
4378
4317
4361
4357
4327
4389
4414
4464
4447
4433
4388
4397
4377
4354
4456
4427
4307
4352
4282
4333
4332
4326
4371
4494
4481
4470
4497
4446
4578
4516
4519
4474
4489
4503
4514
4676
4733
4786
4796
4869
4838
4770
4779
4866
4786
4679
4694
4572
4596
4614
4745
4835
4844
4977
4979
4954
5047
5062
4942
4973
4884
4970
4966
4960
4922
5065
5115
5115
5228
5211
5067
5063
4977
4975
5069
4994
4881
5013
4963
4947
5030
5050
5045
5109
5051
5098
5095
5068
5012
4946
4923
5060
5165
5027
4881
4999
5157
5132
5141
5140
5112
5189
5171
5223
5189
5145
5133
5090
5079
5066
5133
5076
5067
4969
4996
5058
4980
5047
5032
5152
5197
5151
5077
5021
5094
5116
5121
5077
4987
5096
5109
5049
5084
5131
5127
5157
5152
5146
5207
5211
5191
5161
5085
5075
5093
5043
5162
5103
5087
4927
5005
4981
5003
5030
5006
4838
4984
4893
4727
4902
4892
4828
5016
4976
4898
4958
5034
5057
5065
5134
5108
5084
5197
5109
5092
5250
5270
5239
5081
5140
5011
5084
5095
4966
4916
4935
4981
4943
4882
4896
4857
4877
4951
4861
4823
4866
4818
4736
4412
4515
4464
4398
4640
4566
4729
4658
4557
4615
4582
4462
4636
4509
4452
4208
4253
4284
4161
4233
4247
4297
4332
4269
4192
4235
4247
4250
4384
4355
4378
4296
4311
4349
4383
4465
4530
4549
4475
4499
4453
4478
4506
4382
4560
4509
4542
4428
4519
4509
4522
4553
4591
4533
4459
4529
4499
4518
4503
4592
4567
4600
4572
4595
4548
4616
4608
4570
4573
4563
4654
4622
4672
4704
4665
4668
4636
4629
4652
4756
4743
4689
4625
4649
4745
4639
4671
4641
4670
4684
4585
4550
4703
4644
4600
4662
4710
4593
4544
4494
4477
4572
4649
4651
4739
4801
4748
4826
4775
4872
4790
4795
4721
4805
4718
4874
4780
4767
4727
4850
4788
4525
4774
4705
4028
4771
4753
4557
4645
4682
4673
4628
4500
4518
4469
4498
4543
4634
4625
4589
4564
4458
4414
4638
4501
4719
4633
4757
4503
4534
4512
4375
4403
4416
4427
4536
4547
4406
4556
4565
4564
4456
4471
4507
4534
4494
4445
4467
4470
4651
4691
4737
4682
4686
4715
4715
4571
4720
4738
4688
4700
4750
4665
4642
4590
4617
4564
4423
4432
4437
4416
4520
4464
4357
4359
4379
4469
4464
4460
4436
4453
4591
4495
4429
4479
4518
4505
4519
4502
4455
4392
4474
4520
4405
4494
4488
4522
4532
4558
4576
4547
4460
4503
4530
4562
4607
4575
4608
4507
4444
4356
4369
4359
4355
4319
4374
4390
4374
4466
4419
4359
4406
4387
4375
4367
4352
4274
4491
4565
4502
4389
4389
4510
4647
4628
4530
4505
4383
4344
4399
4403
4312
4321
4283
4374
4313
4345
4319
4257
4247
4384
4356
4398
4365
4360
4344
4288
4316
4303
4175
4274
4326
4344
4302
4236
4268
4293
4304
4302
4208
4260
4242
4199
4247
4213
4214
4160
4146
4252
4256
4200
4181
4146
4189
4215
4211
4158
231
183
291
480
4432
4456
4447
4503
4552
4331
4313
4336
4360
4293
4327
4373
4357
4354
4377
4314
4307
4313
4311
4352
4408
4383
4414
4391
4437
4549
4572
4637
4601
4514
4584
4515
4544
4599
4512
4518
4463
4469
4459
4487
4610
4644
4574
4580
4536
4620
4642
4751
4723
4587
4543
4551
4596
4593
4629
4654
4607
4539
4655
4492
4334
4611
4671
4668
4656
4707
4786
4919
4968
4883
4901
4882
4889
4891
4813
4772
4734
4760
4781
4784
4747
4681
4850
4931
4849
4839
4747
4780
4834
4855
4810
4484
4545
4518
4516
4657
4680
4751
4862
4864
4880
4920
4781
4750
4774
4767
4728
4769
4758
4706
4749
4752
4717
4760
4761
4748
4753
4781
4790
4796
4809
4853
4837
4932
4919
4921
4797
4927
4948
5062
4992
5017
4987
4973
4886
4682
4938
4944
5011
4965
4807
5010
5022
4957
4998
4826
4838
4725
4734
4787
4740
4761
4876
4946
4916
4877
4884
4834
4927
4917
4944
4857
4846
4922
4970
5068
5009
5105
5168
5167
5136
5124
5151
5137
5156
5075
5141
5123
5108
5082
5161
5190
5110
5090
5046
5035
5296
5330
5418
5197
5207
5315
5362
5323
5398
5237
5326
5235
5283
5243
5229
5300
5240
5187
5232
5278
5173
5295
5283
5259
5226
5236
5122
5193
5223
5164
5156
5057
5076
5101
5109
5079
5060
5052
5055
5069
5067
5099
5074
5104
5096
5196
5103
5094
5060
5189
5113
5148
5190
5092
5167
5120
5080
4979
4950
4988
5006
5134
5103
5005
5049
5058
5013
4992
5022
5068
5123
4977
5139
5112
5027
5118
5129
5162
5232
5161
5247
5181
5197
5293
5309
5250
5197
5226
5238
5169
5146
5190
5112
5186
5163
5157
5232
5200
5206
5199
5197
5177
5189
5249
5312
5113
5209
5244
5402
5447
5421
5444
5418
5408
5412
5438
5333
5278
5305
5287
5261
5177
5242
5399
5249
5325
5279
5239
5228
5228
5247
5043
4938
4910
5033
5029
5053
4987
5062
5101
5044
5045
5108
5079
5038
5034
5267
5329
5329
5237
5071
5121
5004
4968
4821
4801
4770
4927
4787
4833
4693
4662
4750
4633
4735
4744
4678
4574
4917
5020
5099
5032
4985
4904
5001
5016
5025
4909
4921
4961
4979
4989
5019
4977
4926
5193
5192
5301
5318
5315
5292
5333
5299
5140
5201
5325
5292
5198
5309
5334
5350
5268
5356
5288
5313
5292
5393
5421
5398
5371
5291
5280
5284
5273
5302
5247
5279
5208
5304
5343
5261
5282
5348
5286
5256
5290
5397
5260
5339
5419
5347
5422
5346
5274
5465
5380
5348
5345
5297
5390
5449
5438
5458
5431
5388
5338
5300
5393
5348
5322
5217
5170
5221
5168
5240
5301
5383
5254
5237
5194
5267
5320
5315
5308
5344
5354
5376
5390
5435
5467
5570
5593
5532
5464
5477
5487
5426
5353
5386
5326
5438
5506
5505
5575
5525
5565
5581
5536
5475
5452
5449
5433
5407
5484
5470
5406
5271
5231
5339
5376
5339
5330
5219
5307
5274
5285
5291
5227
5095
5129
5134
5126
5103
5083
5065
5119
5136
5090
5040
5090
5049
5080
5092
5128
5166
5162
5123
5199
5165
5041
5139
5170
5179
5190
5073
5024
5030
4989
4826
4985
4946
4956
4954
4947
4984
4968
4934
4930
4960
4841
4909
4986
4868
4923
5099
5184
5072
4933
4809
5095
5131
5239
5236
5175
5189
5180
5105
4821
5000
5111
5063
4936
4979
5085
5056
5112
5086
5082
5091
4986
4943
4995
4987
4957
4966
4991
4912
4878
4717
4679
4702
4686
4947
4914
4956
4949
5076
5080
4993
4974
4933
4992
5014
5004
4996
5088
5079
5141
5223
5169
5136
4948
4864
4853
4829
4795
5231
5270
5274
5187
5116
5116
5104
5020
4990
5052
5125
5095
5074
5116
5058
5120
5136
5146
5132
5090
5026
5047
5132
5156
5140
5055
5179
5104
5212
5181
5122
5202
5181
5294
5278
5193
5278
5231
5305
5125
5259
5280
5282
5437
5345
5383
5431
5442
5448
5477
5497
5499
5436
5444
5469
5406
5483
5423
5493
5516
5510
5471
5455
5538
5398
5426
5429
5282
5130
5202
5213
5170
5194
5284
5346
5332
5294
5294
5348
5434
5432
5413
5343
5311
5465
5399
5289
5272
5376
5401
5344
5427
5419
5285
5183
5248
5195
5148
5190
5255
5300
5358
5277
5247
5280
5278
5127
5014
5045
5041
5002
5123
5031
5140
5234
5223
5290
5263
5111
5152
5201
5241
5237
5201
5155
5111
5103
5125
5174
5163
5092
5018
5047
5077
5040
5061
5207
5134
5007
5074
5244
5230
5192
5169
4931
4849
4972
4991
5009
4969
4931
4960
4916
4915
4909
4778
5166
5129
5165
5114
5222
5172
5247
5322
5420
5162
5258
5234
5264
5337
5275
5304
5316
5261
5318
5353
5318
5289
5200
5245
5181
5200
5206
5007
5261
5241
5200
5277
5168
5268
5376
5375
5180
5111
5120
4596
5089
5107
4737
4901
4920
5028
4981
5025
5017
5151
5026
5135
4982
5024
5005
5032
5006
4776
4985
4951
4983
4933
4967
4905
4941
4951
4912
4863
4889
4873
4957
4923
4882
4870
4923
4862
4916
4912
4765
4754
4840
4906
4843
4903
4889
4952
4947
4989
5015
4870
4898
4910
5062
5061
4943
4963
5004
4961
5030
4992
4949
4880
4854
4769
4759
4809
4832
4860
4832
4843
4833
4808
4793
4693
4830
4856
4853
4711
4754
4729
4822
4841
4767
4685
4749
4488
4568
4661
4713
4600
4531
4463
4268
4280
4283
4499
4975
4978
5042
5122
5055
5284
5349
5161
5283
5322
5404
5446
5383
5441
5182
5144
5104
5183
5200
5087
5068
5115
5078
5062
5132
5122
5082
5005
4969
4986
5024
4979
4939
4925
4942
4847
4807
4891
4930
4925
4954
4958
4854
4803
4858
4815
4832
4825
4770
4700
4776
4759
4824
4782
4888
4864
4833
4794
4744
4697
4708
4722
4818
4727
4644
4723
4774
4727
4700
4820
4815
4825
4822
4873
4857
4860
4776
4775
4747
4771
4898
4871
4924
4824
4797
4758
4872
4870
4976
4834
5043
5165
5084
5180
5118
5164
5133
5173
5116
5010
4997
4899
4934
4914
4921
4937
4824
4821
4855
4882
4865
4851
4791
4780
4795
4780
4746
4737
4734
4711
4754
4705
4642
4698
4719
4556
4802
4846
4798
4909
4980
5009
5045
5013
5040
5141
5148
5159
5154
5134
5198
5140
5186
5016
5054
5012
5053
4883
4652
4905
4931
4949
4979
4798
4877
4672
4702
4682
4612
4583
4588
4556
4551
4466
4485
4492
4499
4424
4425
4412
4349
4440
4446
4408
4433
4449
4427
4460
4510
4518
4457
4492
4505
4522
4472
4552
4470
4506
4442
4412
4296
4685
4687
4842
4805
4886
4825
4772
4741
4818
4828
4934
4821
4802
4829
4815
4860
5044
5036
5026
5012
5022
5166
5128
5093
5189
5061
5160
5155
5045
4888
4892
4911
4882
5063
5090
5104
5135
5086
5114
5143
5134
5194
5176
5231
5246
5232
5228
5152
5166
5041
4886
4933
4957
4977
5028
5006
4990
5034
5021
5003
4962
4935
4986
4805
4801
4815
4785
4854
4826
4814
4770
4796
4890
4893
4941
4859
4902
4930
4933
4956
4972
4946
4937
4925
4960
4894
4915
4899
4846
4812
4828
4771
4781
4743
4720
4712
4599
4687
4779
4654
4650
4788
4807
4695
4779
4742
4723
4766
4580
4515
4498
4628
4675
4580
4609
4552
4695
4598
4599
4585
4563
4672
4711
4677
4556
4673
4796
4747
4705
4755
4685
4807
4785
4826
4811
4835
4825
4878
4825
4866
4922
4826
4865
4960
4927
4834
4904
4769
4836
4801
4852
4842
4733
4657
4640
4690
4639
4785
4653
4563
4516
4538
4564
4613
4529
4528
4448
4482
4458
4419
4416
4372
4357
4328
4294
4291
4023
4015
4047
4030
3939
3942
4011
4292
4338
4368
4382
4371
4403
4361
4386
4309
4144
4197
4209
4215
4281
4282
4341
4307
4176
4255
4228
4221
4313
4301
4363
4308
4272
4301
4273
4350
4259
4423
4460
4473
4434
4438
4456
4412
4417
4382
4167
4227
4251
4240
4296
4262
4308
4203
4068
4101
4106
4072
4227
4297
4320
4268
4266
4125
4404
4490
4613
4592
4676
4674
4608
4728
4550
4545
4480
4431
4444
4390
4265
4340
4286
4393
4313
4327
4347
4352
4308
4273
4275
4255
4268
4223
4320
4172
4135
4114
4120
4351
4439
4459
4286
4422
4411
4362
4495
4381
4385
4403
4388
4442
4413
4489
4290
4459
4430
4531
4512
4526
4436
4494
4546
4488
4469
4484
4363
4437
4489
4494
4501
4475
4513
4521
4575
4559
4542
4486
4599
4583
4573
4588
4764
4752
4770
4789
4814
4839
4803
4845
4917
4894
4932
4954
4884
5001
4841
5016
5053
4909
5052
5145
5077
5179
5160
5221
5292
5128
5169
5144
5366
5382
5345
5390
5374
5471
5437
5341
5350
5282
5338
5290
5332
5285
5358
5248
5331
5327
5350
5269
5241
5184
5298
5243
5224
5278
5252
5301
5161
5268
5291
5137
5253
5268
5193
5236
5102
5138
5299
5332
5305
5270
5289
5314
5350
5214
5231
5105
5116
4980
5005
5009
5014
4968
4958
4970
4914
4875
4935
4948
5031
4978
5037
4917
4971
4892
4917
4938
4960
4974
4941
4934
4941
4849
5094
5017
5094
5025
4903
4895
4885
4848
4297
4310
4292
4263
4245
4229
4249
4263
4248
4304
4284
4185
4701
4783
4781
4813
4793
4850
4877
4811
4865
4918
4926
4946
4963
4970
4909
4910
4915
4862
4795
4913
4907
4941
4930
4926
4855
4848
5069
5159
5116
4984
5064
5035
5058
5107
5294
5174
5171
5036
5076
5127
5140
5100
5119
4898
5036
4975
4948
4917
4939
4768
4803
4846
4927
5001
4924
4842
4859
4845
4897
4701
4764
4820
4771
4750
4763
4781
4749
4821
4824
4816
4802
4836
4842
4874
4872
4772
4820
4806
4767
4853
4839
4855
4898
4844
4777
4856
4860
4809
4848
4861
4738
4764
4724
4714
4581
4568
4147
4172
4169
4166
4161
4168
4148
4172
4171
4405
4453
4439
4455
4460
4467
4509
4638
4634
4678
4586
4676
4708
4685
4668
4652
4675
4548
4655
4671
4668
4626
4634
4733
4724
4529
4550
4603
4520
4594
4563
4637
4653
4621
4563
4443
4450
4582
4555
4439
4504
4501
4592
4595
4611
4487
4428
4455
4318
4355
4399
4290
4373
4350
4279
4221
4209
4306
4315
4396
4316
4308
4309
4315
4261
4259
4216
4245
4176
4226
4198
4066
4028
3914
3932
3905
3977
4001
3897
3784
3866
3846
3921
3812
3999
3967
3981
4042
3960
3998
3956
4034
4115
3993
3923
3910
3943
3944
3834
3830
3837
3850
3818
3817
3819
3815
3804
3802
3764
3790
3759
3788
3821
3769
3744
3734
3845
3857
3826
3866
3891
3920
3922
3940
3797
3774
3927
3978
3961
4013
3990
4027
4030
4038
4080
4103
4117
4109
4179
4172
4132
4063
4156
4135
4145
4125
4262
4267
4313
4285
4295
4313
4269
4262
4304
4220
4252
4099
4084
4068
4074
4083
4067
4113
4124
4138
4117
4094
4054
4033
4024
4054
4072
4012
4065
4045
4014
4042
4035
4040
4074
4042
4089
4061
4131
4223
4234
4149
4188
4071
4032
4067
4012
3919
4058
4032
4143
4011
4131
4159
4151
4141
4146
4048
4122
4100
4148
4017
4043
3877
3891
3958
3945
3889
3938
3837
3888
3897
3862
3976
3939
3834
3973
4041
4029
4023
3984
3926
3980
3964
3869
3794
3770
3803
3651
3731
3722
3620
3600
3603
3609
3558
3567
3555
3534
3591
3589
3500
3547
3516
3546
3796
3782
3911
3919
3939
3915
4004
3992
3997
3991
3943
3886
3946
3971
3955
4021
4100
4099
4011
4084
4147
4171
4078
4158
4094
4052
4021
4000
3926
3942
3832
3782
3936
3905
3876
3864
3801
3882
3881
3891
3942
3928
3942
4049
3995
3888
3854
3759
3807
3808
3667
3697
3693
3724
3802
3876
3863
3913
3895
3900
3855
3840
3802
3832
3804
3799
3824
3865
3797
3826
3841
3762
3712
3758
3866
3763
3816
3882
3873
3817
3750
3761
3655
3575
3627
3614
3600
3586
3585
3563
3576
3624
3632
3517
3471
3472
3507
3517
3428
3418
3429
3377
3475
3471
3414
3372
3336
3304
3403
3377
3360
3407
3474
3461
3501
3481
3408
3488
3396
3338
3398
3297
3384
3303
3329
3358
3393
3331
3307
3268
3396
3372
3403
3452
3439
3587
3628
3611
3633
3587
3793
3791
3830
3560
3664
3722
3674
3663
3687
3500
3514
3499
3431
3474
3532
3508
3759
3733
3746
3787
3752
3706
3791
3802
3716
3569
3529
3518
3588
3527
3541
3510
3490
3498
3505
3410
3561
3540
3543
3590
3615
3680
3723
3779
3802
3761
3598
3790
3802
3815
3683
3722
3797
3810
3807
3868
3908
3938
3956
3972
3994
3965
3963
3934
3892
3935
3888
3933
3958
3935
3955
3888
3913
3927
4068
4087
4007
4012
4084
4110
4048
4042
4024
4033
3987
3896
3899
3957
3945
4031
3989
4007
4014
4008
4010
3972
3957
4008
4006
3994
4029
4055
4063
4039
4034
4163
4245
4292
4229
4253
4207
4335
4345
4381
4387
4409
4351
4404
4421
4419
4407
4449
4364
4325
4431
4404
4388
4467
4465
4472
4484
4450
4555
4644
4761
4686
4687
4724
4758
4728
4761
4628
4695
4621
4541
4495
4455
4468
4504
4481
4361
4380
4380
4324
4355
4366
4345
4316
4347
4307
4351
4364
4380
4365
4362
4384
4213
4062
4250
4313
4360
4328
4414
4441
4416
4429
4428
4421
4387
4330
4425
4375
4262
4336
4371
4354
4445
4483
4466
4477
4431
4309
4506
4503
4477
4469
4435
4535
4541
4575
4496
4450
4482
4475
4511
4501
4432
4382
4406
4316
4521
4542
4500
4442
4442
4393
4399
4419
4434
4443
4424
4424
4422
4423
4339
4337
4327
4318
4386
4509
4474
4501
4482
4522
4487
4500
4452
4463
4484
4419
4533
4548
4499
4584
4779
4757
4849
4823
4730
4751
4816
4749
4618
4644
4264
4296
4291
4247
4245
4317
4309
4853
4871
4833
4872
4843
4920
4886
4869
4758
4903
4884
4915
4831
4904
4876
4801
4844
4857
4797
4763
4726
4718
4730
4681
4648
4637
4551
4543
4663
4695
4704
4718
4665
4724
4726
4718
4721
4687
4686
4713
4660
4638
4641
4684
4767
4802
4839
4899
4889
4864
4830
4815
4853
4819
4791
4741
4841
4879
4910
4937
4912
4864
4827
4784
4698
4691
4806
4900
4877
4861
4916
4907
4943
4988
4969
4935
4868
4814
4912
4924
4945
4783
4871
4888
4917
4821
4764
4806
4808
4829
4890
4783
4682
4713
4739
4766
4793
4910
4771
4828
4714
4826
4651
4759
4804
4855
4701
4750
4794
4919
4953
4923
4914
4817
4942
4933
4951
4974
5042
5063
5031
4952
4944
4989
5145
5137
5008
4956
4823
4896
5003
4966
4822
4727
4425
4495
4516
4523
4550
4476
4510
4496
4477
4326
4409
4408
4482
4485
4377
4390
4477
4501
4498
4530
4533
4519
4441
4594
4673
4451
4470
4533
4680
4660
4548
4628
4626
4641
4625
4632
4634
4651
4675
4684
4645
4649
4620
4617
4649
4690
4669
4666
4717
4692
4721
4702
4734
4759
4832
4789
4814
4753
4802
4855
4813
4811
4750
4816
4815
4851
4865
4922
4922
4871
4849
4772
4567
4592
4518
4588
4618
4640
4646
4603
4635
4624
4604
4589
4563
4536
4517
4557
4580
4645
4656
4625
4691
4663
4668
4614
4520
4601
4621
4881
4896
4840
4778
4817
5052
5072
4980
4981
4903
4975
4969
4988
4986
4836
4787
4780
4924
4977
4921
4944
4946
4910
4950
4926
4926
4855
4863
4869
4799
4758
4775
4809
4780
4756
4618
4629
4673
4721
4809
4739
4695
4682
4740
4721
4799
4749
4782
4713
4699
4715
4747
4691
4746
4661
4647
4708
4701
4742
4762
4724
4816
4870
4890
4849
4835
4820
4856
4789
4685
4801
5063
5074
5057
5109
4993
4982
4988
4922
4953
5030
4904
4906
4988
5017
5009
4968
5009
4974
5035
5080
5035
5082
5040
5132
5141
5128
5117
5065
5052
5130
5203
5209
5163
5072
5063
5050
5150
5083
5086
5087
5059
5054
5076
5006
5023
4985
4889
4942
4911
4963
4975
4939
4941
4873
4887
4875
4849
4821
4845
4948
4991
5018
4985
5025
5019
4933
4960
4951
4849
4794
4978
5001
4968
5014
5025
5062
5077
5101
5128
4745
4769
4759
4797
4868
4680
4645
4678
4766
4845
4822
4793
4826
4790
4818
4876
4915
4850
4773
4771
4735
4841
4914
4851
4723
4801
4805
4819
4830
4860
4841
4856
4836
4850
4864
4849
4867
4846
4756
4720
4735
4750
4808
4809
4742
4793
4757
4808
4754
4805
4852
4737
4708
4730
4821
4851
4820
4959
4978
5132
5088
5075
5076
4727
4851
4852
4843
4710
4696
4784
5017
4897
4926
4823
4830
4800
4754
4886
4856
4880
4883
4880
4845
4849
4792
4797
4819
4836
4780
4697
4601
4568
4636
4695
4615
4490
4437
4405
4385
4339
4640
4604
4677
4807
4905
4923
4962
4848
4722
4672
4751
4740
4715
4830
4772
4832
4844
4813
4791
4745
4689
4685
4670
4712
4752
4809
4787
4743
4823
4747
4655
4712
4742
4690
4607
4661
4619
4679
4772
4670
4666
4540
4482
4482
4301
4715
4710
4652
4676
4670
4748
4848
4859
4818
4589
4578
4722
4688
4750
4633
4605
4635
4704
4756
4748
4719
4657
4691
4645
4489
4578
4464
4497
4554
4535
4505
4510
4587
4585
4526
4544
4554
4589
4514
4519
4697
4619
4677
4628
4607
4677
4716
4670
4667
4623
4597
4718
4693
4911
4863
4764
4908
4878
4881
4577
4619
4547
4482
4544
4457
4491
4603
4539
4513
4575
4563
4593
4676
4686
4563
4386
4386
4338
4353
4378
4294
4344
4401
4345
4290
4341
4346
4397
4380
4238
4253
4304
4309
4311
4287
4281
4258
4187
4346
4516
4668
4642
4670
4634
4624
4638
4664
4547
4412
4181
4315
4439
4409
4297
4384
4356
4383
4415
4402
4362
4269
4418
4402
4315
4380
4431
4456
4475
4473
4402
4515
4510
4632
4616
4601
4535
4612
4611
4456
4487
4509
4499
4444
4517
4470
4392
4838
5002
4928
4932
4780
4740
4832
4845
4803
4892
4733
4711
4625
4665
4684
4644
4647
4675
4608
4596
4663
4544
4585
4493
4555
4649
4744
4726
4698
4752
4769
4798
4894
4883
4855
4855
4915
4882
4711
4759
4760
4771
4926
4915
4959
4869
4967
4959
5051
5044
5012
4921
4919
5038
5008
4989
4969
4859
4858
4833
4824
4793
4775
4606
4740
4856
4901
4962
4995
4965
4867
4818
4801
4845
4765
4858
4786
4720
4746
4779
4869
4882
4711
4798
4811
4763
4801
4764
4701
4741
4683
4807
4769
4602
4709
4720
4775
4784
4849
4722
4701
4471
4453
4591
4636
4626
4564
4499
4417
4637
4636
4686
4567
4611
4620
4619
4732
4662
4623
4507
4627
4570
4491
4789
4764
4742
4661
4817
4873
4852
4800
4812
4450
4530
4695
4601
4437
4305
4360
4375
4393
4460
4694
4596
4803
4752
4861
4806
4917
4935
4903
4719
4648
4568
4693
4760
4640
4654
4601
4680
4687
4637
4721
4643
4627
4720
4873
4828
4709
4766
4737
4806
4815
4849
4806
4654
4688
4643
4599
4505
4589
4602
4583
4545
4573
4420
4184
4173
4160
4240
4221
4194
4579
4691
4688
4662
4701
4716
4666
4603
4620
4621
4638
4638
4636
4676
4733
4838
4806
4819
4830
4789
4793
4774
4738
4667
4628
4760
4808
4815
4790
4831
4769
4830
4868
4793
4690
4714
4719
4713
4656
4640
4608
4549
4580
4534
4531
4206
4239
4182
4177
4228
4200
4501
4779
4750
4688
4719
4792
4890
4868
4911
5004
4945
4906
5092
5059
5209
5186
5183
5097
4996
4894
4864
4980
5005
5081
5081
5051
5030
4929
4925
4961
4924
4925
4937
4880
4756
4669
5019
5035
4938
4919
4781
4665
4628
4569
4615
4643
4772
4690
4703
4732
4701
4682
4509
4516
4583
4562
4653
4564
4615
4631
4640
4569
4562
4523
4595
4595
4564
4576
4566
4623
4619
4712
4637
4572
4490
4646
4646
4692
4678
4727
4723
4736
4647
4493
4605
4711
4628
4605
4766
4768
4789
4884
4817
4801
4703
4651
4543
4685
4659
4655
4500
4516
4550
4627
4629
4597
4665
4660
4652
4689
4666
4764
4738
4705
4624
4716
4858
4864
4713
4758
4842
4887
4839
4882
4841
4767
4704
4854
4884
4815
4810
4658
4952
4972
5012
4935
5061
5117
5095
5104
5134
5137
5055
5071
5140
5092
5135
5011
4982
5111
5077
5086
5096
5028
5022
5087
5087
5094
4962
5006
4921
5049
5030
4962
4810
4742
4801
4754
4759
4779
4687
4530
4445
4542
4717
4817
4782
4752
4791
4724
4655
4708
4495
4624
4601
4587
4565
4680
4678
4540
4642
4702
4721
4768
4741
4787
4710
4720
4728
4706
4788
4802
4792
4855
4757
4900
4911
4872
4873
4924
4994
4856
4858
4968
4958
4971
4803
4814
4763
4819
4880
4867
4826
4848
4722
4769
4935
4944
4877
4830
4771
4867
4863
4794
4714
4718
4717
4647
4605
4618
4620
4603
4640
4642
4651
4681
4759
4794
4778
4757
4700
4670
4880
4902
4893
4789
4736
4796
4845
4845
4752
4672
4702
4480
4588
4690
4703
4761
4761
4765
4743
4700
4599
4756
4737
4778
4743
4680
4605
4832
4838
4852
4849
4987
4943
4846
4827
4833
4802
4857
4863
4713
4626
4679
4693
4701
4683
4678
4631
4672
4632
4666
4726
4797
4757
4849
4798
4846
4834
4822
4834
4778
4773
4753
4896
4880
4821
4832
4867
4741
4744
4748
4826
4879
4830
4857
4954
4991
5005
5006
5035
5040
5021
4966
5060
5137
4952
5052
5112
5162
5129
5100
5090
5056
5142
5109
5072
5118
5113
5123
5125
5113
5106
5086
5044
4922
4991
5037
5019
4998
4872
4812
4884
4910
4890
4887
4890
4918
4927
4897
4877
4909
4866
4704
4947
4872
4766
4700
4689
4721
4741
4763
4750
4832
4761
4880
4907
4886
4873
4903
4855
4952
5016
5034
5059
5035
4971
4915
5039
4901
4935
4980
4822
4874
4955
4939
4879
4853
4911
4918
5003
5001
4929
4913
4955
4966
4998
4883
4883
4992
5021
4919
4904
4751
5004
5065
5027
4954
4936
4982
4903
5038
4941
4905
4898
4833
4852
4885
4932
4951
4863
4740
4819
4806
4775
4739
4878
4934
4776
4841
4876
4895
4829
4851
4776
4702
4825
4831
4786
4847
4840
4847
4785
4765
4765
4744
4713
4825
4810
4838
4873
4841
4804
4909
4897
4882
4795
4700
4694
4837
4869
4725
4729
4713
4710
4757
4714
4673
4773
4711
4690
4703
4688
4681
4712
4701
4663
4641
4576
4693
4794
4791
4795
4624
4641
4708
4779
4782
4702
4761
4781
4811
4799
4757
4814
4876
4901
4862
4797
4775
4662
4840
4924
4811
4898
4891
4947
4934
4785
4776
4753
4757
5059
5002
5082
5002
5053
4976
4911
4952
4948
4975
4970
4932
4953
4910
4919
4810
4916
4917
4832
4959
5019
4993
5027
5164
5069
5117
5064
5088
5217
5217
5179
5171
5017
5221
5217
5225
5147
5079
5091
5040
5102
5120
4952
4955
4985
4941
4964
4908
4949
4884
4873
4820
4862
4869
4896
4826
4654
4734
4852
4879
4879
4893
4894
4889
4857
4852
4852
4816
4742
4651
4837
4802
4750
4724
4715
4742
4769
4760
4710
4739
4713
4771
4727
4755
4808
4748
4878
4876
4880
4899
4799
4855
4960
4942
4989
4919
4945
4963
5012
4981
4938
4938
4951
4978
4950
4926
4839
4882
4844
5001
4926
4994
4955
4883
4922
5003
4963
4937
4894
4883
4761
4835
4966
4891
4882
4772
4842
4946
4964
4939
4967
5005
4881
5007
5033
5054
5067
5100
5024
5094
5118
5090
5100
5087
5083
4991
4993
4978
4918
4946
4882
4970
5027
4920
4973
4954
4936
5024
5166
5188
5252
5244
5210
5263
5273
5135
5142
5158
5080
4883
4894
4934
4876
4830
5012
5289
5362
5290
5265
5322
5321
5313
5418
5115
5215
5186
5154
5244
5173
5174
5179
5204
5220
5217
5202
5262
5203
5266
5270
5311
5295
5281
5294
5219
5230
5290
5303
5303
5168
5171
5161
5241
5245
5247
5253
5337
5413
5534
5561
5524
5551
5537
5572
5557
5536
5610
5593
5635
5731
5693
5588
5651
5723
5774
5694
5689
5698
5714
5718
5642
5697
5600
5539
5568
5387
5182
5337
5395
5291
5364
5390
5410
5396
5345
5338
5338
5353
5322
5295
5334
5247
5357
5330
5383
5349
5334
5354
5356
5450
5429
5469
5357
5438
5418
5536
5497
5432
5387
5448
5400
5483
5409
5359
5349
5412
5546
5509
5522
5524
5509
5510
5387
5533
5493
5395
5399
5446
5493
5618
5592
5502
5564
5584
5494
5551
5448
5591
5455
5309
5527
5563
5557
5610
5597
5578
5548
5735
5659
5639
5648
5692
5783
5793
5809
5740
5660
5646
5629
5636
5643
5486
5564
5452
5490
5419
5345
5366
5325
5329
5338
5343
5574
5525
5553
5549
5418
5490
5453
5402
5451
5346
5373
5402
5379
5404
5427
5342
5840
5850
5892
5875
5787
5867
5814
5606
5632
5524
5438
5315
5451
5375
5366
5432
5455
5499
5368
5383
5321
5197
5293
5237
5251
5294
5314
5333
5251
5189
5159
5183
5167
5336
5405
5452
5414
5377
5413
5357
5551
5608
5472
5562
5527
5657
5651
5703
5650
5716
5742
5694
5793
5880
5825
5779
5754
5729
5962
5896
5930
5854
5847
5941
5890
5978
5995
5936
5965
5935
5931
5801
5905
6058
6053
5959
6168
6089
6020
6035
6010
6015
6090
6087
6049
6018
6021
5983
6058
5965
5926
5768
5759
5828
5715
5763
5785
5746
5802
5753
5693
5683
5545
5582
5382
5547
5491
5698
5681
5607
5573
5633
5593
5526
5390
5356
5391
5388
5291
5405
5371
5294
5252
5315
5419
5390
5097
5383
5342
5286
5305
5382
5370
5332
5382
5431
5447
5486
5511
5500
5523
5588
5565
5646
5696
5694
5707
5664
5670
5640
5440
5494
5498
5521
5510
5353
5447
5470
5487
5276
5423
5482
5417
5441
5464
5437
5647
5642
5570
5633
5737
5678
5785
5687
5676
5552
5480
5483
5506
5584
5496
5336
5250
5288
5282
5304
5502
5672
5667
5730
5694
5580
5644
5601
5774
5743
5770
5763
5705
5746
5708
5607
5617
5470
5609
5584
5608
5575
5474
5454
5483
5450
5458
5335
5441
5373
5345
5396
5369
5427
5431
5330
5383
5167
5171
5108
5105
5150
5075
4983
5038
4965
4919
4854
4835
4915
4861
4846
4830
4813
4883
4890
4891
4808
4811
4805
4773
4883
4801
4774
4855
4853
4825
4763
4724
4717
4735
4693
4664
4677
4766
4754
4758
4759
4748
4818
4847
4846
5014
4998
5030
5145
5154
5136
5077
5226
5175
5238
5246
5299
5228
5223
5295
5234
5313
5213
5178
5126
5100
5226
5248
5144
5082
4973
5044
4932
4973
4974
4784
4788
4804
4748
4792
4819
4743
4698
4710
4707
4650
4697
4707
4774
4807
4656
4664
4554
4534
4578
4577
4613
4719
4730
4707
4799
4825
4554
4695
4746
4740
4842
4808
4821
4654
4716
4649
4722
4759
4670
4631
4497
4252
4399
4371
4435
4475
4612
4461
4422
4475
4377
4362
4419
4591
4609
4555
4645
4615
4676
4697
4698
4754
4634
4564
4707
4704
4732
4878
4909
4875
4715
4590
4833
4791
4765
4839
4830
4741
4870
4871
4842
4847
4803
4809
4796
4956
4854
4969
4947
4979
4865
4702
4970
5047
5036
5061
5056
4969
4965
4891
4777
4816
4873
4851
4786
4671
4808
5153
5157
5158
5277
5291
5264
5332
5385
5359
5148
5344
5281
5102
5086
4984
4978
5062
5079
5049
4919
5038
4942
4971
4953
5006
4977
5005
4972
4899
4907
4905
5036
5096
4947
4929
4937
5030
5006
4993
4910
4945
5019
4985
5134
5146
5170
5134
5068
4959
5120
5095
5062
4918
4959
5012
4965
4985
4984
4962
4976
4875
4898
4877
5058
5039
4986
4994
4823
4591
4559
4519
4571
4505
4557
4484
4716
4705
4726
4808
4777
4796
4713
4673
4656
4750
4766
4740
4765
4679
4640
4783
4759
4805
4811
4719
4702
4618
4631
4499
4234
4403
4771
4754
4754
4588
4505
4513
4557
4492
4547
4394
4391
4398
4458
4428
4454
4407
4440
4388
4445
4378
4396
4347
4385
4556
4566
4577
4452
4400
4366
4247
4186
4193
4146
4300
4244
4340
4538
4581
4543
4739
4688
4656
4798
4791
4779
4747
4717
4715
4524
4619
4705
4732
4584
4623
4608
4547
4526
4646
4622
4607
4709
4717
4714
4616
4782
4597
4657
4673
4526
4680
4611
4862
4875
4846
4786
4679
4619
4769
4858
4764
4634
4687
4660
4668
4684
4694
4703
4729
4724
4750
4714
4681
4724
4735
4775
4742
4755
4823
4799
4774
4767
4856
4872
4947
4983
4990
4915
4899
4987
5007
4960
4967
4771
4824
4776
4776
4727
4740
4922
4922
4937
4895
4895
4895
4860
4893
4882
4791
4791
4768
4801
4804
4801
4854
4863
4792
4776
4739
4853
4871
4820
4831
4828
4775
4734
4676
4652
4602
4615
4649
4609
4627
4587
4553
4585
4579
4614
4562
4653
4667
4619
4673
4652
4758
4757
4773
4858
4839
4892
4964
5012
5008
5044
4958
4735
4774
4834
4800
4734
4843
4974
4934
4939
4880
4922
4865
4923
4897
4941
4697
4797
4779
4857
4835
4862
4848
4792
4826
4807
4758
4823
4800
4830
4871
4811
4789
4729
4745
4704
4635
4557
4822
4855
4784
4769
4823
4794
4712
4739
4780
4757
4626
4674
4614
4599
4518
4711
4798
4775
4752
4684
4752
4782
4841
4869
4862
4848
4874
4823
4826
5001
4895
4939
4955
4904
4940
4868
4918
4914
4936
4967
4875
4850
4758
4783
4727
4790
4769
4812
4803
4782
4816
4812
4775
4805
4761
4623
4566
4580
4680
4706
4726
4737
4748
4741
4731
4800
4808
4803
4741
4810
4876
4801
4678
4837
4831
4881
4848
4787
4692
4660
4666
4840
4882
4890
4884
4869
4890
4854
4976
4918
4949
4915
4902
5057
5056
5046
5063
5013
5137
5241
5290
5282
5106
5113
5041
4992
4926
4626
4659
4769
4751
4726
4707
4541
4686
4673
4717
4735
4827
4744
4691
4655
4551
4589
4761
4743
4774
4745
4721
4740
4718
4710
4748
4667
4672
4667
4655
4691
4624
4588
4515
4443
4560
4466
4577
4653
4623
4447
4542
4514
4515
4561
4565
4463
4376
4555
4669
4639
4616
4505
4666
4758
4774
4838
4693
4431
4330
4126
4191
4172
4145
4166
4236
4172
4240
4660
4622
4623
4643
4642
4692
4591
4666
4614
4654
4604
4614
4638
4673
4646
4610
4565
4627
4668
4656
4666
4661
4669
4679
4699
4723
4719
4701
4697
4767
4888
4877
4587
4637
4657
4690
4677
4647
4906
4885
4923
4913
4902
4913
4779
4861
4872
4854
4907
4687
4946
4968
5006
5060
4951
4983
4977
4708
4301
4390
4374
4370
4391
4391
4402
4376
4486
4443
4406
4463
4397
4643
4658
4651
4647
4627
4520
4500
4703
4833
4805
4847
4804
4836
4833
4824
4854
4912
4908
4881
4989
4869
5056
5045
4992
5099
5080
5054
5106
4904
4868
4827
4893
4837
4829
4865
4827
4807
4811
4603
4773
4836
4820
4807
4866
4890
4899
4948
4966
4883
4884
4912
4594
4477
4566
4696
4667
4837
4867
4861
4814
4873
4937
4776
4793
4795
4840
4870
4902
4782
4803
4617
4429
3884
4617
4256
4605
4660
4589
4581
4676
4619
4749
4710
4720
4561
4578
4624
4665
4825
4676
4731
4672
4793
4668
4600
4917
4920
4827
4927
4995
4920
4975
4912
4943
4922
4859
4844
4971
4995
5003
5072
4881
5053
5080
4821
4923
4962
5019
5119
5061
5160
5209
5187
5130
5020
5072
5070
4524
4501
4543
4472
4480
4498
4334
4472
4432
4479
4752
4861
4891
4911
4944
4958
5017
4915
4737
4861
4835
4788
4994
5055
5047
5077
5086
4992
5016
5005
5028
4980
4889
4813
4930
4968
4977
4943
4962
4961
4910
4962
4820
4883
4785
4702
4649
4713
4734
4719
4675
4668
4788
4878
4870
4731
4839
4912
4933
4786
4676
4733
4643
4446
4850
5074
5077
5076
5052
5036
5034
5074
5109
5055
5035
5018
4987
4997
4815
4912
4999
4982
4834
4832
4841
4912
4836
4600
4772
4902
4914
5035
5020
4980
4971
5061
4938
5039
5015
4894
4875
5021
5008
4972
4887
4853
4971
4960
4936
4868
4905
4932
4937
4955
4962
5000
4982
4873
4015
4749
4792
4757
4633
4527
4507
4624
4571
4662
4946
4892
4967
4834
4824
4787
4879
4856
4797
4711
4592
4611
4633
4655
4690
4550
4612
4607
4662
4585
4689
4690
4387
4649
4697
4689
4733
4805
4845
4801
4730
4783
4774
4682
4794
4663
4586
4617
4625
4437
4431
4436
4355
4398
4415
4360
4348
4699
4654
4699
4659
4673
4659
4646
4586
4563
4591
4567
4621
4671
4629
4657
4603
4603
4638
4661
4675
4681
4724
4748
4765
4716
4565
4524
4642
4726
4760
4833
4735
4814
4727
4629
4745
4757
4836
4772
4656
4614
4725
4717
4763
4741
4581
4625
4644
4706
4702
4641
4642
4599
4534
4570
4582
4642
4624
4683
4626
4621
4633
4550
4609
4707
4712
4789
4772
4781
4728
4660
4701
4731
4785
4758
4775
4715
4840
4839
4849
4901
4845
4797
4738
4626
4682
4533
4497
4600
4578
4529
4512
4526
4544
4568
4615
4607
4501
4520
4524
4338
4311
4360
4499
4542
4529
4654
4731
4654
4503
4507
4275
4443
4306
4545
4489
4597
4507
4616
4656
4648
4499
4453
4579
4543
4549
4562
4578
4534
4556
4493
4502
4445
4546
4553
4602
4576
4576
4571
4588
4558
4609
4531
4518
4529
4459
4374
4433
4441
4537
4573
4576
4637
4479
4609
4654
4670
4582
4596
4696
4686
4620
4564
4680
4632
4719
4652
4682
4735
4707
4683
4684
4632
4605
4524
4655
4787
4756
4781
4800
4667
4662
4674
4702
4720
4551
4534
4450
4551
4569
4528
4485
4482
4545
4282
4551
4576
4482
4557
4647
4641
4654
4676
4655
4695
4695
4595
4728
4784
4851
4866
4751
4759
4807
4821
4814
4793
4925
4963
4970
4928
4937
5000
5076
4981
4785
4850
4979
5009
4960
5014
4949
4915
4960
5085
5063
4924
4945
4948
4915
4709
4879
4910
4996
5048
5015
5022
5114
5149
4973
5004
5046
4916
4978
4959
4896
4882
4859
4868
4928
4992
4938
4809
4859
4866
4911
4853
4837
4782
4748
4766
4754
4630
4664
4803
4720
4814
4791
4841
4885
4808
4946
4894
4839
4878
4761
4696
4705
4742
4662
4760
4744
4726
4501
4900
4949
4990
4986
4963
4729
4720
4917
4865
4859
4894
4945
4949
4909
5012
4854
4880
4552
4522
4557
4597
4529
4545
4577
4791
4782
4757
4748
4802
4873
4871
4870
4733
4776
4738
4735
4768
4611
4479
4700
4703
4779
4759
4807
4751
4788
4767
4805
4722
4742
4714
4736
4743
4669
4821
4726
4811
4878
4855
4820
4824
4698
4596
4658
4882
4873
4690
4761
4778
4759
4903
4988
4956
4817
4799
4740
4808
4763
4675
4648
4768
4774
4666
4702
4870
4861
4886
4974
4949
4870
4855
4844
4801
5060
5175
5182
5126
5153
5150
5205
5192
5105
5100
4954
5129
5073
5051
5038
4972
4674
5031
5005
5116
5111
5090
5048
5051
5093
5062
4975
4950
4942
4947
5093
5090
5104
5085
5079
4991
4995
4993
4910
4938
4967
4954
4812
4945
4930
4716
4962
4922
4949
4996
4959
5005
4990
4837
4541
4660
4886
4917
4900
4829
4828
4895
4882
4801
4815
4926
4939
4929
4931
4986
4861
4874
4927
4872
4904
4842
4824
4914
4958
4919
4917
4957
4979
5036
5025
5109
5161
5154
5110
5198
5029
5177
5146
5086
4871
4891
4964
4948
4905
4934
4847
4895
4836
4772
4730
4746
4656
4643
4975
4967
5011
4864
4874
4875
4858
4800
4688
4850
4827
4773
4907
4820
4880
4830
4776
4823
4775
4573
4419
4411
4395
4343
4715
4798
4841
4937
4736
4660
4675
4617
4718
4547
4476
4416
4445
4513
4551
4632
4572
4619
4527
4472
4522
4517
4519
4498
4400
4357
4363
4378
4403
4426
4402
4385
4381
4409
4393
4328
4322
4342
4304
4655
4717
4752
4696
4737
4782
4756
4694
4748
4771
4804
4645
4804
4829
4872
4855
4823
4775
4782
4637
4535
4478
4550
4539
4529
4580
4590
4779
4826
4805
4848
4822
4872
4887
4952
4916
4903
4968
5005
4905
4974
4966
4889
4897
4920
4844
4920
4894
4936
4957
4937
5170
5205
5199
5150
5075
5122
5118
4983
4960
4948
5020
5033
5008
4927
4796
4789
4832
4859
4893
4856
4817
4830
4782
4734
4776
4770
4781
4926
4943
4936
4918
4957
4962
4894
4853
4791
4842
4831
4804
4825
4848
4706
4813
4766
4858
4855
4826
4617
4553
4619
4572
4684
4728
4757
4759
4583
4617
4585
4596
4597
4544
4515
4492
4436
4432
4388
4346
4271
4438
4376
4362
4418
4384
4363
4459
4289
4396
4275
4418
4460
4475
4464
4472
4512
4457
4555
4534
4593
4571
4590
4652
4786
4759
4785
4581
4621
4600
4612
4590
4419
4384
4248
4255
4376
4570
4595
4605
4542
4572
4479
4523
4515
4520
4453
4673
4758
4827
4821
4784
4780
4836
4948
4974
4945
4885
4801
4871
4868
4814
4995
4990
5061
5005
5006
5028
4948
4955
4962
4966
4333
4314
4352
4376
4476
4453
4455
4453
4446
4353
4594
4586
4600
4566
4689
4445
4729
4671
4816
4822
4787
4758
4850
4787
4826
4845
4794
4801
4877
4839
4852
4842
4722
4919
4945
4898
4914
4857
4760
4828
4878
4883
4841
4828
4853
4861
4796
4822
4850
5057
5004
5131
5166
5049
5137
5098
5130
5071
4941
5008
4955
4964
5080
5108
5113
5186
5201
5027
5172
5135
5215
5231
5204
5278
5277
5324
5314
5245
5274
5261
5272
5320
5340
5280
5185
5294
5122
5205
5247
5131
5178
5194
5203
5170
5233
5145
4984
5020
5002
4996
5080
5011
4805
4880
5001
5036
4955
4996
5024
4905
4910
4915
4855
4760
4866
4981
4918
4980
4928
4870
4838
4749
4747
4911
4917
4876
4829
4809
4853
4837
4745
4776
4610
4682
4662
4676
4729
4650
4559
4634
4557
4686
4631
4631
4686
4634
4623
4582
4653
4671
4675
4737
4626
4681
4641
4582
4563
4703
4689
4642
4705
4681
4659
4688
4711
4793
4688
4413
4547
4508
4740
4895
4807
4882
4923
4939
4970
4816
4717
4770
4769
4788
4815
4659
4685
4642
4613
4595
4547
4557
4670
4653
4653
4600
4680
4771
4827
4787
4949
4752
4714
4599
4582
4625
4656
4756
4692
4685
4676
4736
4656
4682
4643
4719
4546
4750
4714
4785
4755
4856
4798
4916
4807
4710
4855
4703
4819
4758
4880
4882
4784
4844
4809
4516
4579
4603
4646
4625
4748
4738
4743
4762
4599
4678
4505
4529
4670
4746
4715
4509
4610
4628
4619
4645
4549
4514
4518
4652
4583
4487
4450
4579
4568
4471
4520
4524
4517
4474
4528
4372
4525
4439
4604
4533
4598
4603
4543
4429
4463
4510
4614
4583
4695
4778
4711
4788
4719
4730
4789
4657
4736
4625
4516
4490
4501
4563
4447
4505
4570
4463
4499
4510
4450
4352
4389
4470
4521
4525
4486
4550
4480
4394
4661
4679
4585
4578
4529
4244
4517
4472
4331
4340
4302
4259
4257
4322
4305
4234
4256
4357
4452
4377
4381
4407
4387
4379
4301
4341
4420
4481
4447
4428
4326
4360
4279
4391
4305
4046
4156
4176
4245
4182
4038
4219
4167
4182
4210
4193
4163
4021
3942
4074
4270
4210
4204
4175
4261
4194
4202
4144
4118
4122
4137
3991
4036
4035
4122
4073
4111
4287
4292
4290
4302
4259
4230
4240
4177
4174
4159
4189
4225
4207
4183
4219
4208
4190
4178
4187
4215
4187
4143
4197
4167
4176
4172
4189
4192
4136
4181
4162
4160
4151
4038
3974
4090
4106
4115
4163
4085
4164
4106
3973
3912
3913
4029
4064
4074
4080
4056
3992
3977
3993
3994
3914
4008
4015
3962
4023
4014
4020
3970
3996
3992
3956
3935
3908
3916
3948
4010
4038
4011
4047
4138
4137
4112
4117
4143
4124
4170
4123
4134
4023
4063
4049
4072
4139
4128
4094
4005
4025
4027
3918
3977
3953
3948
3531
3524
3498
3555
3919
3968
3954
4026
4099
4083
4091
4109
4178
4147
4149
4023
4199
4243
4247
4123
4213
4165
4274
4258
4207
4187
4250
4381
4381
4313
4356
4378
4417
4388
4319
4186
4188
4157
4208
4257
4207
4106
4048
4039
4064
4101
4089
4165
4125
4129
4158
4150
4176
4082
3912
3933
3862
3891
3888
3920
3940
3905
3829
3950
3898
3879
3822
3850
3872
3937
3933
3950
3935
3915
3926
3938
3872
3920
3930
3909
3865
3931
3935
3953
3951
3999
3977
4005
3926
3879
3966
3976
4047
3953
3913
3966
3972
3920
3827
3860
3822
3720
3747
4058
4214
4253
4201
4126
4177
4105
4125
4113
4014
4136
4143
4201
4250
4284
4260
4257
4279
4262
4243
4199
4139
4164
4237
4108
4158
4120
4051
4039
3905
4086
4045
3962
4158
4260
4225
4129
4225
4220
4301
4235
3575
3554
2703
2658
3026
3346
3005
3635
3171
3586
3128
3407
1742
3704
3910
3415
3659
3665
3641
3655
3902
3988
3921
3903
3709
3873
3948
3697
3431
3349
3564
3506
3484
3678
3876
3899
3636
3743
3764
3863
3848
3878
3911
3812
3911
3942
4049
4003
3858
3707
3950
3785
3719
3797
4038
3933
4197
4387
4142
4277
4191
4162
4258
4286
4214
4317
4291
4234
4338
4380
4279
4333
4364
4334
4464
4442
4372
4456
4409
4382
4359
4366
4386
4403
4272
4178
4396
4347
4167
4373
4513
4398
4433
4327
4305
4221
4259
4360
4340
4346
4238
4365
4294
4229
4173
4087
4191
4253
4352
4245
4284
4422
4253
4375
4460
4423
4236
4178
4264
4346
4250
4136
4256
4194
4172
4392
4419
4451
4464
4460
4340
4479
4425
4323
4433
4443
4532
4481
4547
4630
4612
4566
4278
4231
4319
4375
4416
4437
4470
4454
4454
4413
4404
4391
4358
4251
4229
4248
4229
4298
4272
4217
4264
4276
4068
4211
4255
4316
4249
4168
4154
4090
4181
4130
4084
4110
4121
4166
4145
4126
4154
3998
4096
4148
4101
4179
4192
4102
4071
4119
4175
4329
4291
4340
4286
4265
4229
4288
4255
4329
4305
4340
4333
4298
4214
4227
4166
4004
4002
3979
3976
3997
3798
3839
3808
3845
3764
3807
3909
3917
3960
3931
3868
3886
3883
3861
3835
3943
3887
3927
3912
3963
3968
3984
3857
3826
3903
4064
3960
3875
3880
3896
3961
3928
3959
3970
3864
4028
4068
4088
4080
4061
4041
4138
4090
4031
3832
3828
3849
3842
3870
3851
3863
3839
3721
4031
4062
4100
4134
4168
4169
4065
4051
3948
4034
4134
4042
4049
4008
4033
4130
4177
4123
4048
3796
3733
3733
3834
3833
3850
3967
4036
4109
4098
4076
4098
4086
4147
4145
4179
4175
4219
4239
4258
4215
4265
4260
4210
4217
4213
4292
4296
4420
4410
4288
4340
4422
4426
4356
4381
4438
4470
4539
4502
4418
4428
4534
4541
4463
4520
4116
4059
4107
4067
4144
4184
4203
4139
4105
4085
4005
4011
4024
4032
4024
4053
4488
4447
4459
4459
4708
4714
4682
4665
4702
4812
4869
4970
5018
4963
4960
4960
5055
5060
5080
4995
4895
5030
5018
5019
5040
5005
5056
4979
4980
5062
4987
5079
5102
5019
5056
5049
5055
5107
5158
5132
5157
5060
5036
4935
5064
5026
5095
5080
5034
5038
5017
4922
4867
4847
4894
4912
4853
4725
4771
4784
4785
4738
4761
4773
4712
4705
4587
4608
4466
4457
4475
4594
4452
4436
4458
4417
4596
4608
4495
4389
4385
4480
4469
4282
4299
4284
4316
4326
4321
4298
4225
4262
4373
4396
4232
3981
4086
4064
4041
4120
4182
4145
4086
4191
4103
3926
3858
3783
3833
4008
4071
4044
4097
4073
3994
4073
3903
3985
4016
3986
4130
4101
4252
4153
4184
4181
4091
4095
4030
3996
3927
3914
3767
3934
3951
3856
3805
3956
3947
3874
3833
3833
3770
3747
3754
3917
3903
3858
3846
3816
3989
3968
3958
3940
3542
3351
3355
3361
3266
3284
3242
3262
3663
3707
3727
3757
3754
3761
3720
3706
3758
3742
3711
3617
3669
3680
3718
3860
3715
3719
3913
3904
3955
3954
3951
4008
3961
3965
3922
3927
3894
3913
4010
3997
3982
3993
3937
4011
3985
4026
4021
3948
4008
4059
4019
3915
4057
3991
4006
3953
4051
4072
4125
4159
4171
4139
4194
4271
4233
4253
4159
4194
4226
4284
4343
4289
4246
4131
4113
4244
4300
4261
4262
4352
4356
4353
4305
4433
4439
4413
4421
4415
4255
4081
4049
4049
3943
3976
4008
4007
4018
4019
3995
4204
4175
4195
4256
4214
4179
4201
4193
4206
4149
4217
4169
4181
4188
4126
4151
4155
4053
4092
4021
4031
4078
4067
4151
4175
4181
4199
4175
4130
4112
4259
4270
4206
4261
4197
4224
4387
4304
4363
4343
4198
4270
4257
4350
4347
4280
4273
4199
4193
4103
4121
4145
4097
4115
4187
4275
4290
4232
4236
4206
4163
4140
4186
4233
4264
4199
4211
4203
4213
4263
4305
4317
4191
4187
4093
4036
4038
4047
4108
4084
4103
4234
4207
4180
4146
4211
4204
4224
4263
4136
4032
4185
4163
4181
4145
4069
4075
4119
4151
4304
4223
4181
4207
4176
4204
4222
4227
4166
4050
4089
4105
3897
3949
3992
3923
3900
3879
3869
3744
3800
3831
3797
3773
3776
3544
3485
3520
3468
3506
3505
3495
3680
3775
3789
3749
3816
3793
3832
3834
3911
3918
3924
3885
3781
3853
3751
3785
3798
3789
3824
3896
3905
3907
3893
3903
3897
3809
3778
3805
3765
3776
3945
3991
3975
3963
4106
4100
4128
4066
4029
4180
4343
4371
4241
4150
4097
4157
4243
4292
4175
4058
4062
4133
4127
4119
4083
3930
3838
3812
3851
3808
3931
3967
3935
3935
4217
4257
4332
4271
4065
4354
4335
4338
4416
4347
4192
4230
4249
4242
4483
4576
4549
4559
4605
4577
4598
4631
4589
4678
4627
4627
4662
4763
4711
4757
4821
4909
4934
5021
4988
4940
4836
4728
4803
4819
4801
4811
4669
4560
4684
4687
4702
4753
4767
4772
4800
4792
4759
4738
4632
4680
4642
4615
4734
4712
4686
4659
4672
4695
4733
4770
4774
4761
4792
4788
4810
4804
4744
4742
4661
4645
4706
4728
4734
4651
4721
4747
4700
4707
4763
4797
4749
4775
4748
4726
4704
4546
4563
4603
4528
4552
4474
4470
4357
4302
4317
4260
4337
4294
4277
4306
4286
4201
4279
4223
4205
4190
2924
2908
2908
2929
2918
2936
2924
2852
2770
2732
2693
2683
2627
2658
2505
2460
2475
2478
2485
2456
2473
2482
2480
2481
2483
2478
2443
2473
2464
2496
2483
3617
3542
3645
3700
3674
3727
3767
3799
3843
3834
3867
4046
4012
4057
4042
3988
4001
4023
4064
4036
3834
4005
4034
4068
4164
4120
4125
4145
4146
4230
4128
4067
4068
4039
4019
4041
3947
3937
3807
3816
3830
3780
3773
3780
3725
3825
3753
3748
3777
3796
3840
3823
3770
3804
3692
3573
3781
3800
3774
3781
3823
3790
3745
3865
3928
3855
3917
3893
3907
3868
3936
3950
3957
3917
3911
3871
3854
3891
3948
3979
3971
3983
3945
3988
3991
3957
3923
3932
3942
3980
3995
3952
3833
3896
3907
3941
3951
4055
4078
4072
4106
4093
4083
4065
4105
3916
4080
4220
4171
4216
4249
4215
4194
4207
4208
4205
4234
4214
4076
4133
4194
4284
4289
4369
4428
4425
4337
4273
4433
4636
4681
4696
4629
4655
4660
4642
4665
4701
4729
4654
4490
4553
4653
4651
4677
4659
4695
4718
4677
4727
4750
4791
4788
4678
4787
4793
4706
4731
4738
4769
4722
4645
4453
4554
4583
4641
4606
4599
4569
4548
4547
4441
4503
4519
4395
4435
4477
4395
4476
4348
4329
4363
4310
4366
4384
4414
4398
4393
4316
4351
4400
4381
4369
4219
4295
4329
4350
4387
4350
4369
4355
4362
4342
4258
4196
4317
4351
4377
4386
4368
4382
4385
4331
4338
4301
4246
4278
4340
4374
4374
4224
4268
4241
4187
4267
4232
4269
4149
4202
4275
4282
4335
4295
4162
4162
4215
4308
4334
4404
4438
4392
4375
4379
4322
4375
4277
4346
4218
4209
4140
4413
4470
4447
4534
4500
4351
4442
4384
4421
4479
4480
4408
4390
4495
4464
4498
4506
4469
4480
4557
4700
4815
4844
4592
4574
4548
4579
4728
4729
4475
4413
4455
4441
4397
4418
4394
4375
4411
4372
4275
4243
4150
4128
4100
4144
4195
4366
4275
4321
4332
4306
4246
4227
4228
4257
4014
4175
4190
4163
4266
4309
4337
4396
4335
4324
4373
4461
4451
4426
4384
4408
4368
4307
4250
4237
4211
4166
4164
4260
4486
4545
4484
4512
4421
4101
4237
4277
4312
4302
4309
4278
4215
4242
4245
4250
4197
4184
4022
4085
4059
3990
4104
4084
3985
4342
4434
4431
4303
4359
4420
4433
4330
4249
4350
4378
4330
4295
4454
4415
4497
4408
4454
4485
4594
4444
4608
4563
4683
4617
4659
4605
4647
4680
4719
4575
4686
4716
4736
4618
4634
4503
4562
4523
4558
4554
4649
4535
4613
4641
4648
4658
4641
4552
4552
4444
4412
4401
4382
4227
4425
4480
4444
4385
4396
4488
4536
4521
4556
4527
4432
4318
4235
4138
4164
4277
4304
4245
4181
4105
4140
4057
4174
4178
4191
4194
4219
4243
4201
4209
4197
4244
4204
4274
4335
4426
4492
4416
4334
4351
4459
4513
4545
4525
4485
4521
4400
4500
4478
4484
4491
4443
4473
4418
4488
4442
4441
4414
4526
4463
4466
4461
4440
4441
4413
4265
4331
4208
4195
4307
4240
4178
4109
4178
4122
3702
3716
3702
3665
3667
3589
3656
3620
3618
3632
3628
3634
3723
4181
4090
4250
4255
4272
4295
4342
4393
4532
4587
4534
4527
4539
4603
4612
4455
4439
4426
4455
4450
4330
4395
4122
4272
4358
4372
4323
4421
4393
4386
4339
4389
4316
4310
4200
4068
3794
3848
3925
3880
3883
3933
3953
3739
4058
4306
4375
4264
4205
4096
4279
4420
4280
4346
4347
4350
4371
4344
4322
4381
4329
4332
4300
4170
4315
4275
4062
4216
4264
4335
4315
4195
4233
4243
4233
4046
4302
4264
4441
4410
4383
4389
4334
4423
4296
4220
4281
4166
4176
4368
4534
4449
4623
4607
4569
4409
4414
4446
4436
4371
4354
4322
4284
4386
4310
4297
4245
4274
4342
4371
4341
4348
4364
4306
4322
4333
4269
4263
4219
4166
4055
4076
4046
4075
4079
4326
4357
4334
4299
4393
4418
4416
4412
4488
4594
4609
4624
4608
4544
4506
4512
4577
4490
4520
4513
4544
4583
4593
4523
4574
4641
4630
4647
4628
4593
4544
4569
4466
4443
4389
4482
4446
4498
4489
4570
4516
4548
4555
4572
4522
4542
4493
4504
4589
4414
4549
4486
4743
4807
4811
4790
4730
4825
4834
4781
4827
4787
4766
4734
4710
4661
4547
4477
4391
4379
4259
4484
4648
4665
4604
4650
4379
4403
4643
4599
4375
4591
4662
4603
4520
4566
4627
4615
4480
4533
4552
4456
4631
4689
4697
4743
4772
4692
4598
4580
4543
4518
4515
4556
4612
4624
4669
4541
4586
4604
4473
4393
4412
4309
4362
4359
4265
4369
4326
4314
4294
4315
4409
4458
4480
4537
4612
4665
4648
4623
4649
4575
4578
4392
4430
4641
4661
4584
4581
4787
4783
4736
4741
4717
4702
4709
4750
4621
4286
4368
4380
4349
4624
4677
4648
4621
4689
4548
4668
4657
4571
4580
4594
4533
4634
4605
4471
4532
4639
4626
4564
4563
4525
4525
4548
4556
4522
4518
4543
4645
4714
4836
4789
4647
4661
4736
4757
4796
4773
4753
4790
4725
4776
4739
4759
4784
4797
4822
4791
4777
4738
4844
4669
4645
4423
4615
4605
4570
4261
4411
4419
4543
4473
4519
4478
4649
4839
4683
4769
4784
4760
4808
4827
4800
4803
4672
4593
4751
4774
4819
4843
4816
4940
4932
4937
4911
4967
5007
4857
4973
4888
4748
4649
4914
4899
4911
5002
5010
4995
4999
4966
4904
4988
4872
4754
4914
4951
4892
4890
4865
4958
4955
5011
5086
5168
4982
5156
5236
5231
5221
5190
5129
5153
5035
5052
5037
5035
5073
5057
5093
4995
4991
5095
5048
5046
4969
4800
4807
4893
4836
4752
4748
4849
4750
4689
4760
4752
4812
4748
4701
4655
4587
4566
4653
4639
4571
4675
4612
4632
4648
4618
4629
4605
4588
4613
4649
4635
4514
4601
4565
4795
4785
4819
4831
4707
4725
4627
4761
4652
4494
4382
4397
4396
4502
4461
4425
4380
4416
4430
4378
4364
4415
4358
4322
4319
4318
4314
4227
4219
4339
4246
4167
4369
4303
4297
4201
4245
4287
4416
4509
4432
4509
4527
4520
4509
4389
4244
4319
4457
4520
4440
4452
4392
4344
4562
4561
4672
4556
4660
4814
4738
4824
4656
4751
4774
4642
4647
4532
4457
4429
4320
4381
4551
4625
4592
4520
4524
4531
4633
4730
4702
4722
4652
4716
4693
4762
4641
4760
4793
4776
4643
4779
4676
4738
4711
4544
4645
4613
4648
4545
4557
4493
4591
4619
4621
4561
4610
4617
4603
4566
4498
4508
4567
4588
4799
4808
4741
4810
4861
4862
4768
4847
4865
4850
4920
4887
4888
4875
4888
4897
4850
4815
4848
4919
4943
4923
4926
4854
4845
4903
4910
4924
4986
5017
5011
4961
5001
5021
5031
4560
4720
4803
4291
4857
3768
4696
4891
3434
2969
4640
4673
4165
4735
4849
4755
4920
4891
4975
4806
4952
4995
4958
4927
4996
4940
4981
4866
5020
4964
4845
4869
4882
4893
4872
4914
4946
4733
4827
4754
4649
4814
4791
4780
4691
4637
4562
4549
4453
4506
4597
4762
4720
4656
4525
4603
4544
4502
4441
4373
4133
4237
4266
4203
4266
4265
4159
4228
4131
4173
4159
4141
4132
4126
4063
4062
4043
4080
4028
4004
3970
3914
4146
4166
4189
4179
4179
4259
4145
4133
4102
4000
4058
4101
4314
4334
4359
4271
4346
4377
4376
4225
4171
4176
4308
4342
4337
4308
4284
4268
4107
4032
3948
3897
3889
4120
4177
4170
4157
4255
4297
4270
4276
4258
4238
4291
4229
4296
4299
4324
4331
4275
4311
4285
4353
4364
4307
4338
4232
4428
4452
4451
4403
4327
4281
4330
4348
4337
4160
4089
4119
4184
4279
4289
4362
4339
4394
4331
4255
4281
4170
4280
4170
4247
4284
4298
4274
4218
4224
4120
4240
4191
4219
4153
4111
4161
4224
4317
4269
4204
4221
4271
4260
4357
4298
4290
4327
4299
4288
4316
4381
4201
4388
4365
4337
4380
4367
4395
4352
4344
4352
4211
4239
4126
4148
4204
4211
4208
4170
4194
4209
3950
4108
4147
4076
4134
4155
4119
4127
4189
4176
4174
4108
4335
4349
4344
4180
4395
4406
4361
4195
4106
4103
4226
4276
4269
4264
4259
4241
4279
4313
4285
4240
4116
4086
4079
4017
4048
4044
4052
4038
4091
4060
3926
3941
4013
3995
4007
4001
3984
4106
4193
4179
4153
4109
4195
4156
4266
4209
4016
3960
3887
4011
3682
3628
3617
3571
3663
3678
3665
3998
4026
4043
4071
3942
3908
3940
3987
3992
3947
4033
3961
3951
4018
3940
4026
4112
4061
4095
3826
3836
3898
3934
3917
3941
3933
3920
3901
4073
4073
4048
4073
4079
4056
4095
4063
4122
4175
4026
4010
4050
4067
4302
4433
4436
4434
4435
4391
4255
4376
4399
4288
4209
4122
4351
4350
4350
4318
4179
4152
4117
4155
4216
4194
4167
4121
4213
4190
4164
4209
4302
4309
4252
4230
4199
4191
4204
4241
4160
4186
4208
4185
4184
4201
4156
4117
4142
4193
4092
3926
3900
3895
3862
3897
3967
3958
3899
3907
3966
4066
4077
3998
3980
4053
4002
3989
4032
4031
3878
3942
3954
3991
3998
3918
3967
3998
4029
3996
4018
4102
4120
4041
4047
4047
4057
4146
4146
4121
4138
4157
4010
3931
3980
3996
3969
3959
3934
3864
3847
3991
3809
3847
3848
3848
3892
3845
3817
3808
3824
3807
3791
3756
3717
3826
3792
3768
3718
3824
3645
3723
3736
3758
3756
3692
3623
3770
3805
3919
3863
4057
4125
4094
4032
4021
3999
4085
4010
4102
3957
3898
3967
3968
4026
3937
4058
4163
4098
4208
4092
4122
4117
4052
4094
4019
4021
4082
3911
3910
3932
3905
3798
3802
3897
3872
3896
3846
3888
3858
3836
3921
3869
4042
4076
4082
4044
4002
3950
4072
4103
4055
3943
3923
3974
3922
3910
4107
4140
4139
4135
4161
4162
4224
4194
4267
4184
4225
4217
4273
4262
4321
4330
4432
4353
4373
4419
4378
4404
4370
4308
4184
4497
4560
4479
4390
4489
4439
4357
4383
4524
4580
4657
4665
4596
4578
4673
4531
4561
4573
4572
4651
4563
4583
4600
4671
4674
4524
4490
4499
4429
4441
4544
4466
4411
4449
4412
4523
4546
4519
4517
4478
4429
4366
4341
4440
4424
4411
4391
4356
4259
4328
4360
4340
4320
4256
4165
4228
4288
4326
4235
4280
4248
4213
4134
4028
3648
3665
3607
3638
3687
3640
3661
3624
3654
3689
3961
3999
4051
4083
4151
4138
3966
4055
4141
4136
4052
4006
4187
4138
4172
4142
4129
4183
4174
4236
4155
4029
4010
3987
3990
4004
4028
4030
3984
3943
4000
3979
3974
4194
4197
4158
4116
4024
4033
4178
4030
3970
3945
4076
4082
4097
4218
4270
4085
3993
4018
4003
4111
4128
4151
4188
4041
4163
4192
4090
4309
4303
4237
4264
4138
4051
4128
4384
4458
4493
4382
4354
4334
4259
4348
4412
4226
4110
4198
4222
4293
4282
4390
4327
4357
4415
4400
4298
4281
4336
4444
4478
4442
4374
4348
4452
4341
4358
4430
4372
4462
4507
4539
4619
4570
4526
4478
4370
4452
4491
4567
4427
4497
4455
4531
4544
4557
4575
4550
4481
4497
4616
4609
4511
4554
4483
4456
4548
4491
4557
4586
4542
4621
4507
4506
4501
4556
4513
4507
4702
4779
4635
4894
4896
4831
4855
4737
4826
4909
4853
4920
4816
4823
4838
4843
4791
4786
4782
4766
4754
4895
4876
4633
4671
4727
4717
4734
4648
4651
4636
4679
4729
4756
4746
4702
4685
4620
4760
4726
4753
4725
4727
4798
4615
4679
4615
4541
4513
4528
4561
4595
4563
4552
4515
4510
4486
4178
3789
3790
3829
3834
3861
3847
3757
3905
3956
3971
3966
4278
4347
4501
4494
4410
4496
4471
4477
4533
4377
4401
4320
4345
4380
4302
4357
4368
4375
4502
4459
4494
4432
4374
4373
4389
4281
4134
4249
4284
4272
4278
4291
4167
4156
4129
4120
4149
4070
4102
4189
4194
3940
4168
4141
4099
4144
4149
4196
4232
4265
4223
4189
4186
4163
4245
4195
4285
4268
4241
4241
4245
4204
4135
4213
4234
4224
4266
4185
4315
4196
4148
4247
4301
4300
4301
4259
4275
4192
4406
4331
4425
4377
4243
4248
4179
4168
4127
4021
4004
4022
4059
4113
4143
4127
4133
4070
4058
4136
4122
4090
4090
4097
4113
4080
4148
4130
4140
4125
4115
4103
3971
4097
4105
4024
4014
4028
4094
4132
4157
4137
4088
4108
4089
4157
4144
4116
4010
4090
4101
4062
4081
4079
4081
4117
4121
4213
4364
4343
4355
4338
4330
4407
4370
4372
4158
4094
4059
3871
3625
3659
3632
3592
3642
3630
3611
3647
3912
3856
3891
3979
3995
3982
3968
3973
3978
4034
3986
3982
3890
3920
3950
3983
3969
3945
3956
4022
3990
3906
3934
3992
4038
3979
4038
4015
3957
3925
3854
3765
3983
3979
4010
3965
4020
3980
4000
3942
3893
3913
3846
3744
3825
3817
3855
3847
3820
3836
3847
3946
3974
3936
3937
3960
3979
4000
3958
3990
3961
3915
3963
3835
3898
3896
3966
3886
3932
3950
3933
3890
3774
3794
3757
3843
3770
3647
3771
3807
3778
3756
3797
3759
3656
3720
3754
3792
3801
3817
3852
3781
3764
3743
3830
3804
3797
3872
3795
3873
3945
3918
4007
4186
4014
3802
4134
4281
4188
4311
4250
4300
4137
4236
4172
4335
4144
4273
4372
4373
4199
4296
4352
4227
4457
4455
4151
4300
4169
3999
4068
3859
4181
4167
4153
3943
4174
4122
4121
4080
4017
3976
4177
4191
4237
4297
4261
4201
4216
4084
4229
4169
4045
3922
4047
4147
4192
4207
4149
4054
4105
4051
4158
4184
4057
4041
4201
4147
4164
4100
3976
4158
4211
4164
4372
4330
4353
4315
4216
4510
4490
4495
4299
4370
4375
4388
4298
4524
4457
4509
4152
4562
4504
4659
4549
4363
4402
4394
4436
4419
4418
4243
4391
4357
4491
4525
4528
4571
4372
4527
4612
4592
4568
4534
4493
4519
4418
4325
4452
4360
4447
4431
4461
4556
4561
4408
4561
4572
4560
4609
4547
4511
3890
3647
3729
3687
3703
3739
3815
3786
3850
3675
3755
3826
3768
3728
3743
3757
3728
3727
4220
4225
4314
4269
4260
4236
4186
3957
4103
4131
4105
4060
4129
4109
4131
4176
4143
4174
3946
3937
3995
4002
4011
3946
3992
4017
3987
3857
3822
3731
3859
3859
3904
3965
3999
3991
4195
4035
4200
4131
4023
4092
4141
3842
3975
4064
3982
4052
4161
4097
4144
4109
3770
3907
3839
3750
3888
3828
3723
3803
3783
3753
3943
3992
3994
4220
4212
4381
4273
4265
4316
4520
4518
4420
4466
4357
4444
4596
4555
4477
4446
4364
4501
4508
4540
4594
4515
4384
4553
4538
4480
4659
4675
4556
4341
4491
4614
4605
4541
4555
4517
4424
4364
4428
4217
4400
4449
4411
4398
4382
4364
4512
4564
4519
4582
4723
4667
4630
4633
4609
4624
4690
4491
4501
4498
4498
4562
4618
4614
4665
4621
4664
4665
4640
4613
4671
4694
4638
4644
4426
4547
4696
4737
4685
4609
4410
4350
4313
4227
4308
4359
4337
4292
4327
4249
4201
4251
4106
4055
4056
3998
4087
4052
3936
4003
4033
3984
4001
4377
4479
4641
4671
4664
4650
4598
4564
4605
4658
4647
4572
4639
4469
4609
4699
4418
4545
4565
4556
4625
4636
4447
4177
4301
4259
4227
4297
4258
4299
4290
4325
4441
4366
4405
4391
4404
4370
4293
4205
4452
4577
4518
4519
4478
4667
4697
4693
4640
4388
4503
4493
4380
4382
4282
4245
4209
4308
4260
4224
4251
4283
4310
4306
4322
4329
4302
4346
4286
4302
4354
4386
4363
4247
4294
4198
4193
4228
4155
4239
4153
4210
4182
4318
4297
4230
4270
4230
4153
4230
4192
4183
4139
4225
4143
4155
4182
4131
4182
4185
4089
4371
4304
4411
4406
4421
4413
4354
4303
4415
4364
4310
4268
4229
4434
4524
4606
4504
4511
4534
4557
4523
4240
4264
4345
4331
4320
4347
4264
4423
4372
4426
4460
4429
4390
4347
4179
4136
4135
4169
4120
4379
4424
4427
4460
4487
4428
4351
4342
4419
4347
4388
4343
4334
4367
4433
4569
4545
4461
4461
4416
4472
4430
4394
4364
4344
4174
4229
4306
4379
4392
4525
4508
4409
4342
4373
4478
4452
4482
4505
4422
4519
4521
4519
4470
4580
4587
4438
4394
4238
4237
4251
4255
4349
4567
4563
4499
4390
4386
4411
4423
4508
4527
4364
4467
4609
4643
4597
4521
4552
4548
4596
4490
4532
4465
4569
4552
4268
4388
4414
4427
4482
4371
4444
4316
4390
4297
4341
4281
4380
4353
4327
4278
4170
4281
4292
4259
4328
4350
4341
4241
4350
4229
4370
4348
4082
4164
4064
4119
3977
4074
4018
3829
3709
3317
3743
3426
3955
3367
3546
3574
3013
2149
2155
2209
2245
2298
2432
2479
2464
2660
2566
1839
2972
2983
3020
3034
3036
3049
3055
3074
2684
2818
2520
2919
3010
3063
2945
3166
2894
3166
2923
3022
2972
3132
3281
3213
3309
3330
3353
3303
2968
3255
3260
3283
3186
3374
3412
3536
3440
3461
3584
3457
3647
3477
3528
3341
3202
3308
3311
3382
3253
3415
3313
3392
3329
3311
3431
3363
3450
3223
3439
3456
3469
3586
3836
3787
3771
3838
3805
3806
3786
3962
3753
3865
3812
3767
3768
3789
3751
3812
3696
3851
3817
3889
3718
3728
3763
3761
3704
3622
3549
3509
3400
3425
3454
3445
3431
3429
3402
3400
3225
3218
3225
3186
4081
4142
4161
4195
4319
4285
4343
4461
4435
4578
4590
4471
4532
4511
4545
4571
4487
4575
4564
4737
4782
4854
4857
4949
4965
4917
4962
4852
4931
4908
4942
4894
4913
4964
5017
5048
4929
5048
5103
4978
4961
4782
4837
4797
4894
4945
5034
5044
5014
4977
5006
5118
5023
5106
5182
5145
5130
4942
4961
5031
4971
5067
5043
5051
4920
5209
5333
5297
5318
5135
5225
5253
5268
5179
5233
5237
5308
5360
5276
5257
5233
5107
5103
5153
5181
5207
5165
5191
5119
5175
5215
5231
5206
5154
5212
5154
5165
5237
5252
5211
5252
5186
5081
5182
5207
5142
5206
5173
5073
5077
5058
4885
4957
4968
4949
4936
4966
4947
4992
4917
4864
4795
4766
4752
4746
4788
4731
4565
4430
4714
4753
4656
4615
4624
4688
4751
4389
4707
4724
4712
4672
4696
4721
4687
4645
4674
4453
4444
4467
4533
4640
4639
4656
4668
4651
4694
4649
4446
4666
4664
4719
4679
4635
4666
4668
4705
4666
4338
4274
4319
4385
4388
4407
4433
4410
4543
4555
4461
4509
4562
4585
4568
4555
4570
4465
4493
4522
4617
4590
4549
4503
4665
4775
4825
4862
4854
4874
4894
4820
4880
4840
4780
4877
4781
4746
4673
4676
4707
4663
4655
4559
4675
4748
4738
4658
4628
4726
4738
4743
4710
4733
4737
4798
4779
4792
4619
4576
4610
4578
4640
4706
4571
4685
4702
4670
4597
4342
4376
4380
4332
4173
4338
4347
4263
4273
3321
3333
3318
3317
3315
3273
3275
3390
3359
3393
3397
3324
3370
3412
3472
3475
3462
3442
3516
3530
3611
3599
3652
4345
4448
4387
4253
4483
4506
4501
4536
4570
4613
4549
4580
4491
4524
4461
4650
4625
4522
4469
4546
4539
4498
4501
4484
4433
4536
4583
4577
4585
4573
4531
4520
4339
4423
4513
4569
4584
4595
4584
4683
4585
4496
4536
4577
4553
4551
4651
4654
4529
4746
4698
4742
4674
4751
4801
4743
4780
4714
4678
4646
4667
4616
4706
4670
4809
4745
4769
4808
4667
4680
4759
4494
4675
4575
4278
4042
4050
4017
4141
4139
4157
4518
4608
4645
4577
4646
4564
4787
4794
4732
4779
4732
4754
4667
4625
4749
4705
4704
4680
4685
4644
4431
4498
4688
4652
4647
4645
4677
4683
4530
4585
4587
4698
4719
4747
4724
4698
4673
4523
4651
4542
4595
4562
4478
4373
4413
4309
4409
4363
4369
4382
4327
4370
4362
4358
4227
4266
4275
4276
4295
4297
4295
4322
4270
4235
4308
4314
4197
4237
4211
4273
4293
4281
4371
4429
4447
4406
4379
4376
4255
4355
4412
4463
4402
4309
4308
4501
4473
4362
4454
4385
4448
4506
4553
4581
4576
4514
4439
4594
4397
4446
4408
4364
4507
4622
4670
4663
4584
4670
4641
4626
4757
4618
4610
4645
4602
4635
4513
4569
4483
4509
4587
4564
4582
4536
4642
4654
4615
4591
4546
930
641
510
414
20
20
178
3745
3750
4078
4231
4273
4335
4378
4446
4478
4503
4459
4588
4540
4566
4441
4330
4366
4428
4437
4442
4578
4645
4600
4668
4633
4703
4675
4623
4704
4676
4655
4708
4732
4732
4729
4632
4678
4648
4656
4644
4632
4613
4535
4601
4588
4588
4583
4657
4591
4605
4564
4442
4612
4566
4615
4475
4477
4548
4455
4499
4459
4476
4501
4586
4586
4567
4572
4563
4564
4409
4484
4578
4499
4536
4613
4671
4720
4742
4756
4962
4863
4840
4918
4805
4774
4798
4859
4821
4853
4885
4881
4924
4903
4823
4912
4844
4893
4702
4827
4845
4841
4912
4867
4872
4889
4964
4903
4873
4782
4765
4753
4760
4928
4907
4915
4943
4857
4790
4775
4773
4729
4799
4750
4816
4747
4640
4682
4701
4734
4731
4689
4720
4723
4659
4620
4601
4564
4541
4583
4523
4459
4447
4438
4378
4359
4326
4311
4247
4281
4316
4280
4249
4290
4263
4228
4231
4237
4110
4190
4195
4316
4234
4258
4207
4184
4191
4189
4112
4142
4050
3985
3977
3964
4002
4018
3992
4007
3975
3976
3983
3976
3947
3942
3956
3941
3945
3965
3998
4057
4064
4040
4063
3981
3986
4001
4041
3979
3888
3882
3893
3907
3881
3946
3947
3979
3999
3977
3917
3917
3960
3976
3958
3989
3944
3971
3988
3970
3957
3944
3969
4075
4075
4079
3980
3933
3924
3928
3922
3836
3627
3744
3757
3757
3862
3770
3820
3749
3721
3666
3607
3590
3616
3621
3615
3604
3594
3522
3613
3604
3601
3584
3613
3698
3678
3758
3724
3717
3727
3641
3699
3595
3529
3399
3451
3451
3462
3414
3361
3392
3472
3452
3462
3529
3442
3505
3504
3432
3471
3473
3461
3434
3459
3459
3440
3316
3406
3423
3391
3336
3362
3377
3399
3370
3385
3393
3330
3297
3331
3339
3341
3409
3439
3424
3376
3400
3381
3290
3179
3132
3211
3217
3261
3235
3213
3111
3272
3274
3245
3233
3304
3313
3270
3299
3315
3291
3291
3300
3299
3260
3247
3133
3122
3054
3026
3080
3170
3188
3245
3305
3207
3298
3204
3269
3254
3238
3178
3025
3074
3080
3120
3085
3109
3078
3101
2963
3098
3070
2988
3061
3040
3047
2954
3064
3057
2999
2958
3015
2848
3019
2994
2891
2857
2798
2886
2960
2812
2904
2897
2908
2882
2820
2811
2859
2811
2812
2865
2904
2846
2888
2876
2893
2842
2875
2852
2814
2724
2826
2862
2874
2803
2793
2729
2565
2576
2556
2597
2633
2655
2553
2643
2607
2555
2629
2606
2579
2607
2524
2513
2483
2548
2546
2390
2394
2384
2454
2451
2404
2367
2365
2255
2287
2491
2474
2480
2531
2538
2608
2603
2558
2536
2532
2505
2541
2546
2569
2564
2615
2612
2599
2618
2566
2547
2564
2534
2475
2508
2533
2530
2556
2546
2573
2581
2586
2577
2531
2519
2155
1981
1999
1973
1977
2003
2012
2013
2191
2221
2225
2195
2296
2249
2278
2245
2271
2268
2377
2397
2450
2454
2527
2529
2530
2567
2643
2767
2830
2788
2859
2878
2913
2927
2926
2855
2885
2880
2899
2843
2900
2929
2920
2930
2975
2873
2924
2938
2890
2886
2897
2887
2894
2962
2949
2902
2890
2834
2800
2834
2891
2855
2815
2802
2785
2828
2818
2818
2861
2744
2725
2776
2742
2649
2767
2797
2791
2786
2747
2694
2653
2712
2756
2686
2764
2757
2752
2746
2763
2594
2680
2828
2764
2784
3000
3002
2978
2926
2987
3052
3004
3084
3056
3111
3074
3024
3143
3020
3127
3163
3164
3173
3109
3043
3036
3125
3100
3057
2950
3044
2882
2892
2920
2856
2905
2967
2923
2928
2827
2896
2748
2807
2837
2747
2725
2488
2520
2549
238
257
239
180
110
116
29
33
2630
2767
2834
2901
2894
2863
2910
2868
2864
2854
2762
2839
2812
2867
2846
2839
2809
2811
2785
2758
2559
2667
2583
2644
2269
2233
2146
2234
2272
2238
2229
2206
2135
2103
2166
2153
2126
2122
2061
2139
2135
2082
2067
2101
2038
2089
2081
2044
2005
2090
1996
2080
2067
2069
2063
1986
27
28
27
2
0
0
