209
389
795
826
950
981
972
995
977
988
964
982
989
979
976
968
979
980
978
989
977
1042
1055
1154
1207
1208
1314
1370
1543
1576
1641
1670
1741
1886
1922
1955
2068
2067
2537
2598
2624
2679
2631
2697
2748
2675
2805
2879
2930
2976
3003
2998
2974
2972
2994
3023
3830
4189
4252
4369
4357
4541
4631
4674
4651
4756
4880
5128
5213
5245
5280
5431
5457
5448
5745
5868
5651
5914
6037
5950
5956
6195
6180
6261
6362
6299
6430
6436
6396
6487
6583
6523
6497
6629
6567
6506
6621
6734
6809
6796
6835
6883
6896
6947
6829
6858
6893
6786
6899
6718
6916
7065
7240
7192
7386
7168
7366
7247
7484
7407
7636
7600
7614
7784
7874
7775
7998
8043
7981
8164
8188
8171
8476
8559
8677
8671
8542
8810
8965
8935
9000
8904
8772
9000
9217
9116
9250
8980
9162
9259
9056
9129
9089
9216
8993
9203
9334
9251
9392
9401
9334
9245
9116
8911
9251
9199
9224
9222
9309
9223
9282
9217
9324
9055
9311
9310
9146
9235
8903
9256
9348
9378
9380
9181
9264
9171
8998
9363
9075
9030
9101
9111
9190
9163
9164
9280
9207
9346
9356
9439
9204
9043
8853
9122
9024
8207
8857
8823
8780
8779
8557
8627
9100
9343
9090
9383
9243
9134
9138
9017
9031
9012
9460
9356
9226
9231
8922
9272
9217
9453
9396
9464
9238
8868
9264
8644
9241
9439
9479
9587
9397
9237
9519
9389
9233
9406
9264
9315
9408
9369
9487
9483
9346
9508
9340
9394
9360
9346
9378
9521
9351
9373
9396
9352
9339
9309
9542
9434
9354
9511
9385
9333
9248
9381
9181
9463
9366
9429
9172
9349
9476
8934
9119
9295
9459
9517
9500
9342
9011
9441
9280
9517
9424
9373
9259
9387
9421
9541
9374
9319
9395
9464
9485
9414
9357
9470
9557
9610
9557
9415
9531
9679
9583
9501
9657
9567
9676
9592
9469
9432
9471
9513
9277
9069
8933
9344
9339
9451
9411
9358
9417
9461
9373
9312
9498
9356
9467
9232
9399
9322
9260
9290
9003
8672
9066
9203
9435
9361
9487
9417
9479
9299
9361
9201
9201
9323
9376
9365
9451
9373
9364
9022
8953
9347
9241
9350
9157
9211
8921
9246
9311
9238
9121
9256
9418
9559
9498
9441
9103
9407
9432
9515
9543
9575
9577
9466
9502
9416
9525
9528
9518
9500
9540
9574
9408
9296
9564
9505
9395
9495
9527
9523
9577
9581
9498
9530
9539
9505
9515
9551
9515
9438
9489
9560
9548
9506
9576
9550
9381
9544
9543
9613
9547
9443
9308
9367
9531
9651
9424
9456
9315
9334
9464
9259
9392
9474
8966
9495
9464
9353
9494
9396
9373
9474
9427
9280
8865
9140
9174
9208
9428
9431
9252
9392
9376
9311
9374
9428
9314
9150
9422
9250
9357
9444
9447
9489
9471
9510
9514
8996
9498
9448
9418
9529
9469
9408
9198
9382
9428
9467
9241
9411
9449
9336
9358
9173
9419
9552
9184
9161
9041
9400
9253
9222
9236
9356
9373
9263
9137
9356
9375
9432
9377
9117
9183
9288
9286
9263
9295
9237
8899
9278
9356
9041
8881
9057
9186
9412
9292
9338
9276
9362
9339
9410
9170
9371
9377
9410
9385
9437
9328
9376
9113
9443
9417
9461
9488
9174
9036
9425
9489
9454
9396
9385
9527
9561
9548
9485
9421
9467
9436
9550
9596
9629
9586
9496
9442
9505
9510
9518
9508
9306
9530
9518
9407
9469
9495
9475
9529
9539
9520
9583
9524
9597
9319
9314
9319
9496
9544
9352
9490
9503
9361
9306
9427
9280
9506
9478
9488
9535
9409
9334
9448
9406
9336
9325
9291
9179
9317
9293
9296
9278
9325
9288
9232
9308
9309
9255
9248
9183
9467
9508
9400
9496
9501
9379
9527
9441
9583
9594
9527
9555
9489
9458
9576
9399
9482
9395
9400
9405
9384
9160
9320
9139
9239
9319
9378
9154
9332
9136
9402
9224
9455
9373
8926
9391
9376
9382
9457
9326
9479
9449
9480
9379
9056
9193
9257
9225
9261
9298
9194
9318
9511
9460
9326
9191
9113
9230
9327
9381
9202
9240
9500
9408
9258
9322
9262
9349
9432
9449
9337
9234
9288
9472
9477
9395
9342
9558
9449
9491
9377
9278
9309
9252
9517
9493
9427
9410
9541
9376
9400
9461
9483
9486
9542
9456
9536
9509
9393
9575
9433
9314
9502
9520
9472
9529
9219
9379
9472
9545
9567
9513
9452
9585
9578
9455
9303
9275
9328
9142
9412
9291
9236
9372
9241
9406
9279
9444
9366
9394
9410
9208
9230
9295
9278
9428
9208
9472
9369
9361
9375
9408
9310
9237
9328
9253
9321
9425
9542
9326
9240
9332
9489
9413
9456
9476
9354
9468
9493
9502
9499
9502
9322
9469
9419
9173
9287
9360
9301
9459
9338
9254
9328
9430
9533
9488
9496
9513
9413
9588
9358
8781
9041
9204
9242
9370
9479
9383
9434
9405
9454
9516
9484
9456
9480
9381
9304
9094
9239
9398
9192
9199
9043
9119
9219
9235
9203
9190
8859
9040
9038
9152
9132
9177
9349
9236
9230
9198
9225
9324
9345
9307
9229
9304
9173
9094
9168
8970
9157
9442
9453
9272
9274
9335
9204
9390
9227
9400
9401
9033
9342
9353
9334
9287
9071
9085
8991
9166
9412
9075
9311
9008
9379
9416
9510
9310
9343
9330
9399
9235
9456
9401
9398
9275
9364
9516
9362
9312
9303
9205
9347
9402
9383
9153
9371
9194
9229
8849
9395
9293
9351
9120
9155
9194
9292
9254
9273
9301
9381
9347
9186
9161
9228
9252
9261
9302
9384
9215
9393
9437
9276
9172
9220
9407
9453
9252
9285
9359
9137
9294
9324
9307
9427
9403
9404
9424
9397
9431
9451
9368
9397
9344
9430
9342
9253
9518
9376
9435
9334
9321
9475
9323
9261
9278
9330
9118
9378
9240
9128
9207
9322
9319
9281
9264
9186
9389
9334
9485
9219
9293
9239
9134
9066
409
193
42
6
1094
9523
9451
9397
9502
9377
9383
9114
8938
9463
9492
9352
9376
9260
9192
9267
9353
9300
9230
9020
9259
9458
9344
9495
9455
9401
9493
9415
9364
9362
9290
9257
9398
9524
9590
9599
9449
9597
9556
9488
9407
9403
9521
9460
9544
9508
9375
9501
9465
9488
9527
9593
9508
9225
9463
9558
9533
9519
9600
9328
9403
9491
9562
9388
9300
9552
9520
9549
9590
9465
9561
9524
9248
9253
9087
9068
467
452
268
274
335
284
867
1114
9563
9481
9457
9496
9409
9228
9437
9470
9397
9533
9319
9228
9331
9473
9309
9240
9192
9408
9485
9513
9521
9418
9616
9545
9483
9489
9514
9446
9388
9358
9344
9513
9319
9226
9345
9297
9238
9268
9365
9472
9427
9258
9440
9297
9409
9238
9439
9298
9345
9255
9328
9311
9410
9273
9437
9277
9442
9273
9241
9337
9313
9293
9107
9179
9088
8564
8481
8425
8500
8218
8433
8584
8590
8796
8697
8695
8969
9030
9035
9080
9108
9210
9244
9331
9086
9061
9246
9172
9186
9211
9200
9325
8908
9024
9073
9231
9329
9326
8804
8989
9257
9383
9437
9366
9335
9260
9358
9294
9397
9356
9298
9249
9289
9458
9461
9447
9488
9470
9362
9516
9388
9358
9230
9375
9317
9375
9413
9420
9302
9239
9137
9296
9348
9151
8994
9187
9190
9342
9179
9162
9503
9434
9075
9154
9039
9205
9277
9038
8968
9403
9330
9485
9578
9504
9546
9325
9432
9527
9213
9397
9435
9253
9312
9415
9199
9367
9145
9410
9508
9444
9171
9435
9238
9062
9381
9425
9501
9554
9400
9554
9546
9515
9464
9523
9298
9281
9364
9500
9061
9487
9395
9514
9560
9405
9407
9449
9530
9382
9281
9124
9416
9252
9330
8983
9362
9484
9494
9320
9319
9281
9484
9428
9147
9356
9288
9447
9310
9395
9415
9139
9237
9203
9181
9145
9282
9376
9156
8979
9315
9463
9183
9116
9081
9178
9190
9110
9292
9149
9290
9252
9245
9247
9199
9489
9216
9224
9473
9475
9326
9380
9312
9351
9234
9378
9477
9359
9306
9266
9047
9343
9379
9241
9405
9279
9569
9573
9384
9455
9388
9500
9369
9247
9369
9426
9360
9241
9487
9301
9341
9396
9214
9503
9187
9431
9243
9283
9135
9378
9096
9228
8980
9299
9391
8761
9348
9176
9270
9312
9369
9139
9054
9146
9208
9144
9315
9130
9140
9223
9295
9407
9297
9295
9290
9233
9305
9412
9463
9322
9016
9187
9169
9227
9165
9080
9388
9423
9349
9357
9294
9273
9252
9303
9138
9190
9323
9348
9300
9359
9137
9045
9237
9125
9420
9246
9077
9456
9341
9379
9373
9336
9164
9337
9216
9191
9328
9212
9091
9165
9317
9416
9419
9435
9468
9436
9289
9345
9315
9516
9486
9387
8977
9340
9356
9213
8891
9094
9216
9408
9218
9147
9146
9239
9321
9226
9233
9457
9144
9410
9267
9413
9504
9531
9444
9352
9561
9447
9226
9238
9577
9429
9309
9458
9435
9268
9464
9537
9537
9475
9515
9507
9534
9612
9436
9458
9417
9481
9454
9620
9438
9456
9464
9579
9560
9507
9487
9464
9323
9372
9465
9495
9441
9587
9588
9242
9474
9381
9419
9398
9383
9475
9530
9594
9562
9620
9470
9159
9202
9277
9340
9419
9312
9411
9275
9294
9330
9480
9355
9378
9374
9287
9371
9375
9441
9416
9308
9376
9204
9409
9429
9449
9455
9497
9473
9375
9440
9449
9536
9408
9310
9321
9491
8857
9106
9322
9345
9348
9487
9311
9159
9213
8791
9266
9473
9434
9396
9310
9354
9274
9295
9351
9255
8737
9136
9233
9011
8991
9156
9105
9035
9218
9168
9405
9413
9402
8953
9250
9259
9110
9391
9470
9406
9344
9266
9419
9337
9434
9303
9193
8915
9129
9055
9271
8975
9275
9271
9193
9189
9322
9376
9257
9254
9290
9446
8982
9190
9173
9206
9417
9400
9408
9392
9360
9330
9429
9238
9030
9290
9377
9406
9402
9129
9065
9465
9235
9260
9359
9289
9022
9429
9426
9444
9334
9460
9465
9516
9430
9508
9402
9433
9420
9499
9285
9205
9314
9110
9399
9290
9237
9355
9232
9229
8916
9155
9124
9179
9376
9506
9226
9357
9372
9437
9317
9484
9413
9419
9302
9287
9422
9358
9433
9363
9293
9352
9269
9248
9231
9206
8971
9217
9235
9447
9218
9432
9360
9429
9417
9428
9410
9350
9432
9454
9407
9449
9424
9329
9441
9459
9398
9359
9448
9298
9221
9242
9263
9358
9257
9389
9229
9144
9146
6
9004
8782
8852
9055
9076
9136
9055
8859
8881
9017
9252
9181
9205
9344
9388
9231
9383
9139
9158
9211
9258
9232
9242
9444
9390
9410
9261
9410
9233
9133
9371
9363
9203
9250
9154
9163
9373
8900
8894
9209
9408
9286
9369
9252
9337
8932
9136
9350
9328
9220
9220
9304
9389
9390
9305
9258
9370
9339
9303
9457
9395
9498
9331
9441
9378
9465
9375
9339
9581
9456
9531
9519
9464
9529
9360
9342
9443
9496
9281
9548
9490
9503
9316
9458
9197
9393
9208
9311
9307
9530
9375
9273
9477
9395
9498
9377
9479
9412
9420
9314
9305
9278
9301
9504
9469
9401
9271
9336
9461
9387
9447
9466
9412
9581
9386
9461
9208
9019
9026
9255
9270
9375
9287
9392
9490
9426
9506
9533
9431
9434
9537
9430
9386
9398
9124
9373
9403
9373
9458
9396
9325
9352
9221
9296
9095
9080
9234
9110
8763
9090
9252
9206
9248
9484
9277
9040
9169
9418
9231
9103
9169
9233
9220
9182
9164
9180
9286
9433
9401
9151
9201
9348
9288
9071
9330
9129
9126
9169
9270
9287
9104
9168
9127
9255
9435
9350
9107
9161
9054
8866
8910
9053
8969
9077
9196
9296
9368
9103
9278
9390
9260
9232
9371
9052
9295
9268
9283
9453
9245
9219
8999
9350
9376
9205
9407
9440
9351
9368
9289
9077
9085
9189
9258
9239
9376
9092
9302
9333
9209
9303
9340
9337
9424
9359
9366
9255
9319
9356
9380
9400
9328
9362
9269
9344
9186
9368
9488
9300
9351
9151
9381
9362
9080
9187
9358
9453
9267
9244
9352
9230
9151
9367
9383
9198
9290
9279
9356
9371
9435
9409
9353
9312
9259
9246
9255
9432
8984
9288
9357
9388
9354
9443
9385
9421
9364
9396
9414
9428
9269
9241
9276
9105
8790
9169
9249
9057
9035
9244
9327
9117
9139
9132
9146
9115
9256
9231
9409
9414
9273
9434
9424
9336
8981
9380
9362
9370
9061
8914
9226
9217
9225
9277
9047
8972
9103
9271
9187
9380
9340
9412
9390
9409
9361
9106
9069
9236
9083
9147
9285
9205
9473
9275
9419
9428
9358
9463
9491
9528
9485
9344
9322
9259
9192
9223
9202
9447
9458
9389
9507
9422
9458
9348
9403
9543
9460
9562
9453
9528
9445
9456
9531
9426
9488
9412
9383
9437
9459
9388
9394
9609
9432
9200
9462
9506
9351
9436
9380
9531
9380
9199
9402
9319
9346
9082
9159
9100
9450
9455
9495
9495
9508
9402
9376
9190
9186
9368
9433
9484
9422
9510
9529
9428
9390
9413
9470
9440
9473
9246
9315
9489
9536
9486
9266
9251
9311
9388
9511
9485
9338
9443
9645
9503
9420
9368
9455
9541
9450
9528
9418
9455
9415
9478
9533
9434
9616
9336
9353
9286
9493
9500
9493
9292
9307
9480
9356
9414
9208
9064
9170
9366
9502
9465
9368
9274
9282
9398
9467
9444
9372
9397
9428
9473
9566
9489
9402
9389
9325
9116
9023
9430
9279
9340
9504
9455
9369
9389
9410
9176
9277
9381
9317
9190
9400
9352
9393
8985
9382
9283
9461
9358
9416
9464
9419
9399
9447
9312
9397
9477
9409
9497
9542
9528
9475
9466
9557
9426
9395
9509
9508
9308
9503
9329
9429
9161
9322
9469
9233
9413
9318
9498
9414
9256
9240
9262
9340
9221
9294
9534
9366
9522
9221
9437
9466
9493
9180
9031
9214
9183
9306
9362
9388
9496
9479
9313
9271
9284
9188
9107
9109
9219
9105
9124
116
8948
9342
9325
9195
9516
9218
9469
9356
9289
9453
9508
9125
9282
9158
9359
9328
9450
9405
9419
9531
9504
9381
9491
9446
9359
9405
9404
9472
9390
9460
9364
9456
9345
9391
9473
9263
9334
9448
9405
9306
9476
8886
9039
8604
9045
9085
8710
9117
9227
9057
8999
9144
8733
8747
8601
8936
9021
8923
8989
8898
8894
8877
9083
9201
9157
8964
9037
8956
9211
9114
9265
9245
9133
9227
9167
9070
9165
8922
9190
9164
9002
9096
9161
9163
9246
9193
9188
9240
9397
9253
9134
8968
9156
9162
9167
9288
9226
9043
8954
9317
9268
9309
9318
9425
9348
9370
9367
9244
9302
9400
9458
9427
9387
9246
9166
9313
9303
9322
9233
9303
9185
9050
9272
9368
9251
9085
9362
9279
9200
9326
9291
9313
9254
9049
9268
8912
9329
9471
9397
9442
9396
9171
8915
8890
9279
9367
9366
9381
9358
9174
9182
8811
9262
9467
9338
9461
9477
9450
9218
9252
9221
9380
9284
9453
9208
9159
8878
9347
9216
9555
9383
9342
9333
9417
9381
9536
9446
9351
9467
9565
9583
9499
9511
9465
9572
9531
9414
9457
9435
9238
8798
8793
9015
9034
8951
9249
9406
9356
9319
9540
9430
9518
9449
9416
9235
9050
9063
9050
9100
9338
9415
9511
9353
9394
9466
9493
9376
9338
9186
9185
9431
9407
9411
9282
9247
9490
9362
9267
9406
9161
9219
9396
9229
9301
9318
9316
9293
9426
9389
9281
9236
9335
9266
9300
9445
9121
9288
9391
9255
9131
9304
9425
9492
9555
9496
9462
9413
9436
9506
9476
9411
9458
9452
9303
9380
9345
9410
9457
9390
9528
9464
9414
9468
9279
9349
9528
9487
9470
9519
9396
9284
9383
9452
9410
9276
9501
9392
9405
9524
9509
9497
9505
9542
9493
9271
9387
9451
9419
9305
9273
9409
9509
9522
9492
9579
9453
9545
9541
9486
9417
9391
9366
9607
9421
9447
9504
9520
9494
9605
9545
9584
9539
9536
9525
9467
9507
9540
9474
9432
9452
9547
9475
9467
9492
9480
9486
9507
9524
9256
9243
9192
9121
9384
9482
9439
9492
9499
9479
9519
9194
9425
9511
9408
9211
9312
9469
9496
9466
9418
9092
9286
9288
9283
9214
9202
9408
9501
9439
9176
9255
9241
9491
9513
9496
9475
9491
9263
9191
9066
9183
9431
9330
9204
9307
9533
9322
9264
9334
9358
9355
9450
8794
9272
9334
9464
9458
9446
9494
9509
9209
9366
9380
9417
9318
9242
9382
9051
9346
9464
9231
9426
9530
9462
9393
9267
9478
9506
9453
9499
9507
9486
9327
9425
9433
9281
9279
9471
9461
9477
9394
9263
9336
9373
9248
9148
8977
9256
9441
9381
9500
9339
9499
9160
9489
9314
9199
9241
9411
9481
9373
9198
8933
9187
9193
9399
9531
9356
9432
9437
9340
9347
9342
9335
9383
9415
9228
9358
9482
9528
9488
9539
9490
9414
9458
9400
9405
9431
9477
9521
9527
9382
9424
9435
9409
9382
9436
9531
9484
9497
9462
9257
9343
9093
9053
9155
9319
9337
9283
9248
9370
9279
9388
9304
9388
9367
9436
9393
9414
9335
9243
9129
9119
9334
9385
9129
9024
8971
9031
9132
9187
9237
9095
8966
8984
9087
9205
9220
9348
9289
9355
9281
9327
9134
8900
8445
8364
8520
8398
9063
9085
9286
9287
9297
9275
9141
9143
9389
9373
9337
9282
9428
9429
9393
9356
9326
9112
9274
9301
9301
9378
9175
9363
9246
9082
9043
8777
8801
8810
8745
8767
8672
8809
9361
9388
9466
9317
9451
9167
9254
9430
9315
9351
8978
9258
9172
9429
9340
9450
9327
9452
9298
9331
9379
9382
9509
9474
9429
9046
8962
9279
9480
9612
9324
9193
8914
8750
9103
9020
9258
9636
9459
9203
9509
9442
9526
9505
8916
9464
9545
9611
9548
9508
9372
9391
9570
9592
9456
9529
9404
9134
9495
9506
9540
9377
9487
9409
9382
9230
9533
9282
9471
9311
9443
9519
9257
9226
9251
9275
9251
9386
9317
9330
9291
9495
9504
9308
9322
9353
9307
9033
9343
9472
9376
9446
8913
8912
8696
8654
9018
9112
9020
8973
9054
9410
9321
9268
9410
9164
9540
9396
9210
9415
9394
9414
9420
9265
9127
9059
9404
9378
9507
9442
9439
9320
9453
9263
9380
9489
9259
9436
9445
9333
9388
9465
9208
9399
9276
9330
9340
9412
9475
9333
9442
9495
9364
9083
9317
9457
9447
9485
9230
9235
9071
9396
9087
9055
9355
9259
9246
9378
9290
9264
9311
9243
9233
9275
9183
9157
8846
8447
8748
8718
8892
8957
9104
8354
7812
8970
7976
7138
5875
9071
9229
9211
9025
9071
7654
8724
8866
9263
8947
9058
8848
9147
9237
9265
8997
8772
9054
9360
9234
9287
8941
9261
9247
9388
8987
9204
9370
9117
9239
9362
8952
8947
9038
9346
9395
9119
8906
9271
9183
9339
9305
9091
9103
9231
9105
9143
9209
9290
9172
9243
8970
9059
9339
8902
9059
9281
9080
8954
8840
8824
8899
9232
8972
8929
9324
9315
9148
9054
8747
8781
8226
8730
9073
8989
9001
9031
8818
8849
9016
9168
9018
8836
9215
9352
8938
9059
8471
8549
8540
8582
8614
8931
8841
8850
9148
8764
9153
9400
9400
9382
9294
9156
9334
9188
9049
9013
8972
9015
9262
9391
9304
9236
9136
9417
9348
9371
9424
9323
9467
9348
9283
9169
9288
9285
9369
9387
9357
9398
9367
9390
9160
8927
9055
9277
9292
9336
9428
9303
9244
9276
9348
9166
9293
9340
9476
9432
9364
9299
9257
9235
9186
9318
9242
9514
9534
9376
9263
9085
9005
9086
9583
9430
9544
9494
9458
9465
9495
9421
9508
9558
9578
9621
9603
9493
9643
9446
9219
9469
9228
9376
9355
9338
9512
9524
9548
9520
9463
9316
9226
9596
9507
9376
9534
9643
9493
9363
9273
9196
8983
9141
7946
7656
7826
7893
8012
8018
8015
7872
7980
7928
9043
9641
9626
9632
9573
9643
9569
9495
9554
9607
9244
9375
9288
9313
9432
9350
9295
9305
9370
9372
9543
9390
9234
8773
9249
9324
9366
9374
9312
9198
9300
9079
9014
8853
8772
8845
9450
9513
9472
9498
9321
9477
9158
9246
9464
9401
9357
9202
9262
9513
9427
9094
9348
9254
9401
9406
9161
9153
9193
8930
8424
8650
8573
8563
8765
8927
8941
8827
8951
8664
8755
8801
9417
9432
9421
9420
9485
9364
9243
9338
9295
9279
9291
9305
9363
9436
9291
9300
9375
9220
9270
9228
9416
9268
9433
9325
9396
9253
9206
9109
9283
9474
9422
9439
9438
9509
9293
9291
9230
9114
9161
9272
9022
9177
8557
9251
9351
9327
9123
9292
9381
9454
9168
9180
9421
9438
9440
9337
9211
9046
8751
8841
9161
9315
9522
9525
9359
9124
9494
9454
9435
9359
9324
9255
9414
9333
8773
8999
9363
9251
9241
9521
9325
9560
9491
9355
9432
9351
9250
9425
9596
9413
9461
9213
9057
9272
9252
9366
9285
9314
9294
9364
9393
9223
9351
9404
9520
9224
9229
9143
9375
9416
9429
9240
8935
8934
8920
9346
9335
9390
9207
9373
9251
9414
9453
9341
9348
9031
9178
9290
9339
9326
9221
9216
9174
9223
9289
9305
9366
9510
9444
9228
9023
9329
9399
9174
9421
9447
9407
9443
9446
9262
9215
9448
9427
9521
9412
9476
9462
9436
9489
9471
9489
9445
9300
9466
9508
9375
9542
9423
9348
9395
9466
9474
9492
9440
9430
9362
9325
9362
9172
9428
9487
9472
9426
9390
9462
9442
9386
9348
9238
9420
9387
9298
9210
9467
9415
9388
9459
9545
9368
9548
9404
9351
9417
9207
9346
9361
9420
9520
9239
9132
9181
9371
9302
9414
9433
9388
9295
9500
9199
9398
9159
9078
9061
9025
9153
9126
8923
9247
9363
9525
9343
9437
9366
9341
9320
9425
9359
9337
9309
9090
9426
9519
9269
9258
9383
9373
9224
8941
8887
8921
9025
8851
9220
9487
9433
9455
9478
9519
9213
9313
9297
9192
9261
8851
8945
8956
9090
7684
8991
7661
8742
9105
9164
9455
9101
9383
9397
9229
9266
9295
9394
9017
9106
9064
8921
9191
9121
9162
9246
9345
9402
9346
9466
9460
9272
9214
9167
9153
9522
9382
9008
9521
9483
9363
9435
9127
9356
9557
9371
9234
9456
9343
9290
9148
9335
9120
9486
9455
9325
9255
8943
9005
9085
8964
9118
9171
9344
9413
9505
9267
9235
9380
9421
9200
9379
9302
9171
9143
8915
9063
9311
9268
9408
9419
9257
9270
9371
9495
9393
9190
9493
9325
9290
9142
9294
9120
9212
9395
9209
9253
9253
9005
8661
8786
8751
8720
9016
9166
9231
9436
9356
9360
9367
9214
9121
9258
9327
9137
9100
9225
9229
9452
9469
9473
9395
9373
9123
9194
9182
9225
9296
9294
9223
9172
9079
9224
9241
9272
9258
9269
9066
9151
9134
8807
7876
9088
9251
9155
9036
9077
8706
8767
8765
8492
8347
8960
9004
8850
9341
8956
9263
9125
9372
9184
9312
9106
9066
9103
9258
9267
9235
9390
9381
9220
9157
9239
9219
9104
9274
9270
8843
9070
9219
9320
9227
9263
9146
9365
9118
9108
9198
9281
9408
9238
9198
9511
9387
9412
9211
9264
9235
9310
9161
9238
9223
9201
9351
9341
9102
9206
8765
9114
9047
9181
9269
9343
9185
9265
9393
9085
8864
8887
8833
8715
8868
8710
8499
8100
8113
8091
8375
8418
8419
9239
9399
9533
9468
9378
9434
9294
9485
9448
9567
9356
9405
9469
9409
9429
9260
9415
9375
9471
9392
9363
9220
9225
9309
9415
9112
9246
9163
9267
9395
9415
9126
9185
9364
9361
9165
9073
9353
9373
9474
9528
9393
9475
9532
9492
9393
9315
9475
9318
9518
9502
9210
9427
9515
9482
9445
9206
9282
9077
9009
9332
9294
9369
9189
9505
9539
9302
9384
9369
9486
9522
9297
9223
9310
9235
9320
8819
8937
9156
9313
9323
9459
9391
9413
9211
9348
9269
9402
9472
9341
9415
9383
9390
9425
9327
9391
9450
9381
9256
9275
9362
9252
9475
9400
9379
9342
9257
9311
9357
9486
9269
9431
9229
9255
9380
9366
9361
9460
9407
8874
8781
8461
9088
9151
9049
9227
9095
8812
8438
8733
8994
9217
9191
8642
8984
9131
9109
9267
8873
9176
9424
9135
9388
9254
9302
9248
9207
9463
8854
9159
9429
9307
9311
9473
9508
9523
9431
9191
9440
9444
9445
9297
9211
9373
9405
9255
9120
9269
9465
9421
9292
9446
9095
9405
9405
9485
9254
9238
9318
9383
9419
9297
9396
9250
9094
8985
8868
8994
9036
9068
9172
9263
9334
9242
9358
9363
9344
8970
9098
9362
9356
9370
9180
9134
9196
9140
9435
9384
9445
9520
9397
9139
9392
9110
9482
9467
9433
9359
9330
9375
9196
9372
9354
9280
9050
8769
8849
9255
9345
9317
9424
9385
9343
9484
9399
9115
9336
9347
9110
9043
9031
9258
9395
9479
9212
9211
9385
9401
9432
9513
9359
9448
9365
9365
9360
9159
9495
9582
9587
9327
9343
9175
9372
9532
9496
9333
9434
9300
9351
9310
9384
9249
9239
9511
9313
9301
9450
9401
9025
9348
9314
9380
9420
9411
9388
9545
9334
9136
9502
9400
9276
9263
9503
9394
9380
9522
9392
9160
9023
9162
9433
9572
9427
9467
9600
9576
9509
9557
9500
9172
9137
9328
9277
9108
9319
8746
9574
9561
9561
9307
9403
9538
9475
9193
9054
9051
9150
9213
9355
9420
9438
9390
9403
9152
9180
9170
9006
8056
8153
8115
8137
8135
8017
9357
9465
9417
9298
9374
9560
9446
9400
8887
9119
9105
9025
9343
9405
9424
9276
9262
9239
9223
9296
9160
9349
9500
9403
9221
9045
9098
9481
9441
9326
9248
9263
9007
9107
9250
9139
9162
9230
9248
9193
9322
9473
9520
9215
9289
9443
9294
8974
9181
9295
9098
9392
9501
9481
9402
9352
9269
9310
9489
9513
9545
9412
9179
9311
9257
9360
9368
9034
9044
9338
9370
9444
9501
9544
9414
9319
9350
9550
9424
9332
9215
9257
9376
9308
9332
9416
9398
9362
9277
9401
9350
9382
9515
9317
9431
9349
9352
9391
9490
9375
9393
9540
9455
9469
9439
9507
9372
9026
9268
9378
9499
9518
9386
9571
9494
9575
9582
9271
9498
9565
9552
9344
9085
9220
9004
9135
9228
9493
9456
9406
9309
9334
9422
9037
9299
9106
9435
9437
9428
9385
9221
8849
8860
9144
9064
9382
9166
9137
9143
9311
9387
8891
9268
9201
9228
9169
9267
9097
9178
8983
9372
9120
9037
9156
9169
9093
8932
8386
8704
9289
9342
9116
9239
9194
9248
9322
9270
8944
8956
9297
9391
9337
9130
8824
9149
8614
8572
8608
8595
8733
8510
7345
7180
7303
7416
7384
7422
7421
7724
7699
7563
9266
8876
9503
9255
9412
9516
9566
9380
9279
9615
9563
9590
9526
9460
9372
9366
9353
9325
9381
9431
9391
9419
9467
9460
9462
9242
9072
9228
9284
9081
9476
9446
9398
9319
9373
9188
9403
9156
9268
9314
8934
9246
9082
9362
9349
9235
9350
9229
9135
9305
8827
8806
8801
8837
8874
9049
9129
8907
8926
8814
8977
9072
8868
9546
9578
9612
9381
9479
9455
9355
9517
9476
9352
9419
9131
9191
9419
9305
9388
9428
9505
9491
9542
9365
9381
9280
9015
9139
9190
9471
9285
9014
8741
8681
9025
9105
9010
9032
8848
9002
9372
9475
9353
9571
9357
9300
9505
9449
9373
9324
9423
9341
8984
9347
9179
9430
9129
9333
9157
9320
9067
9166
9332
9381
9437
9425
9267
9495
9361
9323
9481
9354
9404
9287
8881
9165
9304
9417
9424
9576
9533
9217
9347
9258
9289
9346
8709
8815
8711
9018
9439
9087
9476
9187
9499
9350
8963
9531
9420
9391
9503
9181
9436
9317
9141
8821
9270
9403
9495
9384
9054
9424
9543
9439
9498
9409
9381
9379
9305
9304
9182
9251
9556
9429
9289
9115
9406
9405
9404
9371
9261
9335
9296
9351
9389
9378
9221
9245
9122
9290
9488
9364
9164
9261
9170
9163
9255
8832
8883
8530
9203
9314
8859
9079
9091
9121
9366
9434
9320
9372
9433
9510
9375
9339
9256
9217
9271
9369
9469
9352
9455
9393
9338
9309
9145
8827
8908
9191
9448
9327
9376
9296
8979
8254
8328
7989
9063
9219
9409
9372
9477
9510
9532
9497
9359
9247
9304
9275
9348
9128
8793
9224
9365
8944
9187
9220
9267
9266
9262
9302
8954
8668
8684
9068
9067
9010
9044
9351
9167
9172
9279
9290
9243
9276
9349
9291
9189
8925
9326
9357
9203
9393
9274
9190
9232
9070
9456
9291
9360
8952
9016
9104
9343
9117
9315
9300
9289
9373
9251
9243
9414
9412
9395
9384
9332
9449
9332
9452
9226
9317
9402
9389
9356
9431
9292
9288
9385
9083
9119
9273
9332
9320
9094
9147
9390
9189
9225
9240
9370
9236
9315
9289
9222
9138
9139
9224
9262
9413
9363
9379
9344
9106
9144
9282
9173
9229
9210
9035
9123
9209
9055
9141
9191
9148
9206
9256
9116
9484
9462
9164
9416
9171
9255
9307
9113
9069
9348
9238
9186
9154
8678
8974
9051
9281
9079
9244
9156
9118
9106
9337
9324
9232
9367
8951
8955
8952
9198
9127
9233
9317
9297
9314
9174
9320
9217
9126
9316
9203
9097
9252
9193
8999
9235
9134
9051
9052
9228
9268
9300
9144
9267
9444
9342
8972
9101
8871
8912
9137
9293
8943
9265
9064
8951
9181
9215
9250
9334
9189
9162
9090
9146
9085
9109
8836
9151
9205
8957
8792
8909
9336
9128
9178
9269
9331
9353
9270
9312
9413
9279
9216
9199
9108
9329
9425
9168
9190
9198
9315
9371
9313
9301
9244
9348
9492
9459
9297
9237
9302
9218
9325
9075
9203
9355
9376
9145
9234
9229
9244
9278
9363
9277
9184
9402
9407
9221
9103
9258
9245
9250
9417
9323
9467
9060
9283
9270
9378
9360
9232
9088
9222
9209
9004
9294
9298
9179
9187
8916
9234
9179
9461
9134
8884
9190
9313
9325
9482
9341
9162
9329
9367
9362
9202
9442
9084
9168
9301
9123
9113
9248
9173
9134
9106
8739
9118
9284
9375
9175
9343
9435
9350
9343
9486
9585
9572
9225
9567
9366
9495
9395
9410
9461
9313
9149
8558
8678
8469
8468
8637
8571
8604
9272
9529
9543
9439
9370
9364
9351
9036
9393
9420
9381
9405
9207
9336
9113
9371
9184
9384
9277
9136
9323
9214
9255
9268
9138
9244
9185
9282
9079
9252
9276
9232
8775
9276
9341
8987
9320
9246
9304
9247
9365
9322
9442
9380
9297
9360
9306
9292
9096
9232
9238
9244
9131
9378
9442
9389
9429
9374
9419
9362
9465
9191
9288
9160
9444
9417
9189
9304
9073
9157
9209
8916
8784
9409
9266
9157
9229
9303
9064
8968
8976
8745
9299
9318
9466
9565
9340
9245
9278
9099
9069
8918
9045
8687
9116
8897
9311
9199
9003
9044
9400
9130
8633
9356
9168
7495
9314
9173
8831
9161
9228
9162
9306
8987
8963
8940
8868
9052
9246
9215
9041
8892
8589
8320
9166
8775
9499
9029
9316
8760
9011
9009
8655
8706
8898
8980
9317
9489
9022
9321
9276
9268
8995
9087
9156
9101
9084
8781
8659
8705
9227
9315
9311
9301
9271
9232
9204
8834
9051
9198
9206
9293
9361
9181
9132
9236
9452
9417
9257
9219
9159
9194
9397
9357
8860
9179
9259
9348
9232
9146
9040
9064
9289
9018
9015
9287
9316
9304
9279
9374
9311
9258
9168
9150
9028
9247
9337
9386
9378
9305
9330
9272
8972
9290
9221
9449
9503
9371
9366
9222
9252
9317
9262
9300
9247
9153
9379
9304
9340
9386
9321
9378
9390
9298
9312
9378
9278
8977
9363
9363
9060
8816
9086
9380
9457
9396
9445
9307
9395
9257
9316
9275
9118
9312
9310
9249
9177
9333
9255
9226
9027
9496
9165
9338
9393
9400
9243
9375
9305
9228
8901
9251
9378
9434
9237
9128
9235
9308
9258
9253
9224
9389
9161
9033
9188
9245
9209
9192
9132
9504
9439
9253
9121
8938
9078
8977
9012
8875
348
186
529
695
9343
9307
9353
9362
9510
9072
9120
9283
9444
9366
9425
9566
9370
9390
9490
9259
9202
9122
9129
9492
9554
9412
9445
9478
9473
9493
9544
9528
9247
9286
9486
9536
9382
9454
9322
9449
9330
9336
9462
9355
9438
9482
9231
9225
9205
9383
9578
9505
9584
9473
9478
9533
9438
9423
9611
9580
9330
9088
9439
9427
9166
9522
9504
9538
9551
9309
9488
9493
9595
9327
9480
9251
9282
9369
9265
9294
9432
9308
9443
9446
9278
9196
9320
9456
9539
9573
9533
9486
9448
9421
9161
9101
9240
9261
9247
9474
9519
9486
9513
9439
9437
9428
9310
9230
9340
9262
9260
9385
9447
9393
9554
9485
9432
9535
9477
9314
9450
9347
9295
9222
9279
9333
9462
9449
9405
9316
8962
9141
9209
9500
9240
9256
9325
9231
8969
8474
9150
9265
9479
9355
9028
9488
9470
9343
9315
9126
9174
8939
9020
9275
9219
9342
9512
9498
9469
9391
9241
9093
9396
9353
9421
9344
9346
9356
9375
9467
9348
8833
8931
9086
9093
9198
9388
9394
9454
9463
9503
9546
9462
9346
9292
9409
9268
9383
9318
9249
9402
9419
9277
9132
9342
9452
9567
9410
9506
9071
9358
9380
9505
9367
9311
9476
9309
9170
9275
9321
9242
9500
9448
9290
9361
9445
9233
9477
9440
9371
9453
9427
9506
9527
9431
9355
9283
9313
9191
9312
9403
9439
9406
9397
9348
9497
9335
9299
9287
9434
9344
9358
9491
9293
9542
9415
9080
8892
9105
9344
9204
9454
9452
9258
9427
9260
9222
9114
9141
9178
9169
8904
9419
9433
9245
9460
9444
9448
9366
9421
9412
9423
9261
9396
9476
9292
9088
9399
9392
9301
9284
9388
9346
9424
9338
9268
9484
9388
9401
9265
9140
9107
9194
9400
9540
9356
9363
9428
9508
9467
9302
9379
9050
9119
9114
9144
9123
9443
9593
9540
9550
9255
9448
9520
9294
9422
9467
9287
9364
9458
9465
9214
9193
9127
9237
9411
9361
9320
9523
9524
9475
9377
9497
9442
9433
9312
9368
9453
9490
9259
9418
9500
9314
9304
9113
9338
9269
9469
9406
9403
9108
9183
9499
9492
9579
9512
8984
9288
9489
9520
9610
9547
9429
9234
9362
9470
9499
9370
9545
9572
9580
9545
9525
9489
9387
9430
9510
9574
9471
9401
9340
9392
9344
9184
9254
9514
9523
9212
9492
9456
9470
9451
9618
9473
9458
9467
9521
9436
9302
9414
9496
9587
9487
9429
9409
9322
9447
9388
9482
9437
9269
9163
9297
9199
9100
9286
9450
9280
9380
9392
9490
9396
9416
9255
9356
9237
9246
9263
9066
9302
9489
9396
9489
9365
9316
9330
9227
9402
9243
9249
8990
9081
9194
8902
9322
9318
9427
9361
9470
9463
9422
9347
9388
9364
9478
9400
9277
9104
9311
9311
9365
9399
9127
9158
8980
9039
9162
9006
9126
8997
9251
9335
9320
9414
9356
9321
9365
9225
9122
9255
9358
9422
9429
9434
9383
9225
9291
9204
9423
9425
9316
9221
9207
9368
9273
9293
9380
9269
9138
9290
9421
9360
9283
9256
9230
9418
9476
9461
9303
9445
9405
9373
9334
9421
9354
9379
9199
9410
9292
9161
9218
9381
9377
9330
9338
9331
9348
9364
9301
9261
9115
9293
9240
9401
9497
9459
9422
9416
9460
9238
9339
9464
9286
9328
9459
9483
9300
9177
8935
9131
9205
9423
9429
9404
9349
9387
9353
9130
9120
9404
9121
9250
8862
8773
9151
9085
9294
9190
9296
9213
8915
9423
9363
9201
9380
9325
9237
9221
8843
8870
8889
8837
9566
9528
9464
9508
9568
9574
9366
9241
9341
9342
9470
9566
9498
9608
9504
9597
9365
9509
9477
9100
8957
9033
8903
8724
9263
9293
9314
9173
9221
9387
9298
9190
9069
9158
9343
9404
9315
9455
9474
9437
9477
9476
9507
9507
9215
9346
9466
9444
9329
9273
9503
9452
9497
9340
9284
9421
9466
9527
9469
9174
9387
9175
9299
9211
9474
9366
9316
9409
8883
9022
9264
9337
9318
9354
9401
9358
9391
9381
9435
9481
9484
9498
9343
9290
9262
9370
9285
9290
9059
9288
9266
9268
8910
9112
9190
9102
9262
9274
9417
9288
9266
8892
9325
9204
9210
9383
9365
9384
9264
9382
9412
9413
9465
9303
9146
9234
9126
9309
9255
9305
9354
9283
9298
9248
9289
9307
9224
9145
9335
9204
9306
9376
9173
9076
9040
9225
8960
9213
9343
9314
9395
9198
9254
9347
9139
9213
9228
8958
9006
9010
9011
9235
9347
9165
9173
8754
9003
9106
9037
9053
9208
9115
9096
9251
9297
9363
9456
9356
9317
9167
9231
9385
9257
9179
9258
9332
9238
9146
9049
8701
9088
9060
9088
8848
9139
9154
9274
9364
9410
9188
9359
9204
9378
9318
9136
9398
9312
9252
9244
9221
9141
9150
9256
9317
9264
9285
9311
9092
9466
9414
9250
9423
9163
9218
9503
9393
9144
9263
9157
8314
9297
9342
8705
8946
8943
9159
9160
9248
9271
9193
9071
9028
8968
9015
9236
9266
9434
9006
9517
9405
9528
9522
9200
9168
9416
9405
9228
9244
9259
9235
9431
9199
9242
9406
9467
9329
9292
9204
9201
9374
9310
9455
9390
9456
9363
9477
9343
9273
9411
9173
9126
9318
9352
9422
9365
9320
9355
9328
9165
9112
9138
8832
8778
8663
8898
9097
9412
9532
9370
9341
9148
9078
9218
9324
9361
9317
9129
9187
9299
9374
9339
9189
9230
9141
9157
8713
8841
8879
8884
8678
8521
8400
8391
8408
8479
8786
9293
9232
9407
9294
9317
9362
9384
9022
8966
9152
9425
9474
9212
9286
9185
9194
9237
9241
9246
8898
8825
9196
9228
9243
9363
9414
9404
9236
9169
9350
9458
9388
9425
9470
9433
9232
9196
9283
9414
9258
9384
9205
9355
9228
9353
9284
9397
9219
9434
9318
9500
9382
9420
9171
9435
9219
9171
9121
9000
8928
9006
9127
9328
9282
8994
9415
9392
9256
9243
9434
9377
9292
9348
9426
9292
9268
9186
9182
9371
9412
9252
9210
9462
9423
9145
9378
9295
9079
9432
9010
9394
9439
9223
9375
9412
9352
9357
9426
9372
9263
9294
9326
9403
9342
9305
9366
9320
9388
9471
9434
9354
9192
9281
9221
9386
9327
9312
9071
9036
9075
9335
9102
9037
9203
9206
9062
9406
9469
9357
9470
9397
9314
9380
9214
9117
9121
9119
9189
9356
9471
9353
9364
9431
9302
9405
9381
9437
9248
8878
9399
9443
9472
9518
9422
9492
9461
9545
9549
9504
9369
9378
9550
9564
9475
9481
9384
9440
9381
9501
9485
9365
9555
9413
9496
9561
9502
9453
9497
9528
9518
9406
9471
9520
9521
9302
9537
9328
9327
9057
9061
8855
9422
9328
9457
9316
9496
9268
9328
9246
9334
9296
9483
9282
9116
9306
9410
9343
9533
9521
9448
9429
9309
9416
9388
9247
9538
9366
9518
9529
9331
9285
9288
9352
9398
9597
9563
9513
9503
9370
9456
9489
9344
9415
9474
9467
9499
9357
9460
9271
9323
9274
9021
9455
9354
9332
9433
9231
9413
9459
9392
9311
9384
9425
9494
9273
9342
9481
9257
9514
9482
9351
9112
9096
9085
9045
9274
9067
9082
9273
9154
9415
9430
9360
9421
9322
9434
9367
9403
9320
9410
9383
9397
9323
9341
9305
9406
9285
9046
9233
9265
9130
9286
9381
9344
9144
9285
9232
9310
9231
9007
9030
8963
9231
9341
9111
9246
9162
9390
9244
9170
9101
8944
9120
9295
9284
9199
9314
9291
9251
9170
9283
9194
9268
9276
9314
9210
9412
9320
9430
9050
9245
9316
9203
9373
9354
9178
9217
9272
9186
9329
9142
9406
9370
9250
9300
9300
9371
9242
9399
8870
8813
8900
9123
9148
9379
8750
9287
9301
9401
9269
9373
9076
9341
9358
9378
9088
9229
9199
9210
9515
9545
9208
9120
9230
9525
9520
9462
9512
9552
9426
9287
9556
9382
9183
9430
9406
9390
9577
9559
9518
9511
9206
9558
9637
9552
9626
9644
9649
9520
9611
9508
9479
9586
9400
9580
9537
9622
9469
9496
9177
9312
9534
9640
9452
9668
9617
9583
9709
9410
9644
9350
8802
8936
8892
8897
9368
9407
9511
9414
9504
9324
9563
9436
9646
9560
9460
9644
9446
9463
9234
9356
9265
9286
9465
9395
9171
9360
9335
9580
9461
9579
9635
9724
9579
9548
9628
9451
9507
9398
9548
9167
9125
9130
9023
9414
9676
9716
9480
9639
9320
9320
9582
9604
9601
9617
9409
9479
9675
9639
9478
9557
9672
9611
9530
9593
9482
9370
9286
9456
9557
9456
9395
9477
9608
9453
9573
9441
9528
9483
9617
9536
9465
9594
9354
9224
9267
9455
9436
9303
9427
9450
9495
9403
9290
9326
9333
9276
9374
9369
9334
9509
9385
9458
9308
8803
9389
9515
9497
9445
9431
9365
9494
9389
9389
9416
9541
9530
9306
9198
9408
9414
9323
9180
9209
9165
9379
9144
9197
9239
9274
9023
9239
9318
9341
9311
9344
9218
9418
9203
8931
9269
9335
9405
9076
9259
9351
9117
9366
9439
9171
9365
9205
9350
9383
9458
9395
9426
9442
9543
9533
9451
9524
9307
9414
8739
9049
9215
9034
9341
9228
9190
9036
9093
9086
9245
9296
9084
9237
9093
9265
9015
8963
9142
9229
9366
9411
9298
9365
9269
9478
9351
9427
9263
8931
9121
9353
9396
9105
9264
9399
9289
9359
9261
9333
9372
9368
9605
9653
9575
9629
9569
9457
9432
9476
9520
9506
9531
9470
9599
9524
9445
9449
9476
9343
9486
9479
9405
9474
9551
9547
9611
9610
9517
9542
9447
9281
9503
9518
9058
9346
9459
9296
9425
9453
9317
9498
9403
9293
9484
9471
9444
9424
9251
9569
9569
9575
9571
9525
9474
9653
9607
9357
9306
9478
9232
9487
9390
9646
9476
9553
9564
9468
9356
9306
9311
8945
9498
9484
9435
9391
9519
9546
9632
9568
9191
9572
9177
8814
9586
9515
9384
9517
9285
9297
9472
9432
9308
9522
9494
9344
9592
9502
9507
9456
9363
8890
9054
8789
8991
9033
8782
8797
8933
8949
9317
9440
9507
9489
9389
9446
9533
9387
9380
9442
9098
9220
9281
9152
9099
9048
9073
8645
9041
8990
9053
9007
9123
9335
9227
9253
9253
9467
9226
9365
9143
9206
9457
9429
9244
8955
8995
9400
9366
9051
9352
9334
9329
9371
9417
9311
9435
9379
9158
9265
9376
9241
9289
9367
9381
9360
9351
9370
9360
9306
9109
9248
9117
9283
9289
9384
9343
9426
9345
9373
9417
9440
9299
9212
9244
9229
9351
9292
9401
9371
9405
9214
9370
9283
9395
9299
9316
9317
9164
9361
9208
9377
9437
9295
9359
9360
9344
9412
9277
9359
9348
9505
9358
9402
9476
9344
9361
9329
9270
9365
9270
9160
9403
9186
9269
9321
9435
9381
9343
9404
9395
9370
9378
9439
9118
9092
9284
9426
9431
9407
9246
9189
9134
9423
9449
9391
9371
9379
9478
9449
9458
9394
9344
9310
9266
9301
9407
9403
9323
9274
9412
9354
9346
9163
9344
9194
9380
9339
9351
9261
9314
9339
9249
9375
9271
9434
9328
9283
9013
8867
8921
9034
9057
8965
9203
9151
9097
9156
9186
9317
9297
9056
9147
8902
9117
9308
9295
9101
9186
8940
8925
9089
9017
8865
9209
9076
9376
9092
9372
9206
9284
9330
9309
9018
9282
9223
9391
9367
9404
9114
9334
9442
9475
9351
9391
9141
9319
9286
9056
9230
9351
9056
9421
9466
9361
9271
9298
9087
9277
9361
9300
9333
9163
9276
9127
9221
9161
9033
8683
8915
9386
9363
9513
9588
9542
9290
9474
9482
9446
9379
9395
9212
9348
9378
9210
9484
9473
9513
9523
9394
9369
9421
9398
9415
9530
9418
9360
9235
9346
9287
9283
9441
9499
9010
9403
9246
9355
9376
9123
9086
8965
9184
9095
9498
9566
9386
9306
9215
9402
9365
9455
9283
9384
9361
9519
9434
9305
9275
9235
9403
9317
9109
9156
9093
9446
9582
9627
9652
9562
9497
9560
9415
9257
9271
9433
9274
9363
9396
9240
9366
9360
9294
8881
8581
9302
9435
9101
9107
9302
9405
9278
9380
9320
9131
9245
9508
9476
9409
9471
9439
9437
9453
9528
9556
9293
9261
9551
9595
9698
9599
9416
9523
9369
9552
9527
9517
9326
9482
9454
9476
9169
9119
9308
9528
9438
9516
9388
9077
9441
9506
9201
9579
9348
9573
9428
9595
9513
9480
9300
9169
9205
9498
9483
9459
9616
9480
9530
9457
9135
9311
9300
9430
9449
9487
9348
9451
9541
9482
9433
9566
9471
9476
9350
9092
9146
9161
9366
9330
9419
9500
9399
9309
9256
9465
9349
9250
9369
9409
9357
9478
9374
9436
9400
9350
9268
9275
8923
9321
9323
9442
9496
9438
9345
9402
9530
9441
9352
8927
9390
9421
9483
9355
9383
9516
9369
9433
9491
9427
9444
9474
9529
9538
9321
9317
9255
9265
9492
9281
9458
9426
9436
9513
9396
9230
9220
9423
9381
9313
9202
9438
9457
9295
9385
9252
9017
9243
9315
9450
9368
9302
9501
9399
9465
9466
9297
9290
9271
8872
9214
9373
9424
9482
9416
9496
9465
9435
9313
9416
9501
9276
9355
9155
9486
9463
9490
9542
9523
9335
9278
9430
9485
9399
9400
9201
9326
9456
9384
9029
9246
9325
9340
9381
9297
9217
9357
9399
9246
9324
9276
9306
9234
9282
9077
9371
9271
9179
9331
9342
9337
9295
9299
9219
9323
9358
9264
9421
9410
9396
9264
9464
9434
9376
9404
9359
9211
9186
9381
9418
9410
9384
9479
9437
9326
9364
9368
9276
9350
9359
9288
9263
9145
9338
9387
9314
9457
9458
9343
9438
9391
9375
9382
9352
9100
9380
9386
9448
9374
9457
9470
9482
9471
9445
9357
9513
9519
9511
9485
9445
9385
9390
9190
9466
9561
9484
9434
9398
9473
9379
9511
9476
9406
9512
9310
9426
9408
9180
9372
9412
9505
9507
9386
9161
9129
9296
9337
9261
9144
9183
9232
9369
9346
9347
9228
9102
9134
8858
7998
8084
8044
7909
7860
7984
7930
8092
8130
8149
9490
9640
9546
9271
9662
9657
9431
9653
9501
9421
9542
9543
9519
9417
9211
9599
9488
9484
9261
9459
9419
9459
9462
9432
9319
9384
9329
9445
9533
9604
9572
9467
9476
9355
9434
9491
9511
9454
9474
9490
9454
9393
9502
9421
9456
9519
9432
9473
9360
9506
9569
9591
9501
9528
9496
9622
9439
9274
9388
9425
9460
9569
9555
9629
9532
9542
9497
9523
9468
9432
9120
9041
9401
9498
9467
9527
9560
9527
9393
9587
9477
9514
9434
9277
9470
9546
9533
9412
9546
9541
9562
9507
9516
9506
9402
9556
9548
9370
9086
9247
9333
9327
9481
9510
9316
9548
9251
9207
9231
8998
9263
9371
9044
9179
9306
9231
9413
9427
9189
8882
9116
9142
9473
9499
9363
9380
9275
9095
8949
9035
9379
9368
8970
8924
8613
8912
9062
9235
8909
8880
8208
8572
8709
8772
9019
8778
8887
8727
8745
8465
8766
8963
9225
9424
9406
9536
9448
9331
9411
9298
9330
9391
9258
9419
9400
8960
9149
9210
9525
9504
9438
9436
9398
9270
9340
9402
9305
9269
9068
8868
9219
8992
9203
9298
9359
9513
9440
9290
9324
9390
9455
9333
9351
9402
9365
9141
9320
9075
9187
9334
9309
9400
9579
9531
9498
9575
9452
9504
9427
9364
9496
9338
9394
9518
9386
9456
9559
9450
9408
9509
9528
9345
9414
9435
9337
9214
9451
9467
9489
9260
9506
9414
9518
9501
9501
9385
9305
9435
9502
9524
9522
9363
9196
9285
9526
9478
9418
9476
9039
9348
9384
9300
9426
9340
9186
9126
9534
9498
9325
9620
9436
9425
9426
9561
9632
9529
9490
9531
9507
9549
9484
9564
9388
9511
9241
9449
9498
9448
9500
9364
9239
9042
9204
9261
9322
9280
9267
9091
9052
8987
9130
8978
9297
9206
9067
9166
9153
9358
9144
9170
9469
9457
9236
9147
9443
9411
9473
9503
9329
9402
9453
9329
9420
9450
9343
9039
9301
9265
9413
9562
9359
9317
9495
9416
9353
9278
9263
9303
9401
9538
9312
9409
9427
9546
9482
9519
9333
9285
9294
9226
9365
9162
9366
9421
9436
9441
9461
9170
9156
9246
9298
9238
9312
9462
9535
9476
9431
9491
9447
9506
9567
9465
9471
9236
9409
9471
9418
9433
9378
9155
9405
9482
9399
9299
9171
9300
9494
9490
9383
9400
9327
9299
9388
9505
9411
9420
9491
9429
9483
9318
9446
9454
9504
9435
9069
9111
9033
9396
9432
9386
9492
9467
9372
9376
9379
9504
9476
9480
9340
9192
9453
9542
9427
9084
9261
9258
9281
9443
9509
9443
9480
9476
9500
9363
9498
9298
9367
9428
9352
9447
9513
9429
9239
9290
9214
9244
9256
8987
9451
9515
9079
8751
8966
9396
9329
9292
9366
9147
9270
9090
9050
9167
9086
9078
9283
9179
9094
9175
9383
9366
9317
9350
9333
9180
9049
8923
9276
9133
9264
9208
9179
9351
9312
9173
9128
9049
9078
9171
9163
9089
9335
9232
9318
9021
8987
8919
8849
8786
8708
9255
9216
9212
9242
9053
9075
9198
9064
9210
9194
9123
9069
9117
9204
9102
9246
9212
9281
9243
9103
8955
9009
9039
9083
9302
9347
9319
9278
9255
9181
9219
9163
9300
9226
8970
9159
8887
8826
9408
9260
9259
9302
9178
8928
9219
9301
8968
7993
9253
9074
9216
9232
9256
9204
9116
9058
9281
9264
9371
9177
9194
9244
9236
9371
9268
9344
9271
9207
9171
8872
9143
9114
9100
8960
9260
9238
9193
9251
9092
9090
9245
9168
9239
9122
9153
9448
9267
9272
9198
9172
9228
9195
9101
9161
9064
9023
9379
9148
9097
8983
8573
8834
8783
8606
7628
7650
7492
7319
7331
7197
7544
7802
7777
7518
7771
7516
7547
9483
9524
9524
9571
9442
9440
9508
9450
9450
9369
9470
9279
9087
9281
9332
9347
9308
9025
9108
9187
9233
9280
9225
9360
9198
9172
9218
9226
9348
9201
9381
9178
9074
9393
9324
9253
9227
8989
9092
9387
9375
9049
9186
9210
9201
9311
9280
9003
8916
9295
9267
9042
9222
9278
9192
9252
9282
9227
9473
9395
9318
9404
9225
9134
9247
9172
9170
8520
7959
8547
8422
8721
8618
8423
9135
9135
9292
9295
9283
8956
9327
9174
9061
9293
9284
9147
9187
9159
9006
9120
9211
9274
8999
9182
9312
9017
9122
8981
9071
9254
9209
9207
9165
9207
8823
8734
9087
9256
9258
9152
9102
9270
9158
9018
9142
9102
9146
9232
9237
8964
9186
8989
9253
9238
9114
8986
9160
9249
9240
9001
9115
8927
9078
8941
8988
9117
9140
9115
9065
9263
9189
9291
9283
9106
9058
9033
9129
9033
8703
8881
8815
8705
8786
9254
9419
9377
8999
9232
9240
9231
9264
9163
9069
9047
8974
9277
9122
8628
9030
8950
9021
9162
9146
8584
8834
8731
8925
9140
9264
9171
9146
8944
8675
9207
9017
9370
9078
9374
9030
9127
9329
9068
8813
9118
9315
9272
9096
9355
9250
9064
9058
9156
9197
9114
9092
8955
8287
8647
8963
8941
9029
8776
8941
8847
8976
8894
9080
8892
9175
9147
9373
9105
9276
9359
9299
9156
9108
8949
9233
9295
9130
9307
9267
9422
9197
9075
9278
9179
9167
9335
9495
9393
9109
9269
9102
9278
9256
9535
9549
9435
9232
9123
9165
8948
9068
9059
8845
9221
9327
9381
9369
9463
9456
9505
9372
9190
9372
9486
9463
9452
9473
9408
9320
9384
9456
9444
9455
9230
9337
9100
9086
9342
9354
9387
9337
9275
9236
9159
9201
8884
9081
9428
9477
9263
9235
9273
9144
9424
9397
9115
8829
8941
8927
8904
9032
9279
9337
9315
9397
9457
9323
9217
9250
8831
9150
9254
9256
9258
9554
9407
9397
9314
9330
9376
9174
9439
9554
9508
9334
9453
9504
9611
9502
9435
9139
9148
9227
9370
9359
9500
9061
9234
9277
9334
9254
9201
9380
9377
9249
9239
8894
8775
8810
9144
9328
9266
9268
9201
8845
8857
8849
8939
9061
9437
9221
9343
9520
9392
9353
9082
9123
9395
9413
9549
9237
9358
9486
9332
9244
9321
9139
9315
9398
9337
9230
9215
9282
9188
9338
9288
9365
9044
9421
9443
9426
9212
9403
9474
9487
9397
9450
9325
9481
9321
9094
9296
9066
9285
9519
9442
9534
9499
9130
9050
9359
9447
9532
9543
9335
9468
9481
9548
9308
9421
9413
9338
9459
9310
9288
9350
9053
9125
9355
9226
9163
9025
8768
9000
9085
9031
9149
9088
9235
9200
9396
9446
9232
9049
8418
8953
9093
8920
8987
9047
9102
9174
9141
9274
9275
9180
9023
9200
9324
9415
9052
9145
9435
9381
9396
9365
9186
9299
9350
9262
9401
9014
9120
8967
9293
9376
9328
9039
9028
9331
9041
9169
9270
8984
8692
8570
8724
9327
9589
9388
9321
9456
9407
9271
9444
9059
9331
9193
9217
9263
9482
9435
9004
9319
9527
9493
9533
9354
9260
9178
9314
9337
9422
9434
9423
9348
9374
9134
9411
9433
9246
9394
9351
9194
9024
9124
9331
9371
9320
9309
9303
9192
9235
9510
9358
9365
9343
9029
9218
9538
9554
9480
9330
8886
9167
9154
9048
9438
9543
9554
9546
9572
9541
9360
9474
9568
9607
9547
9612
9539
9452
9503
9507
9575
9430
9426
9549
9553
9513
9407
9393
9445
9459
9245
9411
9423
9502
9416
9449
9477
9324
9380
8783
8871
8898
8963
9454
9556
9544
9283
9507
9461
9503
9414
9511
9009
9458
9436
9214
9476
9501
9416
9522
9370
9272
9314
9398
9465
9428
9491
9466
9030
9150
9060
9214
9059
9462
9290
9448
9413
9434
9449
9440
9253
9367
9236
9135
9398
9279
9124
9297
9276
8932
8990
9229
9297
9391
9277
9446
9433
9365
9335
9388
9392
9271
9249
9072
9288
9402
8932
9281
9196
9176
9477
9327
9196
9287
9391
9328
9314
9121
9254
9334
9321
9422
9487
9462
9377
9171
9303
9385
9169
9275
9248
9222
9312
9229
9142
9164
9259
9338
9225
9275
9252
9293
9129
8978
9378
9047
9045
8968
8934
9138
9281
9349
9350
8414
9355
9345
9351
8830
9012
9262
9242
8945
9112
9263
9381
9328
9343
9250
9301
9153
9333
9221
9127
9076
9311
9364
8953
9278
9291
9272
9298
9416
9332
9207
9112
9225
9186
9160
9114
9350
9293
8750
8648
8364
9144
9299
9190
9136
9160
9364
9260
9481
9323
9076
9021
8872
8987
9208
9490
9291
9186
8852
9209
9178
9082
9152
9316
9347
9131
9318
9394
9309
9433
9508
9222
9328
9517
9423
9389
9392
9449
9424
9293
9177
8987
8748
8568
8603
9071
9430
9477
9353
9134
9383
9420
9330
9582
9428
9456
9524
9602
9541
9439
9373
9440
9504
9374
9150
9433
9384
9320
9513
9467
9408
9397
9230
9119
9328
9292
9277
9339
9406
9436
9162
9183
9305
9304
9392
9365
9448
9468
9411
9423
9318
9281
9403
9471
9443
9294
9174
9049
9334
9431
9077
9291
9120
9284
9344
9314
9146
9074
8931
9376
9284
9368
9227
9374
9359
9108
9439
9464
9523
9348
9308
9339
9163
9280
9003
9265
9260
9047
9295
9454
9449
9405
9431
9445
9386
9177
9347
9465
9460
9439
9457
9291
9374
9456
9213
9090
9195
9400
9222
9409
9384
9030
9346
9463
9291
9175
9118
9420
9363
9356
9380
9415
9268
9352
8878
8046
8899
9228
9198
9262
9357
9280
9195
9438
9343
9415
9385
9000
8918
9283
9320
9406
9329
9291
9428
9434
9423
9366
9360
9197
9263
9112
9127
9270
9045
8948
9177
9202
9509
9489
9297
9380
9243
9476
9407
9278
9252
9434
9415
9371
9388
9387
9392
9258
9429
8969
8997
8915
9301
9286
9417
9387
9183
9010
9286
8672
9178
9356
9347
9191
9299
9433
9383
9435
9143
9375
9429
9454
9423
9443
9426
9371
9395
9470
9343
9315
9379
9133
9485
9500
9326
9360
9546
9455
9289
9358
9374
9144
9252
9164
9435
9488
9259
9343
8910
8921
8773
8848
9100
9082
9001
9523
9573
9437
9480
9436
9590
9236
9341
9322
9335
9150
8941
8980
9404
9451
9210
9420
9472
9411
9309
9488
9113
9410
9459
9328
9428
9059
9192
9514
9510
9515
9242
9250
9109
9366
9407
9396
9439
9442
9472
9331
8562
8529
8697
8528
8785
8759
8739
9515
9594
9497
9565
9378
9588
9356
9552
9528
9426
9466
9313
9480
9454
9463
9364
9349
9460
9575
9468
9401
9398
9363
9003
9268
9448
9274
9298
9421
9335
9527
9477
9468
9522
9286
9364
9497
9537
9508
9537
9540
9559
9522
9520
9501
9426
9416
9422
9386
9220
9071
9394
9321
9445
9429
9338
9555
9512
9292
9278
9367
9395
9594
9423
9514
9412
9194
9446
9549
9372
9537
9308
9320
9422
9496
9558
9507
9511
9529
9565
9442
9339
9439
9415
9362
9433
9370
9511
9382
9069
9210
9365
9440
9298
9461
9347
9432
8961
8796
9022
9247
9150
9401
9291
9129
9376
9533
9376
9378
9401
9381
9398
9421
9367
9539
9525
9428
9482
9484
9411
9300
9389
9385
9340
8913
8660
8767
8540
8577
8687
8696
9249
9357
9307
9241
9028
9256
9068
8943
9177
8970
9166
9340
9170
9205
8991
8738
9324
9458
9515
9475
9380
9435
9400
9421
9250
9396
9354
9125
9408
9072
9258
9366
9430
9527
9495
9477
9472
9256
9537
9410
9428
9365
9491
9379
9187
8855
8756
8871
8828
9430
9520
9526
9462
9393
9370
9114
9415
9462
9080
9340
9314
9397
9332
9354
9132
9330
9423
9099
9308
9366
9085
9302
9382
9351
9352
9325
9331
9399
9282
9306
9365
9271
9432
9452
9495
9403
9336
9157
9333
9470
9364
9180
9468
9426
9477
9446
9362
9410
9428
9428
9506
9443
9336
9395
9324
9281
9260
9243
9250
9394
9289
9198
9276
9318
9425
9532
9405
9530
9402
9245
8640
8870
8859
8872
9151
9372
9405
9439
9381
9356
9354
9287
9375
9321
9245
9376
9247
9302
9024
9242
9434
9258
8933
9324
9097
9176
9211
9319
9340
9253
9201
9457
9215
9307
9388
9340
9338
9417
9173
9274
9196
9141
9263
9378
9191
9157
8974
9119
9058
9352
9219
9190
9429
9448
9450
9104
9366
9323
9310
9393
9308
9234
9331
9356
9322
9464
9470
9397
9526
9323
9180
9288
9187
9316
9488
9435
8983
8670
8549
8791
8708
8840
8937
9210
9371
9279
9290
9393
9381
9343
9448
9483
9361
9381
9520
9390
9317
9354
9382
9219
9461
9410
9420
9477
9496
9374
9484
9293
9334
9261
9286
9395
9447
9405
9513
9414
9531
9440
9542
9545
9481
9489
9480
9471
9391
9413
9555
9395
9504
9406
9402
9598
9536
9445
9334
9301
9480
9461
9392
9314
9276
9284
9400
9526
9232
9367
9521
9463
9421
9365
9309
9418
9416
9227
9289
9389
9569
9584
9585
9523
9445
9440
9551
9622
9570
9508
9399
9504
9555
9365
9344
9603
9474
9509
9495
9492
9304
9322
9541
9353
9416
9263
9398
9406
9284
9470
9546
9443
9329
9293
9501
9294
9295
9282
9160
9283
9094
9052
9369
9212
9052
9121
9263
9420
9485
9572
9456
9388
9229
9332
9392
9491
9296
9266
9157
9295
9435
9393
9226
9140
9286
8145
9249
9165
9203
9426
9177
9146
9125
9077
8771
8656
8673
8357
8565
8356
8353
8579
8464
9106
9359
9606
9436
9537
9485
9505
9297
9343
9494
9491
9272
9400
9382
9393
9530
9446
9348
9199
9116
9319
9207
9340
9429
9522
9565
9322
9161
9486
9380
9367
9551
9527
9339
9419
9522
9317
9404
9327
9412
9392
9421
9354
9365
9225
9143
8908
7512
7771
7788
7764
7758
7731
7722
7715
7603
7391
7435
7523
7459
7524
7503
7643
7952
7806
7981
9545
9544
9542
9490
9610
9479
9312
9536
9482
9609
9555
9522
9558
9546
9485
9381
9317
9362
9397
9435
9438
9485
9322
9166
9190
9202
9250
9219
9369
9332
9125
9275
9280
9381
9391
9119
8979
9076
9249
9157
9354
9322
9236
9190
8876
8794
9213
8875
8836
8720
9049
9227
9294
9324
9247
9222
9197
8985
9074
9077
9401
9392
9131
9252
9243
9209
9243
9227
8824
8879
8960
8497
9265
9298
9318
9245
9110
9212
8848
9037
9076
9273
9218
9149
9153
9170
9048
9262
9292
9260
9363
9306
9303
9281
9246
9027
8714
9120
9250
9376
9428
9140
9283
9182
9264
9157
9277
9183
9162
9220
9457
9384
9341
9267
9243
9279
9248
9274
9317
9143
9160
9470
9482
9391
9040
9335
9177
8742
9040
9167
9399
9396
9019
9335
8939
9273
9469
9433
9395
9189
9454
9448
9407
9354
9353
9231
9284
9070
9121
9155
8796
8947
9124
8904
8955
9316
9241
9220
9372
9254
9090
9034
9026
8939
8788
9226
9090
9342
9231
9526
9466
9428
9401
9156
8945
9297
9470
9349
9089
9186
9284
9392
9368
9395
9343
9485
9468
9466
9322
9218
9365
9264
9143
9368
9461
9427
9369
9446
9447
9402
9225
9124
9275
9333
9232
9230
9431
9541
9385
9346
9162
9549
9461
9575
9349
9382
9514
9501
9530
9390
9153
9276
9368
9414
9415
9372
9362
9367
9352
9358
9415
9302
9434
9359
9342
9370
9476
9302
9343
9452
9412
9392
9401
9363
9327
9361
9335
9310
9366
9426
9354
9310
9305
9304
9418
9255
9398
9393
9277
9379
9398
9466
9476
9342
9448
9390
9320
9440
9371
9448
9274
9322
8982
9312
9432
9340
9336
9294
9266
9267
9118
9209
9237
9379
9380
9291
9364
9338
9433
9465
9514
9476
9466
9353
9230
9362
9264
9322
9162
9000
9245
9300
9163
9072
9209
9176
9099
9003
9147
9494
9500
9284
9124
9262
9354
9349
9439
9529
9441
9352
9453
9318
9251
9093
9178
9447
9395
9415
9299
9289
9137
9416
9405
9441
9292
9244
9197
9150
9375
9215
9185
9218
9077
9143
9159
9210
9210
9170
9260
9328
9282
9228
9223
9051
9181
9136
9217
9226
9128
9243
9179
8967
9051
9027
8849
8791
9060
9407
9396
9449
9386
9212
9251
9215
9283
9416
9451
9373
9333
9318
9082
9072
9142
9426
9444
9393
9428
9371
9254
9313
9507
9525
9396
9502
9417
9454
9333
9408
9378
9343
9325
9224
9322
9388
9279
9309
9291
9399
9453
9382
8949
8878
8972
8836
8994
8911
8718
9223
9421
9376
9417
9112
8826
9191
9228
9129
9308
9605
9521
9356
9348
9142
9415
9392
9345
9365
9420
9402
9413
9332
9419
9421
9439
9335
9438
9354
9442
9326
9292
9219
9038
9066
8908
9110
9318
9107
9027
9264
9424
9325
9365
9069
8856
9263
7728
8100
9032
8048
8949
9348
9067
7990
8779
8787
8959
9208
9190
9103
9096
8169
7943
8362
8113
8407
8964
8881
8903
9245
8811
9191
9145
9237
9297
9413
9326
9133
9416
9386
9300
8993
8922
9012
9186
9268
9255
9210
9112
9162
9368
9398
9352
9283
9236
9137
9197
9109
8555
8574
8560
9146
9473
9175
9130
9249
9398
9328
9440
9213
9137
9226
9054
9101
9165
8613
9304
9133
9348
9278
9222
9391
9335
9058
8480
8601
8651
8689
8753
8850
8976
8942
9102
9068
9012
9081
8982
9414
9418
9272
9244
9282
9019
8853
9278
9396
9006
9165
9176
9142
9056
8942
9189
9316
9284
8939
9166
8715
9231
9308
9239
9401
9384
9289
9416
9304
9222
9277
9230
9116
9257
9225
9155
9112
9049
8510
9069
8831
8720
9091
8977
8886
9042
9142
8978
8658
8889
8985
8091
9087
8543
9047
8644
8822
9127
8822
8024
9173
9175
8996
9233
9104
8432
9289
9175
8847
8897
8630
8388
9205
9232
9462
8841
9297
9265
9137
9255
9024
9330
9251
9373
8866
9176
9141
8793
9215
8872
9096
9086
9379
8999
8875
9433
9298
9107
9325
9275
9090
9227
8966
9222
9248
9013
9021
9105
9056
9084
9297
8833
9199
9037
8599
8994
9062
9259
9371
9065
9219
9485
9342
9227
8994
9047
9084
8007
7929
8026
7956
8034
8086
7661
7966
7919
8031
8997
9424
9525
9403
9451
9497
9289
9121
8781
9108
8996
8876
9463
9473
9361
9521
9528
9416
9431
9470
9415
9428
9312
9008
9290
9183
9028
9321
9326
9354
9437
9392
9099
9305
9113
9155
9236
9347
9501
9440
9352
9365
9301
9442
9413
8995
9399
9446
9483
9287
9460
9365
9218
9057
9342
9377
9295
9355
9127
8911
9194
9196
9259
9200
8861
8702
8917
8915
8890
9053
9243
9288
9038
9010
8893
9106
9061
8573
9089
9072
9367
9271
9187
8997
8626
9198
9003
9488
9456
8743
8977
9420
9439
9407
9224
8992
9440
9261
9112
9409
9304
9211
9389
9300
8993
8813
9408
8615
5790
8844
9208
8997
9149
8869
8540
9138
8776
8711
9264
9050
9128
9095
9178
8954
9386
9093
9052
8976
8862
9037
9181
9211
9182
8893
9111
9066
9365
9118
9369
9325
8204
9176
9264
9157
9160
9162
9300
9158
8656
8651
8536
8396
8551
8514
8432
8406
8514
7635
7653
7618
7677
7706
8612
9438
9434
9510
9403
9458
9437
9454
9498
9455
9296
9303
9329
9365
9337
9379
9314
9405
9212
9239
9354
9372
9205
9218
9150
9270
9289
9168
9286
9399
9218
9323
9366
9231
9382
9416
9315
9363
9405
9265
9312
9111
9261
9200
9387
9244
9462
9385
9219
9416
9267
9489
9451
9233
9165
8983
8814
8901
9041
9410
9404
9406
9197
9233
9130
8978
9155
9226
9130
9367
9286
9242
9197
9172
9359
9362
9389
9374
9019
8958
9208
9309
9371
9365
9227
9340
9371
9114
9212
9286
9280
9354
9358
9293
9275
9368
9250
9359
9325
9273
9243
9272
9202
8885
8828
8842
9179
9303
9169
9326
9497
9271
8934
8935
8288
8720
8419
9037
8975
9179
8957
9344
9427
9372
9009
8870
9261
9280
9426
9303
9464
9177
9436
9286
9270
9210
9392
9249
9390
9313
9322
9432
9388
9300
9408
9259
9371
9174
9150
8916
9115
9222
9405
9360
9326
9423
9051
9365
9496
9437
9326
9469
9402
9489
9475
9257
9460
9402
9419
9227
9322
9484
9430
9394
9148
9092
8980
8904
9352
9387
9324
9427
9406
9434
9330
9262
9236
9378
9257
9412
9419
9406
9281
9319
8857
8862
9225
7486
9319
9004
8876
9063
9334
9156
9234
9141
8916
8656
8689
8034
8215
8349
8486
8497
8444
8686
9167
8986
9150
9013
9103
9240
9123
9085
9098
9202
9063
8830
8451
8478
8312
8800
8928
8994
8883
8894
9079
9289
9115
8674
8934
9081
9102
8783
9042
8950
8993
9029
8879
8685
9065
9060
8733
8854
9046
8819
9058
8905
9098
9101
9035
9103
9149
9193
9014
8777
8867
8988
9229
9144
9104
8929
8531
8584
8542
8394
8841
9259
8934
9198
9144
9199
9047
9041
9241
9118
8997
9108
8874
8687
8675
8724
8658
9007
8898
8898
8339
9157
9205
9349
9285
9449
8928
8937
9381
9364
9301
9394
9423
9410
9337
9507
9421
9411
9124
9234
9311
9315
9324
9365
9369
9456
9474
9384
9336
9334
9358
9328
9375
9254
9451
9435
9371
9403
9286
9059
9313
9294
9393
9307
9351
9330
9291
9362
9461
9286
9362
9363
9324
9446
9354
9375
9230
9370
9207
9306
9346
9358
9189
9362
8907
9446
9588
9031
8973
9062
9085
9425
9457
9530
9443
9348
9362
9447
9397
9195
9176
9320
9364
9054
9196
9443
9390
9452
9504
9369
9221
9208
9102
9060
9291
9418
9307
9244
9400
9407
9452
9426
9142
9439
9121
9356
9298
9401
9362
9192
9226
8772
9167
9409
9440
9314
9447
9333
9394
9236
8577
8597
8620
8527
9123
9278
9185
9185
8296
8930
8679
8859
8377
8510
8648
8608
8823
9213
9056
8398
9169
9182
9180
9320
9255
9136
9094
8562
8273
8357
9180
9166
9390
9441
9420
9426
9418
9241
9243
9200
9482
9426
9491
9519
9468
9351
9512
9525
9509
9285
9299
9510
9489
9315
9281
9357
9373
9484
9407
9458
9284
9315
9233
9360
8735
9187
9174
9222
8862
9169
9306
9296
9170
9222
9071
9237
9176
9037
9033
9027
8865
8874
9441
9440
9303
9187
9101
9191
9363
9185
9085
9443
9437
9246
9350
9034
9346
9137
9044
9076
8797
8646
8607
8538
8645
8547
9282
9500
9392
9466
9285
9034
9265
8797
8920
9182
9258
9478
9509
9382
9414
9288
9282
9448
9098
9345
9466
9408
9354
9335
9223
9227
9493
9447
9415
9482
9323
9400
9485
9355
9113
9325
9238
9012
8914
9030
9367
9420
9122
8918
9229
9186
9024
9169
9375
9339
8736
9052
9279
9400
9321
9218
9072
9087
8760
8480
8331
8933
9136
9073
9332
9382
9056
9343
9216
9335
9225
9383
9332
9343
8948
9099
9179
9343
8994
9287
9400
9202
9132
9308
9198
9361
9241
9376
9392
9391
9410
9504
9501
9406
9272
9506
9512
9503
9505
9513
9529
9571
9569
9484
9409
9378
9390
9486
9463
9371
9251
9119
9077
8953
9157
9098
9086
9416
9510
9460
9368
9463
9562
9319
9144
8773
9458
9425
9450
9509
9256
9043
9234
9279
9432
9423
9391
9041
8840
9144
9012
9440
9413
9450
9385
9243
9414
9283
9153
9171
9144
9137
9138
9178
9249
9120
9065
8954
9150
9144
9243
9400
9404
9348
9450
9118
9349
9050
8707
9308
9523
9443
9353
9400
9329
9278
9135
9346
9221
9318
9198
9468
9338
9440
9372
9251
9316
9314
9316
9141
9010
8493
8536
8953
9422
9484
9484
9266
9200
9099
9206
9198
9163
8938
9366
9380
9481
9352
9264
9194
9293
9395
9424
9295
9294
9210
9328
9378
9415
9421
9256
9453
9327
9273
9255
8969
8895
8995
8546
9184
9098
8629
9157
9032
9245
9357
9266
9103
9241
9334
9278
9457
9466
9515
8690
9148
9139
9435
9461
9402
9420
9448
9472
9352
9309
9230
9087
9086
9056
9353
9319
9236
9465
9272
9089
9165
9186
9383
9458
9159
9150
9439
9243
9307
9345
9093
9125
9157
9447
9335
9294
9271
9214
9191
9074
9328
9401
8880
9146
9156
9114
9285
9317
9363
9346
9343
8976
9384
9300
9343
9334
9237
9407
9348
9291
9325
9126
9268
9126
9256
9222
9299
9213
9139
9376
9120
9301
9400
8925
9215
9348
9284
9109
9429
9339
8945
9128
9166
9279
9240
9256
8953
9025
9199
9364
9155
9294
9227
9055
9195
9136
9091
8871
9226
9440
9343
9433
9356
9328
9243
9168
9060
9467
9522
9417
9540
9403
9509
9452
9044
9082
9134
9383
9447
9505
9506
9282
9319
9198
9413
9358
9235
9392
9364
9293
9224
9086
9197
9264
9162
9179
9096
9184
9228
9092
9111
9364
9309
9258
9327
9421
9484
9375
9317
9455
9250
9044
9384
9408
9410
9450
9481
9471
9498
9476
9431
9220
9203
9168
9312
9457
9423
9515
9451
9386
9077
9156
9217
9090
9119
9386
9017
9230
9307
9334
9157
9059
9220
9331
9295
9298
9260
9286
9192
9271
9050
9275
9270
9054
9071
9147
9170
9451
9280
9288
9268
9252
9139
9316
9252
9408
9147
9176
9472
9097
9302
9200
9203
9242
9075
9356
9228
8539
8749
8704
8973
8983
9163
9270
9304
9327
9109
9163
8997
8988
9102
9267
9074
8561
9001
9109
9048
9195
9094
9227
9331
9316
9010
8744
8717
8791
8955
8825
9309
9124
9117
9191
9341
9043
9238
8997
9156
9043
9203
9212
9029
9076
8906
9111
8938
8918
8803
8662
9096
9344
9069
9138
9301
9068
9161
9247
9175
8943
9168
9247
8918
9090
9223
8968
9201
9066
8899
8677
8693
8971
9054
8998
9026
9302
9129
9091
9363
9292
9316
9378
9077
8370
9012
9213
8987
9158
9343
9243
9263
9334
9172
8926
9010
9236
9383
9168
9213
9241
9167
9223
8936
8976
8956
9217
9210
9182
9030
9120
8978
9289
9320
9125
9348
9312
9413
9229
8754
9315
9291
9208
9525
9172
9264
9099
8867
9066
9182
9270
9333
9371
9446
9298
9362
9354
9351
9289
9344
8930
9176
9199
9348
9186
9235
9438
9311
9157
9158
9088
9043
9020
9081
9072
8897
9182
9305
9320
9421
9435
9467
9478
9438
9397
9330
9371
9189
9446
9302
9343
9386
9448
9429
9354
9400
9230
9141
9183
9271
9056
8858
8910
9058
9188
8988
9224
9114
8780
8664
8705
9346
9551
9465
9479
9408
9133
9272
9270
9350
9235
9436
9505
9382
9479
9364
9431
9417
9491
9414
9343
9402
9307
9316
9274
9457
9436
9249
9317
9359
9434
9311
9218
9309
9294
9381
9237
9434
9443
9494
9413
9410
9435
9431
9396
9306
9191
9089
9079
8268
7968
8204
8261
8245
8309
8169
8058
9332
9356
9445
9451
9313
9492
9386
9490
9043
8915
8922
9352
9354
9216
9078
9276
9296
9464
9274
9162
9173
9087
9293
9324
9293
9320
9189
9315
9173
9036
9230
9228
9111
9443
9456
9308
9295
9155
9275
9274
9239
9311
9281
9397
9473
9402
9279
9481
9386
9238
9364
9240
9390
9316
9446
9380
9163
9159
9311
9151
9026
8858
9055
9185
9336
9388
9456
9417
9323
9317
9359
9173
9327
9364
9315
9318
9477
9286
9461
9373
9358
9373
9427
9067
9022
9275
9385
9360
9139
8987
9215
9213
8929
8541
8809
8550
8543
8701
9376
9339
9312
9321
9184
9302
9227
9184
9265
9079
9225
8789
9353
9385
9421
9360
9360
9241
9284
9348
9265
9196
9318
9268
9174
9285
9350
9117
8949
8657
9144
9205
9012
9115
9432
9375
9164
9270
9286
9515
9367
8669
8892
7875
7788
8127
8197
7600
8836
8370
9021
8094
9100
7612
9214
9267
9430
9365
9413
9320
8882
9143
9384
9194
9180
8495
9215
9378
9155
8799
8386
8660
8912
8311
9032
9051
9241
8379
8923
8943
9114
9115
9129
9235
9003
9214
9243
9478
9277
9031
8728
8503
9007
8774
8318
8696
8751
9199
9545
9150
9443
9110
8905
9266
9107
9029
9068
9303
9078
9145
9111
9087
9136
9174
9061
8993
9002
9123
9261
9101
9383
9462
9437
9387
9124
9048
8854
9325
9288
8966
9032
9426
9165
9192
9048
9041
8745
8677
9045
9154
9144
8792
9040
9135
8899
8721
8219
8261
8447
8749
8580
8704
9077
8688
8898
8716
9007
8560
8885
9195
9306
9045
9122
9129
9244
9200
9207
9205
9250
9259
9173
8752
8866
9302
8784
8975
9251
9161
9030
9084
9110
9105
8860
9130
9197
9193
9238
9352
9136
9307
9319
9343
9173
9168
9042
9027
8813
8941
8976
8960
9113
9029
9101
9211
9116
9088
9346
9343
9421
9178
9319
9324
9232
9417
9285
9271
9163
9234
9422
9405
9246
9213
8868
9152
9328
9291
9267
9450
9231
9266
9350
9376
9342
9291
9339
9219
9149
9240
9269
8903
9160
9229
9407
9428
9356
9135
9215
9420
9324
9351
9402
8824
8852
8881
8752
9141
9191
9413
9278
9332
9330
9406
9384
9307
9117
9338
9084
9135
9434
9245
9424
9460
9368
9457
9476
8974
8986
9243
9546
9395
9204
9401
9404
9513
9276
9480
9494
9408
9147
9322
9450
9472
9353
9184
9434
9321
9262
8729
8744
8858
8854
9018
8943
8880
8988
8596
9223
9408
9249
9454
9431
9432
9359
9377
9142
9408
9510
9264
9446
9197
9381
9277
9279
9384
9304
9156
9141
8973
9299
9376
9046
9205
9391
9328
9280
8998
9178
9150
8485
8851
9228
8662
9275
9293
9125
9131
8679
8529
8445
8465
8453
8391
8418
8462
8374
8518
8421
8415
8671
8897
9345
9429
9460
9434
9444
8849
8855
9369
9388
9145
9288
9276
8965
9219
8865
9000
9110
9170
9211
9409
9373
9272
9419
9010
9012
8988
9008
8998
9099
9227
9219
9322
9045
8977
8692
8752
8833
9029
9320
9302
9316
9078
9062
9227
9314
9359
9406
9165
9306
9328
9148
9387
9411
9430
9095
9359
9389
9155
9313
9260
9272
9358
9287
9418
9353
9396
9381
9309
9310
9346
9304
9450
9489
9506
9482
9273
9348
9335
9361
9345
9245
9421
9428
9301
9210
9413
9390
9445
9307
9290
9351
9132
9106
8762
8749
8568
8742
9035
9334
9211
9239
9289
9370
9498
9494
9384
9385
9466
9566
9521
9422
9365
9445
9389
9450
9481
9420
9416
9312
9353
9485
9270
9232
9502
9551
9583
9412
9530
9516
9351
9475
9337
9143
9090
8790
8977
9557
9632
9457
9563
9486
9420
9502
9423
9260
9232
9218
9414
9455
9595
9528
9495
9559
9564
9427
9398
9563
9271
9401
9136
9489
9563
9436
9449
9649
9631
9346
9326
9556
9580
9642
9572
9631
9493
9307
9366
9425
9324
8765
8116
8145
8039
7940
7981
7924
7879
7957
7948
7954
9585
9601
9714
9632
9686
9618
9526
9512
9564
9658
9477
9062
9533
9313
9255
9576
9267
9326
9457
9304
9398
9436
9358
9469
9374
9550
9431
9485
9387
9284
9458
9344
9328
9180
9284
9379
9319
9387
9358
9134
9330
9335
9133
9050
9318
9084
9229
9003
9363
8899
8901
9113
9247
9098
9204
9086
8802
8862
8414
8527
8795
8967
9079
9118
9166
8948
8689
9416
9361
9108
9108
9163
9271
9260
9108
9151
9374
9210
9274
9352
9071
8907
9086
8869
8078
8301
8289
8552
8821
8778
8834
9266
9279
9301
9424
9369
9056
9156
9135
9173
9167
9414
9299
9203
9401
9277
9324
9309
9076
9082
9123
9326
9418
9301
9408
9378
9342
9419
9422
9310
9173
9374
9362
9004
9301
9136
9134
9330
9167
9294
9200
8929
9255
9227
9318
9381
9361
9337
9230
9191
8991
9121
9166
9180
9288
9359
9502
9396
9178
9091
8978
8902
8972
9299
9316
9284
9434
9428
9471
9481
9371
9497
9376
9339
9095
8851
9225
9195
9284
9570
9482
9409
9547
9369
9374
9393
9415
9435
9521
9535
9311
9145
9407
9374
9454
9432
9337
9358
9483
9489
9426
9174
9406
9530
9320
9386
9375
9307
9370
9410
9469
9367
8528
8924
9138
9251
9289
9257
9438
9412
9299
9277
9207
9086
9150
8683
8722
8880
9109
9076
9110
9131
9205
9512
9565
9533
9456
9433
9288
9069
8558
8640
8610
8531
9465
9524
9273
9362
9217
9178
9410
9475
9491
9533
9395
9425
9405
9396
8873
8937
8915
8885
9173
9346
9341
9376
9268
9051
9205
9199
9118
9454
9522
9500
9388
9449
9326
9528
9380
9435
9366
9413
9358
9433
9301
9266
9529
9566
9414
9332
9462
9229
9532
9192
9138
9049
9357
9129
9456
9352
9289
9204
9134
9083
9226
9208
9317
9315
9255
9139
9425
9562
9407
9193
9221
9394
9395
9227
9320
9410
9390
9265
9420
9401
9146
8902
9215
9403
9359
9345
9413
9362
9312
9388
9260
9278
9245
9308
9235
9177
9263
9225
9202
9387
9316
9344
9330
9354
9360
9254
9006
9164
9217
9223
9404
9356
9312
9082
9076
9274
9192
9295
9349
9342
9209
9176
9155
9135
9118
9045
8810
8982
9095
9114
9119
8950
9151
9124
8919
8994
9048
9134
8948
9390
9442
9386
9388
9357
9236
9449
9427
9383
8752
8627
8575
8607
8495
8597
8866
8712
9004
9450
9432
9098
9469
9504
9456
9531
8878
8804
8840
8902
9248
9269
9417
9282
9313
9081
9468
9372
8897
9111
9214
9115
8673
8619
8194
8196
8233
8082
8495
8592
8843
8646
8645
8821
8832
8918
8908
9425
9356
9555
9593
9280
9534
9357
9408
9500
9442
9536
9519
9457
9434
9389
9132
9348
9267
9459
9321
9058
9320
9414
9373
9380
9182
9353
9344
9473
9589
9532
9417
9294
9516
9307
9391
9452
9432
9311
9460
9557
9524
9555
9462
9297
9536
9333
9309
9372
9465
9581
9520
9416
9479
9143
8893
9356
9386
9337
9355
9480
9361
9323
9424
9495
9335
9539
9383
9471
9405
9358
9493
9486
9208
9424
9308
9202
9280
9425
9470
9389
9403
9276
9468
9230
9200
8893
9058
9066
9124
9305
9268
9027
8542
8790
8892
9135
9275
9343
9337
9295
9202
9150
9232
9245
9198
9142
9349
9100
9251
9198
8910
9096
9102
9159
9348
9349
9238
9292
9294
9290
9143
8941
9449
9396
9449
9245
9303
9355
9340
9374
9389
9237
9345
9413
8699
8828
8760
8827
8881
8636
8864
9263
9213
9362
9284
9331
8875
9133
9383
9383
9414
9450
9448
9510
9439
9319
9422
9445
9418
9439
9454
9149
9369
9393
9345
9235
9136
9077
8973
8918
9199
9443
9311
9174
9277
9102
9109
9363
9017
9391
9384
9253
9316
9318
9342
9373
9157
8975
9181
9136
9327
9317
9162
9276
9169
9325
8957
9346
9218
9183
9165
9256
8895
8589
9012
9045
9227
9315
9234
9262
9271
9084
9315
9064
9086
9189
9324
9336
9428
9344
9224
9174
9174
9354
9259
9253
9301
9391
9301
9353
9427
9103
8382
8908
9010
9421
9417
9156
9176
8796
9062
8991
9004
8927
8933
8722
8667
8568
8242
9142
9182
9124
9265
9103
9041
9239
9100
9283
9401
9181
9186
9093
9245
8972
9375
9448
9286
9365
9296
9073
9218
9134
9072
9368
9387
9392
9445
9334
9235
9146
9172
9350
9376
9377
9353
9257
9192
9049
9116
9032
8854
8783
8739
8664
9367
9391
9163
9435
9329
9410
9466
9312
9355
9534
9400
8933
9490
9514
9508
9418
9379
9295
9217
9301
9325
9469
9415
9029
8667
8522
8563
8473
8605
9112
8989
9135
8985
9080
9144
9229
9216
9251
9162
8538
8977
9125
9351
9276
9227
9087
9026
9274
9281
9363
9153
9148
8987
9114
9325
9403
9418
9314
9020
9138
9375
9265
8887
8771
8673
8619
8568
8554
9068
9105
8963
8935
9397
9284
9250
9133
9414
9124
9293
9037
9378
9090
9500
9369
9382
9278
9250
9317
9324
8934
9275
9352
9373
9314
9453
9242
9253
9307
9221
9296
9355
9164
9111
9188
9314
9269
9380
9298
9308
9341
9194
9281
9221
8440
8991
9139
9106
8805
8753
9051
8974
9160
9274
9072
8557
8812
8713
8610
8979
9428
9507
9487
9350
9252
9305
9387
9439
9321
9454
9407
9335
9431
9298
9260
9170
9340
9219
9183
9326
9493
9500
9342
9185
9229
9272
9333
9223
9314
9265
9385
9256
9290
9276
9246
8805
9147
9131
9288
9384
9174
9191
9130
9396
9230
9227
9183
9246
9309
9157
8815
9119
8919
9043
9464
9203
8910
8896
9104
8971
7785
7774
7734
7673
7719
7721
7829
7779
8149
8131
8305
8197
8381
8755
8668
8853
8860
8698
9076
9033
8989
9189
9409
9398
9547
9518
9544
9472
9128
8982
9088
9099
9130
8950
9086
8621
8996
9087
9143
8808
9050
8988
8942
8835
8860
8771
8384
8092
8024
6047
6075
6096
6008
5931
5919
5905
5942
5925
5918
6046
6028
6057
6011
6104
6079
9393
9034
9300
9414
9376
9391
9329
9378
9368
9352
9235
9054
9207
9221
8847
8963
9144
9229
9162
8884
8988
8989
9013
8625
9202
9148
9481
9409
9302
9446
9177
9429
9027
9257
9441
9426
9353
9403
9217
8895
9231
9162
9271
9065
9006
9087
9097
9034
9149
9098
9246
9485
9382
9391
9398
9493
9306
9286
9382
9478
9409
9299
9338
9435
9399
9371
9296
9302
9109
8994
9132
9113
9008
9072
9332
9250
9078
9324
9345
9167
9118
9169
9360
9408
9274
9340
9376
9333
9305
9192
9022
9254
9383
9010
9147
8923
8833
8959
9193
9213
9213
9209
9205
9202
9320
9000
9266
9186
9451
9126
9125
9250
9404
9207
9262
9183
9208
9182
9263
9139
9179
9096
8966
9199
8984
9178
9269
9255
8974
9056
9201
9199
9233
9113
9270
9098
9217
9052
9281
9140
9215
9303
9310
9110
8812
9369
9503
9299
8905
8703
8772
8821
8868
8765
9318
9301
9287
9287
9515
9496
9406
9215
9336
9353
9145
9457
9394
9383
9592
9480
9377
9130
9175
9039
9183
9284
9406
9471
9431
9560
9339
9505
9471
9451
9446
9474
9417
9403
9469
9284
9412
9318
9182
8812
8914
9333
8925
8884
9132
9240
9522
9365
9413
9404
9196
9443
9188
8966
9308
9341
9279
9385
9515
9469
9359
9440
9403
9355
9288
9366
9338
8820
9076
8987
8440
8699
8742
8365
8713
8872
8750
9647
9607
9394
9536
9526
9207
9519
9239
8816
9318
9257
9043
9439
9227
8977
9084
9117
8853
8942
9050
9118
9076
9092
9274
8978
9223
9229
9078
9261
9148
9138
9324
9233
9344
9442
9135
9016
9206
9150
9171
9154
9100
8931
9181
9060
9172
8984
9189
9319
9219
9116
8877
8869
9143
8839
9107
9049
9203
9369
8785
9123
9173
9266
9200
9216
9162
9178
9082
8988
9103
9213
9322
9081
9176
9313
9292
9274
8924
9185
9194
8872
9120
8968
8599
8236
9011
9062
8928
9178
9236
9211
9200
9146
8949
9118
8891
8733
9117
9214
9016
9004
8994
9248
9107
8839
9094
9264
8864
9237
9292
9221
9112
9164
8898
8907
9077
9158
9198
9306
9258
9140
9233
9085
9104
9415
9247
9424
9410
9090
9281
9417
9232
8988
9121
9388
9125
8911
9077
9217
9301
9139
9207
9024
8974
9124
9351
9312
9243
9377
9121
9346
9191
9210
9353
9341
9283
9244
9417
9372
9295
9289
9098
9195
9305
9225
9145
9076
8945
8530
9204
9054
8981
8986
8995
9198
9282
9166
8967
9229
9340
9402
9238
9383
9269
9182
9237
9240
9198
9322
9084
8997
9406
9039
9010
9406
9220
9220
9081
8797
8998
9342
9487
9449
9426
9299
9408
9236
9296
9222
9301
9427
9503
9195
9330
9411
9331
9564
9565
9343
9124
9485
9442
9314
9492
9178
9360
9396
9449
9402
9073
9136
9062
8576
9271
9507
9533
9573
9223
9443
9355
9397
9480
9455
9411
9352
9377
9187
9477
9240
9524
9419
9438
9201
9553
9515
9461
9347
9286
9519
9459
9527
9169
9101
8873
9213
9274
9234
9154
9418
9374
9445
9320
9444
9452
9426
9347
9477
9447
9348
9502
9532
9524
9400
9467
9465
9406
9530
9380
9399
9491
9516
9452
9186
8878
8997
9260
9298
9386
9364
9198
9013
9330
9348
9366
9285
9467
9393
9428
9435
9367
9342
8821
8863
8925
8338
9407
7372
8732
9191
8095
7091
8732
8466
8068
8628
8958
8916
9154
9139
9290
8980
9392
9330
9322
9148
9328
9194
9217
9072
9398
9177
8823
9108
9109
8995
9145
8989
9199
8830
9075
9148
8889
9204
9332
9286
9210
9000
8640
8719
8673
8847
8880
9340
9273
9078
8953
9151
8871
8705
8756
8860
8761
9311
9318
9088
9240
9408
9011
9335
9231
9422
9371
9358
9360
9237
9260
9346
9357
9399
9201
9148
9120
9007
9344
9433
9418
9452
9390
9434
9279
9334
9202
9040
9130
9208
9485
9466
9460
9210
9441
9515
9517
9343
9137
9089
9288
9343
9307
9154
9235
9332
9310
9277
9102
9162
9393
9278
9442
9201
9215
9502
9490
9306
9364
9458
9278
9456
9284
9443
9521
9542
9348
9460
9366
9265
9356
9340
9227
9116
8847
9303
9428
9392
9466
9518
9310
9385
9436
9393
9417
9209
9064
9126
9236
9287
9297
9355
9523
9421
9198
9263
9135
9333
9138
9245
9331
9307
9211
8919
8956
8777
9066
8989
9039
9116
9445
9437
9330
9293
9172
9331
9410
9125
9106
9323
9170
9027
9022
9386
9338
9426
9364
9015
9413
9308
9252
9380
9285
9403
9216
9225
9256
9059
9133
8834
8789
9085
9103
9193
9222
8955
9059
8536
9158
9210
9158
9366
9469
9358
9379
9334
9410
9427
9181
9357
9285
9364
8917
9487
9531
9417
9367
9192
9144
9315
9312
9587
9497
9523
9446
9512
9557
9375
9253
9355
9451
9547
9573
9533
9514
9533
9563
9569
9458
9266
9514
9487
9536
9409
9270
9171
9343
9473
9379
9176
9456
9424
9224
9405
9304
9538
9495
9422
9601
9571
9601
9386
9504
9339
9417
9317
9474
9449
9531
9453
9405
9137
9438
9457
9347
9319
9371
9224
9093
9174
9122
9262
9484
9298
9489
9164
9187
9224
9292
9166
9335
9262
9123
9256
9502
9375
9182
9386
9371
9256
9325
9244
9370
9435
8753
8777
8925
8895
9248
9469
9308
9502
9445
9296
8948
9372
9384
9459
9374
9313
9305
9115
8570
8670
8705
8682
9161
9246
9313
9363
9252
9224
9453
9292
9351
9356
9313
9403
9157
9048
8797
8820
8907
8999
8936
8485
7982
8029
8006
8054
8273
8237
8488
8892
8791
8657
8837
8923
8957
8845
9107
8996
8841
9033
9246
9421
9364
9037
9199
9245
9252
9287
9335
9244
9342
9384
9381
9475
9384
9379
9209
9377
9374
9166
9221
9434
9444
9287
9279
9133
9283
9438
9330
9343
9304
9335
9118
8974
9218
9214
9113
9307
9257
9160
9321
9412
9304
9297
9272
9368
9400
9264
9253
9262
9330
9301
9478
9427
9153
9461
9401
9209
9067
9257
8945
9138
9264
9370
9351
9127
9015
9163
9318
9342
9266
9321
9267
9190
9356
9363
9201
9264
9138
9297
9314
9211
9168
9035
9054
9096
9239
9439
9159
9203
9136
8959
9164
8877
9306
9252
9410
9252
9325
9273
9348
9303
9000
9199
9458
9291
9385
9177
9244
9094
9068
9346
9088
9328
9340
9400
9332
9023
8828
9160
9098
9168
8991
8882
9045
8753
8812
9174
9191
9297
9204
9174
8914
9178
9136
9271
9049
9128
9113
9232
9161
9110
9027
9175
9001
9010
9123
8725
8869
8732
8448
8142
8853
9056
8869
8767
8634
8750
8256
8670
8449
8742
8851
8921
8861
8901
9150
8660
8671
8787
8828
9076
8830
8885
8916
9100
9091
8929
8641
8782
8723
8796
8831
8824
8792
8866
8880
9021
9214
9165
9135
9185
9123
9206
9217
9352
9127
9104
9044
9261
8739
9085
9144
9150
8986
8930
8713
8756
9067
9101
8834
8975
8673
8638
8592
8505
7438
7439
7274
7415
7548
7418
7429
7334
7372
7576
7702
7925
7886
8106
9407
9186
8790
8969
9424
9283
9448
9335
9423
9377
9339
9244
9069
8704
8892
9292
9148
9150
9343
9305
9316
9317
9388
9377
9195
9078
9378
9257
9198
9328
9414
9288
9248
9315
9367
9422
9191
9048
8927
9279
9376
9311
9440
9380
9125
9085
9101
9203
9439
9438
9422
9441
9272
9146
9180
8879
9301
9387
9173
9366
9047
8978
9104
9361
9478
9423
9148
9279
9306
9111
9279
9468
8987
8918
9012
9364
9175
9211
9288
9201
9310
9389
9284
9110
9134
9323
9435
9494
9322
8976
9140
9107
8475
8741
9160
8731
9138
9151
9266
9429
9160
9252
9196
8908
9132
9422
9346
9174
9185
9138
9429
9499
9485
9491
9394
9291
9332
9567
9528
9272
9454
9246
9145
9449
9531
9424
9190
9257
9133
8796
8427
8753
8851
8655
8684
8782
8706
9193
9496
9560
9474
9500
9036
9030
9260
9047
9215
8796
8762
8623
8819
8767
8753
8706
8734
8807
9554
9546
9241
9377
9443
9512
9445
8885
9006
9206
9232
9534
9485
9405
9269
9224
9351
9362
9190
9279
9199
9290
9455
9247
9343
9300
9172
9095
9125
9109
9332
9425
9421
9347
9326
9289
8747
8083
8153
8236
8343
8494
8436
8133
8681
8739
8868
8761
9255
9357
9404
9345
9113
9388
9207
9119
9326
9372
9288
9133
9343
9297
9129
9373
9458
9261
9438
9302
9380
9258
9224
9286
9330
9151
9115
9265
9379
9352
9405
9471
9463
9428
9357
9091
9202
9004
9098
9281
9288
8568
9320
9253
9258
9372
9371
9257
9322
9357
9237
8990
8979
8922
9071
8877
9227
9157
9193
9127
9177
9141
9011
9328
9498
9350
9220
8934
9319
9069
8956
9199
9196
9135
9281
9090
9028
8696
9414
9238
9519
9270
8999
8959
9212
9148
9104
9294
9313
9452
9361
9476
9384
9343
9249
9015
9070
9242
9285
9189
9141
9209
9304
9414
9442
9442
9500
9497
9421
9416
8830
9355
9431
9207
9338
9457
9455
9454
9372
9376
9330
9305
9194
9432
9442
9400
9042
9403
9447
9456
9516
9471
9417
9280
9321
9348
9434
9394
9460
9476
9421
9513
9250
9362
8844
8816
8639
8318
8334
8336
8299
8242
9070
9142
9421
9367
9419
9227
9331
9337
9398
9309
9245
9285
9245
9059
8968
9130
9143
9322
9307
9302
9185
9307
9376
9356
9257
9251
9333
9445
9443
9381
9476
9386
9380
9435
9248
9124
9388
9379
9378
9177
9351
9410
9321
9237
9175
9200
9270
9209
9299
9278
9276
9269
9272
9297
9345
9417
9355
9138
8990
9112
9370
9339
9283
9352
9371
9297
9390
9177
9300
9263
9257
9222
9405
9227
9191
9203
9061
9187
9012
9363
9316
9173
9109
9205
9102
9043
9158
9234
9205
9109
9384
9281
9368
9254
9276
9080
9170
9233
9236
9052
8915
9185
9019
9136
9110
8807
9050
9188
8902
8740
8966
9020
9055
9160
9154
9158
8935
8925
8993
9248
8996
8858
9128
8994
8657
8852
8907
8566
9025
9053
8517
8984
8777
8786
8961
9029
9278
9219
9060
8609
9194
9079
9050
8806
8724
8590
9149
9288
9294
9256
9069
9037
9016
8781
9085
8939
8653
8702
8911
9107
9096
9252
8927
9025
8949
9022
9251
9223
8868
8899
9221
9015
8935
8859
8655
8983
9108
8881
9371
9239
9307
9138
8884
9388
9206
9229
9051
9045
9169
9160
9093
9172
9171
9123
8562
9178
9013
9048
8238
7810
7845
7712
7625
7916
7946
7636
9194
8920
9357
9211
9287
9397
8707
9247
9424
9311
9259
9069
9155
9318
9159
8904
9257
8929
9301
9173
9274
9204
9107
8818
9135
9134
9166
9369
9309
8627
8684
8544
9305
9327
9447
9411
9190
9266
9244
8962
9007
9080
9097
8882
8979
9005
9102
9290
9274
9285
9349
9371
9340
9220
9021
9110
9230
9331
9271
9289
9151
9333
9102
8937
9333
9023
8849
9057
9165
9263
9342
9097
9358
9159
8945
8661
8781
8534
8774
8344
8463
9175
9237
9122
9166
9084
9089
8987
8950
8861
8849
8666
8969
9146
8910
9098
9149
8802
8818
8754
8370
8640
8489
8426
8572
8581
8259
8410
8392
8554
9094
9062
8965
9380
9405
9293
9128
9008
8932
9328
9191
8975
9145
8978
9024
9282
9079
9059
9205
9090
9165
9206
8971
9108
9056
8764
8882
8961
8823
9321
9354
9118
8837
9230
9475
9167
8688
8926
8966
8744
9324
8806
9356
8980
9213
9233
9297
8843
9078
9292
9251
9116
9152
9322
9127
9173
9029
9114
9183
9210
8866
9055
8977
8998
9186
9307
9154
9313
9258
9363
9232
9055
8957
9297
9226
8910
9283
8466
9140
9241
9273
9226
9032
8884
8699
8823
8833
8966
9039
8900
8640
8880
9143
9131
9104
8598
8781
8863
9113
9119
9284
8526
8697
8968
8823
8928
8727
8820
9251
9212
9161
9101
9038
9104
8979
9155
9077
8813
9126
8873
9095
9231
8519
9002
9221
9127
9193
9258
9022
8786
9006
9019
8997
8806
8664
8582
8516
8803
9129
8832
9019
8988
9006
9001
8860
8700
9020
9243
9179
9355
9389
9197
9210
9375
9267
9086
9337
9301
9267
9336
9286
9010
9129
9423
9332
9347
9359
9327
9075
9372
9404
9371
9427
9379
9226
9220
9375
9400
9301
9068
9154
8994
8922
9146
9312
9463
9175
9189
9132
9318
9353
9171
9395
9429
9217
9262
9142
9284
9232
9401
9131
9228
9420
9039
9102
8949
8584
9190
8979
9343
9242
9193
9007
9016
9082
9214
9358
9067
8897
8966
9036
9155
9358
9093
9181
9486
9497
9406
9126
9335
9392
9459
9399
9344
8932
9169
9009
9214
9270
9180
9120
8935
8841
8752
8585
8583
8419
9281
9241
9333
9358
9234
9183
9122
9083
8911
9058
9240
9189
9247
9133
9079
9427
9178
9317
9337
9277
9362
9233
9132
9074
9103
9040
9183
9152
9320
9294
9311
9240
9091
8962
8941
9276
9070
9151
9225
9071
9285
9156
9159
9046
9181
9146
9077
8920
8383
8458
8457
8574
8782
9324
9315
9105
8769
8959
8876
9150
9025
9003
8626
8873
9027
9049
8971
8865
9158
9260
9243
8987
9169
8958
9203
9231
8568
9076
8972
9009
9158
8871
9129
8841
9029
8649
8644
8643
8937
8842
8838
8933
8808
8981
8943
9034
9113
9064
8991
9019
9228
9122
9232
9209
8795
8919
8944
9117
8833
9005
8936
8596
8416
7923
8796
8249
9104
7874
8261
8394
7101
5392
5518
6079
6469
6740
7253
7373
7137
6010
6474
1798
8149
7998
8280
8320
8319
8470
8580
8632
6359
6918
6136
7941
8504
8832
8738
9131
7108
9006
7423
8227
7824
8486
8858
8296
8873
9042
9207
9104
7243
8398
8381
9013
7631
9030
8229
9160
7977
8837
9339
8076
9156
8834
9176
9227
8051
8655
8511
8996
8313
9310
8812
8940
8504
8925
9232
8896
9093
8063
9169
9173
9314
8575
9268
8722
8654
9077
8630
8846
8658
9506
8916
9069
9177
9287
9000
9169
9159
9282
9021
9253
9122
9275
9378
9147
9283
9328
9112
9017
8125
7715
7863
7970
7986
7886
7755
7827
7747
7759
7675
7548
7719
8158
9429
9499
9594
9464
9541
9540
9445
9597
9488
9463
9293
8935
8943
9139
9242
9370
8982
9297
9374
9460
9484
9230
9339
9469
9399
9406
9391
9271
9242
9290
9289
9105
9268
9288
9284
9227
8945
9192
9042
9030
8868
8788
8767
8434
8623
8694
9017
8980
8974
8971
8912
9063
9142
9315
9411
9316
9312
9203
9052
9068
8887
9226
9213
9166
8814
9288
9428
9269
9405
9195
9365
9389
9367
9255
9199
9204
9374
9396
9336
9146
9271
9029
9256
9375
9381
9253
9202
9297
9318
9309
9291
9212
9171
9067
9221
9236
9304
9332
9382
9343
9393
9259
9064
9326
9293
9215
9370
9377
9171
9308
9161
8692
8907
8802
8459
7924
8055
8063
8623
8718
8803
9455
9535
9470
9498
9447
9344
9206
9217
9418
9463
9316
9398
9389
9414
9463
8518
9370
9445
9387
9386
9429
9544
9556
9514
9463
9061
9004
9059
9462
9583
9585
9589
9510
9705
9613
9601
9630
9636
9593
9563
9535
9519
9558
9445
9455
9373
9372
9191
9128
9294
9275
9520
9451
9503
9621
9519
9389
9405
9469
9496
9207
9468
9397
9422
9334
9210
9436
9387
9211
9321
9299
9414
9405
9201
9265
9106
9302
9242
9341
9249
8946
9215
9323
9293
9330
9366
9424
9232
9186
9230
9369
9539
9449
9382
9337
9448
9408
9363
9352
9451
9442
9392
9273
9278
9258
9179
9231
9193
9174
9282
9173
9384
9396
9334
9318
9342
9331
9247
8953
8450
9070
8966
8811
8665
6709
6695
6695
6659
6641
6573
6664
6969
6815
6991
6979
6805
6872
7214
7327
7383
7278
7289
9365
9317
9213
9274
9375
9394
9417
9278
8942
9404
9352
9432
9336
9396
9442
9155
9273
9064
9126
9000
9256
9207
9143
9153
9202
9246
9029
9075
9031
9046
9260
9303
9320
9272
9330
9132
9033
8934
9103
9328
9353
9417
9328
9231
9400
9469
9291
9402
9247
9230
9327
9384
9357
9110
9320
9184
9335
9229
9383
9454
9313
9425
9317
9399
9304
9337
9297
9353
9346
9276
9194
9266
9272
9069
9103
9375
8934
9284
9158
8599
7472
7481
7431
7734
7778
7757
9090
9552
9502
9354
9425
9058
9397
9462
9500
9471
9365
9412
9278
9215
9433
9330
9312
9371
9315
9332
8960
9214
9511
9343
9349
9411
9347
9301
9250
9295
9390
9582
9506
9356
9232
9220
9395
9036
9321
8910
9211
9248
9241
9007
9169
8902
9046
8840
8893
8890
8858
8878
8827
8757
8304
8294
8282
8407
8571
8552
8591
8644
8487
8344
8512
8853
8722
8897
8912
9309
9238
9256
9458
9492
9433
9289
9406
9358
9173
9384
9287
9382
9143
9082
9042
9431
9321
8988
9230
9218
9240
9239
9311
9208
9436
9229
9115
9407
8962
9207
9133
9171
9432
9527
9522
9544
9433
9492
9516
9292
9430
9075
9248
9357
9212
9403
9282
9239
9226
9363
9340
9214
9250
9256
9312
9220
9374
9295
9229
1406
1239
915
661
9
17
454
7784
7774
9297
9317
9536
9598
9543
9467
9459
9529
9320
9309
9242
9133
8641
8539
8749
9041
9098
9154
9271
9353
9272
9444
9252
9453
9296
9197
9307
9334
9260
9432
9388
9357
9382
9202
9389
9507
9495
9530
9482
9515
9238
9344
9353
9322
9310
9463
9314
9427
9330
9071
9463
9278
9386
8700
8797
9192
9024
8975
8948
8933
9053
9389
9252
9236
9276
9203
9226
8836
9105
9328
9041
9087
9220
9289
9389
9433
9438
9443
8991
8960
9124
8705
8706
8998
9302
9250
9501
9536
9494
9526
9428
9293
9412
9490
9464
9076
9388
9514
9431
9495
9371
9351
9471
9490
9542
9476
9389
9418
9441
9446
9440
9473
9280
9309
9168
9180
9209
9391
9419
9493
9459
9520
9443
9510
9481
9595
9534
9500
9461
9511
9545
9429
9312
9389
9347
9407
9518
9429
9184
9120
9053
8842
8742
8686
8674
8397
8467
8592
8574
8464
8535
8681
8587
8754
8903
8911
9189
9320
9597
9646
9641
9383
9380
9443
9520
9074
9178
9245
9362
9386
9385
9569
9547
9634
9657
9541
9559
9610
9588
9502
9521
9505
9547
9563
9510
9560
9618
9554
9595
9559
9483
9522
9488
9584
9483
9472
9495
9475
9566
9424
9528
9547
9576
9551
9453
9119
9189
9280
9303
9296
9315
9038
9150
9169
9175
9151
9113
9145
9385
9388
9409
9126
9030
8870
9154
9113
8863
8686
9129
9077
9297
9469
9197
9245
9011
8946
8942
8993
9094
9161
9273
9261
9329
9331
9280
9455
9427
9336
9319
9472
9465
9059
9188
9300
9378
9427
9171
9317
9013
9044
9356
9484
9495
9356
9257
9104
9095
9330
9272
9045
9348
9160
9452
9434
9316
9480
9479
9462
9420
9498
9518
9407
9068
9435
9405
9292
9029
9214
9239
9268
9127
9126
9115
8810
8697
8819
8809
8889
9123
9338
9288
9178
9203
9124
8872
8401
8363
8632
8629
8815
8843
8774
8542
8973
8957
8901
8822
9013
9114
8981
9000
9031
8979
9045
9071
9221
9079
9013
8819
8887
8661
8716
9065
8920
8968
9073
9191
8941
9203
8979
9048
9136
9060
8972
8585
8666
8774
8918
8845
8920
8795
8905
8545
9101
9016
8662
8954
8929
8845
8579
9060
8941
8860
8586
8838
8411
8867
8726
8530
8402
8309
8680
8949
8593
8638
8683
8641
8493
8568
8569
8702
8614
8578
8721
8865
8558
8783
8771
8798
8602
8710
8599
8393
8226
8531
8635
8626
8561
8475
8315
8256
8209
8305
8279
8493
8618
8255
8503
8399
8242
8539
8465
8567
8766
8468
8584
8526
8841
8835
8699
8756
8825
9084
9075
9170
9063
9063
8922
8978
9206
9151
9111
9213
9313
9208
9161
9006
9064
9117
9119
9195
9205
9161
9294
9254
9234
9149
9221
8977
8863
8971
8813
8529
8637
9008
9030
9239
9059
8964
9069
9167
9182
8818
8951
8591
7967
8100
8309
8757
8879
8995
8981
8973
9250
9121
9068
8917
8637
8592
9010
8983
9229
9117
9106
9140
9038
9201
9166
9213
9123
9358
9214
9224
9139
9278
9325
9272
9235
9246
8912
9074
8844
9044
8829
8969
9090
9091
9172
9308
8773
9109
9180
8946
8977
8844
8924
8913
9276
9209
9077
8899
8544
8312
8585
8834
8603
8462
8390
8272
8424
8316
8302
8411
7932
7860
8115
7916
7668
8164
8423
8284
8161
8046
7914
8037
7929
8140
7831
8256
8324
8366
8430
8451
8329
8272
8481
8261
8256
8598
8560
8287
8326
8173
8337
8091
8516
8535
8479
8471
8118
8715
8189
8699
8705
8667
8787
8341
8571
8181
8589
8403
8232
7907
8320
8088
8054
8098
7841
8004
8296
7990
8133
7731
8052
7643
7841
7966
7357
7537
7835
7243
7007
725
503
335
314
270
4815
4680
5084
5333
5029
5025
5956
5920
5864
5814
5806
5829
5741
5496
5657
5568
5845
5660
5423
5252
5459
5399
5424
5086
5352
5175
5256
4874
4725
4305
4746
4953
4894
4895
4873
4791
4749
4848
4698
4624
4307
4578
4885
4893
4854
4816
4734
4653
4632
4629
4575
4431
4605
4308
4537
4477
4477
4491
4475
84
85
80
5
4
11
7
12
9
12
15
42
42
38
38
41
41
38
41
40
31
4
5
5
