429
615
960
997
1057
1082
1080
1106
1111
1215
1230
1242
1282
1317
1427
1433
1429
1435
29
23
84
1628
1640
1763
1805
1795
1858
1960
2278
2371
2423
2443
2513
2645
2634
2658
2715
2703
3093
3162
3035
3083
3041
3073
3098
3038
3073
3127
3127
3172
3194
3174
3148
3156
3156
3192
3844
4108
4120
4217
4188
4541
4641
4690
4632
4694
4806
5031
5074
5123
5098
5193
5222
5186
5442
5484
5298
5562
5639
5628
5598
6174
6163
6179
6300
6261
6450
6598
6632
6734
6810
6741
6806
6930
6858
6740
6845
6947
6990
6978
7040
7079
7111
7150
7065
7108
7154
7037
7123
6943
7093
7174
7284
7153
7418
7200
7403
7302
7480
7392
7384
7391
7451
7571
7689
7575
7768
7839
7887
7901
7896
7886
8107
8204
8326
8324
8204
8455
8576
8683
8766
8690
8557
8710
8900
9052
9110
8622
8850
9141
9038
9090
8985
8960
8747
9092
9081
9044
9222
9287
9188
8992
8938
8921
9153
8968
8939
9075
9169
9071
9192
9085
9128
8876
9143
9180
9032
9101
8654
8897
9099
9171
9157
9061
9155
9072
8957
9266
9064
9010
9068
9065
9075
9164
9089
9281
9136
9287
9231
9324
9139
8992
8812
8986
8931
8341
8876
8787
8810
8750
8555
8302
8805
8955
8643
9004
8946
8850
8906
8797
8790
8841
9261
9273
9132
9104
8819
9119
9097
9238
9075
9117
9001
8838
9204
8687
9083
9142
9327
9395
9362
9181
9372
9339
9219
9352
9224
9310
9319
9285
9377
9390
9264
9418
9302
9346
9302
9309
9300
9472
9355
9327
9378
9372
9293
9232
9449
9368
9346
9488
9479
9421
9329
9372
9204
9405
9292
9317
9112
9391
9398
8873
9045
9241
9316
9441
9471
9202
8887
9154
8997
9249
9239
9267
9217
9191
9236
9377
9140
9142
9193
9320
9351
9345
9316
9266
9270
9281
9245
9178
9419
9595
9445
9358
9444
9449
9510
9320
9214
9240
9332
9428
9188
8969
8919
9146
9187
9368
9330
9321
9214
9213
9223
9271
9481
9309
9459
9172
9253
9145
9131
9112
8893
8620
8940
9056
9302
9389
9489
9418
9512
9334
9423
9251
9195
9307
9441
9397
9469
9380
9346
9111
9077
9305
9235
9372
9130
9281
8987
9256
9354
9316
9076
9086
9198
9548
9457
9431
9136
9277
9356
9262
9425
9382
9514
9455
9474
9407
9271
9459
9454
9504
9509
9466
9397
9250
9511
9512
9419
9515
9495
9481
9550
9558
9496
9500
9528
9501
9516
9542
9555
9483
9501
9528
9524
9485
9560
9480
9344
9533
9424
9336
9361
9458
9426
9490
9532
9618
9426
9350
9314
9318
9433
9262
9415
9409
8991
9436
9434
9338
9490
9413
9181
9318
9446
9317
8940
9233
9227
9223
9428
9450
9286
9384
9336
9355
9385
9420
9269
9120
9263
9233
9352
9417
9394
9401
9420
9450
9480
8983
9360
9375
9344
9507
9462
9447
9230
9347
9372
9380
9268
9437
9376
9188
9185
8965
9267
9408
9326
9324
9221
9440
9323
9286
9298
9374
9407
9230
9125
9202
9434
9532
9471
9283
9352
9372
9383
9366
9380
9362
9063
9390
9444
9174
9025
9121
9278
9426
9309
9414
9358
9469
9426
9487
9281
9202
9418
9438
9423
9499
9276
9358
9035
9163
9098
9417
9485
9185
9144
9217
9345
9375
9407
9395
9473
9527
9507
9476
9470
9535
9485
9527
9558
9567
9579
9525
9428
9524
9523
9539
9558
9393
9545
9544
9460
9485
9521
9461
9517
9469
9509
9587
9533
9601
9344
9402
9430
9518
9525
9378
9511
9524
9389
9307
9435
9368
9435
9494
9505
9544
9473
9402
9488
9340
9288
9397
9318
9294
9393
9432
9466
9449
9396
9311
9300
9338
9414
9383
9351
9290
9465
9299
9151
9428
9530
9448
9537
9485
9553
9564
9475
9536
9529
9494
9533
9427
9547
9522
9499
9454
9397
9285
9450
9208
9282
9416
9413
9216
9276
9218
9420
9382
9533
9412
8997
9441
9467
9398
9484
9469
9298
9423
9518
9473
9167
9360
9394
9382
9386
9404
9361
9477
9595
9562
9508
9374
9307
9402
9429
9489
9271
9287
9505
9498
9434
9414
9176
9240
9424
9432
9337
9192
9143
9488
9483
9146
9061
9226
9244
9262
9148
9279
9094
9152
9192
9223
9438
9530
9577
9494
9487
9577
9544
9502
9573
9485
9613
9536
9449
9635
9509
9419
9561
9589
9554
9585
9395
9488
9529
9582
9631
9570
9527
9635
9642
9595
9444
9469
9471
9262
9451
9422
9385
9465
9292
9447
9320
9409
9408
9463
9534
9325
9346
9393
9278
9352
9152
9531
9470
9464
9411
9511
9469
9421
9461
9347
9387
9490
9559
9389
9375
9316
9492
9382
9432
9453
9386
9472
9488
9486
9454
9532
9383
9428
9480
9316
9323
9347
9299
9520
9430
9301
9400
9478
9539
9488
9462
9420
9435
9580
9369
8822
9125
9266
9251
9398
9477
9439
9428
9393
9502
9356
9403
9497
9510
9445
9353
9262
9405
9440
9203
9294
9261
9241
9361
9329
9325
9322
9078
9209
9200
9262
9258
9329
9416
9349
9314
9314
9179
9258
9366
9397
9429
9207
9085
9262
9261
9224
9251
9410
9444
9294
9245
9243
9122
9059
9018
9176
9445
9170
9382
9409
9394
9400
9245
9211
9357
9452
9217
9297
9325
9144
9365
9444
9519
9442
9399
9373
9433
9374
9506
9458
9460
9291
9436
9529
9447
9399
9405
9446
9449
9500
9471
9223
9452
9362
9299
9109
9386
9298
9468
9238
9266
9304
9404
9326
9368
9124
9272
9207
9108
9143
9316
9368
9402
9417
9500
9286
9336
9458
9327
9211
9230
9435
9428
9328
9369
9470
9291
9458
9483
9426
9493
9428
9442
9414
9482
9470
9488
9465
9511
9423
9416
9386
9354
9590
9376
9460
9298
9382
9508
9453
9319
9422
9427
9251
9417
9311
9172
9230
9387
9437
9355
9250
9142
9364
9337
9490
9279
9355
9306
9245
9188
292
125
29
6
920
9482
9404
9394
9430
9361
9324
9162
9080
9293
9193
9239
9343
9259
9079
9046
9273
9313
9328
8908
9094
9276
9231
9305
9390
9252
9484
9343
9372
9320
9027
9134
9137
9262
9415
9467
9435
9431
9485
9394
9424
9407
9464
9349
9480
9457
9362
9465
9437
9417
9492
9505
9544
9300
9482
9491
9524
9501
9543
9288
9306
9448
9491
9507
9416
9454
9475
9481
9550
9445
9559
9497
9287
9303
9061
9024
416
404
269
256
398
368
872
1156
9514
9476
9449
9457
9343
9175
9322
9379
9414
9495
9335
9236
9339
9363
9256
9162
9069
9300
9350
9470
9473
9410
9496
9492
9426
9472
9469
9430
9302
9335
9366
9523
9395
9365
9443
9290
9213
9279
9365
9476
9489
9373
9365
9220
9125
9046
9233
9335
9409
9308
9366
9405
9500
9343
9398
9309
9399
9387
9265
9307
9227
9186
9091
9136
9188
8799
8782
8707
8757
8671
8751
8895
8893
9049
9062
9036
9281
9281
9247
9348
9208
9271
9179
9282
9166
8932
9295
9294
9232
9287
9201
9293
9044
9036
9279
9225
9364
9422
9332
9420
9164
9351
9530
9392
9437
9191
9419
9304
9344
9432
9457
9394
9278
9488
9426
9494
9458
9481
9484
9512
9475
9395
9403
9459
9448
9397
9462
9490
9393
9345
9225
9377
9458
9337
9221
9271
9328
9475
9264
9224
9591
9516
9396
9361
9269
9310
9193
8991
8884
9233
9288
9475
9591
9551
9524
9419
9463
9577
9220
9423
9503
9280
9435
9522
9313
9467
9240
9420
9495
9321
9178
9385
9395
9380
9391
9424
9394
9478
9363
9610
9509
9581
9477
9535
9409
9357
9463
9492
9130
9522
9464
9513
9575
9408
9252
9429
9539
9443
9205
9119
9480
9218
9368
8997
9316
9495
9510
9277
9281
9307
9525
9442
9213
9366
9347
9429
9299
9486
9455
9275
9280
9275
9248
9099
9306
9313
9243
9141
9421
9474
9123
9184
9202
9285
9270
9073
9169
8952
9146
9095
9199
9101
9022
9488
9117
9202
9401
9467
9378
9351
9303
9299
9150
9323
9265
9144
9166
9288
8847
9245
9296
9212
9470
9385
9523
9504
9391
9385
9360
9532
9378
9344
9411
9400
9358
9327
9448
9325
9279
9328
9206
9394
9271
9437
9226
9323
9175
9429
9211
9229
8988
9309
9411
8753
9259
9215
9252
9282
9309
9129
8918
8941
8916
8972
9156
9186
9338
9177
9206
9338
9301
9283
9267
9174
9284
9326
9491
9337
9072
9030
8978
9095
8993
8977
9245
9365
9335
9335
9188
9189
9240
9254
9094
9179
9292
9345
9344
9381
9231
9094
9317
9046
9340
9259
9014
9282
9231
9301
9294
9156
9233
9326
9248
9166
9369
9100
9404
9316
9412
9308
9320
9352
9355
9432
9321
9406
9379
9510
9511
9469
9016
9359
9440
9263
9080
9201
9272
9434
9301
9319
9336
9408
9416
9332
9341
9501
9170
9403
9325
9399
9525
9522
9506
9088
9518
9390
9339
9262
9583
9506
9387
9538
9423
9351
9235
9229
9176
9175
9395
9465
9446
9578
9514
9556
9499
9486
9469
9557
9457
9521
9499
9600
9606
9589
9519
9513
9383
9435
9510
9535
9458
9609
9600
9423
9574
9500
9539
9440
9429
9520
9567
9593
9592
9658
9533
9269
9305
9365
9380
9458
9343
9490
9311
9416
9369
9434
9287
9420
9459
9323
9403
9438
9444
9425
9387
9451
9169
9461
9497
9504
9458
9425
9400
9405
9489
9385
9472
9324
9358
9375
9466
8925
9091
9347
9401
9328
9495
9332
9221
9316
8942
9316
9494
9425
9447
9305
9413
9246
9328
9390
9302
8866
9274
9332
9264
9199
9399
9181
9146
9237
9125
9420
9402
9414
9041
9304
9333
9119
9372
9360
9440
9409
9317
9437
9358
9439
9364
9264
9011
9119
9017
9289
9112
9408
9372
9322
9290
9355
9342
9341
9184
9241
9398
8937
9026
8912
8967
9330
9309
9308
9342
9307
9278
9346
9177
9042
9200
9271
9160
9086
9112
8920
9337
9087
9294
9415
9330
9003
9361
9394
9408
9289
9447
9453
9445
9363
9450
9343
9358
9375
9424
9175
9128
9245
9135
9358
9316
9232
9312
9199
9198
8910
9141
9193
9117
9390
9477
9252
9323
9400
9415
9240
9445
9421
9382
9334
9180
9264
9136
9249
9208
9297
9322
9292
9234
9218
9223
8871
9106
9243
9442
9211
9434
9333
9370
9381
9338
9347
9267
9302
9301
9319
9403
9406
9324
9409
9406
9370
9260
9420
9287
9220
9267
9266
9321
9293
9405
9277
9082
9093
5
9134
9049
9066
9148
9310
9208
9203
8974
8776
8697
9300
9429
9368
9456
9465
9342
9425
9221
9245
9307
9276
9316
9331
9498
9434
9442
9302
9472
9325
9247
9410
9399
9259
9317
9352
9319
9385
9046
8963
9174
9340
9195
9361
9330
9377
9105
9150
8944
8845
8833
8442
9201
9362
9394
9310
9303
9370
9222
9248
9412
9174
9437
9292
9448
9383
9442
9345
9381
9557
9516
9532
9510
9528
9560
9464
9405
9500
9501
9421
9531
9507
9536
9381
9467
9236
9469
9293
9407
9371
9585
9388
9302
9459
9384
9509
9384
9459
9436
9475
9335
9413
9325
9327
9480
9439
9381
9282
9347
9518
9458
9440
9340
9298
9562
9409
9483
9153
9013
9075
9215
9223
9314
9265
9459
9465
9400
9491
9468
9461
9367
9527
9392
9334
9420
9206
9405
9462
9440
9515
9362
9402
9342
9256
9370
9170
9075
9191
9043
8707
8956
9112
9104
9153
9466
9214
9033
9145
9414
9264
9125
9182
9296
9316
9309
9264
9306
9283
9494
9444
9220
9271
9238
9291
9113
9330
9113
9181
9219
9342
9305
9243
9302
9247
9281
9392
9332
9282
9283
9191
8981
9069
9117
8980
9034
9128
9166
9147
8848
8801
8942
8834
8985
9118
9026
9264
9305
9291
9405
9193
9139
8960
9173
9288
9111
9368
9448
9360
9327
9375
9113
9142
9144
9218
9262
9405
9158
9330
9320
9255
9318
9390
9373
9423
9387
9364
9222
9348
9426
9440
9395
9361
9362
9310
9383
9132
9336
9459
9362
9359
9145
9345
9355
9092
9232
9353
9426
9251
9246
9326
9190
9052
9315
9372
9113
9190
9114
9191
9196
9312
9385
9348
9288
9199
9145
9233
9391
9059
9247
9273
9357
9352
9459
9452
9359
9321
9381
9371
9432
9302
9242
9193
8997
8809
9263
9283
9121
9018
9239
9353
9147
9106
9156
9086
9057
9167
9013
9213
9093
9191
9494
9448
9346
9124
9496
9463
9417
9224
9077
9323
9191
9281
9363
9159
9004
9136
9276
9250
9428
9328
9428
9390
9400
9348
9301
9247
9429
9228
9298
9409
9344
9494
9310
9417
9459
9419
9496
9515
9490
9441
9211
9116
8972
8842
8862
9110
9373
9428
9328
9452
9409
9319
9235
9175
9309
9317
9387
9280
9389
9334
9374
9451
9365
9428
9381
9325
9363
9410
9388
9326
9537
9348
9282
9487
9463
9397
9442
9419
9477
9444
9197
9362
9253
9399
9187
9234
9178
9443
9419
9474
9440
9528
9391
9401
9214
9185
9361
9375
9508
9448
9455
9490
9456
9307
9422
9439
9433
9465
9275
9262
9408
9450
9360
9156
9068
9130
9162
9438
9413
9383
9413
9606
9522
9445
9435
9416
9483
9412
9465
9386
9469
9448
9445
9495
9435
9639
9418
9430
9454
9496
9513
9527
9389
9318
9543
9346
9450
9285
9135
9089
9273
9378
9368
9292
9225
9264
9431
9471
9459
9390
9473
9492
9524
9618
9535
9436
9496
9488
9409
9351
9522
9330
9389
9458
9325
9229
9352
9440
9313
9350
9516
9507
9412
9498
9470
9459
9142
9462
9390
9539
9450
9472
9520
9458
9049
9050
8865
8900
8896
8880
8933
8961
9113
9170
9072
9234
9116
9045
9159
9162
9059
9471
9426
9456
9244
9392
9437
9237
9402
9380
9466
9409
9276
9243
9284
9331
9258
9270
9558
9409
9509
9296
9442
9463
9470
9248
9138
9239
9173
9310
9315
9422
9476
9522
9331
9188
9343
9292
9125
9279
9264
9119
9236
8890
112
8842
8901
8928
9353
9187
9402
9306
9310
9442
9418
9048
9172
9106
9102
9065
9071
9093
9168
9390
9418
9346
9438
9423
9299
9362
9417
9411
9306
9456
9321
9433
9381
9453
9422
9244
9280
9427
9407
9372
9447
9083
9155
8918
9206
9245
9073
9079
9075
8995
8909
9209
9088
8990
8976
9266
9411
9333
9249
9133
9213
9183
9232
9314
9349
9321
9176
9148
9364
9171
9382
9384
9206
9194
9303
9154
9333
9121
9255
9288
9221
9312
9281
9310
9311
9327
9326
9320
9476
9407
9295
9174
9141
9086
9128
9225
9145
9022
9001
9111
9083
9152
9227
9402
9421
9341
9332
9128
9022
9405
9430
9428
9383
9276
9145
9350
9332
9403
9308
9364
9274
9073
9295
9376
9311
9082
9362
9311
9235
9369
9342
9430
9286
9100
9335
8959
9308
9521
9454
9526
9408
9168
9003
8948
9408
9411
9391
9389
9348
9346
9129
8825
9168
9368
9380
9467
9530
9492
9166
9320
9195
9331
9250
9464
9252
9149
8906
9301
9095
9406
9313
9229
9163
9346
9402
9456
9386
9398
9454
9502
9609
9428
9432
9419
9538
9552
9476
9430
9441
9315
8907
8922
9107
9105
9016
9223
9396
9365
9322
9472
9405
9425
9347
9430
9253
9169
9176
9172
9171
9413
9482
9548
9435
9469
9500
9526
9466
9482
9344
9343
9466
9505
9514
9365
9229
9530
9459
9412
9527
9255
9316
9490
9353
9363
9434
9445
9419
9507
9463
9406
9287
9383
9344
9389
9525
9183
9354
9328
9325
9202
9272
9172
9091
9221
9279
9399
9397
9402
9306
9149
9108
9154
9148
9009
9283
9315
9470
9486
9391
9529
9479
9533
9558
9354
9360
9571
9505
9562
9554
9456
9356
9411
9525
9486
9392
9559
9433
9452
9600
9568
9588
9595
9582
9577
9368
9454
9550
9451
9362
9235
9498
9516
9602
9526
9511
9527
9579
9564
9567
9443
9397
9344
9592
9438
9494
9573
9564
9519
9609
9503
9440
9576
9460
9529
9467
9593
9550
9532
9518
9461
9596
9579
9521
9557
9483
9554
9548
9588
9401
9387
9371
9306
9486
9578
9585
9587
9575
9591
9603
9408
9488
9491
9401
9278
9319
9528
9545
9556
9533
9259
9356
9345
9353
9317
9344
9465
9555
9509
9347
9410
9401
9607
9585
9591
9569
9419
9372
9238
9178
9317
9491
9488
9391
9531
9662
9472
9453
9489
9534
9475
9578
9055
9480
9487
9621
9597
9571
9567
9433
9165
9263
9286
9223
9011
8707
8952
8894
9115
9212
9042
9196
9525
9499
9440
9166
9261
9407
9489
9448
9494
9516
9379
9391
9407
9393
9309
9527
9424
9533
9429
9351
9363
9359
9312
9233
9140
9357
9474
9381
9523
9362
9511
9204
9509
9467
9296
9314
9441
9491
9460
9242
9005
9045
9158
9372
9454
9379
9472
9508
9401
9454
9449
9330
9398
9412
9243
9378
9484
9505
9450
9451
9322
9340
9412
9343
9376
9494
9471
9534
9581
9379
9291
9415
9406
9386
9366
9470
9473
9483
9525
9294
9389
9216
9188
9277
9393
9340
9360
9243
9378
9227
9332
9323
9291
9285
9220
9223
9378
9390
9338
9249
9307
9406
9462
9187
9113
8917
8948
9120
8922
9252
9155
9068
9124
9232
9371
9275
9286
9361
9468
9429
9448
9388
9202
9068
9326
9420
9522
9369
9408
9333
9280
9227
9246
9000
9069
9220
9124
9047
8823
9107
9067
9031
9023
8876
8647
8440
8493
8004
7983
8001
8018
7916
7804
7477
6976
6898
6911
6906
6919
6888
6963
9489
9673
9691
9503
9724
9481
9553
9598
9493
9425
9243
9425
9460
9606
9545
9638
9439
9579
9483
9569
9559
9464
9652
9667
9678
9468
9256
9389
9015
9012
9297
9282
9030
8935
9202
9115
9409
9651
9660
9402
9613
9425
9553
9556
9012
9502
9582
9541
9574
9564
9393
9233
9553
9485
9443
9501
9388
9300
9647
9568
9544
9264
9525
9506
9500
9336
9528
9275
9473
9452
9313
9300
9410
9495
9539
9501
9518
9406
9413
9557
9400
9594
9502
8963
9095
8964
8843
9147
9198
9577
9518
9540
9045
9042
8940
8937
9150
9266
9110
9201
9251
9515
9337
9321
9501
9222
9440
9355
9213
9405
9345
9437
9275
9082
9212
9427
9541
9471
9600
9506
9525
9443
9539
9262
9290
9354
9246
9509
9358
9332
9171
9181
9044
8978
8623
8772
8911
8810
9382
9517
9452
9504
9432
9517
9510
9425
9249
9274
9159
9198
8952
9205
9074
9027
9248
9468
9430
9480
9435
9412
9350
9352
9400
9336
9322
9310
9022
8805
9069
9106
9237
9190
9300
8882
8549
9198
8232
7795
6892
9111
9269
8965
9141
9221
8412
8919
8971
8914
8732
8803
9058
9189
9185
9305
9031
8943
9192
9376
9210
9294
9058
9174
9246
9370
8989
9172
9319
9185
9271
9302
9053
9053
9239
9258
9205
9094
9123
9256
9153
9281
9318
9109
9124
9138
9098
9204
9271
9254
9185
9131
9115
9137
9334
9133
9082
9142
9012
8473
8407
7893
7811
7965
7823
7884
9183
9376
9408
9226
9113
9123
8605
8868
8888
8781
8609
8483
8439
8739
8950
9037
8833
8603
8903
9166
9076
9131
8138
8651
8733
8857
8931
8932
8810
8837
8848
8076
8719
9396
9092
8978
9066
8829
8998
8679
8383
8208
8281
8377
9111
9129
9327
8873
8764
9275
9116
9249
9172
8970
9078
9120
9103
9113
9353
8765
9115
9129
9369
9379
9137
9109
9248
9078
9024
9221
9113
9272
9385
9141
9025
9077
9342
9119
9250
9156
9362
9406
9243
9127
9221
8913
9000
8914
8707
9463
9485
9329
9161
9219
9101
9085
9428
9267
9450
9320
9369
9331
9392
9344
9408
9508
9344
9475
9436
9213
9547
9285
9155
9306
9099
9150
9327
9326
9235
9308
9399
9325
9337
9195
9227
9446
9331
9216
9424
9438
9330
9352
9347
9411
9295
9401
9352
9085
9350
9347
9372
9223
9077
8422
8449
8419
8810
9496
9534
9383
9507
9386
9566
9474
9593
9573
9398
9540
9389
9453
9502
9433
9231
9273
9412
9366
9485
9415
9290
9442
9430
9446
9491
9344
9364
9199
9181
9271
9334
9266
9125
9065
9356
9398
9429
9476
9376
9357
9269
9020
9192
9215
9216
9132
9144
9202
9330
9073
9231
9132
9392
9481
9365
9236
9333
9260
9089
9205
9312
9479
9113
9198
9207
9143
9386
9202
9178
9274
9194
9257
9403
9421
9433
9386
9196
9288
9237
9346
9351
9389
9442
9470
9250
9282
9414
9433
9212
9154
9179
9351
9433
9331
9373
9300
9255
9250
9156
9187
9146
9045
9041
9235
9326
9296
9170
9161
9034
9000
9027
8892
8540
9158
9197
9193
9016
9144
9038
9132
8961
9097
9260
9410
9202
9122
9171
9044
8817
8823
9075
9206
9332
9435
9225
9189
9163
9137
9223
9084
9181
9054
9281
9261
8523
8773
9149
9153
9162
9306
9169
9489
9210
9230
9174
9084
9091
9354
9398
9366
9429
9511
9571
9375
9177
9367
9028
9171
9276
9354
9385
9299
9222
9401
9455
9304
9332
9226
9379
9449
9458
9258
9134
9065
9092
9356
9293
9325
9214
9405
9322
9360
9360
9214
9360
9261
9198
9116
9273
9277
9274
9197
9217
9395
9366
9258
9302
9393
9485
9510
9497
9342
9342
9172
9505
9486
9476
9378
9361
9469
9306
9428
9332
9494
9424
9471
9440
9517
9479
9456
9521
9467
9391
9487
9546
9368
9498
9504
9558
9340
9547
9246
9367
9408
9485
9450
9367
9477
9354
9511
9472
9288
9371
9485
9529
9525
9504
9468
9329
9385
9364
9287
9281
9307
9456
9388
9486
9569
9455
9556
9446
9226
9306
9148
9356
9371
9460
9554
9279
9186
9240
9453
9411
9490
9480
9433
9389
9533
9371
9437
9280
9121
9058
8946
9156
9040
8897
9071
9076
9455
9310
9319
9218
9098
9196
9429
9460
9297
9265
9230
9522
9579
9543
9393
9494
9461
9304
9456
9248
9259
9222
8998
9203
9439
9490
9483
9518
9546
9271
9373
9388
9430
9303
9124
9243
9213
9373
9227
8951
8685
8725
9279
9425
9522
9340
9337
9363
9244
9200
9338
9349
9255
9227
9314
9272
9328
9155
9220
9323
9458
9507
9448
9455
9500
9295
9242
9193
9185
9549
9348
9297
9559
9456
9203
9441
9220
9425
9517
9282
9193
9284
9358
9385
9277
9385
9234
9510
9466
9349
9492
9018
9143
9189
9367
9264
9458
9388
9393
9480
9462
9426
9497
9338
9337
9376
9110
9196
9205
9229
9200
9512
9368
9456
9434
9273
9300
9430
9508
9519
9391
9496
9487
9319
9030
9213
8874
9151
9363
9291
9354
9389
9057
8870
9213
9137
9240
9227
9263
9274
9507
9388
9387
9392
9314
9178
9244
9299
9182
9117
8888
9178
9377
9425
9262
9342
9343
9403
9341
9397
9119
9369
9428
9403
9327
9396
9350
9370
9335
9287
9376
9007
9132
8994
8422
7215
9256
9391
8825
8941
9144
9051
9206
9158
9146
8958
9171
9128
8951
9352
8916
9194
8960
9005
9165
9438
9404
9382
9313
9274
9167
9239
9436
9316
9273
9188
9311
9293
9281
9444
9312
9081
9241
9348
9468
9316
9337
9291
9368
9235
9159
9436
9450
9473
9216
9135
9535
9408
9437
9222
9381
9284
9349
9206
9289
9340
9289
9400
9373
9114
9295
9385
9168
9291
9209
9066
9313
9246
9291
9434
9153
9248
9407
9205
9200
9278
9210
8971
8586
8599
8599
8664
8668
8532
9165
9424
9537
9526
9452
9439
9385
9501
9489
9489
9220
9365
9494
9428
9461
9324
9453
9352
9540
9407
9400
9288
9223
9343
9391
9164
9391
9252
9494
9502
9434
9162
9188
9372
9402
9228
9025
9033
9122
9120
9233
9179
9328
9556
9579
9549
9375
9542
9446
9609
9584
9491
9624
9550
9569
9536
9419
9444
9418
9455
9389
9188
9397
9334
9506
9558
9365
9405
9359
9531
9401
9274
9214
9386
9232
9276
8682
8801
8943
9099
9096
9270
9306
9299
9146
9173
9085
9163
9166
9064
9230
9426
9413
9389
9384
9413
9435
9367
9349
9356
9409
9285
9470
9417
9370
9386
9257
9323
9369
9488
9318
9408
9309
9226
9384
9393
9459
9400
9388
9059
8969
8740
9232
9284
9195
9240
9196
9044
8935
9063
9191
9090
8748
8645
8706
9028
9242
9389
9002
9192
9378
9241
9404
9363
9376
9297
9339
9481
8953
9141
9370
9380
9272
9516
9524
9520
9454
9215
9446
9455
9410
9369
9232
9380
9438
9280
9135
9326
9504
9437
9417
9459
9265
9387
9433
9527
9263
9314
9392
9403
9414
9399
9448
9294
9185
9036
8981
9086
9066
9044
9067
8859
8839
8677
8974
9346
9524
9192
9238
9453
9444
9394
9122
9337
9364
8988
9399
9403
9407
9498
9317
8894
9183
9014
9295
9522
9450
9389
9346
9406
9182
9319
9394
9386
9134
8736
8867
9188
9214
9347
9388
9341
9362
9426
9364
9104
9233
9280
9038
8828
8641
8620
8587
8763
9315
9458
9508
9450
9390
9563
9428
9514
9405
9415
9312
9151
9458
9580
9595
9363
9336
9116
9245
9505
9473
9324
9471
9413
9431
9392
9407
9251
9221
9532
9392
9344
9445
9364
9089
9304
9339
9381
9379
9414
9354
9426
9408
9210
9582
9542
9330
9410
9507
9517
9493
9560
9448
9190
9164
9232
9466
9532
9574
9254
9614
9585
9543
9561
9479
9122
8970
9172
9209
9059
9224
8967
9610
9658
9609
9408
9397
9564
9586
9347
9164
9268
9320
9306
9475
9452
9517
9483
9509
9305
9316
9207
9019
7750
7840
7803
7797
7806
7762
9169
9337
9391
9343
9412
9615
9488
9451
9282
9436
9427
9281
9468
9595
9540
9470
9377
9494
9372
9405
9257
9387
9521
9512
9335
9067
9028
9475
9454
8929
9033
9021
8940
9223
9338
9278
9280
9245
9331
9178
9341
9513
9513
9334
9308
9473
9227
8883
9235
9214
9040
9153
9488
9466
9436
9410
9214
9216
9467
9308
9287
9433
9280
9383
9306
9443
9458
9094
9163
9314
9355
9402
9393
9452
9451
9390
9365
9495
9395
9291
9280
9238
9324
9300
9396
9446
9451
9316
9212
9326
9272
9321
9389
9300
9486
9388
9388
9362
9400
9435
9445
9499
9513
9494
9478
9508
9356
9030
9168
9233
9292
9327
9498
9575
9544
9603
9554
9372
9483
9588
9494
9375
9280
9457
9421
9506
9511
9418
9395
9455
9174
9303
9402
9099
9337
9177
9471
9437
9422
9335
9112
8586
8759
8877
8681
9017
8938
9034
9046
9168
9295
8998
9223
9267
9278
9301
9268
9233
9282
9196
9398
9292
9236
9330
9445
9499
9221
8955
8954
9314
9384
9205
9268
9234
9199
9280
9173
8812
8733
9137
9194
9415
9366
9120
9381
9379
9202
9168
9192
9181
8927
7549
7388
7503
7672
7551
7649
7566
7823
7785
7693
9211
8841
9395
9206
9319
9379
9451
9332
9234
9476
9426
9435
9368
9323
9303
9405
9463
9490
9444
9394
9335
9250
9355
9352
9325
9189
9065
9275
9285
9157
9389
9441
9355
9216
9252
9117
9356
9306
9279
9266
8995
9209
9043
9132
9183
9100
9325
9232
9111
9194
9078
9044
9023
9167
9192
9474
9384
9285
9436
9408
9215
9170
9037
9393
9557
9523
9364
9373
9330
9249
9393
9402
9358
9360
9442
9408
9439
9345
9369
9471
9574
9522
9448
9234
9506
9418
9208
9422
9306
9430
9335
8791
8707
8378
8551
8536
8475
8430
8026
8166
8144
8141
9278
9469
9312
9340
9389
9410
9372
9370
9545
9521
9211
9431
9292
9558
9255
9457
9282
9437
9174
9233
9280
9414
9392
9328
9109
9521
9441
9459
9322
9319
9419
9316
8779
9056
9273
9330
9383
9539
9495
9204
9361
9250
9375
9377
9091
8899
8851
9243
9424
9270
9440
9320
9444
9454
9189
9543
9422
9432
9461
9268
9479
9326
9382
9136
9199
9471
9492
9475
9466
9409
9481
9418
9436
9452
9418
9295
9088
9109
9276
9334
9506
9462
9316
9188
9355
9428
9472
9365
9245
9351
9182
9349
9363
9282
9112
9124
9174
9122
9226
9165
9148
9273
9247
9215
9428
9176
9156
8741
9215
9409
9129
9237
9125
9254
9441
9469
9394
9262
9441
9422
9391
9357
9368
9359
9464
9441
9453
9399
9424
9391
9399
9326
9207
8908
8891
9207
9437
9376
9352
9390
9325
9202
9336
9240
9230
8896
8920
9223
9172
9391
9315
9433
9417
9320
9290
9221
9381
9309
9170
9301
9379
9165
9392
9322
9379
9315
9354
9347
9143
8809
8704
9034
9048
9047
9105
9353
9145
9246
9278
9168
9160
9286
9330
9296
9173
8819
9146
9322
9196
9415
9247
9134
9122
9033
9323
9307
9244
9069
9008
9110
9221
9088
9212
9267
9239
9308
9282
9300
9444
9441
9390
9407
9390
9410
9311
9455
9216
9226
9354
9272
9265
9296
9306
9241
9253
9043
9090
9233
9286
9319
9160
9242
9472
9309
9315
9366
9421
9339
9308
9379
9317
9224
9240
8926
9197
9457
9420
9421
9379
9096
8969
9246
9128
9185
9177
9229
9277
9311
9196
9214
9241
9200
9212
9143
9083
9421
9454
9150
9273
9121
9301
9222
9124
9141
9343
9419
9437
9454
9325
9329
9082
9241
9027
9076
9108
9140
9212
9373
9369
9246
9414
9311
9226
9282
9409
9089
8782
8900
8670
8563
8693
9156
9145
9085
9282
9303
9121
9238
9274
9164
9286
9173
9055
9201
9212
9009
9190
9187
9191
9418
9348
8997
9031
8781
8851
9096
9259
9001
9295
9144
9023
9054
9152
9196
9340
9113
9117
9032
9074
8945
9079
8996
9171
9293
8963
8775
8987
9290
9149
9174
9132
9089
9266
9187
9261
9263
9250
9239
9237
9245
9286
9326
9152
9160
9050
9209
9313
9269
9353
9247
9341
9401
9360
9237
9134
9291
9233
9214
9103
9150
9332
9349
9152
9225
9201
9259
9334
9364
9312
9248
9407
9375
9382
9172
9260
9201
9251
9374
9268
9392
8953
9092
9104
9162
9236
9144
8837
9267
9106
8735
9016
9034
8795
9241
9079
8978
8935
9313
9108
9100
9157
9153
9191
9400
9303
9102
9354
9425
9414
9428
9411
9063
9264
9297
9034
8967
9185
9137
9187
9378
9263
9280
9265
9424
9332
9386
9413
9124
8765
8348
8607
8537
8320
9322
9260
9461
9386
9421
9513
9349
9030
9470
9472
9399
9049
9334
9345
9199
9323
9348
9540
9366
9212
9007
9138
9061
9248
9332
9104
9186
9059
9271
9206
8980
9239
9334
9348
9151
9219
9023
9130
9196
9153
9248
9165
9252
8891
9123
9138
9165
9423
9316
9209
8956
9263
9099
9177
9209
9459
9381
9386
9431
9387
9279
9379
9321
8969
9174
9032
9412
9245
9284
9382
9338
9338
9273
9301
9365
9439
9212
9068
8976
9132
9367
9205
9266
9141
9209
9215
8951
8777
9394
9296
9185
9233
9371
9082
9058
8942
8837
9224
9357
9427
9490
9360
9234
9200
9077
9141
9049
9080
8896
9151
9000
9289
9234
9112
8858
9226
9113
8696
9275
9087
7816
9227
9212
8899
9218
9311
9316
9305
9111
9012
8899
8933
9071
9389
9311
9120
8999
8880
8661
9206
8864
9447
9201
9468
8948
8749
8572
8331
8347
8315
8615
8883
9082
8919
9273
9306
9356
9103
9177
9212
9220
9221
8935
8715
8722
9187
9314
9319
9242
9222
9287
9298
9010
9095
9207
9139
9205
9366
9181
9173
9119
9328
9310
9113
9059
8996
9100
9394
9215
8858
9096
9166
9329
9245
9221
9164
9017
9137
9074
9050
9272
9364
9325
9353
9314
9272
9190
9185
9211
9079
9359
9417
9415
9458
9414
9394
9239
9054
9299
9277
9395
9465
9410
9433
9102
9150
9138
9315
9224
9213
9053
9333
9299
9300
9389
9340
9356
9426
9319
9324
9353
9283
8983
9385
9370
9079
8785
9006
9282
9402
9373
9406
9312
9367
9186
9322
9274
9150
9314
9282
9292
9182
9410
9321
9195
9095
9447
9099
9173
9160
9174
9071
9190
9216
9244
8922
9222
9479
9393
9223
9141
9228
9347
9287
9265
9210
9412
9192
9295
9361
9385
9335
9228
9148
9487
9311
9201
9074
8962
9086
9017
8992
8765
334
141
450
658
9475
9403
9383
9405
9563
9244
9250
9329
9468
9391
9459
9550
9423
9382
9511
9466
9395
9282
9337
9490
9588
9409
9507
9516
9479
9575
9576
9578
9354
9178
9351
9372
9403
9417
9264
9387
9374
9356
9480
9396
9467
9499
9225
9204
9178
9374
9547
9471
9463
9388
9379
9538
9494
9499
9538
9558
9470
9297
9545
9211
8900
9390
9510
9444
9468
9332
9484
9538
9610
9251
9390
9200
9246
9269
9118
9140
9205
9213
9358
9405
9272
9196
9300
9454
9513
9534
9502
9447
9440
9417
9198
8930
9075
9075
9020
9302
9306
9432
9494
9467
9413
9488
9360
9257
9352
9319
9297
9360
9402
9366
9491
9440
9332
9506
9489
9218
9276
9318
9339
9260
9359
9421
9439
9423
9302
9346
8875
9122
9162
9433
9223
9282
9361
9288
8991
8515
9106
9134
9377
9313
8958
9432
9435
9334
9316
9019
9048
8791
8799
8993
9048
9164
9504
9495
9529
9384
9408
9289
9424
9424
9410
9336
9380
9298
9398
9496
9400
9514
9349
9327
9292
9301
9292
9354
9469
9436
9553
9537
9476
9390
9297
9344
9026
9157
9097
9053
9380
9492
9238
9108
9308
9473
9568
9421
9477
9076
9224
9333
9433
9274
9305
9464
9289
9214
9284
9389
9281
9534
9451
9363
9306
9489
9193
9440
9410
9356
9446
9423
9473
9556
9428
9368
9296
9329
9267
9336
9389
9366
9302
9342
9395
9501
9404
9365
9361
9464
9367
9374
9515
9405
9582
9411
9195
8990
9032
9281
9229
9457
9419
9332
9476
9324
9301
9262
9189
9229
9203
9030
9465
9475
9303
9449
9454
9360
9357
9405
9442
9291
9318
9478
9504
9340
9289
9418
9435
9361
9333
9461
9418
9398
9338
9256
9463
9369
9442
9306
9269
9258
9262
9400
9524
9382
9338
9407
9489
9484
9257
9336
9182
9235
9248
9194
9007
9192
9270
9338
9366
9202
9486
9558
9262
9422
9469
9514
9541
9451
9542
9294
9262
9171
9314
9469
9382
9274
9499
9578
9506
9444
9540
9527
9474
9408
9436
9474
9458
9300
9192
9265
9368
9262
9060
8982
8974
9482
9082
9160
8729
8731
8924
8781
9261
9194
9023
8974
9270
9501
9582
9553
9463
9290
9401
9407
9478
9292
9414
9507
9546
9517
9519
9496
9391
9456
9464
9543
9459
9450
9347
9368
9336
8964
9141
9485
9501
9283
9533
9447
9464
9392
9598
9478
9462
9456
9508
9369
9284
9253
9233
9402
9480
9378
9332
9345
9433
9305
9496
9474
9319
9185
9322
9253
9163
9221
9430
9297
9297
9406
9435
9435
9265
9152
9443
9300
9240
9409
9273
9382
9561
9454
9549
9454
9444
9348
9305
9428
9265
9329
9012
9060
9155
8882
9381
9305
9477
9360
9493
9342
9447
9460
9394
9404
9545
9521
9457
9289
9435
9266
9398
9459
9245
9404
9425
9480
9436
9254
9281
9155
9367
9414
9415
9423
9392
9382
9472
9313
9158
9267
9432
9467
9469
9492
9482
9253
9375
9297
9475
9493
9375
9287
8984
9282
9303
9348
9399
9162
9113
9236
9359
9270
9110
9072
9122
9173
9243
9268
9324
9468
9408
9428
9360
9423
9365
9384
9235
9446
9238
8972
9249
9332
9435
9366
9348
9314
9324
9303
8837
9224
9246
9259
9307
9318
9405
9313
9273
9376
9398
9231
9371
9514
9217
9408
9477
9572
9556
9398
9049
9438
9403
9493
9359
9332
9322
9305
9185
8644
9074
9369
9266
9283
9157
9421
9373
9425
9322
9292
9374
9260
9124
9428
9435
9351
9351
9338
9312
9168
8978
8922
8966
8922
9603
9547
9545
9582
9608
9629
9426
9303
9342
9477
9508
9661
9538
9687
9574
9581
9418
9480
9437
9197
9024
9097
8997
8941
9417
9438
9433
9486
9375
9433
9359
9243
9128
9446
9563
9561
9447
9530
9540
9536
9558
9501
9439
9481
9269
9442
9580
9496
9366
9238
9564
9487
9543
9429
9364
9504
9533
9586
9544
9152
9480
9213
9340
9219
9406
9415
9418
9461
9082
9275
9370
9431
9157
9194
9208
9273
9146
9199
9314
9296
9522
9523
9389
9399
9412
9422
9338
9402
9087
9224
9090
9123
8849
8938
8989
8921
9203
9260
9476
9321
9281
9076
9403
9294
9168
9313
9180
9338
9365
9351
9430
9450
9437
9371
9316
9404
9373
9371
9256
9352
9273
9272
9286
9262
9352
9376
9315
9242
9283
9215
9099
8892
8902
8978
8884
9265
9048
9210
9314
9295
9466
9310
9169
9245
9383
9413
9382
9095
9037
8995
8992
9035
9198
9243
9235
8813
9018
9096
8966
9073
9278
9192
9158
9305
9373
9372
9408
9351
9293
9254
9316
9391
9356
9306
9374
9436
9303
9252
9178
8805
9075
9007
9148
8946
9283
9255
9329
9403
9488
9253
9424
9300
9471
9330
9199
9400
9398
9377
9375
9314
9169
9196
9255
9317
9237
9333
9380
9223
9589
9540
9364
9484
9191
9362
9515
9454
9268
9327
9266
8481
9315
9329
8758
8909
8868
9078
9089
9176
9190
9528
9167
9465
9421
9547
9552
9528
9495
9016
9458
9464
9415
9363
9312
9151
9351
9404
9205
9206
9197
9256
9496
9281
9203
9494
9505
9361
9282
9438
9349
9435
9329
9503
9523
9487
9424
9429
9372
9371
9410
9221
9223
9436
9490
9477
9317
9400
9480
9331
9286
9136
9117
8801
8749
8600
8714
9046
9219
9373
9349
9255
9349
9261
9241
9086
9434
9476
9526
9317
9254
9238
9442
9365
9193
8943
9003
8652
8715
8780
8821
8517
8376
8276
8223
8279
8308
8702
9393
9288
9459
9322
9364
9323
9435
9126
9165
9304
9459
9501
9239
9415
9252
9236
9201
9209
9290
9032
9051
9352
9357
9259
9427
9406
9415
9301
9215
9331
9410
9382
9443
9450
9483
9239
9234
9338
9493
9279
9423
9237
9306
9239
9395
9276
9375
9265
9014
8995
9153
9056
9045
9110
9473
9306
9263
9240
9027
8971
9103
9180
9348
9129
8783
9134
9280
9218
9201
9424
9351
9281
9357
9419
9301
9276
8997
8929
8854
8894
9378
9346
9323
9101
9091
9002
9231
9192
9469
9126
9411
9366
9199
9345
9405
9344
9399
9516
9452
9400
9361
9360
9430
9400
9315
9324
9298
9419
9480
9437
9367
9307
9363
9345
9460
9312
9256
9127
9114
9167
9202
8913
8868
8947
8982
8930
9420
9536
9348
9492
9425
9379
9453
9304
9109
9325
9364
9369
9336
9425
9368
9369
9449
9236
9448
9402
9481
9300
8976
9370
9517
9533
9525
9431
9502
9446
9565
9566
9546
9448
9452
9548
9577
9550
9507
9462
9495
9390
9427
9354
9234
9556
9596
9556
9599
9590
9534
9541
9589
9602
9458
9530
9543
9591
9406
9576
9411
9427
9170
9183
8967
9461
9424
9542
9351
9519
9373
9420
9291
9425
9309
9495
9168
9176
9445
9516
9457
9562
9555
9517
9451
9428
9447
9371
9349
9517
9193
9407
9478
9242
8958
8979
9019
9044
9595
9565
9487
9535
9393
9424
9430
9399
9417
9462
9427
9516
9440
9418
9294
9376
9294
9048
9326
9335
9328
9457
9284
9446
9479
9456
9326
9326
9354
9512
9249
9270
9151
9194
9425
9420
9359
9155
9211
9238
9142
9378
9162
9154
9286
9162
9316
9397
9343
9390
9324
9353
9269
9265
9320
9341
9348
9379
9388
9388
9323
9420
9312
9094
9281
9288
9188
9350
9391
9409
9104
9216
9271
9359
9308
9082
8975
8975
9251
9363
9231
9226
9128
9414
9284
9242
9170
9054
9226
9347
9291
9191
9353
9276
9233
9196
9252
9075
9206
9257
9286
9179
9335
9283
9452
9097
9267
9339
9231
9383
9313
9161
9194
9314
9268
9405
9194
9423
9386
9279
9349
9245
9380
9214
9417
9020
8966
9014
9147
9104
9366
9029
9316
9348
9445
9326
9397
9110
9349
9441
9340
9106
9158
8429
8383
8578
8495
8450
8365
8499
9521
9568
9608
9543
9614
9584
9495
9553
9553
9202
9468
9478
9478
9664
9640
9615
9522
9253
9547
9518
9484
9702
9666
9695
9533
9603
9437
9467
9555
9322
9485
9475
9500
9464
9523
9440
9393
9428
9546
9287
9462
9493
9484
9676
9453
9576
9266
8807
8890
8917
8898
9354
9543
9582
9446
9477
9231
9600
9563
9677
9588
9528
9576
9397
9483
9369
9392
9200
9264
9399
9323
9147
9255
9143
9477
9423
9464
9612
9581
9499
9561
9598
9390
9484
9329
9537
9261
9237
9218
9197
9418
9706
9682
9435
9556
9385
9257
9620
9483
9514
9618
9480
9463
9595
9620
9391
9610
9608
9576
9548
9637
9433
9527
9651
9490
9488
9483
9288
9421
9581
9468
9578
9411
9400
9461
9534
9463
9406
9147
9291
9227
9345
9382
9461
9334
9439
9532
9536
9438
9263
9325
9367
9090
9278
9279
9207
9383
8998
9196
9306
8896
9288
9418
9390
9433
9262
9312
9393
9250
9300
9325
9508
9527
9333
9405
9512
9424
9415
9072
9145
9010
9155
9069
9199
9283
9287
9035
9309
9394
9398
9362
9414
9308
9457
9260
9192
9384
9409
9420
9195
9356
9440
9124
9380
9419
9268
9324
8937
9119
9489
9530
9419
9437
9485
9565
9464
9376
9529
9424
9494
9083
9245
9299
9220
9376
9349
9343
9243
9284
9255
9371
9464
9288
9435
9067
9195
8987
8968
9046
9025
9171
9185
9182
9254
9222
9594
9435
9488
9403
9130
9175
9147
9165
8802
8927
8827
8723
8689
8552
8671
8723
8665
8820
8831
8757
9666
9654
9604
9540
9520
9610
9624
9564
9552
9630
9509
9503
9547
9578
9379
9487
9514
9429
9457
9557
9557
9627
9612
9556
9573
9460
9352
9552
9451
9161
9386
9301
9417
9458
9439
9304
9446
9349
9242
9396
9325
9270
9288
9051
9310
9327
9405
9454
9487
9293
9397
9512
9512
9549
9463
9394
9483
9420
9603
9277
9497
9588
9504
9483
9417
9413
9253
9467
9407
9341
9348
9441
9469
9541
9508
9324
9493
9371
9209
9491
9451
9411
9527
9356
9304
9414
9468
9300
9411
9396
9129
9217
9033
9004
8804
8711
7711
7789
7767
7751
7786
7761
7761
7818
7834
9122
9273
9316
9394
9338
9367
9366
9524
9513
9519
9296
9481
9459
9334
9314
9225
9290
9012
9172
9264
9188
9093
9132
9303
9304
9057
9133
9380
9206
9384
9328
9490
9528
9504
9328
9068
9088
9401
9382
9037
9285
9432
9405
9378
9382
9247
9347
9423
9324
9345
9416
9385
9410
9466
9460
9420
9404
9470
9433
9435
9195
9237
9300
9387
9454
9490
9342
9457
9393
9335
9319
9489
9386
9274
9378
9234
9402
9389
9297
9422
9522
9294
9493
9376
9493
9454
9461
9382
9103
9221
9123
9281
9496
9239
9219
9249
9405
9469
9295
9363
9301
9409
9307
9294
9349
9363
9426
9336
9313
9487
9382
9257
9504
9243
9205
9244
9311
9358
9329
9386
9398
9346
9416
9440
9131
9119
9307
9450
9424
9494
9311
9206
9130
9380
9433
9387
9329
9295
9442
9367
9311
9314
9322
9251
9258
9247
9442
9415
9359
9221
9277
9286
9251
9220
9323
9116
9368
9389
9391
9356
9449
9466
9446
9493
9431
9453
9409
9331
9196
9126
9111
9217
9263
9094
9239
9176
9125
9117
9113
9173
9210
9123
9364
9087
9239
9371
9431
9285
9329
8950
8977
9047
9009
8869
9131
9105
9391
9155
9442
9327
9402
9362
9431
9208
9316
9336
9442
9391
9438
9277
9419
9488
9482
9305
9336
8948
9334
9319
9326
9489
9351
9137
9507
9562
9408
9360
9395
9271
9423
9390
9236
9326
9286
9382
9266
9363
9181
9338
9302
9251
9188
9193
9244
9219
9181
9345
9297
9059
9230
9177
9235
9499
9485
9634
9514
9578
9502
9634
9495
9474
9483
9506
9475
9595
9610
9525
9353
9318
9373
9333
9220
9472
9531
9107
9466
9360
9382
9439
9426
9301
9358
9302
9161
9404
9458
9314
9300
9267
9429
9469
9483
9317
9416
9467
9600
9584
9346
9278
9162
9349
9191
8844
8906
8713
8963
9241
9362
9419
9408
9455
9469
9390
9316
9476
9572
9504
9469
9518
9503
9473
9523
9296
8999
8909
9229
9389
9112
9123
9303
9442
9235
9146
9295
9231
9252
9506
9497
9500
9484
9466
9396
9483
9517
9549
9245
9204
9269
9293
9389
9455
9393
9471
9320
9555
9434
9474
9293
9218
9214
9440
9218
9203
9349
9481
9399
9438
9318
9139
9418
9364
9149
9492
9184
9469
9347
9532
9480
9475
9247
9230
9159
9409
9397
9380
9564
9447
9439
9348
9229
9389
9242
9361
9404
9430
8851
9008
9277
9228
9223
9225
8824
9161
9299
8946
9248
9350
9247
9349
9284
9286
9308
9175
9082
9353
9362
9217
9227
9192
9180
9429
9268
9319
9278
9243
9154
9193
8901
9310
9246
9330
9431
9383
9299
9368
9466
9407
9232
8660
9247
9229
9355
9146
9118
9418
9438
9417
9382
9392
9403
9399
9501
9493
9381
9387
9240
9018
9173
9035
9143
9242
9313
9321
9125
9166
9234
9411
9431
9261
9189
9408
9409
9289
9330
9044
8997
8904
8650
8636
8835
8906
9140
9017
9025
9019
8913
8916
8920
8818
8989
9045
9082
9241
9347
9333
9283
9078
9249
9410
9363
9185
9210
8936
9338
9359
9439
9454
9434
9318
9244
9218
9364
9288
9355
9266
9274
9437
9371
9017
9261
9322
9275
9337
9217
9174
9290
9373
9218
9251
9263
9296
9308
9177
8915
9151
9020
8929
8986
9065
9099
9249
9111
9111
9288
9351
9353
9386
9249
9324
9181
9338
9322
9183
9148
9225
9276
9351
9355
9297
8977
9134
9323
9455
9333
9295
9377
9130
9355
9375
9312
9221
9125
9358
9302
8942
9286
9372
9313
9488
9410
9379
9403
9357
9138
9405
9391
9462
9360
9337
9393
9384
9459
9317
9231
9458
9455
9452
9480
9408
9339
9387
9211
9475
9541
9354
9179
9194
9038
9044
9122
9276
9254
9236
9262
9268
9272
9070
9142
9128
9151
9179
9425
9257
9366
9375
9415
9298
9426
9290
9252
9206
8954
9205
9262
9127
9307
9326
9027
9201
9049
8767
8870
8959
8866
8845
8855
8426
8573
8605
8553
9229
9583
9519
9332
9561
9409
9382
9501
9466
9467
9401
9094
9533
9488
9508
9296
9461
9495
9332
9427
9505
9395
9351
9266
9387
9505
9500
9453
9372
9384
9322
9401
9464
9481
9457
9423
9434
9464
9292
9293
9210
9211
9249
9098
9112
9097
9191
9495
9477
9392
9436
9455
9542
9425
9398
9452
9416
9455
9561
9496
9574
9374
9487
9447
9485
9387
9387
9246
9097
9380
9442
9390
9292
9486
9424
9345
9533
9427
9487
9460
9289
9473
9538
9537
9380
9472
9508
9504
9294
9193
9346
9446
9465
9528
9248
9081
9244
9369
9429
9407
9541
9447
9528
9259
9235
9384
9113
9301
9447
8914
8906
9044
9039
9258
9127
9028
8889
9107
9169
9226
9452
9371
9452
9360
9122
8957
9141
9415
9401
9180
9144
8750
9019
9181
9394
9040
9084
8387
8766
8913
8997
9153
8893
8932
8877
8777
8392
8693
8781
8960
8976
8809
8946
9304
9360
9403
9363
9391
9410
9231
9467
9436
8843
9062
9183
9536
9487
9141
9208
9225
9146
9165
9123
9248
9338
9384
9373
9325
9283
9355
9265
9415
9509
9468
9436
9426
9489
9445
9400
9420
9382
9440
9260
9443
9182
9288
9364
9149
9310
9342
9397
9513
9579
9506
9577
9482
9354
9414
9450
9489
9500
9448
9499
9615
9502
9459
9584
9603
9513
9537
9494
9366
9351
9393
9564
9527
9520
9598
9504
9602
9512
9600
9400
9299
9493
9567
9552
9554
9386
9260
9301
9579
9587
9512
9474
9031
9290
9382
9424
9499
9446
9328
9309
9597
9557
9468
9605
9531
9525
9504
9549
9658
9498
9495
9478
9333
9207
9444
9497
9407
9327
9207
9361
9510
9594
9572
9493
9364
9336
9508
9546
9486
9438
9415
9230
9141
9144
9322
9154
9338
9052
9058
9246
9216
9317
9384
9344
9491
9445
9360
9186
9178
9145
9300
9207
9003
9352
9450
9438
9485
9480
9379
9345
9283
9153
9455
9488
9285
9361
9534
9454
9385
9326
9438
9390
9471
9474
9498
9577
9535
9547
9426
9450
9321
9355
9367
9324
9472
9466
9460
9474
9478
9441
9403
9077
9259
9238
9267
9193
9118
9128
9298
9176
9120
9403
9478
9504
9487
9338
9398
9163
9451
9414
9472
9519
9434
9189
9442
9520
9480
9503
9506
9333
9461
9312
9413
9368
9377
9382
9482
9594
9419
9502
9553
9468
9528
9433
9484
9500
9543
9456
9161
9226
9396
9476
9513
9446
9419
9447
9369
9457
9427
9533
9511
9487
9410
9347
9478
9533
9464
9241
9389
9470
9464
9538
9521
9441
9457
9396
9454
9335
9410
9342
9260
9292
9289
9375
9497
9502
9424
9362
9465
9461
9527
9309
9517
9551
9110
9059
9219
9346
9359
9200
9212
9313
9281
9193
9240
9172
8805
9190
9338
9086
8827
9038
9385
9451
9335
9410
9306
9346
9292
9028
9356
9232
9209
9325
9281
9309
9407
9241
9208
9210
9225
9224
9128
8833
8988
9111
9236
9106
8864
8864
8836
8681
8635
9339
9290
9280
9300
9230
9237
9331
9198
8866
8869
8936
9104
9075
9295
9156
9165
9201
9199
8903
8744
8554
8570
8591
8633
9008
9140
9134
9094
9270
9212
9267
9318
9394
9347
9086
9297
9130
9166
9337
9092
9249
9251
9113
8941
8842
9315
9267
9033
9332
9189
9300
9408
9412
9260
9155
9148
9397
9271
9484
9296
9310
9311
9368
9399
9316
9415
9380
9355
9289
9007
9157
9071
9299
9252
9271
9201
9068
9363
9382
9143
9373
9250
9338
9207
9256
9479
9255
9280
9286
9157
9257
9189
9160
9301
9168
9203
9444
9291
9307
9324
8984
9342
9291
9272
9013
9039
8955
8719
9067
8993
9032
9133
8908
8837
8982
8796
9009
9392
9436
9055
9186
9205
9111
9221
9303
9294
9256
9420
9244
9045
9151
9273
9300
9288
8879
9060
9078
9202
9199
9145
9222
9225
8943
9021
9221
9310
9165
9285
9096
9027
9195
9326
9167
9137
8907
9043
9311
9308
8998
9214
9181
9178
9299
9202
9103
9029
9271
9268
9084
9097
9119
9195
9279
9294
9051
9329
9260
9319
9315
9139
9097
9248
9316
9033
9028
8980
9072
8874
9114
8963
8722
9181
9181
9169
9311
9272
9155
9325
9299
9147
9353
9341
9203
9292
9285
9160
9144
9290
9284
9001
9147
9271
9067
9173
8897
9047
9201
9289
9252
9222
9299
9073
8999
9253
9303
9275
9192
9276
9218
8910
9090
9106
9085
9345
9290
9330
9090
9287
9129
9383
9348
9272
9113
9096
9362
9392
9276
9315
9407
9454
9330
9316
9337
9217
9001
9168
9311
9371
9387
9432
9225
9268
9238
9105
9143
8810
9043
8951
8770
8805
9055
9272
9327
8932
9206
9250
9302
9383
9288
9074
9125
9008
9237
9226
8699
9146
9058
9170
9185
9313
8803
8915
8831
9028
9268
9367
9257
9179
9044
9008
9341
9175
9402
9374
9427
9144
9370
9413
9139
9050
8802
9194
9128
8735
9391
9353
9097
9082
9125
9353
9159
9166
9006
8351
8773
9090
8913
8896
8671
8805
8662
8828
8786
9107
8877
9310
9261
9420
9233
9382
9421
9290
9289
9215
8937
9218
9349
9174
9169
9068
9262
9258
9171
9337
9299
9247
9341
9427
9384
9077
9259
9064
9271
9294
9463
9534
9389
9297
9204
9233
8955
9214
9366
9262
9245
9291
9095
8773
8762
8727
8927
8932
8894
9493
9565
9417
9526
9480
9421
9326
9434
9483
9508
9475
9356
9270
9341
9386
9456
9503
9407
9461
9364
9344
9204
9244
9047
9244
9439
9445
9303
9285
9366
9164
9396
9435
9142
8836
8904
8892
8797
8729
8581
8494
8221
8284
8172
8118
7382
7395
7381
7424
7479
7444
8491
9511
9362
9268
9270
9426
9470
9318
9481
9585
9476
9243
9576
9504
9526
9533
9439
9156
9118
8936
9018
9220
9260
9531
9427
9137
9252
8883
8983
9274
9296
9301
9334
9167
9126
8919
9430
9429
9221
9209
9149
8749
8713
8645
8776
8891
9256
9056
9234
9471
9430
9340
9027
9121
9336
9395
9513
9269
9309
9448
9366
9178
9227
9091
9419
9411
9353
9385
9307
9250
9266
9437
9361
9394
9163
9466
9483
9504
9216
9473
9528
9444
9322
9021
9242
9313
9029
8911
9321
9433
9435
9569
9323
9565
9544
9400
9171
9359
9188
9317
9322
9303
9351
9581
9551
9230
9427
9415
9391
9464
9440
9353
9466
9459
9353
9490
9505
9490
9222
9079
9242
9329
9192
9307
9345
9492
9430
9342
8598
8567
8522
8513
9469
9512
9560
9312
9466
9529
9412
9487
9462
9398
9110
9218
9343
9258
9305
8857
9026
9198
9143
9207
9273
9231
9366
9516
9414
9514
9230
9363
9173
9409
9479
9436
9285
9211
9459
9237
9331
9348
9240
8984
8811
9036
9408
9638
9526
9431
9507
9250
9162
9239
8973
9494
9396
9341
9359
9519
9513
9034
9341
9514
9508
9586
9365
9356
9177
9158
9307
9352
9516
9502
9368
9424
9272
9483
9502
9331
9475
9417
9293
8909
8941
9223
9287
9366
9280
9310
9205
9180
9508
9412
9296
9413
9140
9252
9528
9549
9521
9389
9202
9389
9441
9306
9150
9320
9355
9292
9458
9393
9502
9619
9580
9595
9601
9619
9644
9456
9396
9256
9128
9004
9527
9652
9649
9630
9548
9488
9506
9400
9112
9384
9304
9005
9407
9446
9533
9634
9604
9567
9556
9533
9142
9403
9461
9578
9513
9305
9010
9495
9582
9481
9258
9631
9579
9300
9604
9646
9630
9570
9412
9427
9371
9304
9515
9494
9385
9486
9100
9171
9075
9133
9158
9391
9297
9509
9497
9525
9535
9501
9379
9441
9377
9323
9501
9404
9294
9401
9374
9075
9111
9311
9410
9512
9387
9518
9452
9437
9435
9406
9395
9031
9035
9046
9406
9430
9237
9464
9378
9441
9377
9338
9298
9329
9476
9374
9328
9304
9205
9163
9195
9428
9440
9465
9428
9251
9369
9393
9208
9298
9268
9182
9324
9226
9250
9198
9155
9357
9263
9348
9344
9368
9217
9128
9403
9031
9070
8907
8923
9097
9215
9324
9306
9319
9054
9330
9425
9125
9120
9218
9048
9107
9354
9444
9393
9415
9411
9304
9384
9014
9217
9243
8996
9162
9316
9376
9141
9358
9362
9305
9410
9426
9249
9298
9198
9351
9347
9272
9337
9459
9415
9168
9169
8635
9076
9200
9211
9300
9241
9447
9330
9485
9363
9278
9268
9192
9295
9435
9529
9489
9403
9070
9211
9275
9052
9160
9332
9311
9155
9358
9468
9405
9307
9366
9190
9191
9471
9462
9344
9427
9480
9491
9522
9354
9328
9287
9181
9134
9123
9209
9370
9180
9040
9412
9397
9355
9557
9418
9403
9503
9513
9475
9361
9188
9273
9350
9246
9323
9510
9435
9375
9434
9467
9410
9420
9381
9311
9319
9034
9073
9297
9246
9363
8961
9054
9182
9373
9434
9419
9495
9493
9491
9449
9372
9351
9458
9473
9291
9179
9098
9009
9380
9473
9152
9384
9371
9443
9254
9015
9075
8947
9011
9405
9306
9435
9257
9391
9348
9164
9372
9377
9531
9467
9495
9538
9458
9478
9192
9443
9389
9151
9349
9509
9304
9456
9508
9356
9467
9527
9495
9513
9538
9496
9488
9310
9433
9527
9385
9265
9339
9478
9367
9529
9437
9264
9417
9429
9296
9348
9245
9550
9412
9412
9412
9401
9383
9438
9197
8895
9335
9435
9465
9492
9471
9482
9350
9434
9439
9451
9317
9101
9025
9345
9350
9289
9228
9302
9445
9477
9486
9466
9462
9363
9438
9310
9357
9365
9392
9494
9503
9430
9477
9411
9412
9484
9366
9584
9548
9436
9459
9500
9472
9395
9368
9436
9477
9401
9337
9216
9357
9240
9469
9379
9442
9436
9300
9224
9402
9376
9301
9376
9294
9050
9196
9316
9206
9239
9071
9420
9533
9491
9477
9487
9506
9384
9429
9491
9419
9436
9437
9229
9469
9511
9489
9398
9558
9466
9400
9412
9337
9173
9252
8940
9085
9153
8957
8758
8812
9226
9237
9478
9569
9416
9399
9321
9505
9470
9300
9323
9428
9136
9037
8984
9080
8940
8829
8982
9407
9459
9227
9438
9486
9400
9333
9465
9095
9487
9523
9358
9584
9409
9418
9416
9475
9497
9397
9379
9295
9364
9449
9378
9444
9459
9393
9328
8992
9115
9273
9350
9429
9487
9455
9363
9429
9491
9445
9307
9485
9243
9471
9476
9378
9416
9325
9485
9336
9195
9336
9286
9433
9546
9448
9176
9451
9451
9527
9480
9504
9526
9534
9579
9295
9449
9378
9375
9485
9284
8964
9356
9566
9308
9496
9495
9532
9499
9401
9373
9305
9308
9343
9282
9424
9295
9391
9361
9444
9491
9416
9548
9516
9359
9320
9277
9201
9403
9248
9472
9305
9239
9447
9528
9388
9563
9331
9267
9386
9496
9563
9519
9506
9408
9416
9395
9181
9446
9281
9308
9393
9465
9500
9457
9329
9147
9261
9295
9206
9374
9084
9417
9432
9246
9472
9523
9453
9527
9374
9347
9378
9520
9365
9394
9468
9378
9408
9454
9300
9406
9455
9383
9504
9478
9501
9317
9403
9385
9384
9132
8838
8994
8849
8876
8916
8952
9426
9470
9469
9362
9135
9258
9197
9038
9247
9030
9165
9280
9226
9301
9207
8937
9305
9410
9473
9518
9437
9481
9424
9214
9255
9324
9222
9038
9371
9175
9158
9247
9411
9503
9301
9305
9245
9037
9306
9347
9361
9409
9519
9465
9345
9183
9045
9181
9140
9419
9531
9540
9450
9432
9433
9147
9364
9452
9131
9320
9286
9391
9389
9389
9147
9247
9282
9154
9298
9435
9282
9307
9151
9201
9340
9279
9318
9337
9295
9356
9295
9224
9352
9197
9422
9275
9329
9128
9292
9483
9290
9150
9435
9400
9474
9423
9372
9360
9369
9310
9316
9284
9335
9318
9346
9213
9191
9217
9254
9351
9210
9096
9200
9215
9318
9137
9065
9117
9110
9122
8863
9318
9190
9444
9413
9405
9340
9448
9389
9387
9348
9228
9390
9387
9225
9368
9251
9247
9137
9259
9457
9374
8941
9412
9250
9352
9322
9458
9453
9408
9304
9507
9354
9454
9486
9457
9428
9446
9267
9407
9359
9328
9354
9362
9370
9342
9276
9326
9271
9483
9373
9285
9497
9500
9478
9099
9415
9391
9211
9238
9268
9245
9350
9330
9286
9434
9556
9421
9554
9349
9327
9285
9191
9322
9502
9517
9240
9039
8906
9058
9025
9113
9076
9360
9441
9404
9429
9368
9442
9465
9546
9608
9411
9505
9536
9519
9423
9319
9331
9093
9519
9512
9553
9521
9531
9496
9581
9473
9395
9373
9349
9408
9468
9361
9332
9426
9494
9388
9519
9512
9477
9466
9479
9496
9401
9422
9534
9417
9477
9339
9388
9586
9369
9305
9295
9212
9420
9465
9483
9327
9276
9327
9361
9506
9235
9383
9527
9378
9337
9185
9238
9337
9430
9434
9345
9357
9502
9460
9521
9403
9333
9529
9521
9538
9503
9372
9366
9522
9495
9343
9317
9517
9445
9448
9520
9465
9312
9363
9533
9393
9433
9269
9384
9388
9302
9428
9417
9357
9249
9233
9469
9242
9284
9294
9009
9110
9006
8867
9152
9091
8995
8938
8954
8887
8829
8864
9030
9088
9194
9117
8971
8748
8683
8830
8818
9144
9458
9313
9228
9208
9221
8519
9201
9196
9114
9368
9207
9267
9135
9325
9005
9209
9362
9242
9329
9087
8767
9099
8969
9238
9266
9516
9333
9306
9369
9312
9159
9233
9367
9409
9072
9309
9301
9395
9401
9386
9342
9191
9094
9299
9174
9304
9316
9435
9413
9002
8816
9271
9182
9163
9396
9440
9314
9353
9492
9253
9312
9186
9063
9128
9404
9264
9515
9426
9448
9081
8704
9256
9387
9375
9384
9313
9135
9126
8857
8451
8659
8694
8670
8690
8627
8725
9491
9408
9310
9371
9328
9363
9383
9439
9242
8897
9322
9283
9399
9475
9352
9405
9471
9415
9312
9148
9346
9385
9390
9370
9455
9277
9216
9168
9190
9230
9249
9368
9312
9159
9249
9285
9382
9339
9162
9049
9136
9317
9218
9402
9408
9370
9316
9105
8891
9237
9040
8938
8642
8772
8858
8885
8926
8985
9142
9132
8865
8793
8761
9197
9315
9145
9168
9133
8585
8526
8531
8522
8532
8595
8254
9338
9290
9390
9305
9147
9179
9036
9168
9187
9411
9398
9317
9345
9281
9263
9391
9357
9402
9268
9336
9389
9277
9267
8931
8538
8883
9324
9367
9376
9198
9286
9302
9377
9345
9349
9137
9274
9181
9399
9306
9265
9276
9226
9084
9194
9184
9287
9158
9245
9452
9445
9380
9011
9071
8916
8556
8581
8594
8476
8843
8706
8774
9222
9324
9316
9387
9185
9063
9394
9366
9310
9260
9199
9188
8828
9183
9514
9488
9252
9480
9393
9218
9091
9365
9262
9199
9433
9346
9232
9268
9473
9338
9480
9386
9123
9440
9233
9450
9445
9423
9381
9150
8945
9323
9484
9237
9154
9304
9356
9399
9310
9424
9365
9481
9483
9477
9317
9260
9447
9466
9474
9422
9439
9443
9408
9388
9401
9403
9263
9318
9335
9344
9175
9052
9222
9376
9207
9179
8672
8928
8829
8857
8703
8779
9294
9414
9403
9327
9192
9236
9324
9365
9391
9442
9496
9430
9454
9366
9446
9383
9461
9312
9379
9367
9582
9542
9475
9504
9517
9506
9439
9391
9323
9399
9474
9349
9310
9409
9351
9330
9340
9262
9447
9369
9535
9527
9412
9476
9490
9560
9572
9384
9491
9498
9383
9544
9399
9465
9282
9351
8889
9278
9414
9271
9061
9332
9241
9038
9074
9197
9330
9409
9432
9387
9428
9342
9445
9515
9553
9527
9538
9430
9280
9276
9152
9158
9283
9373
9375
9469
9318
9193
9444
9383
9224
9118
9049
9357
9470
9309
9280
9470
9309
9329
9457
9452
9454
9367
9438
9393
9244
9138
9267
9382
9363
9375
9352
9390
9206
9345
9440
9382
9369
9269
9140
9175
9454
9255
9213
9352
9190
9466
9244
9348
9369
9385
9466
9532
9442
9353
9393
9151
9323
9334
9266
9244
9251
9340
9252
9077
9077
9035
8423
8216
8347
8732
8853
8915
8945
8891
9013
9089
9244
9210
9239
9145
9369
9470
9233
9159
9390
9439
9480
9392
9290
9269
9182
9187
9511
9524
9494
9488
9407
9506
9340
9476
9403
9368
9330
9236
9425
9439
9305
9362
9315
9433
9521
9479
9531
9328
9412
9275
9286
9151
8895
9212
9485
9462
9471
9347
9047
9209
9232
9369
9458
9503
9472
9328
9202
8885
9063
9399
9328
9338
9417
9427
9340
9327
9391
9465
9328
9361
9396
9372
9414
9103
8937
8759
8702
9076
8920
9284
9470
9445
9324
9492
9464
9339
9472
9424
9245
9027
9196
9223
9183
9139
8920
9253
9229
9313
9332
9066
8822
8708
8389
8529
8494
8501
8378
8653
8447
8651
9431
9179
9198
9314
9192
9396
9232
9462
9282
9362
9274
9288
9370
9388
9396
9225
9142
9248
9290
9271
9327
9352
9321
9412
9363
9533
9466
9305
9358
9324
9371
9308
8017
8223
8341
8455
8482
8455
9426
9431
9454
9391
9449
9269
9001
9353
9352
9327
9364
8551
9356
9285
9493
9376
9172
9317
9312
9014
8443
8590
8617
8605
8698
8769
8844
8907
9066
8879
8833
8896
8829
9498
9499
9369
9408
9427
9198
9091
9376
9437
9133
9220
9173
9242
9192
9102
9257
9285
9248
9162
9288
8901
9316
9326
9278
9524
9445
9348
9492
9102
9089
9170
9311
9310
9335
9326
9258
9200
9210
8691
9108
9218
9174
9182
9301
9349
9432
9454
9316
8974
9030
9078
8432
8247
8546
8849
8802
9091
9186
9052
8941
9273
9356
9151
9372
9194
9301
9343
9461
9357
9464
9174
8748
7937
9121
8594
9033
9223
9263
9242
9425
9419
9465
9398
9436
9162
9246
9221
9054
9438
9133
9113
9042
9298
8963
8984
9492
9412
9182
9440
9370
9118
9299
9006
9316
9305
9015
9045
9225
9112
9289
9377
8808
9263
9218
8406
8456
8718
8855
9135
9028
9210
9456
9405
9276
8959
9085
9107
8018
7950
8059
7947
8046
7999
7593
7933
7850
7994
9019
9505
9553
9413
9487
9515
9540
9165
8695
9041
8963
8879
9498
9506
9481
9542
9564
9498
9489
9479
9469
9473
9299
9129
9353
9280
9343
9361
9376
9331
9414
9401
9306
9428
9275
9322
9310
9398
9500
9464
9378
9454
9380
9426
9309
9110
9439
9521
9580
9284
9106
9289
9023
8579
9319
9421
9373
9455
9391
9346
9387
9286
9304
9272
9324
9274
9192
9158
8702
9071
9341
9376
9002
9057
8962
9197
8956
8466
9134
9271
9414
9548
9397
9513
9457
9443
9169
9340
9325
8855
9049
9498
9470
9525
9504
9297
9532
9383
9330
9464
9467
9387
9425
9395
9264
9358
9399
9334
7066
9254
9395
9235
9035
8788
8734
9063
8859
9086
9469
9138
9278
9276
9412
9286
9490
9196
9190
9051
8866
8880
9168
9272
9197
8768
8998
8901
9174
9071
9420
9378
8529
9191
9327
9279
9250
9236
9352
9268
8846
8987
9024
8893
9210
9163
9059
9177
9191
8864
8874
8816
8603
8694
8768
8590
8652
9525
9290
9427
9402
9402
9472
9422
9310
9221
9282
9371
9321
9335
9383
9387
9169
9270
9315
9437
9348
9290
9259
9366
9386
9281
9189
9180
9255
9381
9359
9357
9256
9323
9270
9296
9386
9116
9307
9143
9231
9275
9461
9308
9454
9424
9301
9513
9272
9516
9509
9314
9307
8970
8848
8929
9014
9361
9369
9468
9245
9293
9249
9070
9282
9330
9286
9349
9251
9268
9149
9314
9297
9349
9289
9292
8857
8873
9245
9209
9291
9510
9451
9291
9302
9147
9331
9192
9225
9423
9343
9216
9187
9110
9217
9324
9384
9359
9168
9214
9140
9067
8994
8985
9374
9355
9180
9311
9511
9367
9205
9136
8467
8927
8575
8980
8918
9214
8946
9355
9336
9261
8851
8589
9057
9066
9215
9261
9347
9263
9357
9211
9207
9205
9360
9284
9379
9356
9298
9232
9330
9248
9380
9210
9272
9212
9050
8898
9044
9135
9364
9269
9330
9376
8941
9264
9393
9388
9264
9225
9334
9370
9409
9197
9334
9270
9374
9013
9179
9318
9344
9312
9179
9142
8981
8882
9385
9420
9274
9345
9393
9380
9354
9311
9151
9345
9236
9404
9302
9472
9372
9423
9283
9198
9299
8735
9437
9382
9178
9141
9312
9216
9281
9196
9115
9194
9132
8907
9070
9228
9323
9216
9116
9102
9098
9177
9213
9183
9270
9356
9232
9282
9238
9222
9262
8936
8630
8811
8784
9007
8832
9150
8979
9113
9264
9516
9283
8998
9137
9216
8867
8617
8835
8890
9240
9358
9151
8949
9219
9232
8942
8959
9075
8852
9295
9172
9271
9253
9272
9272
9325
9342
9243
9174
9142
9206
9354
9201
9224
9083
8940
8928
8914
8443
8588
9232
9024
9135
9118
9319
9316
9019
9336
9251
9088
9221
9076
8941
8829
8974
8935
9092
9104
9070
8333
9290
9322
9412
9357
9498
8987
9099
9322
9342
9162
9392
9405
9359
9234
9444
9353
9374
8738
8747
8824
8904
8847
8865
8935
9505
9502
9403
9286
9349
9416
9391
9508
9386
9510
9553
9381
9413
9226
8965
9300
9356
9462
9234
9463
9266
9414
9478
9483
9190
9467
9389
9403
9477
9243
9478
9203
9374
9367
9421
9224
9275
8958
8890
9305
9461
9422
9091
9401
9502
9290
9413
9428
9407
9454
9418
9385
9458
9434
9454
9447
9476
9472
9159
9256
9431
9422
9312
9524
9365
9194
9174
9131
9028
9372
9520
9520
9432
9185
9227
9417
9386
9105
9365
9020
9367
9308
9195
8972
8863
7785
8971
9020
9470
9444
9338
9380
9348
9426
9368
8840
8774
8838
8875
9504
9501
9403
9412
9367
9164
8991
8931
8708
8852
8909
8961
8769
9232
9089
8535
9201
8799
8945
9211
9166
9350
9303
8969
8630
8750
9292
9399
9374
9338
9305
9484
9421
9191
9160
9520
9517
9363
9493
9521
9447
9384
9541
9530
9553
9414
9230
9530
9429
9345
9287
9265
9426
9521
9430
9484
9296
9260
9197
9335
8796
9240
9197
9176
8856
9130
9360
9325
9247
9345
9077
9296
9129
9002
8926
8993
8899
8835
9485
9420
9342
9258
9304
9363
9423
9229
8970
9353
9363
9125
9324
9388
9549
9310
9324
9460
9331
9220
9170
9110
9176
9006
9354
9523
9428
9498
9416
9276
9486
9226
9399
9365
9191
9220
9290
9272
9427
9350
9315
9519
9194
9426
9547
9536
9511
9492
9206
9087
9147
9205
9348
9458
9339
9349
9325
9419
9286
8940
8941
9008
8959
9366
9507
9520
9195
9260
9419
9290
9210
9364
9452
9421
8868
9249
9398
9508
9421
9308
9164
9167
8478
8024
7873
8113
8139
8174
8291
8281
9149
9312
9308
9420
9332
9370
9419
9466
9172
9269
9385
9464
9098
9403
9449
9250
9184
9335
9225
9395
9200
9392
9432
9398
9389
9529
9552
9434
9396
9385
9417
9290
9218
9403
9496
9577
9574
9517
9512
9421
9538
9583
9536
9380
9233
9300
9086
8889
9098
9092
9122
9518
9539
9489
9459
9513
9532
9241
9221
9258
9383
9376
9365
9360
9370
9158
9347
9378
9508
9448
9334
8860
8717
8947
8862
9267
9446
9514
9478
9422
9516
9348
9284
9243
9354
9350
9376
9382
9475
9351
9163
9162
9508
9404
9476
9561
9518
9231
9433
9121
9384
9109
9334
9501
9555
9529
9369
9323
9367
9192
9155
9349
9308
9365
9321
9543
9424
9522
9382
9406
9416
9382
9409
9259
9130
8872
8901
9177
9543
9609
9606
9371
9332
9278
9292
9295
9254
9080
9465
9462
9545
9453
9303
9278
9398
9456
9487
9320
9114
8798
9086
9035
8922
9522
9479
9472
9379
9347
9017
9121
9199
9301
9289
8823
8842
8972
9075
9029
8968
8972
8851
9168
9373
9488
9397
9468
9315
9458
9024
9404
9348
9424
9252
9225
9276
9396
9301
9379
9469
9303
9230
9337
9134
9336
9382
9120
9503
9269
9033
9062
8713
8859
9109
9444
9349
9502
9408
9461
9351
9087
9241
9293
9490
9418
9401
9380
9321
9357
9224
9348
9204
8827
9087
9085
8981
9256
9393
9379
9426
9438
9166
9387
9367
9402
9362
9312
9460
9415
9356
9318
9213
9338
9256
9338
9311
9337
8788
9188
9375
9190
9323
9391
9193
9308
9343
9345
9266
9439
9346
9128
9241
9228
9249
9244
9243
9046
9093
9256
9440
9126
9260
9321
9165
9259
9253
9217
9049
9272
9471
9390
9316
9338
9378
9296
9140
9063
9472
9529
9394
9542
9499
9558
9504
9157
9099
9065
9294
9329
9377
9471
9107
9047
9249
9125
9354
9313
9356
9293
9210
9173
8946
9170
9080
9091
9235
9126
9292
9265
9082
9114
9360
9227
9238
9325
9309
9365
9310
9326
9412
9201
8751
9104
9008
9173
9409
9294
9333
9338
9395
9465
9224
9212
9366
9385
9477
9475
9339
9266
9125
9100
9167
9102
9030
9218
9392
9195
9300
9409
9420
9353
9127
9236
9319
9370
9406
9311
9366
9284
9514
9228
9404
9361
9207
9080
9086
9060
9222
9090
9379
9332
9382
9280
9397
9267
9485
9240
9211
9522
9202
9364
9279
9355
9303
9090
9269
9117
8461
8726
8774
8975
8846
9192
9251
9247
9186
8908
9139
8663
8803
9108
9218
9117
8558
8906
9050
9031
9215
8947
8868
8856
9179
9038
8674
8660
8875
8963
8950
9178
9220
9249
9253
9353
9072
9279
9028
9290
9184
9269
9292
9171
9161
9159
9337
9328
9268
9298
9121
8929
9269
8994
9020
9271
8781
9062
8983
9010
9026
9214
9323
9026
9152
9273
9096
9334
9270
9106
8946
8879
9109
9127
9169
9116
9309
9166
8975
9345
9407
9294
9449
9278
8614
9236
9221
9078
9230
9253
9100
9189
9301
9216
9116
9203
9373
9425
9309
9292
9281
9219
9175
8892
8958
9100
9252
9116
9134
8987
9108
9060
9348
9372
9175
9350
9375
9403
9246
8903
9354
9280
9293
9493
9271
9286
9047
8899
9092
9271
9138
9192
9265
9470
9323
9431
9474
9455
9354
9401
8998
9234
9214
9371
9303
9301
9478
9398
9340
9360
9148
9137
9079
8989
9154
9024
9172
9261
9336
9440
9475
9405
9465
9446
9407
9372
9346
9172
9406
9243
9280
9272
9353
9426
9237
9332
9226
9259
9289
8897
8538
8982
8980
9057
9191
9028
9225
9181
8853
8741
8821
9355
9479
9420
9437
9336
9190
9344
9345
9401
9320
9468
9425
9264
9443
9237
9308
9161
9219
9200
9079
9063
8991
8976
9136
9340
9409
9241
9292
9370
9381
9267
9264
9405
9341
9288
9192
9273
9347
9404
9352
9377
9406
9431
9405
9284
9219
9240
8958
9050
9027
8986
8203
8184
8135
8301
9381
9433
9423
9494
9498
9372
9503
9396
9523
9252
9205
9008
9374
9330
9312
9029
9235
9209
9433
9348
9163
9221
9036
9318
9381
9367
9387
9336
9383
9207
9053
9183
9273
9255
9477
9494
9336
9107
9001
9092
9137
9307
9363
9338
9374
9490
9519
9445
9559
9464
9352
9447
9440
9437
9431
9504
9470
9273
9241
9347
9254
9188
8905
9040
9147
9302
9379
9388
9362
9344
9397
9521
9260
9371
9443
9260
9333
9397
9426
9513
9429
9408
9425
9331
9065
8968
9207
9285
9384
9204
9043
9264
9244
8971
8691
8896
8673
8596
8757
9379
9348
9379
9314
9298
9440
9287
9266
9311
9092
9139
8662
9313
9356
9303
9237
9169
9222
9069
9014
8993
8703
8977
9245
9158
9363
9372
9203
9341
9275
9177
9063
8961
9027
9277
9174
8884
9347
9312
9509
9315
7977
8033
6246
6095
7165
7697
6907
8459
7290
8263
7624
8295
4859
8983
9227
8548
8896
8774
8682
8218
8856
9063
8750
8976
8493
8850
9047
8585
8119
7917
8429
8246
8233
8598
9272
9328
8662
8880
8987
9119
9050
9081
9154
8797
8942
9112
9402
9249
8895
8543
8949
8655
8484
8712
9378
8883
9291
9467
8836
9262
9047
8794
9104
9063
8982
8996
9162
8900
9059
9077
8994
9065
9136
9011
9241
9120
8938
9081
8951
8878
8826
8881
8929
9039
8742
8519
9078
8948
8539
8881
9297
9028
9190
8892
8932
8532
8607
8953
8993
8952
8626
8989
8870
8745
8753
8590
8492
8704
8930
8812
8980
9261
8951
9211
9321
9295
8797
8766
8959
9268
8973
8845
8924
8930
8851
9277
9173
9197
9136
9153
8781
9120
8807
8491
9050
9038
9140
8949
9141
9218
9187
9107
8691
8638
8745
8958
8949
8955
9137
9014
9090
9132
8967
8896
8794
8474
8491
8558
8561
8696
8590
8592
8718
8732
8527
8732
8859
9142
9166
9274
9293
9263
9394
9279
9126
9158
9196
9366
9391
9313
9327
8986
9136
9284
9202
9334
9471
9057
9264
9286
9292
9326
9349
9349
9224
9182
9209
9283
8938
9142
9232
9302
9274
9179
8863
9335
9401
9265
9236
9309
9281
9273
9005
9033
9025
9055
8973
9180
9393
9447
9542
9486
9279
9254
9315
9129
9235
9348
9208
9300
9331
9388
9404
9377
9007
8974
9191
9453
9266
9014
9124
9279
9411
9235
9428
9458
9365
9260
9345
9419
9426
9330
9200
9389
9268
9245
9011
9015
9062
9040
9183
9270
9202
9287
9128
9397
9480
9294
9484
9427
9500
9327
9335
9240
9376
9426
9232
9326
9211
9368
9274
9349
9137
8957
8511
8326
8272
8644
8724
8750
9207
9354
9452
9398
9390
9411
9407
9177
9087
9170
9256
9311
9321
9386
9202
9259
9177
9045
9084
8957
9144
9299
9382
9288
9017
9143
9265
9164
8992
9050
9180
9261
9431
9388
9134
8919
9244
9133
9011
9148
8073
7913
8126
7963
8142
8365
8375
8251
8284
8376
8294
8271
8232
8295
8371
8426
9402
9391
9482
9447
9496
9322
9252
9215
9318
9260
9277
9458
9450
9375
9142
9255
9347
9368
9362
9230
9007
9416
9439
9323
9353
9398
9420
9254
9417
9367
9256
9346
9395
9260
9384
9241
9409
9370
9414
9391
9312
9228
9226
9127
9283
9229
9441
9433
9200
9377
9335
9383
9364
9204
9402
9386
9208
9117
9239
9125
9244
9250
9289
9290
9160
9121
8848
8945
8932
9037
9164
9473
9258
9212
9241
9349
9435
9371
9226
9150
9206
9483
9420
9226
9246
9310
9228
9349
9385
9311
9254
9246
9426
9530
9260
8914
9309
9303
9329
9384
9580
9558
9298
9465
9281
8808
8628
8386
8582
9492
9639
9555
9582
9518
9366
9423
9277
9497
9574
9515
9526
9478
9665
9439
9409
9512
9328
9512
9367
9530
9332
9415
9164
9519
9613
9395
9284
9606
9616
9305
9230
9375
9276
9298
9467
9579
9529
9271
9330
9417
9495
9520
9480
9458
9357
9133
9165
9103
9057
9116
9081
9081
9514
9498
9620
9503
9595
9512
9409
9476
9498
9489
9474
9142
9452
9178
9294
9532
9157
9247
9436
9410
9424
9427
9384
9524
9276
9511
9456
9498
9372
9323
9500
9346
9311
9229
9102
9332
9242
9370
9416
9174
9374
9390
9217
9087
9355
9189
9279
9044
9253
9094
9201
9262
9297
9248
9255
9199
8974
9015
8732
8885
9099
9288
9374
9391
9459
9178
9128
9404
9396
9246
9322
9378
9515
9389
9179
9280
9289
9233
9301
9234
8831
8311
8253
7956
7713
7864
7947
8055
8101
8058
8190
9171
9219
9337
9435
9293
9099
9299
9246
9306
9298
9478
9392
9453
9511
9210
9420
9445
9337
9424
9322
9324
9462
9381
9496
9266
9345
9422
9429
9269
9237
9403
9438
9223
9404
9183
9243
9372
9148
9257
9183
8827
9160
9255
9404
9382
9261
9232
9208
9192
9076
9162
9262
9382
9345
9460
9471
9417
9220
9222
9195
9254
9209
9415
9436
9393
9258
9353
9351
9360
9204
9335
9348
9213
9319
9121
9358
9257
9378
9443
9426
9335
9533
9387
9336
9294
9503
9432
9479
9525
9330
9167
9361
9377
9397
9217
9018
9097
9286
9242
9454
9429
9395
9462
9378
9386
9353
9328
9269
9161
9270
9339
8613
8852
9111
9153
9149
9020
9010
8464
8660
8738
8605
8478
8530
8037
7893
8000
8016
8117
8184
8150
9060
9477
9485
9447
9533
9356
9418
9336
9332
9246
9264
9079
8773
8909
8542
8686
8756
8646
8971
9248
9376
9267
9237
9443
9336
9115
9042
9169
9036
9029
9379
9408
9368
9218
9192
9106
9226
9219
9142
9370
9434
9388
9224
9216
9096
9307
9276
9416
9171
9235
9259
9411
9393
9373
9310
9242
8766
8712
8892
8678
9347
9269
9024
8936
9114
9132
9245
9126
8884
8993
8994
9026
9175
9045
8815
8889
8902
8857
9381
9451
9344
9305
9360
9449
9342
9263
9228
9299
9309
9268
9351
9386
9256
9195
9362
9337
9334
9411
9374
9458
9327
9007
9097
9087
9027
9204
8978
8685
9001
9096
9200
9368
9357
9380
9366
9286
9241
9127
8990
9139
9044
8946
9277
9330
9322
9207
9223
9265
9216
9311
9401
9328
9255
9226
9222
9258
9052
8980
8718
8766
8875
8896
8968
8806
8938
8952
8861
8874
9062
9312
9144
9278
9305
9228
9225
8835
9107
9236
9160
9213
8990
8930
8629
8441
8236
8185
8305
8248
8141
8188
8131
7929
7960
7859
7833
7806
6097
6086
6067
6070
6104
6069
6095
6046
6082
6007
5872
5841
5722
5827
5796
5747
5771
5755
5754
5681
5755
5733
5976
6059
6189
6130
6111
6181
6197
6243
6245
9534
9287
9618
9639
9421
9581
9482
9574
9572
9445
9515
9586
9506
9568
9515
9362
9517
9509
9525
9454
9054
9462
9527
9485
9534
9580
9559
9497
9579
9653
9470
9442
9375
9468
9367
9513
9521
9509
9528
9559
9624
9486
9524
9558
9405
9567
9421
9358
9381
9475
9551
9523
9427
9497
9232
9034
9540
9481
9536
9444
9495
9382
9160
9484
9551
9235
9540
9425
9556
9382
9448
9524
9570
9279
9383
9398
9360
9397
9466
9524
9454
9453
9374
9524
9285
9232
8982
9159
9199
9271
9283
9114
8633
8833
8956
9125
9070
9388
9411
9422
9438
9396
9340
9335
9392
8882
9215
9443
9246
9402
9304
9160
9118
9216
9242
9327
9321
9215
8870
8960
9055
9221
9333
9312
9395
9335
9066
9041
9279
9320
9268
9199
9043
9139
9271
9174
9316
9343
9342
9198
8550
8676
9044
9136
9170
9152
9229
9281
9143
9331
9361
9383
9352
9187
9441
9473
9348
9395
9427
9465
9484
9405
9079
9249
9239
9361
9253
9232
9266
9246
9319
9097
9362
9459
9342
9386
9412
9413
9503
9181
9339
9364
9258
9347
9344
9367
9349
9214
9005
9230
9401
9409
9288
9027
9193
9223
9346
9522
9381
9316
9239
9272
9302
8923
8835
9055
9149
9248
9369
9331
9383
9271
9137
9274
9203
9039
9117
9259
9386
9412
9330
9370
9245
9246
9396
9256
9407
9235
9360
9449
9454
9561
9335
9206
9189
9141
9408
9459
9341
9347
8983
9005
8987
8932
8983
8778
8846
8591
8563
8282
9152
9281
9230
9367
9245
9191
9377
9137
9325
9413
9285
9247
9137
9352
9131
9372
9398
9251
9333
9273
9122
9267
9176
9037
8944
8930
8948
9202
9159
9118
9218
9330
9353
9091
9207
9119
9104
9079
8937
8670
8536
8123
8103
8094
8173
8306
8995
8886
9126
9105
9158
9090
9120
9183
9284
8891
9337
9412
9415
9451
9369
9402
9363
9274
9276
9271
9468
9406
9351
9294
9283
9168
9025
8854
8842
8740
8590
8524
8926
9266
9323
9180
9250
9058
8403
8850
8837
8991
8914
9002
8880
8759
8830
8907
8953
8639
8722
8174
8326
8260
8218
8546
8519
8314
9210
9332
9375
8990
9048
9158
9207
8991
8834
9048
9180
9056
9058
9180
9160
9244
9099
9133
9031
9289
9036
9371
9203
9514
9347
9457
9319
9264
9271
9351
8952
9273
9268
9358
9323
9402
9219
9315
9219
9217
9237
9424
9038
9197
9220
9295
9316
9324
9298
9277
9069
9053
9022
9018
8594
9246
9409
9317
9179
9053
9250
9221
9300
9401
9152
9187
9337
9157
8886
8955
9334
9281
9259
9213
9027
9130
9010
9303
9338
9462
9387
9316
9396
9326
9372
9196
9297
9206
9222
9317
9339
9466
9177
9049
9083
9202
9289
9169
9047
8937
9024
8814
9135
9228
9351
9272
9305
9329
9310
9362
9246
9278
9242
9394
9290
9342
9315
9239
9281
9176
8831
9072
8884
8827
9113
8982
8826
8791
9031
8795
7666
7694
7634
7518
7556
7304
7408
7450
7395
7409
7431
7467
7672
9403
9212
9454
9448
9429
9469
9532
9267
9457
9434
9247
9443
9315
9448
9358
8936
9051
9241
9284
9338
9050
9208
8596
9059
9226
9276
9042
9272
9213
9273
9129
9301
9227
9086
8907
8761
8107
8229
8379
8302
8282
8476
8416
7984
8792
9293
9268
8960
8864
8760
9126
9289
8990
9068
9115
9152
9184
9168
9124
9119
8971
8925
8762
8634
9010
8942
8452
8869
9047
9176
9097
8901
8929
8926
8914
8494
9080
9056
9385
9313
9203
9294
9158
9273
8865
8737
8951
8697
8747
9063
9169
9052
9356
9310
9234
8926
9039
9211
9238
8941
9001
8911
9033
9323
9334
9346
9178
9288
9286
9349
9285
9343
9403
9296
9376
9382
9293
9300
9244
8987
8751
8718
8695
8802
8817
9341
9326
9241
9147
9244
9255
9206
9189
9187
9261
9270
9199
9126
9032
8944
9087
9149
9074
9078
9054
9076
9166
9235
9145
9316
9527
9539
9438
9422
9463
9371
9494
9366
9450
9272
9479
9278
9320
9206
9452
9227
9131
9191
9253
9239
9314
9064
9105
9287
8986
9262
9240
9233
9385
9227
9071
9171
9224
9220
9060
9210
9365
9130
9150
9086
8896
8536
8418
8339
8388
8174
8836
9193
9393
9213
9318
9114
9058
9360
9282
8800
9171
9186
9031
9020
9215
9332
9198
8853
8917
8949
8703
9088
9396
9294
9420
9419
9331
9214
9207
9024
9000
9101
9174
9354
9329
9433
9294
9421
9332
9148
9074
9093
8886
9040
9186
9044
9314
9192
9188
9028
9076
9330
9126
9004
9222
9261
9314
9245
9295
9288
9207
9290
8989
8953
9255
9321
9163
9192
9471
9421
9374
9413
9456
9408
9360
9452
9354
8866
8941
8904
8914
9419
9524
9453
9310
9428
9397
9586
9580
9310
9409
9449
9087
9380
9274
8941
9191
9392
9364
9213
9188
8963
9029
9091
9132
9108
9407
9383
9368
9312
9493
9414
9402
9461
9463
9489
9341
9291
9358
9380
9439
9475
9352
9249
9340
9281
9325
9262
9232
9171
9403
9247
9286
8758
9303
9281
9084
8381
8689
8671
9262
9222
9269
9173
9181
9468
8916
9218
9293
9247
9343
9210
9194
9142
9092
8993
9155
9270
9387
9362
9352
9373
9259
9313
8835
9131
9241
8970
9145
8853
8385
8325
9063
9058
9006
9205
9242
9229
9263
9223
9013
9162
8748
8683
9009
9087
9071
9012
8932
9142
9121
8966
9110
9197
8810
9153
9251
9275
9131
9126
8951
9021
9071
9187
9156
9243
9267
9140
9127
8961
9061
9354
9134
9233
9210
8956
9144
9202
9114
9078
9090
9335
9035
8908
9108
9153
9370
9206
9059
9017
8839
8916
9176
9156
9093
9272
9186
9375
9349
9209
9264
9247
9258
9327
9392
9343
9056
9207
9117
9407
9354
9316
9291
9074
9078
8830
9234
9224
9277
9168
9356
9385
9490
9453
9248
9256
9458
9478
9309
9386
9421
9422
9339
9449
9392
9423
9178
9147
9516
9200
9108
9592
9429
9275
9256
9036
9066
9225
9368
9127
9290
9470
9556
9397
9534
9288
9404
9409
9602
9405
9397
9405
9236
9496
9477
9458
9245
9540
9548
9435
9607
9424
9466
9392
9434
9333
9035
8616
8524
8337
8393
9170
9172
9108
8997
9050
9107
9322
9487
9519
9512
9406
9517
9340
9575
9289
9397
9477
9438
9117
9515
9455
9491
9492
9100
9425
9355
9519
9127
9118
8956
9221
9226
9147
8984
9222
9269
9370
9190
8842
9008
9052
9129
9548
9512
9292
9395
9471
9433
9182
9316
9459
9395
9433
9339
9358
9419
9481
9461
9311
9144
9157
9350
9367
9373
9403
9245
9098
9283
9290
9290
9341
9407
9363
9275
9281
9237
9227
8112
8523
8620
7486
9133
6661
8876
9329
5983
5014
8824
8878
7721
9032
9310
9066
9409
9396
9428
9084
9387
9392
9272
9181
9350
9155
9280
9141
9476
9106
9065
9012
9095
9105
9209
9169
9366
9003
9287
9175
8989
9320
9299
9204
9090
9015
8880
8938
8767
9033
9197
9408
9333
9160
9116
9418
9227
9406
9205
9045
8997
9426
9496
9265
9479
9455
9066
9357
9144
9164
9154
9036
9070
8971
9020
9065
9078
9071
8956
9039
9087
8927
9422
9468
9463
9486
9433
9567
9327
9343
9199
8965
9075
9158
9542
9592
9526
9292
9532
9521
9564
9433
9183
9223
9392
9401
9360
9278
9215
9142
8796
8738
8431
8383
8344
9119
9506
9463
9505
9399
9505
9401
9406
9389
9312
9536
9366
9488
9517
9545
9492
9498
9494
9425
9468
9411
9381
9241
9130
9386
9494
9484
9421
9475
9183
9421
9448
9394
9301
9077
8926
9152
9261
9330
9372
9247
9425
9400
9268
9312
9202
9393
9183
9344
9454
9507
9496
9324
9400
9192
9433
9531
9495
9307
9084
9284
9230
9393
9180
9229
9284
9227
9198
9369
9215
9082
9325
9333
9263
9409
9395
8970
9396
9318
9305
9349
9224
9381
9217
9302
9246
9069
9050
8915
8949
9243
9179
9227
9235
9131
9195
8605
9188
9258
9224
9403
9461
9392
9344
9314
9295
9352
8982
9283
9239
9326
8967
9451
9355
9153
8813
8755
8959
9251
9433
9386
9386
9445
9384
9347
9498
9368
9170
9114
9113
9079
8941
9180
9277
9290
9308
9466
9300
9118
9302
9499
9502
9410
9381
9221
9074
9378
9233
9079
9043
9336
9216
9495
9404
9406
9322
9077
9387
8717
8589
8529
8456
8724
8746
8714
9548
9536
9593
9524
9256
9188
9167
9405
9309
9191
9367
8991
9068
9163
9073
9286
9431
9227
9406
8866
8865
9069
9161
9015
9213
9187
9052
9207
9438
9296
9228
9376
9447
9371
9382
9325
9301
9448
9349
9215
9394
9396
9360
9361
9337
9192
9291
9273
9028
9304
9279
9122
9121
8888
9349
9349
9336
9325
9163
9027
9023
9181
9248
9303
9182
9088
9331
9117
9223
9325
9289
9388
9156
9122
8896
9029
9108
9185
9038
9056
9074
9096
9125
9193
8965
8923
8983
9196
9067
8679
8734
8753
8590
8832
8992
8950
8769
8927
9172
9310
9332
9109
9164
9265
9084
9191
9383
9409
9276
9383
9352
9411
9352
9138
9238
9235
9287
9145
9291
9456
9425
9182
9174
9197
9263
9400
9448
9352
9340
9445
9235
8733
9027
8966
8854
8845
8795
8669
8797
9304
9197
9178
9149
9231
9278
9232
9105
9202
9103
9183
9406
9405
9237
9461
9401
9302
9080
9336
9252
9381
9372
9465
9435
9285
9141
9164
9303
9480
9350
9373
9346
9072
9169
9211
9220
9304
9158
9297
9200
9156
9241
9307
9482
9219
9297
9502
9234
9413
9318
9319
9488
9309
9425
9389
9453
9427
9316
9278
9356
9324
9363
9330
9420
9357
9503
9288
9380
9195
9204
9429
9289
9400
9448
9489
9383
9112
8953
9184
9086
9087
8862
8777
8945
8679
8712
9109
9163
9294
9206
9282
9069
9274
9182
9296
9095
9122
9144
9298
9204
9209
9102
9316
9035
9094
9200
8798
8849
8720
8445
8145
8923
9093
8898
8374
8496
8401
8229
8259
8610
8925
9102
9229
9091
9015
9182
8778
8797
8836
8790
8994
8828
8936
8968
9160
9113
8884
8763
8728
8654
8766
8925
8852
8772
8838
8762
8977
9183
9060
9078
8767
8573
8613
8635
8810
8864
8798
8788
8663
8439
8381
8559
8693
8657
8703
8528
8575
8833
8836
8714
8829
8739
8704
8734
8649
7817
7776
7671
7740
7985
7877
7873
7823
7916
7993
9251
9180
9174
9277
9464
9297
8904
9065
9386
9338
9400
9397
9446
9453
9493
9459
9458
9503
9453
9512
9349
9434
9469
9292
9291
9351
9366
9417
9220
9148
9380
9316
9372
9395
9380
9357
9315
9351
9405
9453
9263
9162
9080
9377
9418
9340
9518
9434
9050
8944
8928
9023
9373
9421
9390
9386
9204
9194
9203
8969
9301
9344
9193
9356
9041
9045
9108
9296
9397
9335
9046
8961
9322
9175
9272
9489
8985
8847
9024
8965
9268
9194
9254
9210
9178
9403
9256
9146
9051
9289
9348
9506
9330
9228
9199
9344
8978
8889
9024
8784
9055
9133
9175
9466
9309
9155
9054
8839
9031
9164
9212
8803
8970
8869
9008
8983
9002
9152
9134
9006
8872
9310
9272
9115
9100
8878
8791
9000
8720
9029
9112
9058
9129
9027
8835
8920
9100
8906
8886
9376
9498
9109
9440
9546
9353
9304
8932
9077
9217
9062
9142
9128
9362
9312
9308
9270
9308
9229
9214
9174
9501
9448
9314
9445
9462
9478
9413
9257
9301
9419
9555
9489
9532
9510
9278
9285
8987
9229
9213
9393
9204
9299
9507
9348
9401
9451
9222
9149
9214
9226
9343
9472
9437
9340
9371
9323
8697
8244
8304
8380
8507
8595
8619
8326
8738
8838
8926
8904
9365
9457
9406
9384
9150
9395
9257
9139
9318
9380
9380
9199
9316
9287
9194
9398
9474
9306
9481
9385
9423
9340
9077
9154
9218
8897
8728
9013
9241
9305
9360
9393
9373
9418
9397
9134
9254
9132
9083
9352
9344
8591
9238
9285
9224
9326
9340
9282
9363
9405
9206
9033
8995
8912
9220
9045
9294
9239
9219
9220
9214
9002
8900
9129
9208
9109
9237
8949
9262
8963
8724
9040
9125
9189
9153
9096
9091
8913
9398
9034
9397
9344
9173
9229
9209
9179
9197
9197
9153
9280
9402
9485
9451
9418
9399
9262
9283
9496
9497
9494
9494
9519
9525
9547
9463
9473
9518
9529
9506
9472
9129
9503
9542
9347
9422
9497
9476
9515
9459
9378
9257
9256
9181
9432
9429
9442
9181
9521
9539
9498
9496
9452
9452
9310
9446
9355
9411
9330
9443
9464
9458
9509
9335
9324
8896
8831
8772
8500
8448
8453
8471
8380
9103
9186
9401
9387
9437
9271
9336
9386
9455
9382
9351
9347
9309
9131
8973
9161
9128
9317
9356
9365
9307
9285
9340
9335
9260
9069
9190
9324
9374
9274
9386
9361
9206
9333
9183
9042
9306
9309
9391
9272
9328
9321
9284
9137
9057
9158
9174
9055
9209
9166
9309
9281
9169
9222
9206
9427
9372
9171
9151
9226
9349
9294
9182
9307
9151
9068
9240
8925
9046
9123
9300
9083
9262
9331
9244
9062
8871
8879
8732
9048
8860
8483
8948
8980
8925
8857
8981
9009
8767
8946
9127
9166
9217
9232
9290
9062
9088
9017
9215
9009
8927
9041
8816
8914
8934
8749
8811
9274
8769
8072
8771
9268
8474
8817
8891
8997
8582
8869
8509
9255
8444
8707
9069
8917
8087
8542
8585
8130
9059
9180
8115
9024
8391
8385
8942
8192
9275
9232
9149
8501
9225
8996
9075
8874
8525
8533
9024
9152
9191
9281
9160
8849
9032
8802
9072
8742
8417
8708
8890
9209
9107
9218
8913
9054
9010
9073
9270
9260
8855
8920
9222
8978
8950
8881
8503
8580
8804
8761
9346
9191
9230
9055
8808
9315
9165
9247
8912
8945
9108
9112
8993
9299
9235
9299
8610
9427
9158
9396
9181
8672
8676
8633
8756
8767
8874
8378
8918
8781
9225
9194
9137
9319
8690
9180
9351
9294
9177
9108
8968
9054
8818
8581
8888
8541
8799
8646
8726
8697
8539
8137
8276
8249
8050
8165
6965
5907
5950
5761
5958
5848
5851
5888
6228
6147
6547
5537
6243
6629
6467
6458
6776
6807
6596
6526
9149
9192
9138
9074
8642
7900
8565
7682
8027
8080
7990
7762
8641
8107
8372
8902
8502
8864
7863
8276
8712
9035
8676
8391
9020
8571
8506
7951
7947
7233
7918
7962
8010
8086
8174
8178
8817
7920
8678
8633
8069
8469
8620
7653
8027
8454
8323
8486
8889
8338
8721
8697
7583
8210
8111
7577
8182
8018
7865
8158
8203
8003
8601
8993
8926
9200
9180
9095
8925
8821
8349
9130
8979
8687
8649
8562
8704
9079
8862
8966
8963
8549
8894
9024
8855
8968
8855
8649
9063
9055
8885
9157
9267
9063
8231
8804
9114
8990
8880
8852
8636
8330
8270
8357
8066
8630
8839
8819
8789
8785
8690
9147
9178
9115
8969
9251
9028
9024
8979
8967
9033
9148
8581
8741
8710
8712
9109
9269
9205
9210
9117
9196
9106
9087
9121
9127
9150
8941
8870
8375
8661
9066
9252
9145
9009
8534
8334
8270
8102
8299
8455
8409
8334
8482
8241
8273
8423
8137
8047
8031
7967
8161
8081
7788
8012
8158
7966
8039
9042
9286
9447
9389
9344
9249
9148
9240
9173
9285
9208
8972
9002
8727
9267
9374
8805
9150
9303
9205
9354
9311
8911
8381
8572
8455
8395
8535
8460
8591
8610
9154
9399
9207
9380
9208
9217
9216
9060
8814
8794
9007
8890
8896
8693
9347
9405
9446
9336
9248
9437
9384
9340
9423
9425
9180
9113
9274
9187
9145
9198
9349
9395
9396
9434
9363
9458
9430
9178
9202
9364
9413
9342
9321
9416
9238
9301
9340
9278
9491
9140
9285
9086
9373
9252
9038
9195
9069
8985
9131
9040
9106
9162
9296
9148
9260
9446
9005
9088
9008
8659
9162
8993
9241
9215
9242
9016
9000
8903
9071
9256
9083
8899
8938
9160
9291
9393
9290
9277
9444
9385
9308
8411
8607
8829
8838
8926
9003
8752
9293
9078
9248
9314
9304
9196
9045
8672
8613
8533
8584
8536
9267
9251
9298
9358
9480
9365
9110
9041
9278
9144
9321
9354
9348
9224
9275
9435
9280
9323
9371
9334
9305
9246
9141
8898
9145
8876
8797
8918
9088
9131
9295
9207
9013
8902
8995
9250
9177
9185
9239
9066
9290
9174
9188
9111
9311
9270
9265
9143
8689
8768
8715
8642
8777
9332
9314
9190
8986
9069
8963
9239
9094
9075
8627
8871
9119
9091
8963
8836
9066
9301
9303
9070
9181
8964
9229
9272
8729
9104
9033
8961
9079
8845
9112
9024
9091
8737
8882
8970
9164
9145
9054
9155
8970
9065
9113
9200
9168
9046
9043
8852
8915
8768
8999
8893
8696
8900
8958
9114
8868
9003
9025
8704
8521
8123
8923
8547
9198
8184
8405
8524
7497
6018
6301
6700
7081
7362
7618
7740
7619
5924
6710
1074
7658
7474
7780
7844
7814
8075
8163
8278
6103
6520
5979
7662
8214
8520
8521
8921
6813
8779
7091
8121
7767
8489
8927
8388
9015
9152
9301
9067
7372
8527
8578
9226
7878
9155
8418
9220
8049
8889
9290
8104
9174
8891
9176
8974
7913
8447
8272
9022
8227
9333
8659
8959
8459
8855
9208
9097
9286
8125
9214
9283
9388
8604
9351
8846
8713
9142
8767
8926
8670
9323
8753
9252
9221
9314
9405
9346
9439
9427
9208
9434
9325
9487
9372
9350
9462
9501
9216
8925
8918
8895
8485
8803
8811
8747
8696
8707
8566
8621
7665
7697
7727
7601
9413
9596
9646
9496
9591
9470
9503
9667
9618
9600
9460
9227
9206
9309
9399
9501
9277
9478
9391
9520
9566
9378
9386
9467
9462
9528
9539
9359
9439
9267
9266
9266
9410
9456
9467
9408
9152
9289
9326
9241
9125
8787
8936
8974
9095
9154
9369
9386
9417
9445
9380
9475
9237
9355
9453
9377
9248
8598
8677
8743
8610
9209
9237
9152
8863
9313
9512
9420
9372
9133
9402
9480
9506
9353
9386
9356
9389
9447
9299
9316
9422
9205
9369
9491
9453
9358
9317
9321
9327
9332
9312
9352
9267
9194
9172
9072
9166
9321
9399
9282
9359
9300
9102
9347
9430
9152
9295
9268
9178
9348
9333
8978
9216
9303
9346
9263
9306
9199
9325
9118
9018
8949
8940
9005
8952
9019
9105
8958
8948
9371
9492
9364
9358
9397
9464
9533
8602
9424
9481
9433
9335
9413
9476
9528
9453
9544
9172
9105
9165
9539
9560
9605
9621
9540
9680
9616
9577
9604
9595
9587
9628
9514
9547
9515
9420
9535
9554
9437
9260
9294
9452
9418
9389
9388
9413
9566
9450
9137
9336
9549
9565
9399
9528
9500
9432
9544
9418
9616
9468
9387
9341
9465
9505
9513
9317
9358
9291
9448
9359
9429
9441
9375
9450
9233
9211
9194
9187
9406
9272
9170
9164
9221
9469
9363
9237
9208
9518
9504
9477
9372
9410
9489
9466
9422
9387
9249
9138
9189
9111
9252
9304
9073
9462
9525
9413
9457
8918
9088
9034
8894
8551
9007
8967
8810
8736
6161
6199
6192
6179
6150
6105
6112
6386
6301
6384
6398
6299
6343
6664
6851
6839
6762
6789
7045
7127
7416
7354
7518
9340
9553
9427
9137
9529
9521
9537
9472
9418
9527
9285
9353
9211
9255
9126
9414
9292
9302
9299
9379
9362
9225
9345
9234
9233
9372
9414
9397
9428
9425
9256
9180
9110
9231
9447
9497
9549
9452
9431
9541
9547
9442
9515
9451
9354
9458
9518
9319
9305
9460
9365
9445
9364
9443
9518
9354
9470
9342
9372
9369
9422
9414
9444
9496
9410
9232
9400
9374
9152
9155
9332
9018
9380
9280
8830
8426
8495
8419
9428
9517
9500
9376
9417
9433
9293
9436
9125
9402
9437
9271
9272
9213
9348
9119
9049
9189
9168
9159
9008
8960
8949
8595
8762
9338
9261
9270
9380
9329
9280
9186
9226
9246
9482
9418
9373
9261
9213
9347
8938
9216
8854
9023
9114
9166
9033
9187
8952
9121
8941
9017
8980
8930
9009
8965
8934
8500
8564
8541
8656
8801
8699
8643
8709
8563
8320
8555
8638
8244
8375
8291
8541
8742
8746
9044
9317
9418
9318
9392
9411
9030
9268
9292
9400
9179
9033
9064
9463
9343
9133
9312
9290
9324
9338
9352
9357
9401
9247
9150
9397
9114
9250
9219
9218
9464
9539
9513
9553
9492
9515
9504
9411
9448
9196
9336
9480
9322
9343
9151
9220
9319
9353
9423
9346
9331
9359
9381
9374
9408
9342
9245
1214
1009
843
544
3
5
421
7894
7920
9283
9333
9548
9580
9548
9464
9503
9531
9383
9403
9266
9225
9161
9041
9210
9198
9214
9188
9378
9446
9382
9475
9334
9431
9230
9246
9373
9245
9194
9418
9428
9436
9320
9038
9105
9208
9195
9199
9186
9202
9154
9274
9274
9306
9285
9465
9317
9467
9338
9120
9529
9391
9484
9018
9015
9280
9066
9135
9050
9019
9103
9357
9332
9318
9303
9256
9260
8933
9160
9348
9149
9211
9366
9377
9425
9423
9428
9483
9155
9075
9220
8876
8818
8760
8981
8853
8862
9002
9116
9198
9265
9173
9359
9309
9447
9121
9386
9440
9464
9510
9371
9427
9428
9464
9522
9439
9399
9425
9468
9383
9415
9396
9278
9369
9174
9098
9231
9325
9344
9462
9465
9514
9380
9454
9458
9558
9544
9558
9517
9489
9537
9343
9307
9389
9333
9406
9501
9359
9167
9089
9036
8792
8727
8653
8654
8372
8331
8439
8412
8367
8414
8541
8460
8553
8670
8644
8870
8958
9175
9250
9343
9168
9109
9188
9261
9201
9261
9364
9352
9445
9456
9548
9517
9607
9587
9471
9489
9542
9493
9331
9409
9540
9525
9536
9539
9537
9615
9532
9494
9513
9220
9287
9293
9434
9365
9192
9248
9315
9320
9257
9380
9329
9411
9484
9382
9127
9206
9345
9325
9301
9297
9112
9165
9214
9137
9138
9090
9169
9403
9403
9403
9065
9098
9047
9218
9190
9031
8963
9216
9287
9302
9496
9267
9331
9149
9021
8847
8554
8519
8535
8470
8435
8390
8439
8289
8472
8516
8520
8447
8630
8802
8750
8918
8968
8958
9076
8822
8947
8617
8742
8946
9057
9100
9046
9030
8896
8948
9190
9228
9045
9318
9072
9451
9435
9290
9451
9460
9453
9457
9475
9527
9379
9026
9387
9370
9279
9062
9236
9286
9302
9119
9170
9182
8951
8895
8985
8961
8993
9126
9367
9271
9210
9240
9216
8957
8684
8554
8802
8798
8938
8889
8791
8529
8937
8979
8911
8858
8964
9040
8885
9027
9045
9030
9097
9095
9137
9056
8964
8667
8695
8325
8271
8386
8585
8621
8943
9053
8831
9089
8887
8967
8922
8853
8631
8178
8368
8442
8492
8408
8491
8394
8554
8296
8625
8567
8304
8496
8471
8451
8181
8571
8478
8426
8267
8450
7996
8463
8388
8183
8045
7903
8213
8416
8117
8189
8273
8276
8172
8115
8143
8253
8227
8207
8359
8455
8290
8443
8416
8458
8334
8391
8331
8157
7930
8188
8322
8305
8187
8125
7892
7536
7490
7580
7679
7835
7885
7587
7839
7741
7635
7832
7790
7732
7819
7504
7528
7427
7668
7599
7426
7474
7533
7740
7735
7786
7689
7711
7686
7779
8247
8218
8280
8371
8542
8644
8666
8510
8477
8540
8517
8606
8637
8660
8840
8934
8886
8861
8915
8735
8669
8701
8620
8409
8476
8526
8510
8667
8597
8635
8655
8748
8728
8407
8549
7320
6714
6818
6743
6770
6845
6894
6960
7419
7526
7553
7394
7695
7578
7652
7593
7626
7669
8010
8041
8220
8213
8378
8382
8371
8502
8753
8987
9221
9178
9273
9056
8870
8749
8963
8763
9244
9105
9223
8861
9043
9132
9153
9222
9366
8844
9074
9148
8929
9007
8918
8972
9021
9225
9184
9066
8930
8675
8527
8708
8954
8820
8646
8590
8464
8646
8582
8566
8627
8277
8206
8416
8284
7894
8431
8527
8510
8394
8321
8154
8089
8221
8369
8184
8378
8352
8359
8360
8381
7779
8154
8451
8184
8316
8961
8964
8823
8717
8800
9067
8897
9222
9047
9020
9017
8735
9226
8752
9192
9193
9156
9207
8965
8833
8702
8992
8867
8797
8469
8660
8253
8216
8342
8145
8351
8528
8390
8378
8006
8218
7757
7934
8068
7718
7672
7160
7267
7319
747
517
446
313
92
143
104
143
7133
7516
7798
7969
7871
7809
7992
7820
7853
7759
7456
7711
7586
7918
7867
7778
7753
7771
7666
7558
7015
7297
7116
7160
6302
6174
5782
6146
6204
6131
6127
6029
5846
5752
5914
5860
5819
5812
5557
5910
5835
5742
5674
5758
5462
5691
5687
5644
5491
5743
5480
5709
5662
5671
5639
5628
58
59
56
1
1
