0
0
0
0
0
0
0
0
0
0
0
0
0
0
0
0
0
0
0.118421
0
0
0
0
0
0
0.013889
0
0
0
0
0
0
0
0
0
0
0
0
0
0.00813
0
0
0
0
0
0
0
0.006944
0
0
0
0
0
0
0
0
0
0
0
0
0
0
0
0
0
0
0
0.004808
0.004808
0
0
0
0
0
0
0
0
0.004464
0
0
0
0
0
0
0.003861
0.003676
0
0
0
0
0
0
0
0
0
0
0
0
0
0
0
0
0
0.005376
0
0.002611
0
0
0.002618
0
0
0
0
0
0
0.002294
0
0
0
0.002165
0
0.002075
0
0
0
0
0
0.00202
0.008048
0.002008
0
0
0
0.002075
0
0
0
0
0
0
0
0
0
0
0.004
0.001992
0
0
0.002016
0
0.00207
0
0
0
0
0.002114
0
0.002092
0
0
0
0
0.002193
0.002155
0
0.002132
0
0
0
0
0
0
0.002193
0
0
0.002227
0
0
0.002242
0.004545
0.004425
0
0
0.002227
0.002252
0
0.006818
0.002273
0
0
0
0
0
0.002392
0
0
0.004902
0
0.002463
0
0.002513
0
0.004938
0.002445
0
0
0.002475
0
0
0.002558
0.002571
0
0
0
0
0.002667
0
0.00274
0
0
0
0
0
0.002793
0
0.002755
0
0.002717
0
0
0
0
0
0
0
0
0
0.002632
0.002611
0
0
0
0
0
0
0
0
0
0
0
0
0
0.002445
0
0
0
0
0.002439
0
0.002445
0
0
0
0
0
0.002326
0
0.002257
0.002247
0
0
0
0
0
0
0.002123
0
0.002288
0
0
0
0
0
0
0
0
0
0
0
0
0.001992
0.00198
0
0
0.001931
0.001942
0
0
0
0
0.001908
0.001927
0
0
0
0.001894
0
0
0
0
0.003711
0
0
0
0
0
0
0
0
0.001852
0.001873
0.001883
0
0.001869
0
0.001876
0.001883
0
0.003831
0.003817
0
0
0.001859
0
0
0
0
0.001786
0.001805
0.001795
0
0
0.001818
0
0
0
0
0.001783
0
0
0
0.001808
0
0
0
0
0
0.00188
0
0
0
0.003781
0
0
0.007533
0
0
0
0.001901
0.003788
0
0
0
0
0.00396
0.002033
0.001996
0
0
0
0
0
0
0.002058
0
0.002088
0
0
0
0.002114
0
0
0
0
0
0
0
0
0
0
0
0
0
0
0
0
0
0
0
0
0
0
0
0
0
0
0
0
0.002381
0
0
0
0
0
0
0
0
0
0
0
0
0
0
0
0
0
0
0
0
0
0
0
0
0
0
0
0.001869
0
0.001845
0
0
0
0
0
0
0.001733
0
0
0
0
0
0
0
0.00173
0
0
0
0
0
0
0
0.003419
0
0.003396
0
0
0.003413
0
0.003361
0.001718
0.00173
0
0.001692
0
0
0
0
0
0
0.001742
0
0
0
0.001767
0
0.001828
0
0
0
0
0
0.001838
0.00188
0
0
0
0.001931
0
0
0
0
0.001972
0
0
0
0
0
0.001938
0.003876
0
0
0.001984
0.00202
0
0
0
0
0
0
0
0
0
0
0
0.002053
0
0.00207
0
0.002024
0
0
0
0
0
0.001934
0
0
0
0
0
0
0
0
0.001965
0
0
0.001976
0
0
0
0
0
0
0
0
0
0
0
0.002183
0
0
0.002179
0
0
0
0
0.002257
0
0
0
0
0
0
0
0
0
0.002381
0
0
0
0
0
0
0
0
0
0
0
0
0
0
0
0
0
0
0
0
0
0
0
0
0.013746
0.003226
0
0
0.003012
0.003003
0.002976
0.002915
0
0.002833
0
0.00551
0
0
0
0
0.002632
0
0.002545
0
0.002457
0
0
0.002336
0
0
0.002273
0.002242
0
0.002137
0
0.002114
0
0
0
0
0.002028
0.001984
0
0
0
0.001927
0
0
0.001859
0
0
0
0.001873
0
0
0
0
0
0
0.003643
0
0
0.001808
0
0
0.001815
0
0
0
0
0
0
0
0.003534
0.003497
0
0
0
0
0
0
0
0
0.001724
0
0
0
0.001786
0
0
0.001792
0
0
0
0
0.001825
0.001821
0.001873
0
0
0.003824
0
0
0.001961
0
0.001946
0
0
0.002012
0
0.004073
0.002024
0
0
0
0
0
0
0
0
0
0.002119
0
0
0.00198
0.00198
0.001988
0.001992
0
0
0
0.00198
0
0
0
0
0.001984
0
0
0
0
0
0
0
0
0.002016
0
0.006
0
0
0
0.002
0.002041
0
0.002079
0
0.004057
0
0
0
0
0
0.003831
0
0
0.001934
0
0.002008
0
0.002033
0
0.004167
0.004158
0
0
0
0.002053
0
0
0
0
0.001934
0
0.001992
0
0.001938
0
0
0
0.00202
0
0
0
0
0
0
0.001894
0
0
0.001905
0
0
0
0.005693
0.001883
0
0.001908
0
0.00188
0
0
0
0
0.001931
0.001919
0
0
0
0
0
0
0
0
0
0
0
0
0
0
0
0
0.002041
0
0
0
0
0
0
0.00211
0.002079
0
0
0
0
0
0
0
0
0
0
0.002088
0
0
0
0.002123
0
0
0.002092
0
0
0
0.002088
0
0
0
0
0
0
0.002114
0.004292
0
0
0
0
0.002174
0
0
0
0.004167
0.002092
0.004167
0.002092
0
0.00207
0
0
0
0
0
0.002033
0.002037
0
0.002024
0
0
0
0.002146
0
0
0.002212
0
0.002198
0
0
0
0
0
0.002198
0
0.002222
0
0
0.004484
0.002217
0
0
0
0.002193
0.002169
0.002203
0
0
0
0
0.00216
0
0
0
0
0
0.00216
0
0
0.002114
0.002101
0
0.002165
0.004386
0
0
0
0
0
0
0
0
0
0.002128
0
0.002119
0
0
0
0
0.002268
0
0
0
0
0
0
0
0
0
0
0
0
0
0
0
0
0
0
0
0
0
0
0
0
0
0
0
0.004124
0
0
0.002075
0
0
0.002114
0
0
0
0
0
0.008421
0.004184
0
0
0
0
0
0
0
0
0
0
0
0
0
0
0
0
0
0
0.004065
0.002037
0
0
0
0
0.001961
0.001965
0
0
0
0
0.00189
0
0
0
0
0
0
0
0
0
0
0
0
0
0
0
0
0
0
0
0
0
0
0
0.001825
0.001779
0.001776
0
0
0.001818
0
0
0
0
0
0
0
0
0
0
0
0
0
0
0
0.001623
0
0
0
0.001616
0
0.001608
0
0.001634
0.001626
0
0.001642
0
0
0
0
0.001667
0.003431
0
0
0
0
0
0.00155
0
0
0
0.001597
0
0
0
0.00161
0
0
0
0
0
0
0
0
0
0
0
0
0
0
0
0
0
0
0
0
0.003185
0
0
0.001603
0.001605
0.001616
0
0
0
0
0
0
0
0
0
0.001727
0
0
0
0.001733
0
0
0.003396
0
0
0.001808
0.001764
0
0
0.001799
0
0.001832
0
0
0
0
0
0
0.002083
0.001953
0
0.001887
0.001845
0
0
0
0
0.001832
0
0
0
0.001859
0.001852
0
0
0
0
0
0
0
0
0
0
0
0
0
0
0
0
0
0.001876
0
0
0
0
0
0
0
0.003766
0
0
0.001848
0
0
0
0.001848
0
0
0
0
0
0
0
0.001767
0.001786
0
0
0
0.003484
0.001736
0.003425
0
0
0
0
0.003311
0
0
0
0
0
0.001642
0
0.001647
0
0.003252
0
0
0
0
0
0
0
0.0032
0.003125
0
0.003115
0
0.001517
0
0
0
0.00149
0
0
0
0
0
0.001401
0
0.00428
0
0
0.001416
0
0.00141
0
0
0
0
0.001395
0
0
0
0
0.001385
0.001404
0
0
0
0
0
0
0
0
0
0
0
0
0
0
0
0
0.001473
0.001449
0.001435
0
0.001477
0.001499
0
0
0
0
0
0.001531
0
0.001587
0
0
0
0
0
0.001479
0
0.001536
0
0
0.001511
0.001486
0.002915
0
0
0
0
0
0
0
0
0
0
0
0
0
0
0.001451
0
0
0
0
0
0
0
0
0
0
0
0.001473
0
0.002972
0
0.001506
0
0
0
0
0.001527
0
0
0
0.001618
0
0
0
0
0
0
0.001449
0
0
0
0
0
0
0
0.00152
0
0
0
0
0.001587
0.00159
0
0.001582
0
0
0.001616
0
0.00159
0.003205
0.001613
0
0
0.001664
0.001698
0
0
0.001692
0
0
0
0
0.001715
0
0
0
0
0.001739
0
0
0
0
0.001767
0
0.001799
0.001815
0.001808
0
0.001721
0
0
0
0.001658
0.001686
0
0
0
0.005329
0
0.001733
0
0.005245
0.003454
0
0.003497
0.001721
0
0
0
0
0
0
0.001745
0
0.001689
0.001724
0
0.001701
0
0
0.001675
0
0
0.001698
0
0
0
0.001684
0
0
0
0
0
0
0
0
0.004854
0.003247
0
0
0
0.00487
0.001603
0.001603
0
0
0
0.001587
0.0016
0
0
0.003273
0.003295
0
0
0
0
0
0.001698
0
0
0
0
0
0.001639
0
0
0.001629
0
0
0.001712
0.001773
0
0
0.001764
0
0
0
0
0.001815
0
0
0.001855
0
0
0
0
0
0
0
0
0.001984
0
0
0
0
0
0
0.001931
0
0
0
0
0
0.001946
0
0
0
0.001927
0.001927
0
0
0
0
0.001984
0
0.002004
0
0
0
0
0.00202
0.001992
0
0
0
0
0
0
0
0.003745
0.001869
0.001855
0
0
0
0
0
0
0.001812
0
0.00188
0
0.001805
0.005282
0.008913
0
0
0
0
0.003478
0
0
0
0
0
0.001736
0.001727
0
0
0
0
0
0
0
0.001616
0.00158
0
0
0
0
0
0
0.001597
0
0
0
0
0
0
0
0
0.00161
0
0
0
0
0
0
0
0.001595
0
0
0
0.00159
0.001623
0
0.001613
0
0
0
0
0
0
0
0
0.001582
0
0
0.001546
0
0
0.001608
0
0.00159
0.00158
0.001577
0.001585
0.001605
0
0
0
0.001572
0.001572
0.00158
0
0.004717
0
0
0
0
0
0
0
0
0
0
0
0
0
0
0.001631
0
0.001639
0
0
0
0
0
0
0
0.001626
0.001667
0
0
0.001704
0
0
0
0
0
0
0
0
0
0
0
0
0
0
0.006579
0.002183
0
0
0
0
0
0
0
0
0
0
0
0.001832
0.001838
0
0.003759
0
0
0.001905
0.001908
0
0.001898
0
0.002
0
0.001946
0
0.001992
0
0
0.003953
0
0
0
0
0
0
0
0
0
0
0.007389
0
0
0
0
0
0
0
0.002062
0
0
0.002008
0
0
0
0
0
0
0
0
0
0
0.00207
0.002058
0
0
0.004032
0
0
0
0.002079
0
0
0
0
0
0.002137
0.002088
0.006173
0
0
0
0
0
0.002083
0
0
0
0
0.00198
0
0
0
0
0
0.002092
0.004175
0
0
0
0
0
0
0
0.004283
0
0
0.006061
0
0
0
0
0
0
0.002058
0
0
0
0
0
0
0
0
0.001965
0
0
0
0
0
0
0.001894
0.001859
0
0
0
0
0
0
0
0
0
0
0.003509
0
0
0
0
0
0
0.001712
0
0
0
0
0
0
0.001767
0
0.001779
0.001751
0.00173
0
0.001739
0.001748
0
0.001773
0
0.001789
0
0
0
0
0
0.003425
0
0
0
0
0
0
0
0
0
0.003419
0
0.003497
0
0
0.005291
0
0
0
0.00173
0.001701
0
0
0
0
0.001621
0
0
0
0
0.001597
0.001608
0
0
0
0.001616
0.001637
0
0
0
0.001681
0.001626
0
0
0
0
0
0
0
0
0
0
0
0.006452
0
0.001621
0
0.001656
0
0
0.001709
0.001727
0.001742
0
0
0
0.001721
0.003407
0
0
0.001789
0
0.001748
0.003431
0.003515
0
0
0.00173
0.001736
0
0
0
0
0
0
0
0.001664
0.001669
0
0.001645
0
0.003241
0
0
0.001634
0
0.001675
0
0
0
0
0
0
0
0
0
0
0
0
0
0.001695
0
0
0
0
0
0
0
0
0
0
0
0
0.001742
0
0
0
0.001783
0.001773
0
0
0
0
0
0
0.001862
0
0.001838
0.001821
0.005525
0
0
0
0.001862
0
0.001818
0
0
0.001802
0.001818
0
0
0.001779
0
0
0
0.001789
0.003546
0
0
0.0053
0
0
0
0
0.003425
0
0.001718
0
0
0
0
0.001739
0.001709
0.001715
0.001701
0
0
0
0.001701
0.001727
0
0
0
0.001712
0.00173
0.001727
0
0
0.001684
0
0.001653
0
0.001667
0
0.003311
0
0
0
0
0
0
0
0
0
0
0
0
0
0.003361
0
0
0.001919
0
0
0
0
0
0
0.00177
0.003643
0
0.007117
0
0
0.001779
0
0
0
0
0
0
0
0.005515
0
0
0
0.001852
0
0
0
0
0
0
0
0
0
0
0
0
0
0
0.001901
0
0
0.001883
0.001927
0
0
0.001852
0
0
0.003623
0
0
0
0.001805
0.001792
0.003527
0.001733
0
0
0
0.001776
0
0
0
0
0
0.001757
0.001757
0.001757
0
0.005329
0
0
0
0.005386
0.00365
0
0
0.007156
0
0.001754
0
0.001786
0
0
0
0
0
0
0
0.001745
0
0.001761
0.001761
0
0
0
0
0.003497
0.001764
0
0.003591
0
0
0
0
0
0
0.00349
0.001761
0.001799
0
0
0
0.001761
0
0
0
0.001764
0
0.003515
0
0
0.001698
0
0
0.001764
0
0.00365
0
0
0
0
0
0
0
0
0
0
0
0
0
0
0
0
0
0
0
0.001883
0.001887
0
0.00189
0
0
0
0
0.001859
0
0
0
0
0
0.001845
0
0
0
0
0
0
0
0
0
0.001764
0
0
0
0.001783
0
0
0
0
0.00354
0
0
0
0
0.001786
0
0
0
0
0.001692
0
0.001667
0.003378
0.001692
0
0
0.001637
0
0
0
0
0
0
0.001678
0
0
0
0.001626
0
0.003236
0
0.001634
0
0
0
0
0.001582
0
0
0
0
0
0
0.001715
0.005415
0
0
0.001704
0
0.003328
0
0
0.001721
0
0.001764
0
0
0
0.001815
0
0
0.001815
0
0
0
0.001931
0
0
0
0
0
0
0.001972
0.003953
0
0.00202
0
0
0.002066
0.00207
0
0
0.002049
0
0
0
0
0
0
0
0.002217
0
0
0
0
0
0
0
0.002222
0
0
0
0
0.002278
0
0
0
0
0
0
0
0
0.002326
0.002336
0
0
0
0
0
0.002315
0.002331
0
0
0
0
0
0
0
0
0
0.002331
0
0
0
0
0
0
0
0
0
0
0
0
0
0
0
0
0.002198
0
0
0
0
0
0
0
0
0
0.002375
0
0.002342
0
0
0.004619
0.002268
0
0
0
0.004598
0
0
0
0.002342
0
0
0
0.002695
0.002857
0
0
0.013889
0
0
0.004608
0.002336
0
0
0.002304
0
0
0
0
0
0
0
0
0
0
0
0
0
0
0.004474
0
0
0
0
0
0
0
0
0.002169
0
0
0
0
0
0
0
0.002188
0
0
0
0
0.004149
0
0
0.006494
0
0.002137
0
0
0.002132
0
0
0.002088
0
0
0
0
0
0.002041
0
0
0
0
0
0
0
0
0
0
0
0
0
0
0
0
0
0
0
0.001961
0
0
0
0
0.001961
0
0
0.003883
0
0
0
0
0
0
0
0
0
0
0
0
0
0
0
0
0.001923
0
0.001901
0.001919
0
0.005639
0
0
0
0
0
0.003788
0.003795
0
0
0
0
0
0
0
0.001931
0
0
0
0
0.001938
0
0
0
0
0.001927
0.001942
0
0
0
0
0
0
0
0
0
0
0
0.001898
0
0
0.001855
0.003738
0
0
0
0
0
0.001965
0
0.001953
0
0
0
0
0
0
0
0.002083
0
0.004107
0.006073
0.004098
0.002075
0
0
0
0
0
0.004167
0
0
0
0
0
0.004115
0
0
0
0
0
0
0
0.002053
0
0
0
0.002058
0
0
0.003937
0.001946
0
0.001912
0
0
0
0
0
0.002188
0
0
0
0
0.001946
0
0
0
0
0
0
0
0.003831
0
0
0.001866
0
0
0.001852
0
0.001815
0
0.003663
0
0.001821
0
0
0
0.001894
0
0.002801
0
0
0
0
0
0
0
0
0
0
0
0
0
0
0
0
0
0
0
0
0
0.00335
0.001661
0
0.001616
0
0
0
0.00161
0.00335
0
0
0
0
0
0
0
0.001661
0.001658
0
0
0.001733
0
0
0
0
0
0.001686
0
0.003442
0
0
0
0.00173
0
0
0
0
0
0
0
0
0
0.001835
0
0.001859
0.001845
0
0
0
0
0.00188
0
0
0
0.001873
0
0
0
0
0.001946
0.001965
0
0
0
0
0.001898
0
0
0
0
0.004107
0
0
0
0.002278
0
0
0.002433
0
0
0
0
0
0
0
0.002817
0
0
0
0
0
0
0
0
0
0
0
0
0
0.004785
0
0
0.011628
0
0
0
0
0
0.071429
0
0
0
0
0
0
0
0
0
0
0
0
0
0
0
0
0
0
0
0
0.002404
0
0
0
0
0
0
0
0
0
0
0
0
0
0
0.003215
0
0
0
0
0
0.002717
0.002571
0
0
0
0
0
0
0.002494
0
0
0
0
0
0
0
0.0025
0
0
0
0
0
0
0
0
0
0
0.008427
0
0
0
0
0
0
0
0
0.006024
0
0
0
0
0
0
0
0
0
0
0
0
0
0
0.009174
0
0
0.004505
0
0
0
0
0
0
0
0
0
0
0
0
0
0
0
0
0
0
0
0
0
0
0
0
0
0
0
0
0
0
0
0
0
0
0
0
0
0
0.002786
0
0
0
0
0
0
0
0
0
0
0
0
0
0
0
0
0
0
0
0
0
0
0
0
0
0
0
0
0
0.003096
0
0
0
0
0.003247
0
0
0
0
0
0.003333
0
0.003155
0
0
0
0
0
0.003584
0
0
0
0
0
0
0
0
0
0
0.004132
0
0
0
0
0
0.002778
0
0
0
0
0
0.005362
0.002646
0
0.002632
0.005222
0
0
0.002584
0
0
0.002667
0
0
0
0
0
0
0
0
0
0
0.002703
0.002762
0
0
0
0
0
0
0
0
0
0
0
0
0
0
0
0
0.006369
0
0
0.007194
0
0
0
0
0
0.005102
0
0
0
0
0
0
0
0
0.006757
0
0
0
0
0
0
0
0.005025
0
0
0
0.020548
0
0
0
0
0
0
0
0
0
0
0
0
0
0
0
0
0
0
0
0
0
0
0
0
0
0
0
0.004587
0
0
0
0
0
0
0
0
0
0
0
0
0
0.009009
0.003876
0
0
0
0
0
0
0
0
0
0
0
0
0
0
0
0
0.007692
0
0
0.003802
0
0
0.002857
0
0
0
0
0
0
0
0
0
0
0
0
0
0
0
0
0
0
0
0
0
0
0
0
0
0
0
0
0
0.002392
0
0
0
0
0
0.002545
0
0.002242
0
0
0
0
0
0
0
0.002242
0
0
0
0
0
0.002625
0
0.002994
0.004301
0
0
0.001965
0
0.001883
0
0
0
0
0
0
0
0
0
0
0
0
0
0
0
0
0
0
0
0
0
0
0
0
0.001815
0
0
0.001898
0
0.002494
0
0
0
0
0
0
0.001842
0
0
0.003731
0
0.00189
0.001923
0
0
0
0
0.007916
0
0
0
0
0
0
0.002967
0
0
0
0
0
0
0
0
0
0
0
0
0
0
0
0
0
0
0
0
0
0
0.001887
0
0
0
0
0
0
0.005445
0
0.003683
0
0
0.00188
0.001887
0
0
0
0
0.002273
0
0
0
0
0
0
0
0.001852
0
0
0
0
0
0.001862
0
0
0.001916
0
0
0
0
0
0
0.002037
0
0
0
0.022099
0
0.025189
0
0.002114
0
0
0
0.004107
0
0.002028
0.002
0
0
0
0.002114
0
0.010135
0
0
0
0
0
0
0
0.002174
0
0
0
0
0
0
0.00295
0
0
0
0
0
0.002037
0
0
0
0
0.002132
0.003876
0
0
0.002092
0
0
0
0
0
0
0.002079
0
0.004556
0
0.002075
0
0.002012
0
0
0
0
0
0
0
0
0
0
0.00189
0.001862
0
0
0.00188
0
0.003824
0
0
0
0
0
0
0.001852
0
0.001852
0
0
0.001792
0
0
0
0
0.001821
0
0
0
0
0.003656
0.001792
0
0
0
0
0.001792
0
0
0
0
0
0
0
0.001805
0
0
0
0
0
0
0
0.001757
0
0
0
0
0
0.001686
0
0
0
0
0
0
0.001748
0
0
0
0.001698
0
0
0
0
0
0
0
0.001692
0
0
0
0.001692
0
0
0
0
0
0
0
0
0
0
0.001681
0
0
0
0
0
0
0
0
0
0
0
0.001876
0
0.002045
0.004124
0
0
0.001887
0
0
0
0.001835
0.001779
0
0
0
0
0.001815
0.001792
0
0
0
0.002008
0
0
0
0
0
0.001938
0
0.005814
0
0
0
0
0.002004
0
0
0.002058
0
0
0
0
0
0
0.004301
0
0
0.002037
0
0
0
0
0.002016
0
0
0.003937
0
0
0
0
0
0
0
0
0
0
0
0
0
0
0
0
0.00354
0
0
0.001802
0
0.001808
0.001799
0.001838
0
0
0
0
0
0
0
0
0.001842
0
0.003876
0.001869
0.001852
0
0
0
0
0
0
0
0
0
0
0
0
0.006865
0
0
0.00463
0
0
0
0
0
0
0
0
0
0.003534
0
0
0.003419
0
0
0
0
0
0.001647
0.001684
0.001664
0.00165
0
0.003317
0
0
0
0.001669
0
0
0
0
0
0
0
0.001701
0
0.001706
0.001672
0.001667
0
0.001672
0
0
0
0.001704
0
0.00177
0
0.001815
0.004843
0
0
0
0
0
0.001838
0
0
0
0
0
0
0
0.004
0.002315
0
0.001859
0
0
0
0
0
0
0.00188
0
0.00189
0
0
0
0
0
0
0.004098
0
0
0.003752
0
0
0
0
0.001923
0
0
0.001908
0
0
0.001894
0
0
0
0.004415
0
0
0
0
0.001905
0
0
0
0.002985
0
0
0
0
0
0
0
0
0
0.00202
0
0
0
0
0
0.002012
0
0
0
0.002066
0.002079
0.004255
0
0
0
0
0
0.00641
0
0
0
0
0
0
0
0
0
0.003922
0
0.003891
0
0
0
0.002584
0
0
0
0
0
0
0.002309
0
0
0
0.002315
0
0
0.002353
0
0
0
0
0
0
0
0
0
0
0.004357
0
0
0
0
0
0
0
0
0
0
0
0
0
0.004158
0
0
0
0
0
0
0
0
0
0
0.002053
0
0
0
0
0
0
0
0
0
0
0
0
0.002037
0
0
0
0.002024
0
0
0.001949
0
0
0.001946
0
0.001946
0
0
0
0
0.001848
0
0
0
0
0
0
0.001799
0
0
0
0
0
0
0
0
0
0
0
0.001761
0.001786
0
0
0
0
0
0
0
0
0
0
0
0
0.001887
0.001905
0
0
0
0.001825
0
0.001862
0.001869
0
0
0
0
0
0
0
0
0
0
0
0
0
0
0
0
0
0
0
0
0
0
0
0
0
0
0
0
0
0
0
0
0.002165
0
0
0
0
0
0.002242
0
0
0
0
0
0
0.002381
0
0
0
0
0
0
0
0.002513
0
0
0
0
0
0.002611
0
0.002625
0
0
0
0
0.002725
0
0
0
0
0
0
0
0
0
0
0
0
0.005464
0.002725
0
0
0
0
0
0.002825
0
0.002865
0.002924
0
0.004098
0
0.002959
0
0
0
0
0
0
0
0
0
0.002674
0
0
0
0
0
0
0
0
0.002513
0
0
0
0
0
0.01227
0
0
0.003521
0
0
0
0
0
0
0
0
0
0
0.002353
0.004843
0
0
0
0
0
0.002933
0
0
0
0
0
0
0
0
0
0
0
0
0
0
0
0
0
0
0
0
0
0.002008
0
0
0.001976
0
0
0
0
0
0
0
0
0.001949
0
0
0
0.002049
0
0
0
0
0
0
0
0.002353
0
0.003436
0.003448
0
0
0
0
0.003521
0
0
0
0
0
0
0
0
0
0
0
0
0
0
0
0.002933
0
0
0
0
0
0
0
0.005348
0
0.004926
0
0
0
0.002849
0
0
0
0
0
0
0
0
0
0
0
0
0
0.002217
0
0.002165
0
0
0
0
0
0
0.002174
0
0
0
0
0
0
0
0
0
0
0
0.001873
0
0
0
0
0
0
0.001859
0
0
0
0
0
0
0
0
0
0
0.001786
0
0
0
0
0.001838
0.001802
0
0
0.001736
0
0
0.001704
0.00354
0
0
0
0.001724
0
0
0
0.001736
0
0
0.001754
0.001706
0.005042
0
0
0.001669
0
0
0.001689
0
0
0
0.001684
0
0.001701
0
0
0
0.001672
0
0
0
0
0
0.001684
0
0.006734
0
0.001712
0
0
0
0.001692
0
0.001724
0.001724
0
0.001736
0
0.003413
0
0
0
0.002445
0
0
0
0
0
0
0
0.002016
0.002457
0
0
0
0
0
0
0.001789
0
0
0.001866
0
0.001757
0
0.001815
0
0
0
0.001828
0
0.001855
0
0.001845
0
0
0
0
0.005792
0.001905
0
0
0.003992
0
0.004065
0
0
0
0
0
0
0
0
0.002326
0.002387
0
0
0.008197
0
0
0
0
0
0
0
0
0
0
0
0
0
0
0
0
0
0
0
0
0
0
0.005714
0
0
0
0
0
0
0
0
0
0
0
0
0
0
0.002155
0
0
0
0
0
0
0
0
0
0
0
0
0
0
0.003086
0
0
0
0
0.002278
0.007519
0
0
0.002193
0
0
0
0
0
0
0
0
0
0.002232
0
0.003367
0
0
0.007853
0
0
0
0.002132
0
0
0
0
0
0
0
0
0
0
0
0
0
0.003802
0
0
0
0
0
0
0
0
0
0
0
0
0
0
0
0.003717
0
0
0.003717
0.00188
0.001894
0.008791
0
0
0
0
0
0
0
0
0
0
0
0
0
0.001742
0
0
0.001767
0.001736
0
0
0.001736
0
0
0
0.001751
0
0
0
0
0
0
0
0
0
0
0
0
0
0
0
0
0
0
0
0
0
0
0
0
0
0.001965
0
0
0
0
0
0
0
0.002155
0
0.001931
0.001934
0
0
0
0
0
0
0
0.001805
0
0
0.00365
0.00365
0.001792
0
0
0.00177
0
0
0
0
0
0
0
0.003745
0
0
0
0
0
0.002278
0
0
0
0
0.003226
0
0
0
0.001634
0
0.001634
0
0
0.001585
0
0
0
0.001577
0
0
0
0
0
0
0
0.00158
0.0016
0
0
0
0
0
0.00159
0
0
0
0
0
0.001692
0
0
0
0.001721
0
0
0.001748
0.001799
0
0
0.001984
0
0
0
0
0
0.001745
0
0
0
0
0
0
0
0.003454
0
0
0.001812
0
0
0.005479
0
0
0.002179
0
0.002299
0
0
0
0
0
0
0
0
0
0
0
0
0
0
0
0
0
0
0
0
0
0
0
0
0
0
0.002096
0
0
0
0
0
0
0
0
0
0
0.001848
0
0.001838
0
0
0
0.001783
0
0
0
0
0
0
0.001721
0
0.001704
0
0
0.001684
0
0
0
0.001689
0
0
0
0
0
0.001678
0
0
0
0
0
0
0
0
0
0.001558
0
0
0
0
0
0
0
0
0
0
0
0
0
0.001431
0
0.001441
0
0.001441
0.002882
0
0
0.001443
0
0
0.00289
0.001471
0.001431
0
0.001429
0
0.001416
0.001425
0.002845
0
0
0.001401
0
0
0.001462
0.001403
0
0
0.001361
0
0.001323
0
0
0.001332
0
0
0
0.001353
0
0.001325
0
0.00137
0
0.001383
0
0
0
0.001385
0.001379
0.001453
0.001502
0
0
0
0.001429
0
0
0
0.001464
0.001497
0.001504
0
0
0
0
0
0.001616
0
0
0
0
0
0
0.001613
0
0.004959
0.003322
0
0
0
0
0
0
0
0
0.001761
0
0.001751
0
0
0
0
0.001701
0.001715
0
0
0
0
0
0
0
0
0
0.001613
0
0
0.0032
0
0
0
0
0
0
0
0
0
0
0
0
0
0.001792
0
0
0
0.001808
0
0.001832
0
0
0
0
0
0.003846
0
0
0
0
0
0
0
0
0.001938
0
0
0
0
0
0
0.001876
0
0
0
0.001812
0
0.001818
0
0
0.001786
0.001805
0.001786
0
0
0.001942
0
0
0.001862
0
0
0
0
0
0
0.001845
0
0
0
0.001828
0
0.001776
0
0
0
0
0
0
0
0
0
0
0
0
0
0
0
0
0
0
0
0
0
0.004329
0
0.002128
0.006494
0
0
0
0
0
0
0
0
0
0
0
0.006601
0
0
0.002817
0
0
0
0
0
0
0
0
0
0
0
0
0
0
0
0.001799
0
0
0
0
0
0
0
0
0
0
0
0.001629
0.001642
0
0.001616
0.001621
0.001597
0
0
0
0.001605
0
0
0
0
0
0
0
0
0.001565
0.00155
0.00156
0
0
0
0
0
0
0
0.001623
0
0
0
0
0
0
0
0
0
0
0
0
0
0
0
0.00361
0
0
0
0
0
0
0
0
0.002817
0.002299
0
0
0
0
0
0
0
0
0
0
0.001912
0
0
0.002959
0
0
0
0
0
0
0
0
0.002151
0
0
0
0
0
0
0
0
0
0.002304
0
0
0
0
0
0.002558
0
0
0.008671
0
0
0
0
0
0
0
0.005831
0
0
0.002976
0
0
0
0
0
0
0
0.002208
0
0
0
0
0
0
0
0
0
0
0
0
0
0
0
0.002028
0
0
0
0.002053
0
0.002075
0
0
0
0.006224
0
0
0
0
0.002096
0
0
0
0
0
0
0
0
0
0
0
0
0
0
0
0
0
0
0
0
0
0
0.002545
0
0
0.002169
0
0
0
0
0
0
0
0
0
0.002128
0
0
0
0
0
0.002907
0.002208
0
0.002114
0
0
0.001984
0.00202
0
0.004032
0
0
0
0
0
0
0.00277
0
0
0
0.002037
0
0
0.004032
0
0.002024
0
0
0.002004
0
0
0
0
0
0
0
0
0
0
0
0.002132
0
0
0.002183
0
0.002208
0
0.002137
0
0
0
0
0
0.002217
0
0
0
0
0
0
0
0
0
0
0
0
0
0
0
0
0
0
0
0
0
0
0
0
0
0
0
0
0
0
0
0
0
0.002283
0
0.002299
0
0
0
0.002217
0
0.002242
0
0
0
0
0.004357
0
0
0.002114
0
0
0
0.002079
0
0
0
0
0
0
0
0
0
0
0
0
0
0
0
0
0.002004
0.002045
0.002079
0.002141
0
0
0
0.001953
0
0.001988
0
0
0.002016
0.002141
0
0
0.002033
0
0
0
0.002008
0.004024
0
0
0
0
0
0
0
0
0
0.001912
0
0
0
0
0
0.001862
0
0
0
0.001912
0
0.001992
0
0
0
0.004619
0
0
0
0
0
0
0
0
0
0.001783
0
0.003578
0
0
0
0
0
0
0
0.003546
0
0.001792
0
0.001761
0
0.001799
0.001767
0
0.001748
0.001776
0.00177
0
0
0
0.001808
0
0
0.001776
0
0
0
0
0
0.001776
0
0
0
0
0.001667
0.001664
0
0
0
0
0
0
0
0
0
0
0
0
0
0
0
0
0
0.001558
0
0.00159
0.001585
0.00317
0
0.001572
0
0
0
0
0
0
0
0
0
0
0
0.001522
0
0.001529
0
0.001538
0.004518
0.001504
0.001522
0.001504
0
0
0.001513
0
0
0
0
0
0
0
0
0
0.001531
0.003101
0
0
0
0
0
0
0
0
0.001585
0.00158
0
0
0
0
0
0
0
0
0.001565
0
0.001563
0
0
0.001626
0
0
0
0.001642
0
0.001661
0
0
0
0
0.001698
0
0.001721
0
0
0
0
0
0
0
0
0
0.003454
0
0
0
0
0
0
0
0
0
0
0.00531
0.003503
0
0.001739
0.00349
0
0
0
0
0
0.003527
0
0.001815
0
0
0
0
0
0
0
0.001927
0.003817
0
0
0.001912
0
0
0
0
0
0.003922
0
0
0
0
0
0
0.002024
0.002041
0
0
0
0
0
0.002066
0
0
0
0.004098
0
0
0.002037
0
0
0
0.00202
0
0.002066
0
0.006231
0
0
0
0
0.002101
0
0
0
0
0
0
0
0
0
0
0
0
0.002457
0
0
0
0
0
0
0
0
0
0
0
0.009615
0
0
0
0.005882
0
0
0
0
0
0
0
0
0
0.002203
0
0
0.002242
0
0.005063
0
0
0
0
0
0.002198
0
0
0
0
0.003077
0
0
0
0
0
0
0
0.002028
0
0
0
0
0
0
0
0
0
0
0
0
0
0.002058
0
0
0
0
0
0
0
0
0
0
0
0
0.004193
0
0
0
0.002198
0
0
0
0
0
0.005141
0.002326
0.004556
0
0
0.002326
0
0
0
0
0
0
0
0
0
0
0
0
0.002404
0
0
0
0
0
0
0
0
0
0.002222
0
0
0
0
0
0
0
0
0
0
0
0
0
0.002288
0
0
0.00216
0
0.002037
0
0
0
0
0
0
0
0.003968
0.001946
0
0
0
0.001961
0.001949
0
0
0.001931
0
0
0.001916
0.001912
0
0
0
0
0
0
0
0.001894
0.001876
0
0
0
0
0.001934
0
0
0.001949
0
0
0
0
0
0
0
0
0
0
0
0
0
0.002198
0.002415
0.006383
0
0
0
0
0
0
0
0.002278
0
0.007194
0.00232
0
0
0
0
0
0.002237
0
0
0.002309
0
0.002169
0
0
0
0
0
0
0
0
0
0
0
0.004219
0
0
0
0
0.002179
0
0
0
0
0
0
0
0
0
0
0
0
0.003774
0
0
0
0
0
0.002451
0
0
0
0
0
0
0
0
0
0
0.002433
0
0
0
0.008097
0.00274
0
0
0.002506
0
0
0
0
0
0
0
0
0.002183
0
0
0
0
0
0
0
0
0
0
0
0.001949
0
0
0
0.001866
0.001815
0
0
0
0
0.001825
0.001802
0
0
0
0
0
0
0
0
0.001742
0.001736
0.001745
0
0
0
0
0
0
0
0
0
0
0
0
0
0
0
0
0
0.001832
0
0.001855
0.001883
0
0
0
0
0
0
0.002488
0
0
0
0
0
0.002128
0
0
0
0
0
0
0
0
0
0
0
0
0
0
0
0
0
0.002155
0.004329
0
0.005089
0
0
0
0
0
0
0
0
0
0
0
0
0
0
0
0
0
0
0
0
0
0
0
0.002404
0
0
0
0
0
0
0
0
0
0
0
0
0.002208
0
0
0
0
0
0
0
0
0
0
0
0.002004
0
0
0
0
0
0.001965
0.001984
0.003012
0
0
0
0
0
0
0
0
0.001862
0.001894
0
0
0
0
0
0
0
0
0
0
0
0
0
0
0.00363
0
0.001757
0.005263
0.001754
0.001757
0
0.001761
0
0
0
0
0
0
0.001698
0.004535
0
0
0
0
0.00905
0.001681
0.001658
0
0
0
0
0
0
0.001715
0.001709
0
0
0
0
0
0
0
0
0
0
0
0
0
0.005025
0
0
0
0
0
0.001838
0.001855
0
0
0
0.003656
0
0.001845
0
0
0
0
0
0
0
0
0
0
0.001972
0.001996
0
0.002049
0.00211
0.002141
0
0.002217
0
0.005747
0
0
0.008798
0
0
0
0
0
0
0.002604
0
0.004505
0
0.002475
0.002445
0.002415
0.002415
0
0
0
0
0
0
0
0
0
0
0
0
0.0681
0
0
0
0
0
0
0
0
0
0
0
0.006757
0
0
0
0
0
0.001916
0
0
0
0
0
0
0
0
0
0
0
0
0
0.001701
0
0
0
0
0
0
0.001653
0
0.001678
0.001664
0
0
0
0.003306
0.0033
0
0.001664
0.001692
0
0
0.001873
0
0
0
0
0
0
0.001698
0
0
0
0
0
0
0
0
0.001949
0
0
0
0
0
0.001727
0
0
0
0.001901
0.003937
0.003257
0
0
0.002747
0
0
0
0
0
0
0
0
0.001689
0.001686
0
0
0.001637
0.001618
0
0
0
0.001592
0
0
0
0
0
0
0
0
0
0
0
0.001572
0
0
0
0
0
0
0
0
0
0
0
0.003968
0
0
0
0
0
0.001709
0
0
0
0
0.003413
0
0
0
0
0
0.001742
0
0
0
0
0
0
0
0.00177
0.001818
0.003906
0
0
0
0
0
0
0
0
0
0
0
0
0.001675
0
0
0
0
0
0
0.001736
0.00177
0.001773
0.001745
0
0
0
0
0.001709
0
0
0
0
0
0.001764
0
0
0.001724
0
0.00173
0
0
0.002551
0
0
0
0
0
0
0
0
0
0
0
0
0
0
0
0
0
0
0
0
0
0
0.001916
0
0
0
0
0
0
0.003021
0
0
0.003096
0
0.003984
0
0.003883
0
0.001919
0
0
0
0
0.001927
0.001957
0
0
0.001916
0
0
0.006237
0
0
0
0
0
0
0.001919
0
0
0
0
0
0
0
0
0
0
0
0
0
0
0
0
0.002247
0
0.002237
0.002257
0
0
0
0
0
0
0
0
0
0
0.002584
0
0
0
0
0
0
0.002882
0
0
0
0
0
0
0
0
0
0
0
0.003413
0.003571
0
0.013333
0
0
0
0
0.003597
0
0.003636
0
0.011561
0
0.003425
0
0
0
0
0
0.00304
0
0
0
0
0
0
0
0
0
0.00295
0
0
0
0
0
0
0
0
0.002967
0
0
0
0.00303
0.006006
0
0
0
0
0
0
0
0
0
0
0
0
0
0
0
0
0
0
0
0
0.004762
0.004219
0
0
0
0.011111
0
0
0.010526
0
0
0.030303
0
0
0
0
0
0
0
0
0
0
0
0
0
0
0
0
0
0
0
0
0
0
0
0
0
0
0
0
0
0.006211
0
0
0
0
0
0
0
0
0
0
0
0
0
0
0.008475
0.008403
0
0.012987
0
0
0
0
0
0
0
0
0
0
0
0
0
0
0
0
0
0
0
0
0
0
0
0
0
0
0
0
0
0
0
0
0
0
0
0
0
0
0
0
0
0
0
0
0
0
0
0
0
0
0
0
0
0
0
0
0
0
0
0
0
0
0
0
0
0
0
0
0
0
0
0
0
0
0.008
0
0
0
0
0
0
0
0
0
0.006135
0
0
0
0
0
0
0
0
0
0
0
0
0
0
0
0
0
0
0
0
0
0
0
0
0
0
0
0
0.006024
0
0
0
0
0
0
0
0
0
0
0.003846
0
0
0
0
0
0
0
0
0
0
0
0
0.00346
0
0.003049
0.002967
0.002874
0.005618
0
0
0
0
0.00274
0
0
0
0
0
0.002525
0
0.002445
0
0
0
0
0
0
0.002392
0
0
0.002146
0
0
0.002096
0
0
0
0
0
0
0
0
0
0
0
0.001916
0
0
0
0.003774
0
0
0
0.003745
0
0
0
0
0
0
0.00885
0
0
0
0
0
0
0
0.003413
0
0
0
0
0
0
0
0
0
0
0.001942
0
0
0
0
0
0
0
0
0.001946
0
0
0.001931
0
0
0
0
0
0
0
0
0
0
0
0
0
0.003738
0
0.001873
0
0
0
0
0
0
0
0
0
0
0
0
0
0
0.007481
0
0
0
0.001751
0
0
0
0
0
0.001848
0
0
0
0
0
0
0
0
0
0
0
0
0.001764
0
0
0
0
0
0
0
0.003683
0
0
0
0
0
0
0
0
0
0
0
0
0
0
0
0
0
0
0
0
0
0
0
0
0
0
0
0
0.004706
0
0
0
0
0
0
0
0
0
0.00202
0
0
0
0
0
0
0
0
0
0
0
0
0.001883
0
0
0
0
0
0
0.002096
0.002045
0
0
0
0.001992
0
0
0
0
0
0
0
0
0
0
0
0
0
0.002169
0
0
0
0
0
0.006849
0
0
0
0
0
0.002304
0
0
0
0
0
0
0
0
0
0.002304
0.002331
0
0
0
0
0
0
0
0
0
0
0
0
0
0
0
0
0
0.002217
0
0
0
0
0.002237
0
0
0
0
0
0
0
0
0
0
0.002309
0
0.002347
0
0
0.00241
0
0
0
0.002421
0.002381
0
0
0.002433
0
0
0
0
0
0
0
0.004444
0
0
0
0
0
0
0
0
0
0
0
0
0.00207
0
0.002088
0
0
0
0
0
0.002004
0
0.004049
0
0
0
0.004274
0.002146
0
0
0.004415
0
0.002217
0
0
0
0
0
0.002288
0
0
0
0
0
0
0
0
0
0
0
0
0.002439
0
0
0
0.002618
0
0
0
0
0
0
0
0
0
0
0.002833
0
0
0
0.003021
0
0
0
0
0
0
0
0
0
0
0
0
0
0
0
0
0
0
0
0
0
0
0.006494
0
0
0.003356
0
0.003509
0
0.003636
0
0
0
0
0
0
0
0
0
0
0
0
0
0.005051
0
0
0.005714
0.004425
0
0
0
0
0
0
0
0.004545
0
0
0
0.004255
0
0
0
0.005263
0
0
0
0
0
0
0.006536
0
0
0
0
0
0
0
0
0
0
0
0
0
0
0
0
0.012346
0
0
0
0
0.019231
0
0
0
0
0
0
0
1
0
0
0
0
0
0
0
0
0
0
0
0
0
0
0
0
0
0
0
0
0
0
0
0
0
0
0
0
0
0
0
0
0.006623
0
0
0
0
0
0
0.005525
0
0
0
0.005025
0
0
0.004673
0
0
0.004505
0
0
0
0
0.004902
0
0
0
0
0
0
0
0
0
0
0
0
0
0
0.003472
0
0
0
0
0
0
0
0
0
0
0
0
0
0
0
0
0.003067
0
0
0.003115
0.003367
0
0
0
0
0
0
0
0
0
0
0
0
0
0
0
0
0
0
0
0
0
0
0
0
0.002198
0
0
0
0
0
0
0.00241
0
0.002012
0
0
0
0.003876
0
0
0
0
0.002119
0
0
0
0
0
0
0
0
0
0
0
0
0
0
0
0
0
0
0
0
0
0
0
0
0.002004
0
0
0
0
0
0
0
0
0
0
0
0
0
0
0.002558
0
0
0
0
0
0
0
0
0
0.00432
0
0.004494
0
0
0
0
0
0.002825
0
0
0
0
0
0
0
0
0
0
0
0
0
0
0
0
0
0
0
0
0.003226
0
0
0
0
0
0
0
0
0
0
0
0
0.003344
0
0
0
0
0
0
0
0
0
0
0.003861
0
0
0
0.004202
0.004329
0.004464
0
0
0
0
0
0
0
0
0
0
0
0
0
0.007692
0
0
0
0
0
0
0
0
0
0
0
0
0
0
0
0
0
0
0
0
0
0.021277
0
0
0
0
0
0
0
0
0
0
0
0
0
0
0
0
0
0
0
0
0
0
0
0
0
0
0.005714
0
0
0
0
0
0
0
0
0
0
0
0
0
0
0
0
0
0
0
0
0
0
0
0
0
0
0
0
0
0
0
0
0
0
0
0
0
0
0.004545
0
0
0
0
0
0
0
0
0
0
0
0.002933
0
0
0
0
0
0.002433
0.002415
0
0
0
0
0
0
0
0.002096
0
0
0
0
0
0.002004
0
0
0
0
0
0
0
0.002037
0
0
0
0.002028
0.002012
0
0
0
0
0
0.002062
0
0
0
0
0
0
0
0
0
0
0
0.002212
0
0.004525
0.002299
0
0
0
0
0.002283
0
0
0
0
0
0
0
0
0
0
0
0.002451
0
0
0
0
0
0
0
0
0.00241
0.002451
0
0
0
0
0.002481
0
0
0
0
0
0.004494
0
0
0
0
0.002288
0
0
0
0.002203
0
0.002141
0
0
0
0
0
0
0
0
0
0
0
0
0
0
0
0
0
0
0.00216
0
0
0
0
0
0
0
0
0
0.002174
0
0
0
0
0
0
0
0.006645
0
0.002174
0
0
0
0
0
0
0
0
0
0
0
0
0
0
0
0
0
0
0.001818
0
0
0
0
0
0
0
0
0
0
0
0
0
0
0
0
0.001645
0
0
0.001621
0
0
0
0
0
0
0.001595
0
0
0
0
0
0
0
0.001629
0.003257
0
0.003268
0
0
0
0
0
0.003226
0
0
0.001642
0
0
0
0
0
0
0
0
0
0
0
0
0
0
0
0
0
0
0.002024
0
0
0
0
0
0
0
0
0.001942
0
0
0.00883
0
0
0
0
0
0
0
0
0.001927
0
0
0
0
0
0.002169
0
0.004065
0.002004
0
0
0
0
0
0
0
0
0.002732
0
0
0
0
0
0
0
0
0
0
0
0
0
0.001852
0
0
0
0
0
0
0.001855
0
0
0
0.001898
0.001946
0.002703
0
0
0
0
0
0
0
0
0.001953
0
0.001934
0.001946
0
0
0
0.001949
0
0
0
0
0
0.003717
0.001848
0.001821
0.003663
0
0
0.003738
0
0.00189
0
0.001873
0
0
0
0
0.003854
0.001912
0
0
0
0
0
0
0
0.003656
0
0
0
0
0
0.00177
0
0
0
0
0.001724
0
0.003356
0.001656
0
0.001642
0
0
0
0
0
0.00165
0
0
0
0
0.001675
0
0
0.001695
0
0
0.001675
0
0
0
0.001616
0
0
0
0.00346
0
0
0
0
0
0
0
0.001493
0
0.001506
0
0
0
0.001506
0
0
0
0
0
0
0
0
0.001499
0
0
0.001534
0
0
0.001524
0
0.001538
0
0.001587
0.001587
0.001605
0
0.001634
0
0.001634
0
0
0
0
0
0
0
0
0.001799
0
0
0
0
0
0
0
0.002008
0.00304
0
0
0
0
0
0
0
0
0
0
0
0.003636
0
0
0
0
0
0
0
0
0
0.002331
0
0
0
0
0.015528
0
0
0
0
0
0
0
0
0
0
0
0
0
0.002525
0
0
0
0.002703
0
0
0.002342
0
0
0
0
0.002283
0
0
0
0
0
0
0.005141
0
0.002165
0
0
0
0
0
0
0.001828
0
0
0
0
0
0
0.001805
0
0
0
0
0.002433
0.001786
0
0
0
0
0
0.001739
0.001715
0.001709
0
0
0
0
0
0
0
0
0
0.003339
0
0
0
0
0
0.003656
0
0
0
0
0
0
0
0
0
0
0.001689
0
0
0
0
0.001623
0
0
0.001639
0
0
0.001645
0
0.001637
0
0
0
0.001669
0
0
0.003636
0
0.001721
0
0
0
0
0
0
0
0.001653
0
0.001686
0.001727
0
0
0
0
0.001684
0
0
0
0
0
0
0
0
0
0
0
0
0
0.001767
0
0
0
0.00489
0
0.001876
0
0
0
0.002033
0
0
0
0
0
0.003643
0
0
0.001876
0
0
0.004237
0
0
0
0
0
0
0
0
0
0
0
0
0.001808
0
0.003591
0
0
0
0
0
0
0.003617
0
0.001825
0.001908
0.001927
0
0.001942
0.001965
0
0
0
0
0
0.002288
0
0.002083
0
0
0
0
0
0
0
0
0
0.001988
0
0.001961
0
0
0
0
0
0
0
0
0
0
0.002288
0
0
0
0
0
0.001802
0
0
0
0
0
0
0
0
0.004762
0
0
0
0
0
0
0
0
0
0
0
0
0
0
0
0.001852
0
0
0
0
0
0
0
0
0.001876
0
0.001828
0.001812
0
0.001821
0
0
0
0
0
0
0
0
0
0
0
0
0
0
0
0
0.001919
0
0
0
0
0
0.002062
0
0
0
0.004796
0
0
0
0
0
0.008357
0
0
0
0
0
0.005525
0
0
0.002915
0
0
0
0
0
0
0
0
0
0
0
0
0
0
0
0
0
0
0
0
0
0
0
0
0
0
0
0.004132
0
0
0
0
0
0
0
0
0
0
0
0
0
0
0.002525
0.002488
0.002545
0
0
0.002899
0
0.002591
0
0
0.002481
0
0
0
0
0
0
0
0
0
0.002481
0
0
0
0
0
0
0
0
0.002618
0
0
0
0
0
0
0
0
0
0
0
0
0.002336
0.002315
0.002288
0
0
0
0
0
0.002283
0.004662
0
0
0.002278
0
0.002262
0
0
0
0.004415
0.002179
0
0
0.002155
0
0
0.002146
0
0
0
0
0
0
0
0
0
0.002488
0
0
0.002646
0
0
0.002817
0.002933
0.00295
0.004049
0
0
0
0
0
0.003436
0
0.003497
0.012295
0
0
0
0
0
0.003534
0.003559
0
0
0
0
0
0
0.004878
0
0
0
0
0
0.00495
0
0
0
0
0
0
0
0
0
0
0
0
0
0
0.006757
0
0
0
0
0
0
0
0
0
0
0
0
0
0
0
0
0
0
0.006993
0.007143
0
0
0
0
0
0
0
0
0
0
0
0
0
0.014706
0
0
0
0
0
0
0
0
0
0.006098
0
0
0
0
0
0
0
0
0
0
0
0
0
0.004237
0
0
0
0
0
0
0
0
0
0
0
0
0
0
0
0
0
0
0
0
0
0
0
0
0
0
0
0
0
0
0.002625
0
0
0
0
0
0
0
0
0
0.001792
0
0.001736
0
0.001675
0
0
0
0.001577
0
0
0
0
0
0
0
0
0
0
0
0
0
0
0
0.001805
0
0.002004
0
0.001901
0
0
0
0.00241
0
0.002882
0
0
0
0.001828
0.001815
0
0
0
0
0
0
0
0
0.001795
0.003656
0
0
0
0
0
0
0
0
0
0
0
0
0
0.001742
0
0
0
0
0
0
0
0
0
0
0
0.001873
0
0
0
0.002242
0
0
0
0
0
0.009195
0
0
0
0
0
0
0
0
0
0
0
0
0
0
0
0
0
0
0
0
0
0.001919
0
0.001996
0
0
0
0
0
0
0
0
0
0
0
0
0
0
0.006198
0.001845
0
0
0
0
0
0
0
0
0
0.001802
0
0
0
0.00409
0.003846
0
0
0.001767
0
0
0
0
0
0
0
0
0
0.001678
0
0
0
0
0
0
0
0
0
0
0
0
0
0
0
0
0
0
0
0
0.002257
0
0
0
0
0
0
0
0
0
0
0
0.001626
0.001626
0
0
0
0
0
0.001572
0
0
0
0.002217
0
0
0
0.003279
0
0
0
0
0
0
0
0
0.001605
0
0
0
0
0
0
0.001618
0
0.001618
0
0
0
0
0.001618
0.001626
0
0
0.001661
0
0.001669
0
0
0
0
0
0
0
0
0.006148
0
0
0
0.001866
0
0
0.001799
0
0.001779
0
0
0.005952
0
0
0
0.003584
0
0
0.003534
0
0.001733
0
0.001733
0.001776
0
0
0
0
0
0
0
0
0
0
0
0
0
0
0
0
0.001898
0
0
0.001965
0
0.002062
0
0
0
0.001949
0.003861
0
0.001949
0
0
0
0.004
0
0
0
0
0
0.00597
0
0
0
0.002033
0
0
0
0
0
0
0
0
0
0
0
0.002053
0
0
0
0.002092
0
0.002096
0.004228
0
0.004525
0
0.002155
0
0
0
0
0
0
0
0
0.004219
0.007126
0
0
0
0
0
0
0
0
0
0
0
0
0
0
0
0
0
0
0
0
0
0
0
0
0
0
0
0
0
0
0
0
0
0
0
0
0
0
0
0
0
0.002415
0
0.00232
0
0
0
0
0
0
0
0
0
0
0
0
0
0
0
0
0
0
0
0.002252
0
0
0
0
0
0.002137
0
0
0
0
0
0
0
0
0
0
0
0
0
0
0
0
0
0
0.001802
0
0.001812
0
0
0
0
0.001757
0.001754
0
0
0
0.001821
0
0
0
0
0
0
0
0.001838
0.006316
0
0
0.001795
0
0
0
0
0
0
0
0
0
0
0
0
0
0
0.001866
0
0
0
0
0
0.001912
0.003846
0
0.001934
0
0
0
0
0
0.001842
0
0.001866
0.001848
0
0.001938
0
0.003861
0.001942
0.001946
0
0.002008
0.002033
0.002037
0
0
0
0
0
0
0
0
0
0
0
0.002232
0
0
0
0.002294
0
0
0
0
0.00241
0
0.003268
0
0
0
0
0.00237
0.002353
0
0
0
0
0
0
0
0.002387
0
0
0
0.002309
0.002331
0.002331
0
0
0
0
0
0
0
0
0
0.006897
0
0
0
0
0
0.002203
0
0.002128
0
0
0
0
0
0
0.002398
0
0
0
0
0
0.00202
0
0
0
0
0
0
0
0
0
0
0.003527
0
0.001754
0
0.001727
0
0
0
0
0.001698
0
0.001645
0.001637
0
0
0
0.006579
0
0
0.001585
0
0.001563
0
0.001538
0.001531
0
0
0.001531
0
0.001506
0.001502
0
0
0
0.001466
0
0
0
0
0
0.001439
0
0
0
0
0.001456
0
0.001466
0
0.001449
0
0.001435
0.001427
0
0
0
0
0
0
0.001456
0
0.001441
0
0
0
0
0.001447
0
0
0
0
0
0
0
0.001443
0
0
0.001481
0
0.001484
0.001511
0
0.001536
0.001565
0
0
0
0
0
0.001656
0
0
0
0.001715
0
0.003484
0
0
0
0.00173
0
0
0
0
0
0.00177
0
0.001779
0
0
0
0
0
0
0
0
0
0
0.001934
0.003906
0
0.004464
0
0
0.00202
0
0
0
0.002033
0
0
0
0
0
0
0
0
0
0
0
0.002188
0
0
0
0
0
0
0
0
0.002387
0
0.004866
0
0
0
0
0
0.002165
0
0
0
0.006593
0.004292
0
0
0.002137
0
0
0
0.006329
0
0.002028
0
0.003868
0
0
0.003937
0.001946
0.001934
0
0
0
0.001908
0
0
0
0
0
0
0.001938
0.001953
0
0
0
0
0
0
0
0
0
0
0
0
0
0
0.001988
0.002008
0.001976
0
0
0.001931
0
0.001961
0
0
0
0.002028
0.002
0
0
0.00202
0.002012
0
0.001992
0.002037
0
0.002227
0
0
0
0.003724
0
0
0
0
0
0
0
0
0
0
0
0
0
0.001605
0
0.00157
0
0
0
0
0
0.001515
0
0
0.001524
0.001506
0.00149
0
0
0
0
0
0
0
0.003247
0
0
0
0
0
0
0
0.001511
0.003257
0
0.001517
0
0
0
0
0
0
0
0.001437
0
0
0
0
0.001462
0
0
0
0.001437
0
0.001449
0
0.002907
0
0.001435
0.001441
0.001433
0
0
0
0
0.001397
0
0
0
0
0
0.001357
0.001372
0
0
0.001391
0
0
0
0.00141
0
0.001431
0
0
0
0
0
0.001443
0.001431
0
0.001447
0.001439
0
0
0.002924
0.001493
0
0
0.001484
0
0
0
0.001527
0
0.001582
0
0.001613
0
0
0
0
0
0
0
0
0
0
0.001664
0
0
0.001631
0.001621
0
0
0.001637
0
0
0.001661
0
0.001678
0
0.001681
0
0
0.001706
0
0.001692
0
0
0
0.00349
0
0.001812
0
0
0
0
0
0.001818
0
0
0
0
0
0.001828
0
0
0
0
0
0
0
0
0
0
0
0.001761
0.001761
0
0
0
0
0
0
0.001773
0
0.001745
0
0
0.003597
0
0.001828
0.001795
0
0
0
0
0
0
0
0
0.001821
0
0.003697
0.001869
0
0
0
0
0
0
0
0
0
0
0
0.001821
0
0
0
0.001773
0.001761
0
0.001718
0
0
0.003419
0
0.001669
0
0
0
0
0
0.001656
0
0
0
0
0
0
0.00161
0
0
0.001698
0
0
0
0
0
0
0
0
0
0.002364
0
0
0.004149
0
0
0
0
0
0
0.003984
0
0
0
0.001779
0
0
0
0
0
0
0.001923
0
0
0
0.009615
0
0
0
0
0
0.001905
0
0
0
0.001927
0.004124
0
0
0
0
0
0
0
0
0
0
0.002833
0
0
0
0
0
0
0.003781
0.001901
0.001901
0.001894
0
0
0
0.001866
0.001859
0
0
0.001828
0
0
0
0
0
0
0.00189
0
0.004
0.002179
0
0
0
0.007859
0
0
0
0
0.005291
0
0
0.002632
0
0
0
0
0.001898
0
0
0.001842
0.001873
0.005597
0
0.001855
0
0
0
0
0
0
0
0.001761
0
0
0
0
0
0
0.001748
0
0
0
0
0
0
0
0
0.005272
0.003497
0
0
0.001721
0
0
0.001718
0
0
0.001764
0
0
0.001761
0
0
0
0
0.001783
0
0.001808
0
0
0
0
0
0
0
0
0
0
0
0
0
0
0
0
0
0
0
0
0.003125
0
0
0
0
0
0
0
0
0
0.001969
0
0
0
0
0
0.006645
0
0
0.008114
0
0.001984
0
0
0
0
0
0
0
0
0
0
0
0
0
0
0.004098
0.004065
0
0
0
0
0.002049
0
0
0
0.002049
0.002033
0
0
0.002016
0
0.003968
0.002008
0
0
0
0
0.002967
0
0.002941
0
0
0
0.002037
0
0
0.001996
0
0
0
0.001946
0
0
0
0
0
0
0
0
0
0
0.001815
0
0
0
0.00363
0.001832
0
0
0.001842
0
0
0
0
0.001812
0
0
0
0
0.003711
0
0
0
0
0
0.001845
0
0
0
0.001818
0.001773
0
0.001773
0
0
0
0
0.003317
0.001675
0
0
0
0.001698
0
0.001709
0.005017
0
0
0.001653
0.001669
0
0
0
0
0
0
0
0
0
0.001637
0
0
0
0
0
0
0
0
0.001631
0.00165
0
0
0.001656
0
0
0
0
0
0
0
0
0
0
0.001637
0
0
0.001597
0
0.001595
0
0
0
0
0.00156
0
0
0
0
0
0
0
0
0
0
0
0
0
0
0
0
0
0
0.001464
0
0
0
0
0
0
0
0
0
0
0
0
0
0
0
0
0
0.001522
0.00152
0
0
0
0
0
0
0
0
0
0
0
0
0
0
0
0
0
0.003067
0
0
0.001567
0
0.001567
0
0.003175
0
0
0
0
0.004505
0
0
0
0
0
0
0
0
0.001479
0
0.003968
0
0
0
0
0
0
0
0
0.003086
0.00155
0
0
0
0
0.001605
0
0
0
0.001605
0
0.001845
0
0.001689
0
0
0.001656
0
0.001684
0
0
0.001661
0
0
0.001672
0
0.001704
0.001695
0.003425
0
0.003534
0
0.001972
0
0.001818
0.001757
0
0.001736
0
0
0
0
0
0
0
0.001873
0
0
0
0.001988
0
0
0
0
0
0.006536
0.008929
0.002247
0
0
0
0
0
0
0
0
0.002475
0
0
0
0
0
0
0
0.00266
0
0
0
0.002841
0
0
0.003226
0
0.003663
0.003268
0
0
0
0
0
0
0
0.003367
0
0
0
0
0
0
0
0
0
0
0
0
0
0
0
0
0
0
0
0
0
0
0
0
0.006757
0
0
0
0
0
0
0
0.004902
0
0
0
0
0
0
0
0
0
0
0
0
0
0
0
0
0
0
0
0
0
0
0
0
0
0
0
0
0
0
0
0
0
0
0
0
0
0.003788
0
0
0
0
0
0
0
0.003268
0
0
0
0.002994
0
0
0
0
0
0.005618
0
0
0
0
0
0
0
0
0
0
0
0
0
0
0
0
0
0
0
0
0
0
0
0
0
0
0
0
0
0
0
0
0
0
0
0.003195
0
0
0
0
0
0
0
0
0
0
0
0
0
0
0.001942
0
0
0
0.001795
0
0
0
0
0
0
0
0
0
0
0.001832
0
0.003759
0
0
0
0
0.001969
0
0
0
0
0
0
0
0
0
0
0.010204
0
0
0
0.002584
0.002618
0
0
0
0
0
0
0
0
0
0
0
0.003067
0
0
0
0
0
0
0
0
0
0
0
0
0
0
0
0
0
0
0
0
0
0.003937
0
0
0
0
0
0
0
0
0
0.004184
0
0
0
0
0
0
0
0
0
0
0
0
0
0.005952
0
0
0
0
0.006211
0
0
0
0
0
0
0
0
0
0
0
0
0
0
0
0
0
0
0
0
0
0
0
0
0
0
0
0
0
0
0
0
0
0
0
0
0
0
0
0.003774
0
0
0
0
0
0
0
0
0
0
0
0
0
0.002786
0
0
0
0
0
0
0
0.002545
0
0
0.002532
0
0
0
0
0.00237
0
0
0
0.004474
0
0.002532
0
0
0
0.002427
0
0.002294
0
0
0
0
0
0.002212
0
0
0
0
0
0
0
0
0.002101
0
0.002141
0
0
0
0.004739
0
0
0
0
0
0.00207
0
0
0
0
0
0
0
0
0
0
0
0
0
0
0
0
0
0
0
0
0
0
0
0.00211
0.021472
0
0.001919
0
0.001866
0.001894
0
0
0
0
0
0
0
0
0.001805
0
0
0
0
0
0
0.001795
0
0
0
0
0
0
0
0
0.001704
0.001706
0
0
0
0
0
0.001692
0
0
0
0
0
0.001684
0.001664
0
0
0
0
0.002268
0
0
0
0
0
0
0.002475
0
0
0
0
0.001669
0.002445
0
0
0
0
0
0
0.004651
0
0
0
0
0
0
0
0
0
0
0.001575
0
0
0
0
0
0
0
0.001493
0
0
0
0.001477
0.001477
0
0
0
0
0
0.001475
0
0
0
0
0.003053
0
0
0.001534
0
0
0.002012
0
0.00155
0
0
0
0
0
0
0
0
0
0
0.001439
0
0
0
0
0
0
0
0
0
0
0
0
0
0
0
0.001712
0
0
0
0
0
0
0
0
0
0
0
0.002004
0
0
0
0
0
0
0.004494
0
0
0
0
0.001931
0
0
0
0
0.005693
0
0.002915
0.00189
0.001859
0
0
0.001838
0
0
0
0
0
0
0
0
0
0
0
0
0
0
0
0
0
0.001942
0
0
0
0
0
0
0.004274
0
0
0.003268
0.002532
0
0
0
0.005141
0
0
0
0
0
0
0.003436
0
0.003215
0
0.003195
0
0
0
0
0
0
0
0
0.003676
0
0
0.004484
0
0
0
0
0
0
0
0
0
0
0
0
0
0
0
0
0.004878
0
0
0
0
0
0
0.004115
0
0
0
0
0
0
0
0
0
0
0
0
0
0.005076
0
0
0
0
0
0
0
0
0
0
0
0
0
0
0
0
0
0
0
0
0
0
0
0
0
0
0
0
0
0
0
0.002096
0
0
0
0
0
0
0.001859
0
0
0
0
0
0
0
0
0
0
0
0
0
0
0
0
0
0.003854
0
0
0
0
0
0
0
0
0
0
0
0
0
0
0
0
0
0
0.002283
0
0
0
0
0
0
0.002513
0
0
0
0
0
0
0
0
0
0
0
0
0
0
0
0
0
0
0
0.021368
0
0
0
0
0
0
0
0
0
0
0.002653
0
0
0
0
0
0
0
0
0
0
0
0
0
0
0
0
0
0
0
0
0
0
0
0
0
0
0
0.002353
0
0.002653
0
0
0
0
0
0
0
0.002632
0
0
0
0
0
0
0
0.002833
0
0.002959
0
0
0.004274
0
0
0
0.003021
0
0
0
0
0.004785
0.003247
0
0
0
0
0
0
0
0
0
0
0
0
0
0
0.004831
0
0
0
0.003534
0
0
0
0
0
0
0
0
0
0
0
0
0
0
0
0
0
0
0
0
0
0
0
0
0
0
0
0.003759
0
0
0
0
0
0
0
0
0
0
0
0
0
0
0
0
0
0
0
0
0
0
0
0
0
0
0
0
0
0
0
0
0.002257
0
0
0
0
0
0.002268
0.002283
0.002347
0
0
0.002364
0
0
0
0
0
0
0
0
0
0
0
0
0.007018
0
0.003509
0.004405
0
0
0
0
0
0
0
0
0.020921
0
0
0.003676
0
0
0
0.003876
0
0
0
0
0
0
0
0
0
0
0
0
0
0
0
0
0
0
0
0.007874
0
0
0
0
0
0
0
0
0
0
0
0
0
0
0
0
0
0
0
0
0
0
0
0.016393
0
0
0
0
0
0
0
0
0
0.017391
0
0
0
0
0
0
0
0
0
0
0
0
0
0
0
0
0
0
0
0
0
0
0
0
0.006536
0
0
0
0
0
0
0
0.005587
0
0
0
0
0
0
0.005168
0
0
0
0.002506
0
0.002433
0.002451
0
0
0
0
0
0
0
0
0
0.002469
0
0
0
0
0.00495
0
0
0
0
0
0
0
0
0
0
0
0
0.002212
0
0
0
0
0.004008
0
0
0
0
0
0
0.002
0
0
0
0
0.019022
0
0
0
0.002193
0
0
0
0.003929
0
0
0
0
0
0
0.001894
0
0
0.003578
0.001767
0
0
0
0
0
0
0
0
0.003521
0
0
0
0
0
0
0
0.001704
0
0.001718
0
0
0
0.001742
0
0
0.001739
0
0
0.001805
0
0
0
0
0
0.003115
0
0
0
0
0.005859
0
0.001898
0
0
0
0.002033
0.002237
0
0
0
0
0
0
0
0
0
0
0.00202
0
0
0
0
0
0
0
0
0
0
0
0
0
0
0
0.002994
0
0.001815
0
0
0
0.016327
0
0.001789
0
0
0
0
0
0
0
0
0
0
0
0
0
0
0
0
0
0
0
0
0
0
0
0.001497
0.00304
0
0
0
0
0
0
0
0
0
0
0
0
0
0
0
0
0.001502
0
0
0
0
0
0
0.001931
0
0.001919
0.001919
0.00177
0
0
0
0
0.002237
0
0
0
0
0
0.001572
0
0
0
0
0
0
0.001565
0
0
0
0
0.001572
0.001608
0
0
0
0.003356
0
0
0
0
0
0
0
0
0.001656
0
0
0
0.0025
0
0
0
0.001704
0
0
0.001684
0
0
0.007491
0
0
0
0
0
0
0
0
0.003876
0.001876
0
0
0
0
0
0.001808
0.001838
0.001848
0
0
0
0
0
0
0
0
0
0.001805
0.001805
0
0
0
0
0
0.001859
0
0
0
0.001859
0
0.001842
0
0
0
0.003656
0
0
0
0
0.001927
0.001965
0
0
0
0
0
0.002123
0
0
0
0
0
0
0
0
0.001931
0
0.001894
0.00188
0
0
0
0
0
0.007505
0
0
0
0
0.008499
0
0
0
0
0
0
0
0
0.001912
0
0
0
0
0
0
0
0
0
0
0
0.002024
0
0
0
0
0
0
0
0
0
0
0
0.001629
0.001621
0
0
0.001572
0
0
0
0
0.002252
0.001565
0
0.001515
0
0
0
0.001565
0
0.001658
0.001595
0
0
0
0
0
0
0
0
0.003155
0.001653
0.002012
0
0
0
0.001522
0.001484
0.001458
0.00295
0
0
0
0
0
0.001484
0
0
0
0
0
0.001534
0
0.00173
0.001618
0
0
0
0
0
0.001597
0
0
0
0
0
0
0.003328
0
0
0.001736
0
0.001767
0
0.001845
0
0
0
0.001992
0
0.008242
0
0
0
0
0
0
0.002398
0
0
0
0
0
0
0
0
0.004535
0
0
0.018182
0
0
0
0.00232
0.002331
0
0.002294
0
0
0
0
0
0
0
0
0
0
0
0
0
0
0
0
0.0125
0
0
0
0
0
0
0.005362
0.002632
0
0
0
0.002762
0
0.003012
0
0
0
0.002545
0
0
0
0
0
0
0
0
0.002695
0.002421
0
0
0
0
0.004329
0
0
0
0
0
0.002088
0
0
0
0
0
0
0
0.001859
0
0
0.001905
0
0
0
0
0
0
0
0.001957
0
0.001976
0
0
0
0
0
0
0
0
0
0
0
0
0
0
0.002519
0.002849
0
0
0
0
0
0
0
0
0
0
0
0
0
0.001934
0
0.001887
0
0
0
0
0
0
0
0
0
0.001835
0
0
0
0.001852
0
0
0
0
0
0
0
0
0
0
0
0
0
0.002062
0
0.002132
0
0
0
0
0
0
0.004464
0.008584
0
0
0
0
0
0
0
0
0
0
0
0
0
0
0.002268
0
0
0
0
0
0
0.002252
0
0
0
0
0.002294
0
0
0
0.002304
0
0
0
0
0.002222
0.002227
0
0
0
0
0.002212
0.002208
0.002169
0.002174
0
0.002212
0
0
0
0
0
0
0
0
0
0
0.002165
0
0.002151
0
0
0
0
0
0
0
0
0.00207
0
0.005556
0
0
0
0
0
0
0
0.002
0
0
0
0
0
0
0
0.002008
0
0
0
0
0.002004
0
0
0
0.004515
0
0
0
0
0
0
0
0.002004
0
0
0
0.001992
0
0
0
0
0
0.00202
0
0
0
0.002
0
0
0.002033
0
0
0
0.002058
0
0
0
0
0
0
0
0
0.00241
0
0
0
0
0
0
0
0.003175
0.003096
0
0.015444
0
0
0
0
0
0
0
0
0
0
0
0
0
0
0
0
0
0
0
0
0
0
0
0.009091
0
0
0
0
0
0
0
0
0
0
0
0
0
0
0
0
0
0
0
0
0
0
0
0
0
0
0
0.008333
0
0
0
0
0.007407
0
0
0
0
0
0
0.007692
0
0
0
0
0
0
0
0
0
0
0
0
0
0
0
0.007407
0
0
0
0
0
0
0
0
0
0
0
0
0
0
0
0
0
0
0
0
0
0
0
0
0
0
0
0
0
0
0
0
0
0
0
0
0
0
0
0.004785
0
0.002849
0
0
0
0
0
0
0.002525
0
0
0
0
0
0
0
0
0
0.002703
0
0
0
0
0
0.001828
0.001815
0
0
0
0
0
0
0
0
0
0
0
0
0.001538
0
0
0
0
0
0
0.001486
0
0.001538
0
0
0
0
0.001479
0
0
0
0.001553
0.002105
0
0
0
0
0.001408
0
0
0.001969
0
0
0
0
0.001381
0
0
0
0
0
0
0
0
0
0
0
0
0
0
0
0
0
0
0.02809
0
0
0
0
0
0
0.003221
0
0.00161
0
0
0.001727
0.0032
0
0
0
0
0
0
0
0.002237
0
0
0
0.001603
0.003344
0
0
0.001623
0
0
0.00159
0
0
0
0
0
0
0
0
0
0
0
0
0
0
0
0
0
0.001727
0.003711
0
0
0.001592
0
0
0
0
0
0
0.001585
0
0
0
0
0.001629
0.001608
0.00318
0
0
0
0
0
0.003929
0
0
0
0
0
0
0.001558
0
0
0
0
0
0
0
0
0
0.002963
0
0.001531
0
0
0
0
0
0
0
0.001515
0.001495
0
0
0
0
0
0.00468
0
0
0
0
0
0.001724
0
0
0.002481
0
0
0.002481
0
0
0
0
0
0
0.0059
0
0
0
0
0
0
0
0
0
0
0
0
0
0
0
0
0
0
0
0
0
0
0.00202
0
0
0.002237
0
0
0
0
0
0
0
0
0.001984
0
0
0
0.002062
0
0.002101
0.002096
0
0
0
0
0
0
0.002079
0
0.002079
0
0.002146
0.002421
0
0.002146
0
0
0
0.002141
0.002101
0
0
0
0
0
0
0
0
0
0
0
0
0
0.002404
0
0
0
0
0
0
0
0.002433
0
0
0
0
0
0.003096
0
0.00304
0
0
0
0
0
0
0
0
0
0.010152
0
0
0
0
0
0
0
0
0
0
0
0
0
0
0
0
0
0
0
0
0.004651
0
0
0.003534
0
0
0
0
0
0
0
0
0
0
0
0
0
0
0
0.002141
0
0
0
0
0
0
0
0
0
0
0
0
0
0
0
0
0
0.002732
0
0
0
0
0
0
0
0
0
0
0
0
0
0
0
0.002237
0
0
0.002198
0
0
0
0
0
0
0.005666
0
0
0
0
0.001957
0.001938
0
0.001934
0
0.001901
0
0.001859
0
0.001859
0
0
0
0
0
0
0.001792
0
0
0
0.001733
0.001761
0
0.001761
0
0
0.001821
0
0.001845
0
0
0.00189
0
0.001855
0
0
0.002114
0
0
0
0.001931
0.001919
0
0.003876
0.001916
0
0
0
0.001912
0
0
0
0
0
0
0
0.001942
0
0
0
0
0
0
0
0
0
0
0
0
0
0
0.001848
0
0
0
0
0.003623
0
0.001821
0.001825
0.001832
0
0
0
0
0
0
0
0
0
0
0.001812
0
0
0
0
0.001838
0
0
0.001848
0.001832
0
0
0
0
0.001988
0.002012
0
0.004301
0.014019
0
0
0
0
0
0.002179
0
0.002193
0
0
0
0
0
0
0.002222
0.002242
0
0
0
0
0
0
0
0.002283
0
0.002326
0.006928
0.002309
0
0
0
0
0
0.002427
0
0.006579
0
0
0
0.002398
0.002353
0
0
0.002336
0
0.002331
0
0.002347
0.002336
0
0
0
0
0
0
0
0
0.007407
0
0
0
0
0
0
0
0
0
0
0
0.002755
0.002882
0
0.005848
0
0
0
0
0.007326
0
0
0
0
0
0.005917
0
0
0.006369
0
0
0
0
0
0
0
0
0
0.004608
0
0
0
0
0
0
0
0
0
0
0
0
0
0
0
0
0
0
0
0
0
0
0
0
0
0
0
0
0
0
0
0
0
0
0
0
0
0
0
0
0
0
0
0
0
0
0
0
0
0
0
0
0
0
0
0
0
0
0
0
0
0
0
0
0
0
0
0.003984
0
0
0
0
0
0
0.002392
0
0
0
0
0.002174
0
0
0
0
0
0
0
0
0
0
0
0
0
0
0
0
0.003774
0
0.001873
0
0
0
0
0
0
0
0.001988
0
0
0
0
0
0
0
0
0
0.003831
0
0
0
0
0.003752
0
0
0
0
0
0.001883
0.001887
0
0
0
0.001949
0
0.001969
0
0
0
0
0
0.001965
0.003953
0
0
0
0
0
0
0
0
0
0
0.002427
0
0
0
0
0.003247
0
0
0
0
0.003521
0
0
0
0
0
0
0.042553
0
0
0.083333
0
0
0
0
0
0
0
0
0
0
0
0
0
0
0.041667
0
0
0
0
0
0
0
0
0
0
0
0
0
0
0
0
0
0.002294
0
0.002358
0.002481
0
0
0
0
0
0.002242
0
0
0
0
0
0
0
0.00207
0
0
0
0
0.002008
0.001988
0
0.001908
0
0
0
0
0
0
0
0
0
0
0.001815
0
0.003945
0
0.001704
0
0
0
0
0.007326
0
0
0
0.001506
0
0
0.001531
0
0
0
0
0
0
0
0
0.001506
0
0
0
0
0
0
0
0
0
0
0
0
0
0
0
0
0
0
0
0
0
0
0.001404
0
0
0.001416
0
0
0
0.001416
0
0.001391
0.001376
0
0
0
0
0.001406
0.001422
0
0
0
0.002967
0.001449
0
0
0.001379
0.001397
0.001395
0
0
0
0
0
0
0
0
0
0
0.001355
0
0.005865
0.002821
0
0
0.001318
0
0
0
0
0
0
0.001351
0
0
0
0
0
0
0
0
0.001312
0
0
0
0
0.00134
0
0
0.001323
0.001328
0
0
0
0
0
0
0
0.00135
0
0
0
0
0.001353
0
0
0.00135
0
0
0
0
0
0
0
0
0.001587
0.00142
0
0.001381
0
0
0
0
0.001403
0.004601
0
0
0.001435
0
0
0.001471
0.001447
0
0
0.001531
0
0.001664
0
0
0.003008
0
0.001524
0
0
0
0
0
0
0.004831
0
0
0
0.001565
0
0.001577
0
0
0
0
0
0
0
0
0
0
0
0
0
0.001745
0.001835
0.003876
0
0
0.001805
0
0
0.001802
0
0.007407
0
0
0
0.001946
0.001992
0
0
0
0
0
0.002222
0
0
0
0
0.0025
0.002519
0.007067
0
0
0
0
0
0
0
0
0
0
0
0
0
0
0
0
0
0
0
0
0
0
0
0
0
0
0
0
0
0
0
0
0
0
0
0
0
0
0
0
0
0
0
0
0
0
0
0
0
0
0
0
0
0
0
0
0
0
0
0
0
0
0
0
0
0
0
0
0
0
0
0
0
0
0
0
0
0
0
0
0
0
0
0
0
0
0
0
0
0
0
0
0
0
0.005882
0
0
0
0
0
0
0
0.005319
0
0
0
0
0
0
0
0
0
0
0.004032
0
0
0
0
0
0
0
0
0
0
0
0
0.004367
0
0
0
0
0
0.003546
0
0
0
0
0
0
0
0.003597
0
0
0
0
0
0
0
0
0
0
0
0.002681
0
0
0.002632
0
0
0
0
0
0
0
0
0
0
0
0
0.002309
0
0
0
0
0.371158
0
0
0
0
0.002141
0.002092
0
0
0.002049
0
0
0.001965
0
0
0.00202
0
0
0
0
0
0
0
0
0
0
0
0
0
0.005882
0
0
0
0
0
0
0
0
0
0.006897
0
0
0
0
0
0
0
0
0
0
0
0
0
0
0
0
0
0
0
0
0
0
0
0
0
0
0
0
0
0
0
0
0
0
0
0
0
0
0.002119
0
0
0
0.002463
0
0
0.002198
0
0
0
0
0
0.007576
0
0
0.00155
0
0.001548
0
0
0
0
0
0
0
0
0.001481
0.001468
0.001456
0
0
0
0.001425
0
0
0
0
0.001471
0.002247
0
0.001471
0
0.001486
0
0.001481
0
0.001499
0
0
0
0.002232
0.001873
0
0
0
0
0
0.002967
0.001488
0
0
0
0.001653
0
0
0.001499
0
0
0
0
0
0
0
0
0
0
0
0
0
0
0
0
0
0.005249
0
0
0
0.002639
0
0
0
0
0
0
0
0
0
0.001621
0.001605
0
0
0
0
0
0
0
0
0
0
0
0.001626
0
0.001639
0.001613
0
0
0
0
0
0
0
0
0
0
0
0
0
0.00165
0
0.001698
0
0
0
0
0.001873
0
0
0.002033
0
0
0
0
0
0
0
0
0.001905
0.001942
0.001873
0
0
0
0
0
0
0
0.003215
0.002653
0.002674
0
0
0
0
0
0
0
0
0
0
0
0
0
0
0
0
0
0
0
0
0
0
0
0
0
0
0
0
0
0
0
0
0
0.002262
0
0
0.002217
0
0
0
0
0
0
0
0
0
0
0
0
0.002079
0
0.002079
0
0.004228
0.002096
0.002105
0
0
0
0
0
0.002165
0
0
0
0
0
0.003497
0
0
0
0
0
0
0
0
0
0
0
0
0
0
0
0
0
0
0
0
0.00211
0
0
0
0.002273
0
0
0
0
0
0
0
0
0
0
0
0
0
0
0
0.001815
0
0.001789
0
0
0
0
0
0.001808
0
0
0
0
0
0
0
0.001757
0
0
0.001751
0
0
0
0.001767
0
0.001783
0
0
0
0
0
0.001972
0.003752
0
0.001815
0.001821
0
0.001754
0
0
0.001727
0
0
0
0.001757
0
0
0
0
0.001783
0.001792
0.001848
0
0
0.001838
0
0
0
0
0
0
0
0
0
0
0.001848
0.001869
0.001825
0
0
0.001825
0
0
0
0.004024
0
0
0
0
0
0
0
0.003571
0
0
0
0
0
0
0
0
0
0
0
0
0
0
0
0
0
0
0
0
0.001531
0.001524
0
0
0
0
0
0
0.001497
0
0
0.001462
0
0.004
0
0
0
0
0
0
0.001427
0
0
0
0
0
0
0
0.001399
0
0.001377
0.001381
0
0.002743
0.001385
0
0
0
0
0.001449
0
0
0
0
0.001435
0.00142
0.001429
0
0
0.00141
0
0
0.001401
0.001418
0
0
0
0
0
0
0
0
0.001449
0
0.001451
0.001462
0
0
0
0.001506
0
0
0.001536
0.001543
0
0
0
0
0
0
0
0
0.003466
0
0
0
0
0.001812
0.001855
0
0
0
0
0
0
0
0
0
0
0
0
0
0
0
0
0.002179
0.00639
0.002427
0
0.007692
0
0
0
0
0
0.006711
0
0
0
0
0
0
0.002208
0.002227
0
0
0
0
0
0
0
0.002433
0
0
0
0
0
0
0.00304
0.006452
0
0
0
0
0
0
0
0
0
0
0
0.004673
0
0
0
0
0
0
0
0
0.004167
0
0
0
0
0
0
0.004878
0
0
0
0.005155
0
0
0
0
0
0
0
0
0
0
0
0
0
0
0
0.021053
0
0
0.012048
0
0.018868
0
0
0
0
0
0
0.00625
0
0
0
0.004902
0
0
0
0
0
0
0
0
0.008811
0
0
0
0
0
0
0
0
0
0
0
0
0
0
0.003759
0
0
0
0
0
0
0
0.004975
0.003344
0
0
0
0
0
0
0.002849
0
0
0
0
0
0
0
0
0
0
0
0
0
0.002232
0
0
0
0
0
0
0
0
0
0
0.00489
0
0
0
0
0
0
0
0
0.002857
0
0
0.004184
0
0
0
0
0
0
0
0
0.002625
0
0
0
0
0
0
0
0
0.005376
0
0
0.002801
0
0
0
0
0
0
0
0.001795
0
0
0
0
0.001715
0
0
0
0.001658
0.001669
0
0.0016
0
0
0
0
0.001639
0
0
0
0
0
0
0
0
0
0
0.004505
0
0
0
0
0
0
0.001508
0
0.001508
0
0
0.001511
0
0
0
0
0
0
0
0
0.001527
0.003063
0.001597
0.001706
0
0
0.001515
0
0
0
0
0
0
0
0
0.001538
0
0.001511
0
0
0
0
0
0
0
0
0
0
0.001613
0
0
0
0
0.002439
0.001808
0
0
0.001869
0.001901
0.003984
0.002193
0
0
0
0
0
0
0
0
0.004283
0
0.012626
0
0
0
0
0
0
0
0
0
0
0
0
0
0
0
0
0
0
0.002387
0.002433
0
0
0
0
0
0
0
0
0
0
0
0
0
0
0
0
0
0
0
0
0
0
0
0
0
0
0
0
0
0
0
0
0
0
0
0
0
0
0
0
0
0
0
0
0
0
0
0
0
0
0
0
0
0
0
0
0
0.020408
0
0
0
0
0
0
0
0
0
0
0
0
0
0
0
0
0
0
0
0
0
0
0
0
0
0
0
0.003891
0
0
0
0
0
0
0
0
0
0
0.008264
0
0
0
0
0
0
0
0
0
0
0
0
0
0
0
0
0
0
0
0
0
0
0
0
0.002463
0
0
0.002475
0
0
0
0
0
0
0.002387
0
0
0
0
0
0
0
0
0
0
0.001992
0.001961
0.001946
0.001938
0
0
0
0
0.002632
0
0
0
0
0
0
0
0
0.001946
0
0
0
0
0.002004
0
0.001988
0
0.00202
0
0
0
0
0
0.001866
0.001862
0
0
0
0.00188
0
0
0
0
0.003914
0.001961
0
0
0
0
0
0
0
0
0
0.008639
0
0
0
0
0
0.002732
0
0
0.001931
0
0
0
0
0
0
0
0
0
0
0
0.001842
0
0
0
0
0
0
0.001779
0
0
0
0
0
0.001767
0.00354
0
0
0
0
0
0
0.001883
0.001748
0
0
0.001751
0
0
0
0
0.001754
0
0
0
0
0.007435
0
0
0
0
0
0
0.001776
0
0
0.010959
0
0
0
0
0
0
0
0
0.001767
0.001802
0
0
0.001818
0
0
0
0
0
0.001927
0.005703
0.001912
0
0
0
0.002
0
0.002024
0.002037
0.008264
0.002227
0
0.002252
0.002755
0
0
0
0
0
0.002024
0.001972
0
0
0
0
0
0
0
0.002033
0
0
0
0.002012
0
0
0
0
0
0
0
0
0
0
0
0
0
0.004115
0
0
0.004367
0
0
0.002257
0
0
0
0
0
0
0.002591
0
0.005025
0
0
0.002809
0
0
0
0
0
0.013605
0.006849
0
0.007463
0
0
0
0
0
0
0
0
0
0
0
0
0
0.002364
0
0
0
0
0
0
0
0
0
0.002105
0
0
0.002128
0.002119
0
0
0.002222
0
0
0.002315
0
0
0
0.002387
0
0.002364
0
0
0
0
0
0
0
0
0
0
0
0
0
0.002618
0
0
0.011538
0
0
0
0
0
0
0
0
0
0
0.002725
0.002732
0
0
0.002899
0
0
0
0
0
0.002392
0
0
0
0
0
0
0.002421
0
0
0
0
0
0
0
0
0
0
0
0
0
0
0
0
0
0
0
0
0.002865
0
0
0
0
0.002959
0
0
0
0
0.003356
0
0.00995
0
0
0
0
0
0
0
0
0.004545
0
0.009615
0
0
0
0
0
0
0
0
0
0
0
0
0
0
0
0.014085
0
0
0
0
0
0
0
0.020833
0
0
0
0
0
0
0
0
0.009524
0
0
0
0
0
0
0
0
0
0
0
0.005682
0
0
0
0
0
0
0
0
0.009009
0
0
0
0
0
0
0
0
0
0
0
0
0
0
0
0
0
0.018868
0
0
0
0
0
0
0
0
0
0
0
0
0
0
0
0
0
0
0
0
0
0
0
0
0
0
0
0
0
0
0
0
0
0
0
0
0
0
0
0.003534
0
0
0
0
0
0
0
0.002299
0
0
0.005277
0
0
0
0
0
0
0.002237
0.002283
0
0
0
0
0
0
0.0033
0
0
0
0
0
0
0
0
0
0
0
0
0
0
0
0
0
0
0
0
0.001953
0
0
0
0
0
0
0
0.001887
0
0
0
0
0
0
0
0
0
0
0
0
0
0
0
0
0
0
0
0
0
0.001667
0
0
0
0
0.001681
0
0.001721
0
0.00177
0.003584
0
0
0
0
0
0
0
0
0
0.001799
0
0
0
0.001786
0.001802
0
0.001754
0
0
0.00361
0
0.001859
0
0
0
0
0
0
0
0
0
0
0
0
0.002353
0
0
0
0.002058
0
0
0
0.001866
0
0
0.001835
0
0
0
0.001761
0
0.001739
0
0
0.001873
0
0
0
0
0
0
0
0
0.001613
0
0
0
0
0
0
0
0.00156
0
0
0
0.004539
0.001534
0
0
0
0
0
0
0.001524
0
0
0
0
0
0
0
0
0
0
0.001477
0
0
0
0
0
0
0.00149
0
0
0
0
0.001538
0
0
0
0.00317
0.003175
0
0.001605
0
0.001605
0
0
0
0.003571
0
0
0
0
0.00161
0.001656
0.00346
0.003333
0
0
0.001623
0
0
0
0
0.001773
0
0
0
0.001727
0
0.001757
0.001748
0.001761
0
0
0
0.001969
0
0
0
0
0
0
0.001786
0
0.00173
0
0.001715
0.001715
0
0
0.003442
0
0
0
0
0
0
0.003333
0
0
0.003317
0
0
0
0.001661
0
0
0
0
0
0
0
0
0.001709
0
0
0
0
0
0
0
0.001842
0
0
0
0.001672
0
0
0
0
0.0033
0.001639
0.001672
0
0
0.0033
0
0
0
0
0
0
0
0
0
0.00158
0
0
0.001592
0
0
0
0
0
0
0.003091
0
0.001529
0
0
0.009788
0
0
0
0
0.001656
0
0
0
0
0.001692
0
0
0.001653
0
0
0
0
0
0.003361
0
0
0
0
0
0
0
0
0.003824
0
0
0
0
0.002114
0
0
0
0
0
0
0
0
0
0
0
0
0
0
0
0
0
0
0
0
0
0
0
0
0
0
0
0
0
0
0.002688
0
0
0
0
0
0
0
0
0
0
0
0
0
0
0
0
0.002079
0
0
0
0
0
0
0.00304
0
0
0
0
0
0.004301
0
0
0
0
0.002174
0
0
0
0.002217
0
0
0
0
0
0
0
0.002882
0.007519
0
0
0.003745
0
0
0
0.003861
0
0
0
0
0
0
0
0
0
0
0
0
0.002037
0.00207
0
0
0
0
0.001938
0
0
0
0
0
0
0
0
0
0
0
0
0
0.001934
0
0
0
0
0
0
0
0
0.020779
0.002597
0
0.005305
0
0
0
0
0
0.003115
0.002096
0.004107
0
0
0
0
0.001953
0
0
0
0
0
0
0
0.004283
0.001894
0.001855
0
0
0
0
0
0
0
0
0
0
0
0
0
0
0
0
0
0
0
0
0
0
0
0
0
0.004819
0
0
0
0
0
0
0
0
0
0
0.011628
0
0
0
0
0
0
0
0
0
0
0
0
0
0
0
0
0.00177
0
0
0
0
0
0
0
0
0
0.008
0.00232
0
0
0
0
0.002577
0
0
0
0
0
0
0.001727
0
0
0
0
0.001706
0
0
0.00641
0
0.001653
0
0
0
0
0.001605
0
0
0
0
0
0.001597
0
0
0.001613
0.001621
0.001618
0
0
0
0.001642
0.001642
0
0
0
0.00165
0.001631
0
0
0
0
0
0.001733
0
0.001616
0
0
0
0
0
0.001661
0
0
0
0.001709
0.00173
0
0
0
0
0
0
0
0
0
0
0
0
0
0
0
0
0
0
0
0
0
0.002564
0.001927
0
0
0
0
0
0
0
0.004396
0.002096
0
0
0
0
0.002242
0
0
0
0
0.002
0
0
0
0.009934
0
0
0
0
0
0.002053
0
0.003984
0
0
0
0
0
0
0
0
0
0
0
0
0
0
0
0
0.001972
0
0
0
0
0
0
0
0
0
0
0
0
0
0.001972
0.001957
0.001969
0
0
0
0.001992
0.001992
0
0
0
0
0
0.002457
0
0.004773
0
0
0
0.004484
0
0
0.002278
0
0
0
0
0.007194
0
0
0
0
0.002421
0
0
0
0
0
0
0
0
0
0
0
0
0
0
0
0
0
0
0.00237
0
0.002331
0.002315
0
0
0
0.002353
0
0
0
0
0
0
0
0
0
0.005405
0
0
0
0
0
0.002817
0
0
0
0
0
0
0
0
0
0.003322
0
0
0
0.003861
0
0
0
0
0
0.081081
0
0.513514
0
0
0
0
0
0
0.003937
0
0.007782
0.022642
0
0
0
0
0.003268
0
0.013245
0
0
0.003215
0
0
0
0.003125
0
0.003058
0
0
0
0
0
0.003086
0.003165
0
0.003125
0
0
0.00303
0
0
0
0
0.00303
0
0
0.00289
0
0
0.002762
0
0
0
0
0.002907
0
0
0
0
0
0
0
0
0
0
0
0
0
0
0
0
0
0
0
0
0
0
0
0
0.005525
0
0
0
0
0
0
0
0
0
0.009804
0
0
0
0
0
0
0
0.018182
0
0
0
0
0
0
0
0
0
0
0
0
0
0
0
0
0
0
0
0
0.007194
0
0
0
0
0
0
0
0
0
0
0
0
0
0
0
0
0
0
0
0
0
0
0
0
0
0
0
0
0
0
0
0
0
0
0
0
0
0
0
0
0
0.003413
0
0
0
0
0
0
0
0
0
0
0
0
0
0
0
0
0
0
0.003425
0
0
0
0
0
0
0.00165
0
0.001669
0
0
0.001647
0
0
0
0.003231
0
0
0
0
0
0.001647
0
0
0
0
0
0.001629
0.001647
0
0
0
0
0
0
0.003252
0.001645
0
0
0
0
0
0
0
0
0
0
0
0.001736
0
0
0
0
0
0.003643
0
0
0
0
0
0
0
0
0
0
0
0
0.002688
0
0
0
0
0
0
0
0
0
0.003165
0
0
0
0
0
0
0
0
0.003759
0
0.006494
0
0
0.001923
0
0.001859
0
0
0
0.006369
0
0.001905
0
0
0
0
0
0
0
0
0
0
0.001799
0
0
0.001808
0.001852
0
0
0
0
0
0
0
0
0.005693
0
0
0
0
0
0.001812
0
0
0
0
0.001901
0
0
0.001912
0
0.001992
0.00202
0
0
0.002123
0
0.002309
0
0
0
0
0
0
0
0
0
0
0
0
0
0
0
0
0
0
0
0.043478
0
0.166667
0
0
0
0
0
0
0
0
0
0.0625
0
0
0
0
0
0
0
0
0
0.0125
0
0
0
0
0
0
0
0.005435
0
0
0
0.002463
0
0
0.002342
0
0
0
0
0
0
0
0
0
0
0
0
0
0
0.002336
0
0
0.003311
0
0
0
0
0
0
0.002288
0
0
0
0
0
0
0
0
0
0
0
0
0
0
0.002146
0
0
0
0
0
0
0
0
0
0
0
0
0
0
0
0
0
0
0
0
0
0
0
0
0
0.433225
0
0
0
0
0
0.00232
0
0
0.002237
0
0.002165
0
0
0
0
0.002083
0
0
0.002075
0.002105
0
0
0
0
0
0
0.003899
0
0
0
0
0
0
0
0.002008
0
0
0
0
0.003945
0
0
0
0
0
0.001972
0
0
0
0
0
0
0.001866
0
0
0
0.002012
0
0.001873
0
0
0
0
0
0
0
0
0
0.001894
0
0
0
0
0
0.001876
0
0
0
0
0
0
0
0
0
0
0.001931
0
0.003968
0
0.001992
0
0.002088
0
0
0
0
0
0
0.004926
0.002398
0
0
0
0
0
0.002004
0
0
0
0
0
0.003914
0
0
0
0
0.001969
0
0
0
0
0
0
0
0
0
0
0
0
0
0
0
0
0
0
0
0
0
0
0
0
0
0
0
0
0
0.002105
0
0
0
0.009434
0
0
0
0
0
0
0
0
0
0.002033
0
0
0
0
0.001953
0
0
0.001961
0
0
0
0
0.003839
0.001898
0
0.001912
0
0
0.001905
0
0
0
0
0.001852
0.001832
0
0
0
0
0
0
0
0
0
0
0
0
0
0
0
0
0
0
0
0.001821
0
0
0
0.001764
0
0
0
0
0
0
0
0.001862
0
0.001835
0.001828
0
0
0
0.001808
0
0
0
0
0
0
0.001748
0.001739
0.001692
0
0
0
0
0
0
0
0
0.003328
0
0
0
0
0
0.001689
0
0
0
0.001669
0.001675
0
0
0.001672
0.001681
0.003401
0
0
0
0
0
0
0
0
0
0
0
0.001706
0.001736
0.001745
0.001779
0.003559
0
0
0
0
0.001783
0
0.001783
0.007181
0
0
0
0.001848
0
0
0
0.005556
0
0
0
0
0
0
0
0
0
0
0
0.001934
0.001957
0
0
0
0
0.001927
0
0
0.003922
0.001949
0
0
0
0
0
0.001969
0
0.001946
0
0
0
0
0
0
0
0
0
0
0
0
0
0
0
0
0.002146
0
0
0
0
0
0
0
0.002141
0
0
0
0.002132
0
0.002141
0.002193
0.002208
0.002227
0
0
0.002268
0
0.002237
0.002232
0
0.006865
0
0
0.002342
0
0.002381
0
0.002381
0
0
0.004926
0
0
0.002451
0
0
0.002433
0.002439
0
0
0.002439
0
0
0
0
0
0
0
0
0
0
0
0
0
0
0
0.00232
0
0
0
0
0
0
0
0
0
0.00625
0
0
0.002004
0
0.001946
0.001898
0
0
0
0.001876
0
0
0
0
0.001718
0
0
0
0
0
0
0
0
0
0
0
0.001647
0
0.001613
0
0.001618
0.001642
0
0.007194
0
0
0
0
0
0
0.001626
0
0.001639
0
0
0
0
0
0
0
0
0
0
0
0
0.001709
0
0.002096
0.006696
0.002217
0
0
0.001745
0.001715
0
0
0.001689
0.005111
0
0
0
0
0.001608
0
0
0
0
0
0
0
0.009449
0
0
0.001541
0
0
0
0.004666
0
0
0
0
0
0
0
0
0
0
0.00159
0.001575
0
0.003257
0
0
0.001639
0.001664
0
0
0
0
0
0
0
0
0
0
0
0
0
0.001965
0
0
0
0
0
0
0
0
0
0
0
0.001953
0
0
0.001934
0
0
0.006494
0.001972
0
0.001942
0
0
0.002
0.00396
0.002028
0
0
0.005906
0
0.001996
0
0
0
0
0.002247
0.002169
0
0
0
0
0
0
0
0
0
0
0
0
0
0
0
0
0
0
0
0
0
0
0
0
0
0
0
0
0
0
0
0
0
0
0
0
0.020408
0
0
0
0
0
0
0
0
0
0
0.004274
0
0
0
0
0
0
0
0
0
0
0
0
0
0
0
0
0
0
0
0
0.002488
0.002577
0.008287
0
0
0
0
0
0
0
0
0.002304
0.002288
0
0
0
0
0
0
0
0
0
0
0
0.002433
0
0
0
0
0
0
0
0.008772
0
0
0.002747
0
0
0
0
0.002358
0
0
0
0.002237
0
0
0
0
0
0
0
0
0
0
0
0.002732
0
0
0
0
0
0
0
0
0
0
0
0
0
0
0
0
0
0
0
0
0
0
0
0.001862
0
0
0.001832
0
0
0
0
0
0.001898
0
0
0
0
0
0
0.002053
0
0
0
0
0
0
0
0
0
0
0
0
0
0
0
0
0
0
0
0
0
0
0
0
0
0
0
0
0
0.002227
0
0
0
0.002309
0.00241
0
0
0
0.017794
0
0
0.004167
0
0
0
0
0
0.007491
0
0
0
0
0.003436
0
0
0
0
0
0
0
0
0
0
0
0
0
0
0
0
0
0.5
0
0
0
0
0
