1
2
8
12
15
19
25
30
37
41
45
46
46
48
48
48
47
48
88
0
0
10
72
72
78
79
83
86
88
88
93
94
98
99
101
103
109
112
112
116
120
119
128
130
131
130
133
126
129
133
131
132
130
129
93
112
95
146
152
166
173
176
176
180
183
183
188
185
188
191
192
194
195
194
197
203
203
193
198
199
192
171
209
216
228
227
231
239
250
250
256
255
254
264
275
276
281
282
283
289
293
297
296
297
303
316
321
319
325
337
336
339
343
344
352
363
365
371
375
383
387
388
387
385
391
386
386
381
393
402
395
400
401
399
402
399
401
399
403
398
398
390
376
378
379
372
363
364
367
368
365
361
356
357
358
357
358
357
350
350
356
352
352
352
343
349
346
344
341
330
326
324
322
315
316
302
303
296
293
285
283
286
285
282
282
279
274
273
273
278
276
278
279
277
276
276
273
269
273
276
270
266
266
270
272
268
265
264
262
268
275
277
273
272
274
273
271
268
267
271
269
273
266
264
260
268
270
272
282
280
285
280
275
270
264
281
273
280
284
295
286
285
291
294
295
301
317
306
310
317
313
316
320
324
326
327
331
332
332
329
324
329
327
328
332
337
342
344
347
349
355
353
355
349
363
369
366
367
364
349
363
366
378
375
370
379
382
376
373
375
371
369
366
364
380
388
393
383
384
391
385
382
382
383
378
379
382
389
385
388
386
389
386
393
386
378
373
370
371
375
370
380
383
374
371
364
368
362
365
364
368
369
365
368
373
369
385
381
388
391
390
393
393
390
372
383
379
379
382
387
385
387
387
387
383
380
375
367
375
367
378
373
365
357
356
354
361
353
358
357
359
351
345
349
339
340
339
333
346
349
338
342
336
335
332
324
326
319
325
307
309
312
306
294
302
298
296
291
287
294
294
296
294
291
305
309
308
304
307
308
303
304
317
314
312
315
315
316
310
304
301
292
191
311
333
339
349
351
356
353
348
365
371
374
372
375
387
363
403
403
416
419
424
422
420
423
429
439
446
455
456
454
460
466
469
473
474
476
477
479
484
486
484
484
488
481
475
485
489
486
478
477
479
485
490
483
494
492
487
491
494
496
493
500
499
498
501
493
484
473
472
465
460
461
459
456
450
449
431
437
419
421
421
422
414
408
407
408
407
408
388
337
388
386
391
383
376
376
375
383
382
379
385
372
358
356
353
356
343
340
341
339
335
339
337
338
341
345
344
340
346
355
351
359
360
370
357
365
368
368
361
364
358
350
355
352
342
349
347
343
343
336
338
334
336
332
318
317
314
314
300
304
306
307
304
293
293
296
296
294
285
279
278
278
270
261
262
259
255
244
240
243
237
237
228
234
225
227
226
218
217
234
211
215
215
209
202
195
195
194
192
198
200
197
165
180
181
186
192
192
193
196
198
201
204
205
209
214
219
226
227
231
234
234
245
247
247
259
263
266
274
276
284
285
295
301
303
310
307
306
311
312
315
318
317
322
325
330
337
342
349
353
351
353
356
354
358
356
347
356
360
362
362
359
365
363
367
367
372
370
372
376
379
389
394
388
394
392
390
387
383
384
376
373
370
372
362
364
355
360
357
353
357
354
346
345
352
349
345
346
339
330
329
325
330
332
325
328
324
326
325
317
313
318
318
327
322
324
330
323
323
318
333
341
342
338
333
335
348
351
356
358
355
345
334
340
337
342
339
341
343
341
336
332
330
320
317
313
321
321
313
316
316
311
309
319
315
307
314
309
319
315
310
312
315
313
303
303
291
285
286
287
294
296
295
301
302
299
307
303
309
311
313
310
315
319
322
323
329
337
344
341
351
352
351
355
355
349
350
361
357
356
365
370
372
374
376
374
380
382
382
379
376
385
385
389
393
393
389
394
396
389
399
394
395
392
390
387
397
399
395
392
406
405
404
404
404
396
402
398
397
391
397
395
392
393
394
294
388
390
374
369
358
355
357
362
364
360
363
364
364
364
366
371
369
367
357
345
348
345
342
342
336
332
335
341
339
342
338
323
326
330
327
311
306
303
297
292
297
295
304
307
297
287
282
273
279
278
275
282
280
280
280
281
280
282
287
278
279
273
252
254
252
230
256
252
263
271
268
272
272
276
277
283
283
276
277
287
280
269
293
298
295
301
302
303
299
302
302
303
313
312
328
333
344
343
342
343
348
348
342
340
332
326
327
23
23
3
0
38
336
340
354
360
366
376
375
379
384
388
398
399
398
396
389
394
393
382
282
382
392
401
405
398
395
394
392
390
396
396
390
394
395
393
394
402
410
412
408
402
416
410
410
407
403
404
401
399
400
401
396
412
411
407
396
398
392
394
393
387
393
385
381
385
391
393
388
380
376
370
365
356
352
343
342
63
47
45
47
46
45
57
96
359
366
379
389
395
400
415
423
432
434
438
435
435
427
421
308
442
452
453
456
460
458
462
460
460
449
459
466
465
473
470
464
471
477
480
483
477
482
489
489
492
491
501
494
479
461
470
497
489
491
492
490
493
483
482
477
482
476
477
474
466
461
447
450
453
453
453
448
455
452
457
464
457
458
454
455
464
470
457
471
471
477
478
481
475
467
472
477
467
467
459
458
457
455
456
448
453
457
469
475
466
476
466
456
461
437
449
449
437
436
432
429
422
424
416
416
415
392
379
403
419
403
432
437
436
434
434
436
434
438
434
428
429
428
428
435
429
426
421
421
419
417
413
408
410
405
408
416
407
406
411
409
418
424
424
428
425
423
425
432
434
429
435
441
432
431
437
429
428
426
420
424
417
420
417
419
412
413
423
427
442
445
447
454
466
456
462
465
463
475
480
482
498
505
513
517
507
513
511
511
523
513
519
521
525
525
535
538
540
550
571
571
566
569
569
574
589
579
587
587
583
587
602
595
600
607
621
624
625
642
631
622
613
621
623
619
617
606
605
603
599
598
599
592
582
579
578
583
585
577
572
577
561
549
549
557
550
531
516
513
503
501
508
508
506
502
489
486
490
482
483
485
497
492
484
494
499
486
490
493
505
504
515
520
521
516
519
526
518
529
531
537
538
528
530
527
523
528
525
528
525
523
526
516
514
507
504
500
498
487
489
486
492
486
483
474
469
461
460
433
294
425
431
434
455
451
446
441
449
433
431
437
435
433
428
427
428
427
426
419
425
419
425
419
428
429
433
435
434
429
444
433
429
432
423
420
419
420
408
406
411
413
398
403
403
396
396
404
397
392
407
407
418
412
421
428
445
439
444
435
434
428
420
416
416
416
406
406
396
391
394
392
390
387
391
390
391
384
380
380
386
380
391
395
386
396
396
397
408
413
401
407
402
409
410
414
420
427
420
421
430
423
424
424
419
423
426
429
428
423
424
429
425
432
441
441
444
442
437
434
436
427
418
421
420
422
423
419
424
436
430
436
436
431
430
433
439
436
431
427
423
431
428
435
427
438
436
437
438
436
439
440
446
454
459
457
468
464
451
457
455
459
460
464
469
463
461
450
447
448
451
455
450
459
450
460
456
447
448
446
440
434
443
444
448
448
444
440
446
433
436
435
438
441
407
435
441
447
439
444
437
442
447
453
454
441
439
455
458
460
447
462
457
468
476
482
494
488
493
494
490
483
476
472
479
481
484
487
487
492
492
495
491
498
496
503
496
505
510
503
506
492
499
495
483
482
492
481
495
492
498
500
507
506
503
487
492
491
491
493
494
495
493
494
487
490
483
494
496
496
499
500
510
496
505
492
497
503
501
493
490
491
485
483
480
479
469
458
462
458
462
459
462
464
461
460
455
452
451
442
452
461
460
456
458
454
453
450
451
453
442
441
440
443
438
438
443
439
437
437
433
416
411
412
409
404
405
405
387
378
1
366
370
379
386
382
379
382
363
331
331
356
365
368
380
364
370
369
371
361
357
347
345
340
347
336
336
337
333
344
337
321
322
318
314
318
322
322
317
306
317
322
321
321
323
314
308
303
303
291
286
261
280
285
290
296
298
298
296
305
309
312
310
307
312
320
325
322
328
330
330
330
331
333
335
326
329
330
326
330
330
325
324
328
333
328
324
312
324
327
329
307
335
333
334
338
336
335
341
353
357
362
360
358
363
366
366
365
369
379
382
389
387
391
384
370
361
357
266
370
379
394
397
403
404
401
404
399
395
397
401
405
397
400
405
391
288
404
408
409
410
413
409
410
403
392
388
391
380
290
382
393
399
405
419
431
422
425
426
424
425
423
429
426
422
415
408
411
417
421
423
434
435
432
427
421
411
416
411
412
410
413
415
431
439
436
428
425
440
436
435
440
428
429
435
441
446
447
440
442
441
441
443
443
454
450
468
471
465
473
470
467
474
470
471
461
464
472
475
472
464
451
441
448
446
456
453
458
465
465
461
454
458
459
446
448
450
449
450
449
446
446
437
431
428
420
427
426
428
429
433
434
433
423
419
423
433
437
423
429
421
422
423
429
429
427
431
434
442
438
439
431
438
430
437
436
433
432
422
410
408
412
411
405
407
415
419
406
409
409
407
399
390
371
377
384
387
380
379
387
377
360
358
359
365
365
363
362
361
368
361
364
367
359
354
352
352
346
347
345
344
348
349
348
349
350
342
345
355
358
355
356
353
349
350
353
351
351
357
357
354
358
357
366
369
371
377
373
374
372
373
367
365
363
361
358
358
361
359
373
374
367
371
369
368
369
368
364
366
367
377
374
374
381
383
382
378
378
383
385
388
376
371
390
387
390
400
394
386
396
390
390
388
389
379
373
352
377
381
396
394
393
384
389
387
391
395
396
396
401
410
406
404
393
391
391
392
387
393
387
384
393
399
402
402
404
396
406
404
408
408
410
413
421
418
405
417
418
414
416
413
408
404
407
412
421
418
422
429
424
418
421
418
414
413
412
404
409
405
404
411
410
409
404
407
401
393
394
396
397
395
394
392
388
389
391
394
402
400
388
380
375
379
374
373
381
381
383
374
379
379
376
372
377
375
372
376
361
352
342
345
346
346
347
354
352
351
345
337
337
341
334
344
347
343
337
343
342
341
339
336
342
333
333
329
316
313
314
315
323
325
328
335
338
341
341
344
330
323
323
328
324
323
319
319
323
321
336
326
340
345
356
354
349
350
347
351
345
338
334
295
290
291
290
3
343
358
363
396
395
393
403
411
406
418
412
421
418
419
418
424
422
426
424
418
434
433
438
446
450
444
440
441
448
451
458
455
460
460
464
480
479
463
473
479
471
469
459
469
467
465
463
461
464
454
446
447
442
444
442
432
424
414
396
410
419
409
425
423
418
411
404
409
396
400
411
401
390
388
379
384
385
378
378
365
373
373
368
366
366
358
361
367
362
349
347
339
334
330
338
333
338
338
330
333
337
337
339
339
330
328
332
320
327
312
308
310
317
318
316
314
311
302
304
308
307
308
300
302
305
300
299
302
306
311
304
304
301
298
296
295
297
292
284
285
292
291
283
284
289
284
281
277
270
280
276
283
286
284
278
284
282
271
274
277
279
279
268
268
267
268
274
267
271
264
260
256
260
257
257
261
255
257
258
258
263
267
261
270
265
271
265
266
259
236
226
231
235
187
260
270
275
270
267
270
274
278
281
283
284
287
288
287
293
293
288
290
284
290
294
290
289
289
286
290
290
289
288
285
287
284
284
282
283
282
282
285
292
289
292
289
286
289
283
284
287
287
284
281
273
283
285
285
284
288
293
285
281
283
286
292
288
287
290
285
281
290
289
297
296
294
298
299
294
299
304
303
306
299
296
304
300
300
302
303
302
309
309
305
300
309
305
303
300
302
299
301
307
309
315
312
306
310
309
315
317
323
316
320
322
316
325
320
321
327
326
330
334
331
331
324
329
326
324
321
327
325
323
326
330
329
334
335
330
331
323
318
321
316
322
333
339
340
346
350
361
362
359
362
366
370
374
368
376
377
376
377
374
378
384
382
378
381
378
379
376
368
370
364
357
366
368
363
361
366
366
372
368
364
359
350
346
262
354
359
357
364
369
368
371
364
355
359
356
362
348
363
356
365
371
368
365
368
372
369
364
354
351
335
362
368
376
378
377
369
365
376
380
371
362
370
366
364
367
363
359
359
360
366
371
376
375
372
376
380
378
378
380
370
247
378
388
390
388
388
391
389
398
404
403
410
419
417
412
403
395
406
407
404
399
399
393
395
401
398
393
401
397
399
389
394
397
399
396
406
403
408
414
414
399
404
406
404
401
401
404
405
401
394
392
400
404
403
401
397
397
393
390
381
383
391
388
381
376
374
364
354
351
351
354
359
357
344
346
342
336
338
342
341
326
307
312
310
293
323
321
321
312
311
308
305
295
291
281
277
274
271
259
244
243
244
239
223
219
214
212
209
199
195
168
172
172
164
158
158
146
146
145
141
138
131
123
111
65
100
94
95
90
77
15
15
15
15
14
15
15
204
217
217
220
230
223
236
244
252
256
259
260
262
267
268
272
264
276
274
280
278
269
276
277
273
271
274
268
265
201
260
265
259
261
259
239
266
272
272
275
281
276
276
278
278
290
290
289
285
294
291
286
289
291
290
284
284
277
273
270
266
251
252
243
241
195
223
224
223
220
208
127
213
211
215
217
214
213
203
199
191
188
170
73
119
120
80
146
150
160
159
161
145
131
116
113
121
120
121
133
133
166
179
185
189
196
202
204
206
208
203
219
228
150
220
228
230
233
233
234
228
230
234
233
234
231
235
233
232
228
226
226
225
214
153
184
181
179
214
219
226
225
235
233
233
230
229
233
227
229
220
218
215
154
230
233
227
224
225
228
223
224
217
216
213
213
206
156
199
201
204
204
204
164
159
177
164
173
168
198
195
185
180
191
170
198
197
197
140
202
210
216
221
223
220
224
232
234
231
233
233
235
234
234
233
243
243
244
247
242
240
234
234
238
232
228
230
233
227
229
227
217
214
208
212
208
205
201
198
195
185
187
184
182
181
177
170
167
148
80
82
82
79
80
109
111
111
114
109
110
96
104
106
104
101
103
100
103
113
114
115
115
114
114
113
106
105
88
75
74
74
74
74
73
74
70
83
86
85
86
86
84
85
76
32
44
44
44
70
74
77
89
92
89
90
87
86
75
83
84
86
91
94
91
91
70
92
97
96
100
97
94
105
113
119
122
125
128
133
143
151
153
156
154
154
154
155
155
152
135
135
137
136
172
176
177
187
186
188
200
216
222
228
230
239
243
248
251
253
255
259
261
264
262
264
262
260
251
245
178
204
209
181
241
252
254
266
274
271
263
260
251
260
266
275
277
278
277
273
279
275
269
270
269
271
264
252
214
216
198
256
268
274
279
287
298
305
306
313
312
318
323
324
328
334
339
346
343
347
343
347
343
341
343
347
349
358
353
353
354
357
358
349
346
335
239
332
339
343
339
334
335
340
342
331
335
334
333
324
322
319
315
305
222
297
300
299
300
302
296
209
303
305
307
304
304
301
297
295
290
260
274
284
288
292
297
301
301
305
303
305
309
311
309
306
310
309
318
327
328
328
334
331
333
328
329
328
321
326
334
321
285
286
284
288
307
317
336
337
345
352
350
348
344
337
340
332
342
335
344
345
349
344
339
335
334
330
319
315
254
279
276
276
299
308
311
310
308
305
297
304
302
289
290
289
282
180
287
288
296
302
302
293
291
285
280
275
278
168
217
214
210
243
265
271
277
284
290
288
289
281
286
277
143
257
258
260
259
261
255
260
264
261
256
248
230
240
256
262
262
270
277
285
286
292
302
300
307
311
314
316
320
321
322
315
308
312
311
310
312
314
324
329
327
329
332
331
338
342
345
341
346
351
356
353
355
362
361
360
365
372
374
369
376
375
389
400
396
390
386
388
386
394
391
393
398
399
405
411
409
411
414
417
422
418
417
421
412
402
394
307
407
408
415
415
415
425
424
417
419
416
422
420
424
425
422
424
419
414
403
401
404
392
393
397
393
391
387
392
398
397
398
381
383
379
379
380
379
374
372
370
364
353
346
318
313
331
334
341
337
325
303
341
350
343
340
351
356
351
357
350
349
338
323
331
336
337
335
331
331
321
329
327
322
320
311
314
317
312
309
254
236
184
261
276
278
280
289
295
298
306
303
302
304
287
308
309
323
336
334
344
341
343
344
342
341
332
319
219
318
334
342
342
346
348
350
348
349
354
356
353
357
358
367
365
360
364
374
379
371
378
372
369
374
380
380
382
379
379
382
385
379
378
367
363
360
357
278
279
278
277
308
355
359
367
372
371
381
374
373
380
369
381
371
369
368
374
384
389
380
371
383
382
379
379
382
379
387
389
387
387
395
396
392
396
398
405
410
407
411
399
402
400
401
395
392
397
399
391
386
376
284
374
374
379
380
384
386
381
376
373
375
375
376
377
375
313
373
378
365
376
372
364
365
359
357
359
360
351
342
337
331
343
332
309
336
340
347
343
342
341
337
335
331
330
330
331
330
316
309
310
294
267
279
291
297
302
305
301
294
288
187
283
284
293
294
297
296
291
287
289
286
281
282
280
281
278
282
282
281
280
273
266
262
258
285
285
282
283
285
283
279
274
273
267
261
254
246
230
167
167
167
169
168
167
266
271
278
278
288
288
291
292
297
303
299
297
299
296
293
273
289
296
299
305
310
313
307
306
299
302
299
310
305
301
312
308
307
313
312
315
311
307
309
313
309
310
317
314
312
314
315
318
325
333
342
339
343
343
345
342
337
342
349
350
345
340
345
354
352
355
350
347
351
343
359
367
362
361
365
360
329
361
364
364
367
382
383
388
385
387
387
386
385
378
378
374
380
377
378
376
369
371
363
363
353
349
353
355
351
354
355
344
346
339
335
336
339
343
340
338
344
351
357
355
359
352
346
343
339
335
345
341
332
344
336
328
320
246
314
314
331
337
334
336
332
328
333
331
330
331
335
331
329
322
318
312
304
306
307
303
296
303
296
295
295
293
292
296
295
293
290
288
285
278
279
268
269
259
262
267
266
262
257
269
273
269
265
262
261
264
268
262
262
264
273
273
266
264
256
260
265
260
258
254
241
232
240
240
236
226
230
227
227
229
223
219
218
164
227
232
238
242
251
254
253
260
261
264
261
261
266
275
284
291
293
295
294
293
292
290
283
284
287
282
253
257
261
227
300
306
310
312
316
317
330
330
333
331
319
316
326
331
330
334
327
247
323
336
336
338
343
330
253
329
334
336
335
343
341
336
334
336
333
333
332
337
338
335
338
341
341
341
343
342
340
339
336
330
327
325
320
312
315
309
305
297
292
285
283
281
268
260
233
181
180
181
175
176
174
171
207
209
211
216
214
211
210
196
192
197
205
211
209
199
191
188
184
176
175
166
145
85
98
94
98
100
99
169
181
186
191
202
207
210
209
211
226
229
235
241
245
250
251
252
254
251
260
265
264
270
264
259
262
253
248
241
178
218
218
215
294
297
311
313
322
329
336
340
339
347
343
342
340
339
247
362
368
374
372
372
381
379
376
373
373
369
336
363
372
377
383
387
393
400
391
367
398
344
397
400
401
402
406
406
414
408
399
404
405
409
412
415
415
416
418
417
417
415
422
428
421
418
415
420
412
409
392
394
388
391
396
398
398
390
390
384
383
377
367
362
238
354
360
363
370
370
360
354
344
232
326
326
330
327
329
323
331
302
235
312
323
323
320
323
322
321
321
311
305
318
308
306
307
310
306
306
303
311
300
297
301
291
297
289
284
282
276
274
268
272
269
266
263
259
237
241
251
242
236
235
230
223
222
216
195
219
220
221
217
216
217
218
214
206
201
201
197
187
71
87
84
73
89
90
81
102
101
102
202
204
220
233
232
139
243
249
264
265
264
269
276
275
272
286
287
283
285
281
281
273
270
267
263
234
177
196
197
195
246
245
257
265
265
175
280
278
286
281
280
287
283
284
294
289
292
289
286
271
203
247
245
245
261
294
295
300
302
302
307
308
217
302
312
321
327
337
341
341
343
340
338
330
314
319
319
318
320
321
326
323
325
321
323
315
312
317
316
312
307
302
295
249
249
254
255
255
247
253
248
243
286
290
294
302
299
305
303
293
293
297
295
309
305
307
299
301
298
295
296
288
287
286
282
290
284
282
274
272
277
273
272
261
239
274
284
282
287
291
299
302
302
302
309
308
311
313
313
312
315
297
296
297
334
331
329
327
227
342
349
343
352
355
355
356
356
360
369
375
380
383
378
373
380
384
384
387
380
363
381
381
379
380
378
288
384
399
403
406
411
409
404
402
409
413
416
409
409
408
407
407
409
416
421
415
414
413
399
373
404
412
418
418
416
415
410
411
409
405
402
397
396
402
397
393
395
397
389
393
386
386
385
379
372
356
282
359
367
375
382
381
375
381
381
374
371
365
363
361
357
356
347
334
329
235
301
288
283
273
268
316
331
333
331
329
329
316
317
318
318
294
159
226
226
227
265
287
294
300
307
311
316
315
320
317
305
280
295
296
300
308
315
316
323
315
320
320
321
318
322
317
322
322
325
324
326
312
300
337
348
346
358
357
354
360
359
364
363
359
364
360
360
357
357
354
348
342
355
357
363
362
363
365
366
377
383
385
387
387
386
390
395
385
372
356
364
385
383
389
392
390
383
386
386
381
373
368
368
373
372
373
369
372
377
381
386
385
391
390
394
397
400
389
274
397
412
414
422
426
429
440
433
444
441
442
441
430
430
436
447
443
436
428
433
426
434
446
447
462
449
435
450
468
467
469
471
468
480
471
456
460
465
460
468
433
414
422
433
436
446
443
432
431
432
420
419
433
429
425
432
432
435
420
417
419
426
427
426
434
437
437
447
439
441
438
350
436
444
448
442
448
461
464
462
455
457
461
452
441
430
431
435
427
424
426
424
422
417
421
417
402
407
400
397
394
391
391
381
381
380
374
365
366
366
364
363
364
367
361
362
365
365
365
366
371
363
350
360
357
350
358
358
371
370
371
367
369
365
369
378
362
355
345
348
361
361
362
353
353
354
350
349
340
340
342
342
340
345
342
337
341
348
355
357
353
356
355
354
354
351
346
346
350
343
344
337
332
330
325
313
278
287
284
283
324
335
331
335
334
335
330
322
325
323
321
203
255
260
233
292
297
304
302
303
228
305
316
315
322
333
331
326
335
334
335
345
343
346
346
358
358
350
346
340
343
335
331
335
336
334
337
332
340
332
329
332
326
224
312
321
326
329
325
336
337
335
334
335
330
323
323
328
328
323
327
325
328
323
322
316
306
296
231
306
303
310
318
322
321
315
193
310
310
307
312
317
309
303
295
215
260
263
283
286
285
286
299
293
297
304
302
297
295
285
196
277
281
283
283
291
291
290
291
289
253
286
285
280
278
273
275
276
274
271
268
189
260
257
250
249
247
242
216
249
249
254
249
251
235
227
197
195
193
194
220
260
259
255
257
258
254
259
263
266
270
269
262
262
267
268
267
270
272
272
266
264
266
270
266
275
276
276
271
275
277
271
280
279
278
277
272
276
274
276
272
266
266
272
268
274
274
272
274
266
270
260
260
267
265
263
264
260
258
251
241
240
281
288
294
298
298
287
288
289
291
289
288
297
295
290
281
285
285
287
225
287
291
293
299
305
308
307
308
301
303
294
296
299
297
292
217
274
278
280
284
289
289
289
285
291
288
294
283
282
275
268
265
258
261
256
264
254
256
260
263
266
267
263
260
260
273
268
264
264
263
258
252
248
251
259
246
243
248
249
257
260
258
254
253
253
249
249
242
236
234
233
222
238
22
5
20
29
220
227
233
240
248
250
253
260
270
265
263
268
273
271
274
274
284
289
292
294
297
304
305
313
318
317
314
317
314
328
325
335
333
333
332
333
337
339
342
341
340
345
342
343
343
347
344
344
343
337
332
349
353
353
357
348
347
340
341
340
318
340
340
341
337
332
332
339
347
343
337
349
349
342
337
334
334
338
330
315
312
318
320
321
324
322
318
311
308
301
300
204
258
259
252
304
317
326
341
349
347
348
344
347
352
348
351
350
352
352
348
355
357
353
361
360
360
348
360
372
366
367
374
371
370
364
248
372
379
381
388
391
383
375
363
326
358
368
377
383
377
389
397
398
408
407
413
416
419
418
424
424
423
433
435
421
420
397
416
425
435
432
424
423
424
421
425
432
435
434
426
432
432
427
426
424
421
418
417
422
427
431
427
423
421
424
419
427
425
422
414
413
418
422
424
421
431
420
415
426
431
424
419
418
413
411
404
405
411
407
406
408
402
414
413
412
423
422
417
407
413
414
408
402
400
401
402
402
402
396
394
386
382
380
377
385
381
373
375
368
373
360
357
338
330
361
367
357
358
358
358
356
348
352
345
346
340
340
334
336
332
336
329
332
326
329
332
321
319
317
315
313
308
305
303
308
310
308
311
306
307
313
312
312
317
310
306
300
303
302
307
301
301
303
303
299
297
292
290
294
293
291
295
292
286
289
284
284
288
293
285
283
284
294
295
298
291
283
278
190
277
284
288
289
288
287
287
283
280
283
285
282
279
278
277
270
260
253
250
246
161
219
218
220
206
200
144
146
146
137
145
145
147
114
239
254
265
263
263
268
273
278
281
280
281
281
284
286
281
278
265
275
279
282
288
285
286
286
281
213
272
281
289
293
302
305
305
308
312
315
319
318
318
320
319
317
325
329
331
333
334
329
335
337
340
337
336
336
342
342
346
344
343
342
334
339
329
326
321
324
315
307
300
292
274
308
318
316
310
310
293
293
288
284
281
274
161
215
214
212
255
267
278
278
283
191
299
300
302
306
308
305
314
317
323
308
306
304
310
301
293
295
278
263
274
281
292
299
300
301
309
308
310
310
313
306
306
314
322
325
329
330
326
327
331
338
336
331
330
335
326
330
339
338
345
340
334
333
332
330
331
332
330
339
347
341
350
344
352
352
359
361
366
370
357
360
362
362
364
363
359
362
359
338
305
349
348
317
346
336
332
330
345
337
331
315
336
339
339
347
338
343
343
331
318
336
352
356
361
360
361
348
354
325
350
362
365
362
363
363
363
362
357
357
355
351
338
342
328
327
323
326
326
313
215
255
253
207
285
292
294
302
305
305
305
300
291
290
292
291
295
294
289
290
293
288
278
269
165
252
249
168
263
268
282
282
283
288
293
292
175
294
306
307
309
313
312
314
317
326
322
311
229
317
328
336
341
343
354
356
359
362
362
367
362
377
375
377
375
366
364
363
367
372
372
369
365
376
371
371
381
380
384
377
386
381
382
380
382
375
369
368
364
363
359
364
362
361
350
340
277
284
283
277
303
315
331
334
329
327
353
356
358
357
355
352
352
356
352
356
355
346
341
343
337
339
329
317
315
299
277
303
309
306
304
292
292
280
252
170
224
223
167
263
268
270
272
270
261
262
246
138
266
273
274
281
280
260
262
259
259
267
264
240
253
255
263
270
276
270
241
259
266
279
283
284
283
275
287
294
292
296
293
290
304
312
304
224
302
307
310
310
322
322
341
342
344
344
350
352
362
359
358
365
368
374
373
370
367
372
366
363
372
376
376
376
372
375
367
371
368
383
392
385
385
383
382
360
401
394
384
381
297
388
393
398
385
388
390
395
389
394
394
392
395
389
401
403
405
401
398
390
389
384
381
377
270
352
364
362
372
371
369
361
362
365
359
358
351
347
346
338
339
323
328
322
310
316
321
329
319
314
317
302
288
281
279
271
264
210
211
209
204
235
241
251
256
254
255
253
241
135
243
251
253
254
245
247
245
244
239
233
222
99
191
191
199
199
193
158
147
154
123
166
211
218
225
234
240
253
248
245
268
279
289
296
299
298
298
303
313
317
321
330
334
346
350
366
366
375
381
384
389
396
395
396
397
397
405
400
396
399
398
392
405
404
405
409
412
402
398
397
383
298
395
408
409
414
417
418
411
408
400
400
398
394
392
384
361
391
396
397
404
399
397
400
396
400
374
355
230
287
286
261
315
336
341
333
345
276
346
374
386
392
398
402
396
395
404
407
403
406
392
388
392
385
388
393
394
392
394
393
388
381
369
376
374
378
387
392
392
379
385
380
373
313
310
314
314
335
344
345
340
344
345
351
343
340
339
342
342
345
344
345
346
347
352
344
352
356
358
354
329
346
355
356
364
367
366
369
365
371
389
380
382
385
389
395
391
383
383
381
375
373
370
380
374
368
365
365
364
371
365
365
366
365
365
360
361
356
352
347
341
339
251
328
331
336
334
326
330
332
322
337
329
321
325
323
314
308
311
307
306
311
305
308
318
317
306
306
298
293
290
277
203
251
242
194
301
308
311
314
311
317
316
315
312
302
300
301
294
291
296
283
278
256
282
291
287
295
290
285
279
278
278
277
270
269
258
253
216
227
229
233
232
219
205
213
223
237
237
238
242
245
243
242
240
234
232
234
234
228
224
227
227
223
223
217
216
218
214
210
207
203
193
187
191
194
184
188
190
184
181
176
164
85
157
166
168
171
176
169
156
152
75
150
149
150
151
147
151
148
150
155
153
149
151
154
154
157
153
153
159
160
161
169
172
174
172
173
173
172
175
172
168
173
172
176
169
175
175
176
176
172
171
173
172
174
169
159
161
156
157
152
146
147
136
127
125
116
116
60
68
67
65
66
65
64
86
87
91
89
90
90
91
91
87
84
77
76
76
84
84
83
78
67
70
70
62
80
80
81
85
85
85
85
87
87
86
86
88
88
92
88
89
88
87
83
82
81
79
78
75
71
70
43
43
43
38
44
44
44
44
44
44
43
43
44
44
43
37
35
35
33
32
30
30
29
29
28
28
28
25
25
23
20
20
16
15
9
8
8
8
4
2
2
1
1
12
15
18
25
28
29
31
34
35
35
37
39
41
43
42
44
45
46
47
48
47
51
51
53
55
55
59
59
61
63
67
68
66
71
71
72
72
73
51
71
75
75
79
79
82
85
84
87
86
85
86
90
91
88
91
92
95
98
100
97
98
99
103
104
106
105
103
103
99
98
108
111
113
117
124
127
129
134
133
137
141
140
136
139
139
132
123
144
148
151
154
159
159
159
157
148
173
176
183
191
198
200
206
214
217
213
216
200
223
233
234
238
242
246
254
261
268
276
280
281
262
276
306
299
313
313
312
324
322
331
326
330
334
337
341
342
347
349
353
349
346
352
350
354
348
349
344
342
331
331
330
324
318
198
201
198
192
187
171
181
181
173
183
184
166
266
269
276
283
287
295
293
291
300
301
304
305
300
299
299
306
307
310
304
305
306
307
304
299
299
301
302
298
299
293
296
296
299
300
309
304
305
311
313
310
310
309
309
316
317
316
318
317
316
315
222
312
310
316
317
313
314
322
313
292
318
333
336
345
348
345
347
350
347
363
365
361
358
368
368
370
368
366
359
360
359
356
355
343
346
348
337
336
335
332
320
320
313
307
292
276
132
131
130
129
130
130
137
138
138
278
287
290
291
293
292
309
320
324
337
332
343
346
338
342
342
352
347
354
348
350
349
350
349
352
356
353
353
349
344
344
340
341
337
316
298
302
303
311
306
298
299
300
297
301
296
297
285
219
279
273
283
279
281
284
277
277
272
269
262
253
262
257
253
250
246
248
248
244
247
233
244
243
229
229
214
217
210
207
204
208
197
194
193
195
186
182
181
181
190
194
191
196
201
208
219
216
220
218
221
221
226
220
217
217
218
213
223
221
221
222
229
227
227
231
229
232
241
240
243
248
250
245
252
238
168
243
255
254
259
262
260
263
272
276
275
280
285
290
293
298
301
304
305
304
307
309
313
315
313
315
326
336
336
343
339
343
336
334
334
336
330
321
321
315
314
312
310
307
300
303
299
299
301
298
304
298
293
295
301
295
288
284
274
268
260
257
258
252
250
251
251
251
248
245
248
244
236
241
241
244
242
230
226
223
226
226
222
223
220
221
226
224
226
219
217
216
220
218
218
212
212
212
206
197
195
191
190
191
190
187
183
180
175
178
173
168
164
165
162
159
155
156
156
154
155
139
126
125
126
104
133
134
135
134
134
135
135
131
128
125
117
119
113
109
102
98
93
90
87
86
84
81
78
78
75
73
70
68
64
65
63
58
59
57
53
49
48
44
40
38
33
30
28
25
17
15
13
12
9
7
4
4
0
3
4
6
7
9
12
19
26
29
29
29
33
33
34
36
40
41
43
44
45
48
48
48
34
55
58
61
61
64
65
70
70
72
76
77
78
84
85
86
89
91
98
98
98
101
101
99
104
105
104
109
108
106
99
101
102
101
97
110
124
132
139
138
144
152
158
156
165
170
176
174
180
174
183
184
193
196
201
207
207
209
209
216
218
218
221
215
221
220
216
208
227
242
246
251
255
258
268
267
272
276
272
270
282
279
280
287
288
283
290
294
293
296
299
304
304
300
309
302
298
293
296
287
327
328
331
333
339
337
344
339
332
332
313
326
337
343
347
367
363
365
355
356
359
351
350
351
348
345
352
353
353
357
356
344
339
333
320
281
346
352
350
354
360
355
358
354
350
354
352
346
342
341
247
339
341
340
340
337
330
320
323
311
315
308
302
299
296
288
275
272
249
254
253
256
255
251
217
229
231
229
234
233
229
226
219
220
215
206
201
201
200
197
194
194
195
192
195
196
191
189
188
185
184
184
181
176
164
166
161
154
152
150
145
148
139
141
134
118
116
118
117
108
104
103
98
99
95
88
84
81
80
79
72
58
60
61
60
59
57
59
56
55
52
48
47
44
42
36
30
34
34
36
39
39
37
34
33
25
48
49
55
54
56
57
61
61
62
64
64
68
72
73
72
71
71
71
84
88
87
87
86
57
84
89
88
89
89
88
88
88
74
73
75
56
92
111
113
112
115
117
122
120
117
112
109
100
121
127
128
137
137
131
133
128
87
119
122
122
126
128
107
122
121
124
168
185
186
191
193
199
202
202
210
214
211
202
218
220
226
231
235
241
246
247
249
257
256
265
270
272
276
278
283
279
285
288
287
286
284
282
276
271
271
273
276
273
277
273
272
275
275
274
270
274
271
277
276
267
268
267
267
266
263
262
260
254
252
255
251
242
237
230
166
242
242
243
246
241
242
244
239
240
236
227
141
232
240
245
243
245
244
242
230
157
232
236
236
234
229
210
234
237
239
241
244
240
249
249
253
254
256
252
251
251
177
253
260
267
275
277
276
279
281
279
277
273
274
269
271
272
275
276
278
279
274
269
271
267
261
258
244
177
255
258
261
269
267
259
257
248
232
258
269
270
273
272
161
279
282
292
303
305
301
297
295
293
296
284
200
285
292
294
297
300
302
312
307
315
322
321
320
320
311
226
311
318
322
324
333
331
330
329
338
337
336
328
335
338
340
340
344
347
356
356
355
356
351
360
356
357
359
356
354
350
349
346
346
353
352
358
357
352
351
357
347
351
351
351
352
348
346
351
340
331
329
325
309
214
316
319
313
302
297
282
302
314
305
299
287
254
293
303
306
301
288
280
296
322
312
316
322
324
329
330
325
328
335
341
332
320
296
317
321
326
329
329
338
339
337
333
333
329
245
322
327
337
339
347
346
347
349
350
350
351
350
353
345
349
350
352
348
351
344
349
353
347
347
352
347
228
341
349
358
358
367
364
363
351
355
356
354
354
353
347
357
364
365
362
366
370
375
376
379
375
387
382
387
389
389
391
390
397
401
399
398
402
402
407
408
411
423
420
428
418
422
420
423
427
423
425
424
430
431
426
431
426
426
429
431
425
422
428
427
434
430
429
436
435
434
431
428
427
430
440
441
436
441
430
425
426
431
432
440
436
434
423
405
429
442
457
459
444
446
444
447
449
443
442
443
445
451
448
445
442
445
443
435
436
434
425
424
423
424
418
420
415
413
405
402
398
399
389
385
380
375
367
370
363
358
345
340
313
285
303
305
304
306
306
299
294
286
279
277
181
232
230
228
176
258
258
263
258
255
252
236
136
239
240
239
237
244
244
237
233
223
217
210
212
207
199
158
159
164
169
167
146
133
133
132
131
177
185
193
202
205
206
205
200
178
194
203
204
212
220
222
222
216
214
210
198
139
185
182
184
220
227
232
239
241
246
248
258
262
262
257
261
268
275
277
276
282
288
288
286
204
284
284
288
300
300
309
306
312
312
312
310
308
318
316
319
333
334
344
350
354
345
341
337
336
320
349
357
356
353
353
349
334
356
365
375
375
375
377
381
378
384
385
384
379
392
392
390
389
388
386
386
387
386
382
377
355
374
377
371
370
367
356
360
378
376
373
364
362
353
354
262
355
358
366
358
357
355
352
346
351
350
350
344
346
340
342
344
343
347
334
331
228
316
316
321
321
301
291
301
306
313
317
319
311
320
319
310
310
305
277
300
310
312
314
318
321
314
316
317
311
316
321
320
320
316
318
318
313
317
307
313
308
308
306
297
292
302
296
293
291
282
284
281
269
254
240
275
277
276
271
270
191
284
307
311
306
304
306
308
311
303
296
297
292
200
255
255
260
261
245
312
321
331
343
351
363
367
372
373
364
366
368
368
353
315
319
323
274
350
354
363
366
364
373
376
376
378
380
376
379
389
388
385
389
388
383
382
380
387
377
377
372
368
373
378
376
382
385
376
374
374
371
374
369
357
340
339
340
329
322
325
320
317
312
309
304
296
290
283
279
256
256
253
254
252
248
236
204
208
209
210
198
193
93
177
183
188
189
183
175
165
154
146
133
130
82
82
81
56
112
120
122
118
117
119
121
117
114
91
99
99
103
103
90
103
102
103
135
145
158
178
179
184
186
196
201
200
200
197
193
197
200
188
187
179
192
205
212
218
221
219
225
226
228
231
229
230
231
237
239
242
240
236
232
226
217
224
223
222
218
217
208
182
182
175
184
185
167
238
246
249
256
258
261
268
267
260
264
266
259
255
259
255
253
262
261
264
263
262
253
256
255
251
255
254
253
250
252
251
248
238
236
235
234
229
221
219
213
208
208
202
204
199
197
195
146
153
153
141
155
157
158
156
157
127
160
159
155
155
152
149
148
142
133
132
128
126
111
99
87
97
97
99
99
90
91
88
86
82
79
81
79
74
72
47
66
65
64
66
60
57
63
65
66
66
69
66
67
63
63
62
50
30
54
58
58
59
61
59
61
64
62
64
61
60
57
55
48
58
60
60
59
58
54
69
75
76
78
79
78
75
75
41
80
86
91
95
107
113
111
114
114
116
123
122
124
124
121
123
120
92
135
142
152
154
155
163
162
164
167
173
181
187
186
193
197
197
197
151
209
213
214
221
224
226
234
230
179
211
215
179
260
268
275
281
287
293
300
313
319
326
330
338
341
342
350
350
348
352
345
344
344
339
338
333
331
330
327
323
321
318
322
317
303
287
296
294
296
292
276
247
252
194
298
306
315
315
319
318
314
307
280
306
309
313
315
313
311
231
318
316
311
316
310
310
305
303
310
310
309
311
309
311
305
304
309
308
312
311
304
304
197
295
301
301
298
282
262
266
280
281
274
263
241
272
285
288
286
291
288
288
285
280
278
278
274
279
278
278
278
274
280
286
288
282
293
294
289
283
278
264
289
296
299
303
303
310
317
316
320
312
302
288
316
323
326
332
326
319
317
314
215
329
330
327
321
318
294
318
322
340
346
355
354
353
355
356
358
358
365
360
361
367
370
372
376
377
374
377
377
375
373
378
380
377
372
378
372
371
380
375
367
264
353
355
362
364
367
268
375
368
366
370
363
366
356
366
374
373
371
366
361
366
359
349
242
337
349
355
351
345
348
349
347
342
344
352
344
347
351
359
359
358
355
352
348
343
340
339
347
348
339
339
338
339
337
336
336
330
325
321
317
302
319
290
290
275
263
275
278
286
298
304
302
309
312
301
299
295
284
301
307
313
314
318
315
312
314
311
310
314
308
309
307
303
300
297
291
291
295
296
291
298
293
297
297
302
299
293
293
288
282
209
284
289
286
289
295
299
299
297
294
300
297
295
298
287
288
291
284
209
283
287
288
288
293
298
298
301
299
295
301
299
301
304
301
297
290
295
285
283
281
281
287
278
260
270
273
281
295
295
300
307
302
298
305
294
275
291
298
297
297
301
298
297
300
294
301
302
297
295
293
287
288
284
280
261
187
264
264
262
256
245
221
247
255
264
264
265
258
257
258
263
255
250
254
245
223
137
224
236
240
239
238
238
232
218
146
180
185
146
216
218
229
237
249
257
266
276
277
280
283
290
292
301
313
321
326
319
211
321
324
337
345
352
358
353
356
355
359
359
368
378
377
396
403
403
407
416
417
420
420
423
425
421
419
416
413
421
423
413
410
420
419
432
431
407
365
429
427
429
427
426
426
423
413
407
405
407
404
402
416
416
414
411
409
408
404
409
405
402
397
392
397
400
395
386
395
393
383
384
392
387
388
377
378
375
373
369
373
362
358
352
348
337
329
316
314
310
316
318
306
303
301
303
294
299
298
300
293
289
282
282
283
275
271
188
258
262
264
266
267
262
264
262
257
253
253
261
270
269
265
267
272
268
268
268
266
266
264
276
273
275
271
269
267
175
263
271
270
272
271
270
279
274
272
278
274
280
279
254
253
261
273
273
284
295
304
305
302
304
305
309
322
320
326
322
325
338
338
341
346
350
352
354
360
362
362
358
363
365
355
351
345
256
346
355
368
368
365
372
371
365
364
361
358
363
362
362
371
367
367
369
364
368
373
372
373
370
367
364
361
358
363
360
371
371
372
383
371
375
369
368
369
368
361
349
367
370
377
375
377
379
381
383
392
390
386
391
392
390
389
387
387
375
372
370
377
373
372
366
363
364
361
360
370
367
378
371
369
368
376
369
371
377
372
368
368
368
364
361
357
354
355
351
352
345
344
341
334
330
332
325
323
314
312
312
307
297
284
295
304
307
316
310
320
321
324
321
330
328
327
329
320
320
316
308
309
298
297
297
293
293
297
300
283
276
272
267
262
270
271
297
292
292
295
295
293
298
294
303
299
304
295
298
292
288
225
295
308
310
320
320
326
328
329
331
334
338
341
346
348
351
348
357
358
355
354
346
344
341
321
230
262
265
263
254
245
247
258
191
334
337
339
349
361
363
364
364
375
365
354
218
352
363
368
368
376
372
375
377
374
366
361
335
369
378
387
392
394
389
400
401
399
399
402
405
409
411
408
416
418
419
422
425
424
433
419
428
426
424
419
420
421
429
423
416
415
416
418
400
409
382
355
382
389
396
395
396
394
394
386
345
373
378
382
401
395
392
400
397
391
392
404
402
402
403
405
409
414
415
414
410
407
404
405
410
401
400
395
396
390
391
394
386
390
390
380
379
379
378
368
366
367
364
365
363
350
348
345
339
337
340
333
334
332
330
328
326
327
326
320
330
329
328
326
323
322
325
325
328
322
328
323
212
317
311
313
312
291
230
274
275
230
307
317
319
325
332
334
344
348
350
349
347
352
349
348
337
340
335
333
344
342
341
341
352
351
342
338
340
338
336
336
333
328
325
328
332
336
336
335
337
333
330
327
327
333
327
336
326
330
337
345
344
351
346
350
347
349
355
355
350
352
356
358
350
348
346
343
343
338
342
347
339
330
335
338
340
342
334
333
336
344
349
345
346
345
346
336
345
340
345
337
340
344
351
347
346
350
354
361
367
365
368
373
372
380
380
377
373
366
367
372
378
372
377
381
377
379
387
384
382
372
363
361
355
235
346
350
355
344
341
250
292
290
283
322
329
334
333
354
347
283
338
334
333
343
328
337
328
331
326
325
322
312
305
295
257
259
219
310
319
328
325
321
325
327
321
298
319
320
319
324
323
321
322
315
312
302
201
293
303
312
315
317
316
321
319
323
325
316
313
311
309
307
315
306
312
310
312
313
316
308
305
299
293
290
267
283
282
290
286
285
279
276
256
202
203
203
199
212
211
175
304
332
341
345
347
345
347
357
354
358
375
386
393
396
393
396
405
404
410
419
428
439
440
439
444
437
444
463
457
460
458
462
459
471
480
477
474
479
478
496
494
491
488
489
480
481
474
465
458
460
458
460
454
452
446
453
452
451
443
438
439
432
418
413
404
394
390
375
229
245
240
233
244
243
235
326
336
345
355
363
371
381
386
380
368
370
368
352
345
221
344
351
357
358
361
351
351
351
334
209
327
338
352
361
367
378
372
366
359
369
373
366
363
361
364
365
372
369
374
374
370
366
366
369
372
373
371
364
341
336
320
244
303
253
313
318
322
343
353
354
354
355
266
342
345
346
344
351
344
247
348
348
351
356
359
354
349
338
330
333
333
328
342
344
342
352
358
359
351
341
351
362
362
359
350
365
368
365
364
362
357
366
366
364
373
380
384
390
402
398
395
394
391
396
394
388
391
386
395
398
394
395
397
393
387
390
390
388
385
384
391
381
385
385
391
389
387
381
382
383
381
389
392
392
392
397
399
395
398
398
413
399
400
398
401
402
386
384
386
391
398
398
401
404
408
414
417
416
422
427
420
422
416
420
418
407
403
399
399
402
405
398
394
394
395
397
392
400
404
403
399
400
391
388
384
340
355
360
345
340
373
383
388
384
390
389
397
394
400
404
405
399
392
394
393
393
387
397
398
390
384
380
384
385
389
381
386
389
393
393
380
298
386
391
394
396
415
401
409
405
403
403
402
407
404
396
292
393
392
393
392
376
379
378
376
365
366
367
366
361
352
355
352
360
352
352
347
305
312
317
326
334
335
334
335
339
334
337
333
332
332
326
330
325
320
311
309
292
269
282
293
303
309
307
302
301
300
302
298
292
286
286
281
276
267
268
258
259
248
248
239
238
168
228
230
231
228
226
219
214
209
203
198
187
170
176
174
178
169
168
170
167
164
161
158
151
153
143
142
126
138
137
142
140
139
138
139
135
133
132
128
119
116
108
63
95
100
103
101
99
97
98
96
93
93
83
79
81
77
77
75
73
71
60
82
82
88
90
94
93
90
91
85
90
89
88
89
88
87
82
80
53
73
71
73
73
72
70
62
49
49
49
49
48
50
48
50
123
122
130
134
141
142
143
148
151
152
155
162
167
168
167
166
151
165
171
177
185
191
198
200
203
208
208
207
209
213
218
219
172
221
225
231
235
202
252
264
265
272
273
274
270
279
278
278
279
280
287
290
287
287
290
292
293
259
166
168
169
167
170
183
191
192
188
189
190
189
187
264
276
288
291
292
286
294
316
325
326
323
337
331
334
344
342
342
343
344
352
346
353
349
352
351
343
339
336
321
323
314
310
307
305
296
295
294
294
230
251
252
254
248
197
260
265
262
259
258
250
243
230
187
187
185
187
210
214
215
216
218
217
213
212
212
210
202
196
192
182
165
110
154
157
157
153
160
160
150
149
143
140
140
133
124
118
96
110
112
115
113
110
109
106
39
108
113
114
116
118
113
112
109
107
104
97
81
83
83
83
83
82
76
78
74
65
64
67
69
71
76
78
72
70
68
68
66
20
20
20
20
24
25
23
29
31
20
68
87
88
91
97
98
104
104
101
103
104
76
119
121
127
131
132
134
141
145
149
149
149
152
161
171
178
186
184
192
195
193
194
195
195
195
198
208
211
211
215
218
222
222
224
235
234
231
240
223
204
203
202
197
214
234
245
251
257
263
267
267
270
275
283
283
292
305
306
298
311
317
286
321
261
318
312
301
325
340
344
346
349
343
345
349
356
362
363
350
362
364
367
375
377
376
383
383
388
391
392
395
397
401
406
410
415
409
252
405
404
396
389
294
337
334
331
384
391
396
407
412
412
420
425
424
421
419
425
423
418
417
421
412
411
405
412
405
409
409
408
415
414
412
411
403
399
391
388
375
375
370
372
373
353
343
325
263
262
261
254
253
263
266
238
343
346
352
362
364
243
382
400
403
399
399
401
405
402
403
399
397
397
401
402
399
399
396
402
399
393
274
389
394
398
401
402
398
397
396
406
409
409
405
411
409
410
413
418
418
419
417
412
418
418
418
421
407
301
402
409
416
417
408
411
413
403
289
380
392
396
401
405
402
395
390
376
382
375
370
366
358
354
359
348
355
347
347
336
327
317
286
304
306
305
288
281
201
282
291
301
308
312
303
303
281
262
278
297
302
309
308
305
310
309
303
305
307
195
304
312
312
317
313
307
305
298
280
307
314
317
329
334
326
324
321
318
315
309
303
300
300
297
300
299
292
290
285
280
277
267
191
252
254
254
243
244
237
232
226
218
209
207
193
201
198
203
205
201
200
199
189
187
183
178
177
172
162
158
146
158
160
158
153
154
150
151
147
146
144
141
141
137
135
126
125
105
119
127
110
133
134
130
129
127
125
126
125
125
124
120
74
119
122
124
123
119
102
119
129
134
144
156
159
166
167
169
175
175
180
121
193
206
210
216
222
235
243
245
243
241
242
249
247
229
233
235
237
276
288
288
292
298
304
312
314
320
323
334
333
335
335
335
338
335
337
336
327
328
321
315
315
305
300
297
282
280
258
275
277
273
271
269
266
265
270
268
270
263
257
251
241
230
259
260
253
245
227
217
237
239
244
249
241
238
236
241
243
243
242
232
243
249
246
240
231
125
166
167
166
163
167
168
215
213
217
223
233
234
240
242
242
244
241
237
235
210
199
214
215
218
220
223
222
222
220
226
228
233
235
234
238
237
236
233
237
232
230
225
222
208
183
211
214
215
214
211
210
211
207
208
207
205
209
207
203
196
192
186
183
179
172
116
166
169
169
170
169
165
160
151
95
147
147
149
149
150
149
149
147
139
135
128
122
118
113
57
80
80
81
125
129
128
128
128
124
125
125
63
104
110
55
150
154
157
166
170
167
171
175
176
177
180
178
178
181
177
173
177
167
185
189
197
201
204
196
203
206
206
210
215
152
208
212
224
227
231
233
237
247
246
256
249
250
255
257
265
263
271
275
279
279
280
280
279
276
283
282
276
276
265
260
262
259
256
248
247
244
242
238
230
232
226
222
208
201
179
178
174
144
185
189
185
185
184
178
170
165
150
164
164
168
161
159
152
151
146
142
138
124
93
93
89
58
129
134
133
131
133
137
138
133
130
127
104
63
137
144
149
156
159
160
164
164
165
162
158
157
152
140
127
132
135
140
138
139
136
134
130
108
109
112
85
122
138
142
146
152
158
156
162
159
160
157
138
152
156
160
166
175
175
173
141
137
137
148
154
158
162
134
208
212
216
218
221
222
231
233
239
239
236
245
255
261
265
268
272
272
273
278
275
279
275
274
281
278
273
277
275
271
267
263
179
267
271
268
274
273
277
278
279
287
286
288
291
282
274
239
254
260
193
307
333
343
355
370
370
375
386
392
397
401
405
417
414
411
414
416
421
423
417
338
445
451
453
459
453
448
452
449
442
454
455
455
461
462
457
463
464
462
466
463
466
464
462
462
467
456
465
450
441
410
435
436
441
444
445
448
437
426
421
417
413
414
420
420
418
413
403
394
393
387
387
375
363
235
241
308
354
362
363
365
371
368
367
367
349
315
338
347
363
359
358
353
346
348
348
343
325
185
281
284
182
322
333
334
345
356
362
368
368
366
369
351
194
338
348
344
345
345
303
334
340
348
348
351
277
352
360
368
375
380
385
386
383
390
386
384
391
389
382
389
393
393
395
393
399
398
398
391
371
274
367
386
397
404
403
401
399
398
387
390
391
402
406
406
406
404
397
396
391
321
327
325
323
353
369
371
374
375
280
383
383
387
392
395
393
392
392
381
386
377
382
379
384
388
387
393
389
388
382
379
379
376
374
373
368
366
360
344
342
346
353
345
332
318
226
319
322
322
332
338
342
345
342
341
317
332
334
334
329
321
322
308
299
291
303
308
310
310
311
313
312
309
306
308
307
308
306
314
314
324
326
321
324
327
333
325
322
321
324
335
339
332
329
332
333
329
322
320
320
318
308
306
300
297
303
303
294
288
271
269
254
288
307
309
309
302
297
295
286
199
302
309
306
306
301
305
304
309
302
300
300
297
297
293
208
283
294
297
302
302
303
300
287
286
268
295
302
312
316
317
318
316
311
311
302
268
300
304
313
322
330
330
330
338
341
349
350
352
356
356
360
369
378
373
351
369
255
355
362
367
376
376
374
367
368
335
347
379
380
379
360
373
370
375
378
372
357
272
364
380
379
384
392
390
390
396
390
393
394
400
396
405
402
402
394
394
386
374
355
384
389
392
396
386
388
378
383
372
375
372
370
370
363
361
355
344
338
332
329
330
327
318
311
306
288
238
298
298
298
297
291
286
266
280
279
280
284
284
280
281
276
276
271
261
160
246
257
258
258
256
254
255
251
250
241
241
228
218
111
203
206
208
207
208
207
204
195
185
165
181
185
190
192
197
203
206
214
214
206
206
197
178
189
209
214
222
223
228
240
240
240
245
241
244
241
236
263
270
275
285
289
292
293
297
298
306
303
302
312
316
322
327
331
342
342
349
340
348
349
348
350
340
332
334
335
332
334
334
332
332
326
328
326
317
220
312
313
312
315
305
299
292
262
254
226
304
313
318
322
326
325
333
328
330
330
338
335
334
336
335
339
347
351
345
342
342
339
342
345
337
343
343
344
342
334
326
327
322
324
319
316
309
302
301
301
298
299
304
290
286
279
276
269
262
259
245
138
137
151
163
223
227
232
237
245
247
247
261
270
268
272
281
284
287
297
289
291
298
303
295
297
286
283
286
280
287
284
289
289
290
298
300
303
305
300
303
303
303
303
302
305
307
301
308
305
304
308
310
309
304
305
311
311
308
321
315
310
310
310
312
319
314
319
317
325
325
320
319
321
246
316
319
321
330
329
336
335
334
329
324
322
324
328
325
328
335
334
333
333
332
328
324
323
317
297
297
302
300
218
301
302
304
307
307
308
300
299
294
293
278
258
281
277
281
284
279
282
282
285
282
276
272
272
274
273
263
256
249
249
241
238
233
231
218
219
206
201
198
199
193
172
177
140
135
148
156
147
154
147
145
108
137
114
138
138
127
135
133
128
129
129
130
124
120
117
109
105
60
60
59
60
60
60
60
87
87
87
87
90
91
89
91
90
88
86
85
80
80
74
72
66
40
43
27
53
54
56
58
56
58
59
59
57
51
48
45
45
42
38
20
45
49
51
52
56
56
58
59
59
56
56
16
50
56
61
64
66
68
66
73
74
76
74
73
70
67
47
72
76
80
83
85
84
82
81
72
74
74
74
74
125
141
147
158
159
161
163
63
188
187
194
198
200
126
207
233
245
259
269
275
272
289
283
288
301
305
311
317
322
322
319
320
271
328
345
352
356
367
367
370
374
382
382
385
387
385
389
400
403
406
410
411
413
413
413
418
424
433
426
432
426
423
419
410
388
440
439
445
445
446
433
317
448
456
465
467
464
458
433
326
446
452
459
475
478
472
478
473
423
477
481
480
474
464
463
470
468
451
450
449
443
432
354
346
348
354
283
391
394
400
399
403
402
413
397
381
402
411
405
406
401
400
393
385
286
389
382
386
380
367
297
370
385
390
400
400
403
402
401
403
407
409
402
404
405
409
404
404
403
399
393
382
373
358
324
351
351
362
362
368
364
361
362
355
346
353
351
348
337
333
331
328
320
311
274
210
247
258
287
297
314
310
314
316
318
318
321
328
342
340
318
338
336
331
341
336
338
338
336
261
328
348
345
344
346
348
350
350
351
344
338
335
328
323
307
302
307
300
282
250
92
94
93
96
92
103
102
95
92
76
58
66
65
72
76
62
198
217
219
221
228
230
240
240
240
267
280
293
294
304
310
316
313
310
313
307
303
333
340
350
355
358
370
373
370
366
368
366
354
347
346
342
341
332
332
330
325
315
318
318
327
323
327
315
280
317
303
316
313
305
317
313
309
304
305
298
299
301
308
303
290
285
280
270
253
287
296
299
302
306
302
299
301
296
288
286
274
267
263
248
252
254
253
251
242
237
232
230
226
227
208
144
153
154
69
154
168
170
175
177
176
129
117
84
86
134
138
140
141
148
155
155
119
158
159
159
200
205
212
219
225
230
234
235
239
243
251
255
255
262
264
269
268
274
274
268
260
254
242
230
250
255
264
251
246
240
240
235
231
220
212
116
162
162
159
166
168
141
236
239
250
257
259
261
262
260
264
262
266
259
264
263
266
266
266
204
275
288
296
305
308
317
319
320
317
320
322
330
329
329
331
332
335
339
343
339
341
339
340
343
347
347
349
347
348
356
353
348
352
354
346
351
352
344
325
317
312
324
331
356
354
363
358
362
371
367
368
365
356
344
340
342
348
352
347
347
344
347
344
336
322
272
275
280
243
290
301
296
254
352
361
374
383
382
378
385
388
391
390
394
392
390
393
387
386
393
391
387
302
381
384
380
376
377
383
381
379
371
363
371
373
370
361
360
362
357
344
337
323
295
321
320
330
327
312
310
312
309
313
295
312
310
309
298
300
302
299
293
282
260
184
272
270
272
272
266
262
261
261
256
248
248
247
243
235
148
217
220
222
217
222
211
209
208
207
213
208
211
209
212
214
209
210
210
211
209
210
204
203
202
199
193
193
185
181
182
179
179
177
176
172
166
168
164
161
159
157
147
147
146
145
145
138
85
92
89
83
88
88
83
88
95
95
94
102
104
102
100
99
103
98
89
81
72
22
44
43
28
67
70
71
70
71
70
70
70
44
60
60
43
102
112
113
119
120
119
119
119
51
146
154
158
161
165
165
169
167
169
178
177
176
182
180
182
183
175
147
149
149
150
184
187
191
195
200
200
203
200
139
191
197
198
199
197
171
173
174
174
266
276
278
286
292
293
295
298
306
316
320
327
332
338
342
345
349
354
359
363
356
349
347
320
341
348
346
353
332
314
334
344
350
344
346
343
341
341
347
342
339
336
337
331
331
328
322
324
319
322
318
316
319
322
322
324
324
319
323
322
311
316
313
313
306
305
306
303
283
281
279
273
268
266
256
253
248
225
226
224
226
223
215
210
208
192
167
169
168
168
162
159
149
146
136
123
119
114
19
19
20
8
20
19
14
11
11
8
0
0
0
3
6
10
11
10
3
11
11
11
139
144
150
155
163
167
175
174
176
184
183
192
199
200
211
216
220
223
230
218
202
212
222
235
242
243
242
249
246
251
257
253
259
260
259
264
268
269
274
273
275
281
291
290
285
286
286
214
286
285
278
283
276
267
254
196
196
285
323
321
329
326
323
381
400
405
411
409
416
416
418
425
434
427
435
440
445
446
457
459
456
459
458
453
448
441
341
459
462
467
475
466
367
469
475
472
483
496
497
499
502
504
506
504
497
336
482
488
495
492
494
499
498
492
503
505
494
491
459
426
446
464
474
484
488
492
494
494
502
507
508
508
517
517
511
520
513
522
524
518
476
498
515
521
528
530
539
541
536
535
544
544
549
550
553
557
567
570
574
579
572
580
591
590
581
579
572
580
579
587
585
592
589
590
588
582
583
590
585
588
584
583
585
572
568
573
574
572
560
565
557
544
540
516
460
523
526
540
537
532
534
533
527
483
497
511
517
526
528
520
525
520
514
499
493
461
492
498
493
495
485
487
496
498
494
484
468
309
438
452
456
461
465
455
452
443
429
426
419
409
403
394
397
399
395
392
382
373
352
332
348
363
357
352
349
349
346
334
326
325
317
317
304
296
291
286
277
269
268
268
266
255
253
238
228
165
217
215
214
211
206
204
204
195
190
185
178
174
169
159
152
106
106
29
104
110
117
116
115
115
114
105
102
103
93
37
37
37
36
36
37
37
37
36
19
36
37
37
37
37
37
33
29
26
25
22
19
18
18
19
19
19
19
13
12
0
1
1
1
1
0
38
41
44
48
51
51
51
52
0
53
53
54
42
59
59
62
64
54
79
85
84
92
92
96
97
102
102
103
103
104
105
118
118
121
124
124
128
130
131
132
135
134
133
138
138
140
137
136
141
139
122
136
133
134
129
135
137
143
149
101
161
166
163
165
167
166
165
159
151
171
187
187
181
182
173
191
193
203
199
206
211
216
216
216
215
215
218
216
220
220
225
227
231
245
243
246
240
248
238
242
235
219
245
254
262
268
270
271
265
267
274
283
283
287
282
281
283
281
271
268
260
254
247
244
241
238
232
226
225
211
98
99
99
95
94
95
95
93
91
92
88
86
112
275
291
294
298
313
316
321
327
335
338
336
340
349
347
348
343
251
356
377
378
376
384
376
382
387
384
381
386
381
390
393
395
392
388
383
366
289
295
298
297
254
296
293
287
308
381
396
399
399
259
404
423
426
430
432
435
438
450
450
448
446
451
453
464
467
479
472
471
475
474
471
468
455
461
464
307
458
458
456
452
451
445
442
438
429
420
385
281
348
380
435
434
451
455
457
453
459
450
441
422
443
454
466
467
472
474
477
480
478
481
489
482
481
469
465
455
446
435
429
333
292
290
294
285
291
373
374
387
393
399
410
419
415
421
415
411
412
401
394
396
396
399
391
389
384
385
387
381
379
376
378
378
384
377
369
362
354
342
342
348
334
333
328
322
329
320
312
315
313
307
306
272
296
297
279
291
308
305
307
298
297
304
307
295
298
302
297
286
280
283
273
269
257
165
208
202
244
257
260
260
261
267
264
271
272
254
273
271
273
266
262
263
245
163
211
210
208
239
251
254
261
263
274
274
278
258
268
273
278
283
284
287
286
292
296
299
297
307
311
305
303
303
309
306
307
305
308
309
310
304
303
298
293
299
296
300
293
294
289
283
292
293
285
186
282
288
299
286
280
279
291
295
271
185
242
242
242
274
282
283
288
285
277
309
310
310
304
295
284
323
329
334
344
345
344
353
355
359
361
358
361
368
359
363
363
369
365
356
339
252
347
357
365
373
369
365
369
369
379
380
379
377
377
378
369
370
373
364
368
341
380
368
346
306
267
315
344
358
362
366
367
369
367
372
378
372
372
376
373
371
368
367
373
368
369
361
357
362
359
363
355
360
352
334
322
313
301
307
320
330
334
331
340
345
343
343
344
334
310
322
329
332
333
343
213
344
353
353
344
349
350
359
359
361
381
374
367
367
373
374
380
384
377
360
354
340
395
407
407
408
416
415
425
429
423
429
437
438
436
427
331
425
432
440
449
451
455
457
465
469
480
481
483
496
496
498
504
506
508
511
509
507
512
517
514
514
508
507
520
512
513
508
511
511
508
506
506
516
516
515
517
507
510
515
507
509
504
495
495
482
472
473
471
466
458
448
440
441
432
425
414
401
399
394
392
375
373
364
357
360
360
349
355
352
347
348
340
330
237
316
323
329
324
323
318
317
313
313
299
299
297
295
278
187
238
231
230
256
264
266
265
261
185
289
293
293
290
286
283
283
284
274
270
260
260
248
250
246
246
242
240
237
229
226
209
196
186
191
190
189
186
183
174
171
164
119
120
117
118
134
132
136
138
134
130
134
132
130
128
127
126
127
124
120
118
106
96
104
106
108
107
110
107
105
105
97
100
94
93
91
86
82
81
76
51
51
51
36
70
57
87
90
88
79
86
82
73
94
103
105
109
110
111
111
117
123
117
119
125
123
131
131
129
122
131
93
134
140
145
150
157
162
166
169
172
174
179
183
185
185
190
192
147
196
200
202
205
203
165
213
219
225
225
228
177
242
262
270
270
272
275
280
282
289
286
290
294
299
303
309
309
306
306
302
276
255
271
277
278
284
285
277
276
272
229
234
237
162
276
282
289
290
288
286
279
272
259
271
277
277
280
277
275
283
255
240
225
224
223
272
299
302
311
313
322
332
338
347
346
350
346
345
346
350
354
361
363
366
371
360
361
354
326
359
364
364
365
361
337
357
362
359
357
342
237
348
353
361
359
361
364
362
365
369
364
367
359
361
369
374
368
367
367
366
364
365
352
334
317
338
347
357
359
355
361
371
367
366
367
365
359
366
370
362
357
351
350
349
344
352
353
362
365
363
354
349
349
320
241
328
326
334
329
326
323
300
325
331
333
333
330
327
328
323
318
304
269
276
285
287
280
283
280
275
263
186
258
261
264
261
257
253
243
236
237
234
229
226
219
215
198
225
227
228
233
230
233
232
226
227
223
219
218
217
217
215
210
204
201
196
192
186
177
171
171
162
163
74
88
80
79
79
79
76
80
80
80
80
69
62
69
73
74
71
70
65
57
52
28
54
55
52
46
36
23
37
38
35
35
32
25
43
47
53
55
60
60
60
59
60
59
60
60
60
59
48
94
112
116
121
128
130
135
132
134
132
125
46
157
159
159
156
148
146
162
171
186
195
201
201
209
208
217
217
221
226
229
229
220
246
250
262
269
278
276
282
292
302
298
309
323
321
312
236
295
296
296
331
338
344
355
367
365
373
375
378
383
384
386
393
393
391
392
396
402
399
390
309
395
400
406
413
411
413
410
401
406
404
403
401
397
401
406
404
403
393
400
396
396
400
403
407
402
403
417
419
429
421
418
411
412
410
413
416
416
411
406
406
399
397
389
382
311
310
310
299
300
295
254
312
365
371
375
381
384
383
379
371
372
374
377
380
368
368
369
374
371
367
375
379
382
388
385
394
396
389
397
394
394
393
391
385
386
379
362
387
391
395
394
390
392
390
386
389
378
380
377
372
363
362
360
360
367
367
365
363
362
347
223
347
350
352
355
343
358
356
339
338
332
336
329
324
321
316
305
306
305
289
291
289
291
283
281
274
272
266
265
170
220
221
225
172
251
255
261
257
258
263
265
272
276
274
275
277
271
271
275
273
273
282
286
285
282
286
285
280
281
281
282
283
286
284
281
277
278
274
274
271
271
268
266
267
260
197
247
251
255
257
241
136
232
230
230
229
226
214
209
201
92
90
90
86
93
92
90
102
102
103
209
227
234
243
250
250
240
253
262
267
278
285
291
291
293
290
292
297
295
294
290
291
289
286
284
280
277
266
258
253
266
271
274
280
284
283
281
276
268
265
253
247
253
267
271
273
268
273
268
256
175
251
256
258
262
265
263
259
253
152
226
231
231
235
228
207
229
239
242
243
246
251
248
248
248
253
247
229
240
252
255
256
257
249
243
239
240
236
233
234
232
233
237
235
228
229
229
225
213
197
199
205
204
202
201
197
183
183
178
170
166
112
131
131
129
127
69
125
127
127
124
122
116
106
101
94
83
80
58
58
57
57
56
54
12
32
32
32
32
58
58
62
63
63
63
58
41
56
61
61
59
60
61
59
58
59
59
59
35
78
105
106
112
114
119
122
122
122
130
139
139
140
139
135
133
128
87
144
149
162
170
173
174
174
184
178
184
198
116
192
200
207
210
210
211
209
189
124
132
161
162
178
175
179
183
187
185
185
233
255
294
299
311
311
322
332
335
335
341
340
345
351
356
363
363
364
361
355
353
356
345
345
334
330
229
330
341
344
341
349
347
344
336
327
322
279
310
323
336
338
346
345
341
344
333
338
338
324
324
317
213
311
319
346
352
359
359
361
355
227
292
294
234
333
343
355
362
365
364
381
393
405
414
416
416
420
422
422
422
421
430
429
433
429
423
427
430
431
447
443
437
428
433
434
432
430
427
428
429
432
428
428
428
420
424
439
437
438
439
439
435
437
439
437
443
447
444
440
436
438
429
435
434
431
434
431
427
435
441
436
429
431
427
424
421
425
429
432
443
438
439
441
437
430
422
408
360
363
361
290
415
431
444
436
442
446
451
449
455
457
458
457
459
474
466
461
448
475
495
500
509
521
522
514
511
501
496
498
507
504
497
498
492
499
492
502
524
522
511
512
514
519
523
524
529
533
531
531
531
535
542
540
532
530
529
535
527
537
528
522
522
518
525
521
503
498
499
486
486
480
482
472
468
467
464
458
453
444
443
439
429
391
411
419
420
427
425
410
391
413
417
415
415
405
399
395
374
345
353
356
362
350
341
341
338
331
341
326
291
259
282
289
299
298
295
286
281
307
315
320
315
325
329
326
332
337
335
341
351
355
356
357
357
357
364
369
388
387
392
395
408
412
412
412
409
289
419
419
429
433
434
430
433
433
435
367
416
415
439
435
447
452
449
447
444
443
447
446
439
432
440
434
427
421
320
436
445
447
445
444
437
438
446
444
445
437
439
446
443
445
436
434
431
432
397
425
424
420
417
389
320
361
376
375
376
361
377
379
391
383
378
383
375
367
353
346
341
337
325
326
322
312
313
313
298
290
280
272
252
58
214
216
201
190
200
62
13
13
13
12
23
26
28
30
33
32
33
36
39
42
42
30
45
46
46
159
167
173
179
184
183
191
184
199
194
203
203
221
228
230
238
235
240
244
249
245
249
252
253
253
239
237
229
176
227
235
237
237
241
243
241
250
247
245
248
245
248
248
250
249
244
242
237
233
234
201
196
147
164
167
151
158
162
162
145
162
168
176
177
139
248
254
257
257
277
275
274
276
272
267
128
280
285
289
286
290
299
295
292
293
287
290
293
296
298
296
297
287
287
285
288
287
282
288
288
278
237
239
240
228
265
305
302
317
315
202
334
338
343
351
348
359
352
354
349
345
346
240
318
316
320
355
369
369
367
372
371
373
363
371
367
372
372
372
364
355
351
347
348
341
319
275
275
270
265
270
274
279
280
279
266
261
229
130
131
117
139
144
143
124
139
139
110
313
346
388
390
397
405
396
405
412
415
419
418
423
424
422
419
411
413
408
399
398
389
369
276
298
300
302
305
304
279
317
387
400
404
406
410
412
408
408
414
412
413
414
408
314
402
423
424
427
429
422
422
428
432
444
438
438
442
440
438
430
430
438
436
431
424
420
414
426
430
429
431
434
416
421
416
416
412
392
406
400
400
399
405
404
400
399
399
391
380
376
369
353
361
359
357
362
365
353
345
344
373
385
388
405
406
409
421
414
413
411
411
395
284
400
402
412
382
393
393
389
387
371
385
405
408
413
394
363
389
396
393
400
404
401
389
375
232
305
310
303
383
397
402
411
419
429
443
449
454
460
469
466
472
479
482
481
477
466
469
474
477
483
491
482
482
470
448
462
476
484
498
496
501
507
496
494
495
484
485
489
485
482
492
499
509
503
495
471
428
427
435
317
441
460
460
442
444
446
446
446
435
428
432
437
439
443
453
453
466
460
454
450
449
436
434
439
431
433
435
428
426
418
428
429
423
417
417
425
418
415
415
411
408
408
397
388
383
381
381
379
381
377
370
363
365
367
366
353
349
349
337
342
342
321
340
330
338
310
314
298
257
197
230
232
238
246
241
249
249
205
222
26
198
203
218
224
225
229
234
239
237
254
254
288
294
293
294
290
269
275
276
277
273
286
288
285
298
296
294
297
286
291
294
300
297
305
305
308
298
311
305
298
300
302
305
309
317
320
321
325
320
315
311
313
312
315
313
314
309
304
303
307
308
311
309
305
304
299
282
265
281
299
297
302
294
265
271
274
280
278
267
308
324
327
323
318
314
308
304
303
296
294
288
285
286
281
274
273
263
255
82
83
83
83
176
185
192
202
210
217
219
227
229
232
229
230
229
223
222
221
222
217
155
272
271
285
288
291
297
303
303
292
291
273
110
275
282
286
288
290
290
289
284
276
252
203
202
168
242
272
279
295
303
312
314
327
327
329
325
322
311
258
258
259
260
273
276
276
251
374
382
389
402
401
417
424
425
428
433
436
433
439
444
446
451
452
460
456
478
483
474
474
474
469
475
472
468
474
470
465
460
461
464
460
463
463
461
467
464
461
459
464
466
461
471
472
468
461
471
471
472
468
474
459
461
452
456
457
459
459
457
448
453
455
456
448
441
442
435
435
414
438
433
430
427
420
409
399
390
382
305
286
245
355
356
365
369
355
349
350
350
225
372
371
382
382
384
378
378
377
370
334
324
344
347
352
378
380
372
382
367
340
352
368
377
385
389
393
391
390
389
390
387
388
377
373
375
376
374
367
367
367
373
369
368
364
355
352
352
353
349
337
332
334
329
320
320
316
309
310
313
310
296
292
288
289
272
271
268
253
240
231
180
224
222
211
210
205
198
196
158
164
164
163
161
153
154
146
138
10
10
5
9
9
7
16
20
20
20
20
16
10
18
21
22
23
24
39
43
52
51
52
171
185
193
204
204
215
227
234
231
235
239
249
255
264
266
273
277
277
281
281
273
277
276
276
274
280
278
274
279
276
273
263
213
265
266
282
284
285
295
301
303
308
305
306
314
308
319
319
318
322
320
320
319
319
322
319
316
313
311
301
308
307
310
306
301
297
286
282
191
269
273
275
279
277
259
232
232
232
288
293
297
297
301
301
307
313
315
321
322
325
318
321
324
327
336
334
328
326
327
320
316
312
308
354
357
358
366
364
371
372
372
365
363
362
356
357
359
362
360
371
367
372
368
369
372
371
368
370
374
379
377
391
398
397
398
384
371
365
378
406
402
402
407
414
413
412
415
415
426
426
436
429
425
424
423
427
432
425
420
428
429
423
424
418
414
410
412
405
395
400
398
393
393
398
387
384
378
381
369
337
343
342
338
374
381
385
390
388
391
389
391
401
406
404
404
398
404
396
405
398
397
388
370
366
354
359
344
337
331
328
77
55
42
22
0
3
13
170
170
256
272
287
299
301
306
307
322
325
325
326
323
327
231
313
313
314
303
338
343
346
352
353
357
352
364
373
370
370
375
378
374
381
385
383
390
392
401
399
397
399
399
399
411
420
424
419
430
441
434
440
438
434
441
442
445
439
453
446
450
448
452
461
455
458
456
468
439
441
450
450
451
456
462
464
460
463
463
461
469
468
459
469
478
482
488
483
481
473
467
474
470
485
485
477
478
484
494
487
496
497
489
496
494
485
493
490
491
490
496
497
498
498
503
507
507
509
511
516
514
504
505
495
499
488
479
477
479
475
480
481
482
468
471
466
462
457
469
472
472
473
473
469
463
459
464
456
456
451
444
435
436
432
445
450
451
458
450
449
441
436
440
430
426
420
418
416
422
416
416
411
413
406
410
406
410
406
406
409
404
401
401
399
399
393
383
383
376
375
374
369
372
369
372
369
364
369
363
354
348
352
357
355
354
345
345
338
337
333
327
325
323
313
313
310
308
310
308
307
304
296
286
290
288
288
287
284
287
287
289
285
279
277
277
272
272
271
268
273
279
276
276
275
265
267
276
281
291
290
294
290
281
284
297
298
305
306
309
307
303
315
315
321
324
327
225
346
369
370
376
387
391
398
401
413
424
423
438
445
448
448
462
456
497
502
511
527
563
581
578
597
598
591
585
376
585
593
592
595
598
606
618
611
609
599
580
636
644
646
663
662
657
670
672
676
686
678
669
653
674
664
654
666
671
668
650
665
662
550
551
514
512
536
637
676
682
687
687
673
669
686
691
694
699
713
718
732
736
737
747
740
734
725
746
750
736
754
755
753
747
754
753
756
745
736
704
735
737
733
725
721
743
746
728
732
731
725
710
689
690
681
663
647
648
642
618
615
612
617
602
592
570
549
438
560
605
597
593
585
551
533
553
561
569
579
575
558
553
537
502
533
542
548
543
543
532
534
522
513
516
514
515
508
504
479
479
469
419
438
456
470
475
466
461
464
459
455
444
435
424
422
409
404
397
386
374
369
350
333
326
315
280
240
237
269
271
273
276
273
276
272
270
253
239
115
39
71
71
70
71
79
86
165
171
172
108
208
220
221
221
222
116
234
245
261
277
281
299
308
317
331
332
354
365
371
384
386
387
387
376
352
384
412
424
425
433
438
438
444
446
449
447
443
451
448
446
442
443
455
450
459
460
458
470
463
456
454
436
432
415
390
396
407
431
430
415
485
491
494
492
502
500
506
504
506
502
505
499
509
491
484
471
460
451
395
439
441
440
433
507
540
549
548
556
564
581
576
580
574
581
586
595
598
597
585
594
605
603
600
602
606
615
606
614
619
627
619
613
607
604
598
594
584
570
562
553
543
530
498
486
159
163
164
112
87
68
49
30
1
1
4
359
400
408
416
430
429
435
445
445
449
455
451
459
454
456
459
457
448
450
436
427
422
414
404
292
287
288
262
312
321
314
306
298
296
316
315
320
326
312
311
304
298
294
286
276
272
268
259
250
243
233
211
201
195
188
173
4
4
4
1
1
1
