601
830
1257
1315
1386
1408
1390
1421
1439
1580
1603
1604
1656
1724
1865
1865
1866
1872
18
19
100
2137
2154
2274
2346
2349
2417
2574
2923
3041
3117
3148
3188
3363
3384
3427
3497
3507
3958
4028
3825
3884
3816
3864
3921
3848
3871
3866
3889
3934
3969
3930
3935
3925
3939
3970
4150
4362
4395
4399
4381
4440
4490
4545
4540
4601
4746
4997
5091
5131
5116
5229
5258
5276
5542
5651
5552
5741
5807
5772
5758
6012
5975
5996
6113
6060
6142
6149
6145
6186
6232
6196
6230
6283
6238
6214
6231
6381
6422
6462
6505
6528
6526
6562
6511
6558
6553
6510
6581
6482
6569
6615
6747
6707
6875
6724
6907
6820
6987
6940
6984
6961
7070
7216
7307
7221
7379
7466
7544
7568
7631
7625
7942
8009
8165
8165
8130
8369
8500
8660
8730
8691
8595
8705
8882
9066
9122
8690
8908
9137
9113
9094
9011
8997
8830
9060
9123
9157
9244
9265
9192
9028
9012
9000
9191
9070
8943
9093
9239
9168
9223
9124
9185
8941
9193
9246
9107
9145
8699
8926
9185
9268
9264
9208
9232
9181
9059
9301
9083
9094
9183
9229
9244
9309
9236
9376
9262
9359
9369
9401
9297
9314
9283
9373
9280
8768
9348
9329
9369
9408
9269
9222
9314
9421
9106
9343
9247
9165
9205
9140
9119
9092
9412
9419
9240
9202
9021
9250
9260
9461
9383
9412
9352
9093
9352
8916
9389
9507
9493
9574
9477
9323
9488
9479
9340
9505
9355
9375
9435
9369
9476
9492
9440
9547
9393
9466
9407
9452
9456
9533
9441
9447
9454
9487
9420
9391
9518
9475
9431
9529
9518
9465
9332
9423
9304
9465
9353
9366
9057
9424
9473
9030
9139
9277
9381
9494
9448
9256
8991
9145
9058
9249
9329
9297
9228
9204
9358
9458
9280
9304
9375
9380
9397
9316
9284
9348
9356
9344
9344
9316
9442
9517
9422
9354
9410
9401
9474
9280
9210
9193
9365
9395
9212
9114
8976
9175
9249
9366
9364
9312
9183
9142
9183
9317
9488
9392
9430
9164
9272
9160
9112
9088
9006
8852
9135
9262
9416
9435
9508
9458
9500
9367
9338
9429
9359
9402
9395
9399
9460
9442
9426
9305
9407
9428
9383
9432
9352
9356
9208
9354
9348
9303
9200
9303
9421
9536
9535
9434
9275
9395
9507
9455
9557
9576
9597
9497
9564
9560
9571
9572
9591
9600
9553
9585
9552
9397
9593
9565
9457
9495
9576
9558
9594
9591
9563
9573
9564
9587
9600
9624
9559
9571
9558
9553
9564
9539
9609
9594
9477
9586
9517
9330
9386
9536
9431
9495
9600
9652
9430
9383
9375
9366
9590
9354
9457
9481
9113
9547
9524
9408
9577
9490
9277
9395
9511
9298
9032
9201
9204
9370
9493
9501
9405
9471
9435
9421
9489
9505
9353
9188
9455
9337
9461
9494
9470
9474
9466
9482
9546
9137
9354
9427
9375
9539
9495
9425
9289
9376
9360
9399
9340
9445
9324
9141
9143
9009
9284
9429
9257
9276
9237
9399
9289
9235
9320
9353
9378
9302
9242
9328
9477
9483
9483
9250
9362
9501
9445
9393
9374
9357
9176
9452
9510
9499
9433
9479
9468
9550
9421
9458
9400
9487
9426
9461
9272
9402
9448
9488
9425
9520
9408
9463
9294
9424
9488
9528
9537
9309
9253
9532
9570
9525
9477
9490
9567
9590
9545
9557
9509
9529
9480
9557
9580
9577
9619
9561
9483
9560
9541
9569
9561
9417
9563
9594
9497
9501
9530
9498
9513
9519
9505
9565
9544
9588
9383
9412
9411
9548
9586
9415
9509
9504
9353
9357
9419
9358
9449
9442
9519
9546
9403
9354
9447
9338
9324
9396
9278
9327
9356
9312
9377
9380
9415
9332
9352
9326
9358
9333
9327
9311
9444
9384
9150
9449
9500
9436
9485
9445
9495
9486
9398
9437
9511
9407
9442
9379
9469
9467
9443
9392
9298
9101
9338
9228
9271
9394
9265
9236
9261
9199
9317
9278
9433
9333
8968
9337
9336
9386
9416
9371
9309
9418
9478
9424
9242
9358
9443
9479
9423
9482
9304
9437
9555
9531
9483
9398
9457
9460
9502
9527
9394
9438
9562
9473
9436
9391
9380
9436
9506
9466
9421
9330
9365
9508
9479
9442
9495
9554
9512
9520
9548
9553
9526
9521
9558
9464
9487
9533
9580
9503
9483
9510
9520
9497
9546
9529
9587
9534
9491
9572
9529
9431
9531
9570
9562
9553
9361
9462
9515
9565
9595
9542
9503
9612
9592
9534
9373
9438
9442
9320
9472
9438
9338
9457
9285
9427
9267
9338
9331
9364
9494
9347
9298
9358
9169
9246
9082
9485
9398
9391
9386
9415
9385
9384
9360
9329
9323
9392
9469
9312
9308
9260
9406
9419
9420
9415
9387
9392
9425
9413
9413
9416
9273
9348
9421
9311
9265
9302
9326
9464
9395
9221
9290
9441
9475
9443
9323
9295
9375
9510
9306
8898
9081
9196
9258
9353
9482
9439
9436
9436
9456
9421
9503
9515
9520
9474
9410
9341
9472
9430
9333
9351
9336
9346
9478
9470
9457
9477
9358
9478
9468
9405
9455
9360
9415
9374
9368
9337
9271
9429
9427
9394
9357
9318
9335
9454
9444
9410
9444
9429
9495
9510
9503
9492
9424
9441
9411
9553
9508
9277
9465
9470
9446
9498
9387
9333
9460
9498
9340
9378
9414
9293
9492
9473
9506
9403
9383
9407
9452
9371
9513
9450
9449
9395
9460
9530
9417
9377
9427
9338
9429
9445
9444
9261
9444
9363
9301
9133
9430
9362
9400
9270
9315
9263
9371
9344
9335
9128
9277
9243
9119
9108
9266
9286
9416
9373
9426
9256
9282
9406
9282
9126
9229
9405
9465
9255
9370
9428
9301
9434
9465
9389
9457
9364
9404
9395
9481
9380
9447
9412
9460
9376
9346
9301
9361
9577
9371
9423
9265
9371
9439
9354
9308
9331
9419
9221
9380
9316
9335
9315
9425
9441
9382
9400
9417
9414
9378
9506
9305
9490
9473
9383
9388
894
531
425
697
313
9497
9442
9431
9508
9442
9454
9367
9355
9502
9484
9436
9460
9350
9223
9271
9409
9413
9334
9177
9369
9558
9456
9472
9526
9452
9539
9537
9505
9466
9385
9398
9526
9552
9587
9607
9552
9510
9567
9541
9571
9538
9537
9523
9540
9540
9497
9547
9491
9556
9586
9592
9538
9350
9515
9553
9536
9541
9599
9433
9407
9530
9555
9496
9444
9546
9512
9570
9597
9576
9611
9529
9336
9313
9081
9005
595
576
367
333
503
456
1044
1352
9584
9561
9535
9573
9438
9272
9463
9483
9472
9563
9427
9337
9359
9352
9280
9073
9220
9393
9515
9494
9512
9454
9555
9513
9484
9497
9474
9451
9384
9355
9426
9495
9336
9348
9430
9344
9201
9283
9411
9479
9467
9382
9331
9242
9048
8869
9152
9309
9377
9291
9361
9391
9462
9289
9429
9326
9395
9367
9376
9390
9356
9319
9283
9319
9360
9138
8945
9039
9122
8905
9050
9213
9253
9442
9442
9402
9414
9328
9319
9352
9244
9341
9320
9411
9278
9165
9266
9315
9276
9333
9306
9382
9189
9267
9336
9314
9406
9429
9416
9453
9440
9439
9464
9425
9394
9349
9451
9347
9360
9413
9407
9399
9345
9491
9475
9480
9430
9459
9413
9462
9470
9438
9413
9460
9399
9421
9442
9497
9427
9357
9257
9342
9439
9341
9227
9276
9344
9432
9278
9332
9586
9519
9424
9405
9240
9306
9260
9052
8939
9292
9408
9511
9633
9622
9598
9379
9476
9559
9375
9539
9578
9438
9492
9507
9286
9481
9309
9472
9562
9576
9419
9562
9490
9461
9530
9518
9469
9550
9549
9648
9562
9624
9505
9579
9527
9447
9501
9541
9228
9586
9571
9562
9646
9424
9395
9520
9585
9407
9324
9250
9456
9364
9485
9165
9416
9536
9566
9410
9371
9419
9557
9575
9357
9500
9498
9568
9487
9556
9535
9323
9313
9256
9328
9241
9418
9491
9544
9482
9538
9554
9311
9258
9355
9396
9394
9316
9372
9249
9422
9462
9470
9406
9375
9564
9399
9399
9540
9548
9499
9499
9451
9506
9476
9540
9461
9247
9260
9407
9041
9379
9465
9367
9535
9418
9569
9568
9450
9498
9497
9540
9449
9375
9413
9506
9432
9386
9525
9384
9412
9486
9346
9532
9323
9522
9251
9342
9196
9367
9229
9252
9060
9360
9431
8921
9364
9203
9277
9347
9334
9098
8887
8959
8930
9057
9303
9322
9396
9314
9311
9409
9381
9388
9353
9316
9361
9367
9447
9347
9075
9105
9104
9184
9098
9046
9402
9443
9404
9395
9274
9247
9315
9309
9246
9262
9317
9356
9382
9415
9274
9143
9400
9141
9412
9364
9149
9411
9346
9405
9401
9232
9235
9340
9306
9253
9443
9259
9470
9399
9465
9415
9409
9431
9459
9482
9425
9514
9466
9606
9588
9502
9211
9439
9490
9331
9183
9313
9447
9557
9641
9533
9533
9576
9477
9372
9398
9563
9324
9494
9328
9413
9603
9618
9536
9490
9628
9555
9407
9436
9666
9549
9545
9621
9548
9492
9514
9551
9576
9535
9569
9536
9581
9668
9522
9552
9543
9532
9556
9623
9502
9531
9527
9638
9623
9584
9573
9568
9457
9451
9487
9497
9464
9639
9631
9462
9623
9531
9564
9484
9449
9513
9529
9617
9638
9603
9543
9324
9316
9425
9405
9464
9370
9525
9414
9322
9346
9417
9400
9484
9514
9416
9418
9438
9497
9431
9401
9409
9180
9468
9513
9529
9396
9497
9473
9494
9512
9464
9527
9405
9436
9403
9467
9002
9151
9364
9400
9380
9506
9374
9284
9283
9041
9389
9531
9449
9470
9304
9383
9295
9303
9445
9357
9059
9358
9384
9319
9349
9436
9278
9343
9433
9278
9471
9484
9505
9260
9410
9427
9360
9565
9503
9497
9491
9335
9494
9453
9498
9430
9421
9308
9451
9260
9453
9396
9532
9467
9395
9420
9482
9446
9370
9310
9469
9552
9180
9405
9406
9451
9529
9487
9520
9503
9522
9449
9558
9339
9223
9393
9478
9429
9461
9343
9253
9573
9374
9398
9529
9424
9190
9457
9458
9505
9465
9521
9509
9502
9511
9566
9419
9508
9470
9499
9351
9363
9405
9309
9456
9440
9333
9459
9274
9298
9024
9289
9252
9315
9468
9523
9298
9454
9472
9454
9249
9466
9455
9389
9368
9257
9440
9408
9469
9387
9316
9400
9290
9176
9245
9233
9016
9274
9356
9505
9254
9441
9406
9461
9423
9388
9385
9364
9377
9396
9372
9489
9473
9463
9453
9412
9385
9273
9460
9360
9234
9293
9332
9324
9353
9410
9324
9153
9102
8
9035
9064
9098
9172
9284
9257
9232
9031
8780
8748
9402
9501
9468
9534
9543
9423
9534
9408
9408
9421
9441
9381
9419
9530
9478
9475
9410
9515
9388
9464
9591
9537
9422
9525
9520
9522
9478
9249
9190
9366
9475
9312
9551
9454
9457
9232
9390
9429
9353
9281
9126
9399
9523
9528
9489
9439
9493
9388
9423
9513
9511
9555
9424
9546
9540
9569
9472
9516
9625
9618
9576
9577
9601
9582
9510
9477
9628
9567
9443
9593
9555
9571
9498
9533
9319
9516
9393
9505
9448
9628
9418
9428
9494
9479
9578
9450
9560
9495
9484
9413
9331
9335
9350
9498
9495
9373
9227
9385
9584
9517
9545
9515
9455
9635
9446
9524
9198
9051
9096
9199
9343
9462
9367
9523
9561
9540
9569
9574
9515
9440
9567
9496
9428
9510
9245
9352
9468
9448
9522
9362
9397
9435
9378
9418
9245
9157
9224
9094
8661
9075
9266
9274
9371
9554
9331
9145
9240
9446
9401
9290
9302
9452
9471
9439
9334
9457
9419
9524
9514
9398
9430
9433
9393
9258
9379
9220
9280
9309
9423
9365
9421
9490
9458
9449
9466
9433
9466
9425
9313
9189
9215
9315
9221
9283
9427
9433
9472
9364
9487
9492
9416
9459
9490
9347
9448
9482
9430
9523
9356
9377
9188
9482
9453
9374
9502
9510
9438
9496
9458
9266
9286
9314
9387
9423
9466
9290
9440
9448
9447
9390
9401
9448
9456
9444
9438
9432
9407
9404
9437
9439
9412
9390
9329
9396
9280
9448
9488
9403
9434
9317
9437
9433
9205
9218
9344
9422
9223
9217
9304
9229
9134
9293
9396
9268
9368
9274
9342
9335
9412
9456
9389
9267
9235
9218
9282
9403
9161
9352
9375
9446
9334
9453
9470
9304
9368
9341
9363
9426
9385
9307
9243
9072
8747
9270
9293
9147
9222
9363
9419
9195
9054
9139
9019
9037
9291
9174
9332
9224
9376
9493
9424
9433
9276
9476
9474
9489
9237
9184
9362
9287
9373
9449
9345
9166
9271
9399
9304
9440
9406
9469
9439
9495
9490
9420
9395
9513
9325
9391
9499
9336
9465
9320
9504
9509
9428
9541
9525
9571
9532
9499
9475
9443
9380
9358
9438
9465
9509
9457
9506
9494
9467
9403
9469
9513
9430
9527
9490
9548
9501
9525
9515
9481
9456
9419
9419
9474
9476
9475
9489
9584
9451
9284
9486
9502
9418
9453
9438
9556
9396
9306
9386
9358
9441
9189
9199
9110
9504
9514
9512
9501
9555
9448
9461
9244
9213
9247
9285
9449
9411
9506
9529
9474
9277
9320
9404
9436
9483
9304
9336
9517
9508
9484
9195
9088
9224
9313
9478
9470
9410
9486
9607
9533
9467
9436
9422
9468
9445
9468
9411
9473
9468
9390
9495
9431
9598
9452
9414
9413
9522
9422
9466
9305
9243
9494
9231
9352
9234
9167
8986
9395
9594
9569
9474
9460
9565
9584
9563
9524
9442
9485
9464
9523
9583
9546
9489
9474
9426
9475
9438
9537
9422
9421
9544
9516
9494
9454
9524
9427
9475
9592
9544
9498
9514
9525
9501
9274
9527
9467
9550
9520
9549
9591
9568
9536
9517
9506
9543
9571
9516
9602
9575
9571
9584
9506
9592
9492
9466
9601
9579
9465
9630
9523
9536
9380
9504
9513
9382
9513
9494
9545
9535
9337
9322
9364
9415
9394
9468
9573
9444
9518
9368
9494
9523
9511
9333
9232
9385
9317
9411
9442
9453
9540
9534
9379
9263
9417
9348
9163
9319
9270
9062
9165
8869
65
8743
8886
8919
9461
9331
9463
9402
9392
9499
9497
9150
9187
9099
9208
9141
9227
9285
9358
9513
9527
9405
9433
9387
9334
9357
9411
9404
9326
9427
9277
9411
9354
9376
9415
9243
9237
9343
9303
9333
9377
8949
9051
8810
9044
9074
8966
8858
8844
8796
8761
9029
8939
9025
9060
9278
9363
9247
9252
9117
9161
9239
9269
9322
9282
9250
9206
9222
9337
9308
9387
9363
9277
9353
9333
9321
9352
9216
9288
9298
9319
9296
9298
9293
9318
9288
9301
9280
9433
9356
9275
9236
9319
9351
9309
9380
9280
9190
9160
9366
9319
9381
9310
9384
9397
9382
9396
9340
9412
9473
9462
9453
9426
9336
9267
9346
9353
9391
9332
9384
9328
9156
9277
9419
9366
9249
9415
9331
9286
9353
9416
9350
9288
9170
9362
9099
9394
9470
9418
9454
9418
9310
9128
9066
9360
9371
9240
9241
9219
9322
9004
8892
9255
9346
9361
9500
9535
9527
9264
9340
9299
9420
9318
9446
9273
9244
9043
9379
9222
9416
9377
9398
9165
9366
9400
9445
9424
9358
9445
9530
9559
9381
9430
9414
9538
9568
9442
9356
9363
9263
8822
8803
9009
9018
8992
9221
9364
9379
9327
9451
9388
9365
9316
9351
9198
9234
9289
9284
9330
9459
9487
9522
9453
9503
9470
9476
9411
9428
9309
9339
9422
9439
9514
9399
9388
9515
9483
9441
9476
9321
9372
9517
9421
9383
9409
9445
9393
9472
9451
9359
9342
9390
9397
9442
9509
9247
9389
9454
9330
9278
9402
9408
9544
9525
9513
9513
9495
9489
9518
9515
9497
9542
9543
9410
9451
9372
9438
9497
9412
9499
9494
9525
9520
9284
9434
9547
9456
9448
9486
9414
9333
9469
9526
9432
9385
9568
9442
9462
9578
9561
9578
9585
9593
9571
9371
9421
9525
9455
9398
9158
9457
9394
9548
9543
9439
9546
9606
9601
9583
9499
9521
9460
9584
9459
9463
9545
9534
9522
9584
9493
9434
9568
9594
9564
9518
9537
9525
9537
9487
9413
9538
9541
9457
9611
9472
9594
9573
9588
9376
9280
9293
9195
9386
9571
9551
9575
9569
9609
9587
9410
9529
9472
9358
9379
9328
9458
9489
9543
9497
9417
9561
9597
9525
9440
9410
9470
9569
9571
9455
9387
9380
9649
9619
9632
9592
9597
9452
9343
9292
9388
9523
9505
9502
9538
9647
9523
9489
9528
9506
9485
9592
9148
9550
9526
9607
9587
9590
9593
9604
9462
9551
9557
9489
9460
9327
9531
9280
9458
9512
9402
9537
9599
9564
9553
9477
9554
9509
9537
9514
9558
9540
9413
9483
9481
9434
9409
9555
9536
9536
9452
9460
9370
9432
9349
9244
9103
9367
9533
9432
9557
9443
9531
9327
9573
9482
9304
9329
9403
9510
9449
9239
9013
8945
9176
9366
9380
9353
9427
9430
9408
9413
9429
9367
9395
9410
9223
9381
9411
9461
9438
9383
9330
9358
9432
9394
9360
9392
9405
9469
9478
9281
9194
9330
9337
9350
9283
9370
9333
9381
9459
9236
9262
9059
8994
9018
9144
9130
9117
9069
9214
9180
9311
9245
9171
9111
9131
9142
9283
9346
9268
9193
9242
9325
9395
9248
9247
9111
9104
9273
9025
9240
9121
9066
9144
9233
9313
9237
9317
9353
9413
9313
9363
9336
9253
9076
9235
9330
9453
9341
9361
9293
9253
9230
9249
9076
9051
9158
9079
9000
8829
9062
9002
8966
9013
8886
8687
8743
8761
8553
8591
8600
8646
8505
8476
8383
7610
7545
7525
7511
7530
7545
7580
9459
9624
9658
9524
9692
9484
9538
9541
9472
9366
9214
9390
9482
9558
9537
9561
9429
9555
9528
9524
9516
9444
9611
9674
9661
9410
9199
9387
8896
8884
9167
9235
8908
8874
9078
8933
9343
9628
9590
9475
9581
9497
9561
9543
8963
9458
9535
9466
9607
9559
9385
9331
9517
9551
9411
9452
9417
9321
9609
9563
9479
9237
9482
9492
9420
9255
9449
9310
9422
9409
9270
9253
9393
9445
9489
9455
9495
9363
9269
9475
9389
9550
9431
8873
8957
8847
8742
9164
9175
9542
9508
9553
9191
9175
9115
9059
9276
9330
9327
9399
9438
9469
9322
9364
9466
9333
9522
9492
9424
9514
9473
9513
9380
9188
9366
9399
9557
9477
9596
9526
9569
9450
9553
9361
9389
9480
9355
9533
9423
9418
9268
9355
9260
9226
9030
9172
9271
9191
9460
9563
9529
9572
9478
9568
9543
9476
9402
9401
9294
9321
9192
9430
9305
9322
9483
9501
9507
9522
9494
9442
9397
9370
9434
9394
9364
9321
9065
8857
9157
9152
9258
9196
9189
8727
8359
9247
8124
7642
6572
9133
9302
8876
9158
9231
8345
8963
8982
8788
8715
8834
9130
9248
9224
9330
9080
9072
9197
9337
9217
9289
9103
9292
9311
9398
9133
9316
9324
9202
9338
9301
9077
9098
9208
9155
9178
9135
9147
9275
9224
9275
9220
9069
9172
8952
8918
9000
9248
9205
9060
9029
8904
8877
9251
9130
9036
9038
8943
8421
8466
8010
7990
8058
8039
8026
9376
9428
9451
9308
9129
9187
8493
8711
8776
8625
8574
8520
8519
8752
8974
9031
8790
8594
8998
9157
8977
9366
8373
8949
8989
9154
9179
9185
9098
9070
8886
8197
8744
9396
9050
8998
9134
8860
8970
8840
8790
8541
8616
8761
9276
9190
9344
8945
8941
9312
9126
9234
9072
8934
9061
9072
9036
9112
9345
8981
9339
9333
9390
9445
9215
9093
9203
9057
8946
9249
9151
9328
9403
9057
9023
9098
9277
9109
9188
9120
9450
9385
9259
9140
9200
8751
8823
8713
8557
9436
9448
9308
9163
9151
9053
9012
9453
9309
9442
9362
9377
9366
9377
9342
9360
9427
9356
9432
9377
9251
9518
9330
9188
9313
9143
9026
9261
9245
9154
9245
9353
9299
9367
9219
9331
9421
9318
9147
9381
9457
9381
9379
9304
9394
9352
9419
9393
9203
9216
9143
9199
9050
8847
8238
8259
8241
8744
9463
9476
9299
9470
9526
9548
9489
9543
9524
9444
9503
9458
9477
9519
9431
9249
9299
9496
9439
9542
9441
9382
9410
9398
9378
9136
9349
9510
9496
9463
9475
9530
9389
9268
9264
9403
9437
9441
9481
9376
9335
9293
9362
9459
9439
9353
9280
9295
9478
9472
9255
9385
9286
9441
9512
9394
9265
9465
9269
9108
9224
9353
9482
9383
9451
9448
9391
9552
9365
9308
9371
9292
9355
9495
9492
9483
9440
9259
9359
9343
9430
9442
9390
9443
9439
9263
9275
9496
9444
9215
9172
9095
9324
9473
9408
9444
9387
9300
9353
9300
9233
9276
9139
9168
9295
9427
9360
9220
9201
9117
9130
9199
9030
8783
9284
9316
9271
9151
9305
9059
9159
8986
9161
9319
9405
9214
9106
9063
8979
8726
8794
8978
9301
9413
9448
9308
9182
9226
9176
9235
9064
9111
9121
9324
9240
8483
8865
9194
9290
9270
9388
9324
9512
9236
9326
9412
9380
9386
9408
9476
9408
9491
9528
9562
9441
9257
9423
9163
9257
9382
9471
9460
9314
9277
9429
9532
9426
9401
9387
9467
9498
9513
9437
9369
9373
9385
9522
9427
9450
9336
9471
9421
9452
9409
9410
9442
9393
9318
9354
9473
9432
9408
9368
9317
9479
9448
9413
9402
9417
9486
9562
9525
9352
9401
9258
9497
9538
9497
9488
9546
9488
9438
9513
9380
9499
9453
9533
9488
9537
9472
9441
9485
9454
9395
9543
9544
9384
9352
9501
9566
9370
9554
9243
9256
9298
9482
9413
9289
9423
9320
9449
9447
9340
9418
9524
9564
9519
9483
9482
9274
9418
9437
9374
9329
9369
9454
9477
9519
9508
9403
9512
9371
9150
9193
9140
9314
9375
9424
9522
9238
9107
9162
9391
9377
9471
9454
9438
9359
9499
9389
9407
9301
9072
8970
8951
9075
9190
9006
9160
9171
9513
9401
9361
9272
9203
9253
9447
9475
9458
9468
9409
9541
9571
9517
9492
9511
9436
9275
9386
9188
9331
9366
9377
9355
9473
9487
9509
9528
9537
9314
9424
9470
9450
9460
9358
9387
9357
9492
9425
9167
8937
8975
9321
9492
9576
9397
9410
9448
9353
9405
9502
9482
9333
9336
9382
9356
9414
9202
9291
9365
9404
9512
9416
9446
9477
9296
9226
9216
9346
9540
9488
9311
9580
9468
9212
9436
9311
9448
9530
9332
9206
9301
9414
9357
9326
9365
9294
9466
9421
9291
9378
8943
9179
9243
9396
9159
9438
9419
9401
9470
9420
9439
9451
9315
9366
9403
9126
9190
9207
9159
9187
9499
9389
9445
9397
9315
9318
9407
9504
9475
9388
9458
9461
9305
9064
9215
9024
9212
9271
9223
9252
9272
8958
8835
9100
9056
9212
9157
9141
9197
9404
9368
9354
9329
9247
9024
9110
9170
8997
9015
8860
9207
9394
9404
9305
9341
9374
9465
9409
9408
9351
9398
9474
9420
9366
9409
9431
9395
9414
9327
9346
9121
9218
9009
8508
7342
9283
9384
8898
8982
9264
9049
9240
9183
9190
9140
9378
9232
9124
9325
9069
9228
9217
9252
9299
9449
9434
9362
9288
9272
9306
9277
9487
9393
9366
9260
9436
9396
9362
9459
9312
9090
9304
9448
9455
9298
9394
9322
9443
9333
9264
9504
9572
9519
9274
9256
9521
9515
9436
9240
9430
9318
9354
9292
9246
9274
9369
9441
9405
9081
9258
9248
9223
9335
9269
9074
9312
9291
9377
9496
9198
9313
9455
9308
9336
9351
9256
8973
8652
8639
8660
8714
8724
8638
9330
9498
9595
9553
9514
9573
9489
9572
9557
9528
9284
9423
9554
9429
9431
9357
9447
9448
9550
9471
9450
9347
9373
9371
9410
9174
9407
9345
9493
9522
9461
9144
9188
9305
9341
9142
8971
9147
9229
9240
9358
9269
9285
9566
9574
9548
9504
9539
9477
9606
9600
9504
9597
9552
9559
9507
9373
9381
9390
9417
9395
9317
9435
9392
9552
9574
9465
9514
9467
9545
9448
9389
9463
9492
9382
9453
9010
9151
9301
9433
9417
9500
9505
9478
9390
9374
9416
9492
9502
9429
9469
9501
9504
9504
9498
9511
9451
9400
9428
9381
9484
9308
9472
9429
9460
9410
9348
9408
9500
9523
9349
9432
9276
9405
9433
9363
9452
9462
9459
9055
9001
8769
9285
9270
9222
9307
9217
8972
8964
9097
9314
9109
8786
8703
8817
9086
9284
9418
9039
9272
9394
9329
9501
9389
9451
9348
9374
9474
8975
9234
9385
9382
9314
9530
9551
9534
9441
9281
9507
9489
9426
9318
9270
9395
9409
9263
9173
9380
9525
9497
9414
9506
9299
9491
9481
9531
9272
9332
9400
9458
9453
9324
9425
9319
9161
8977
8899
8934
8979
8976
9035
8941
8957
8865
9176
9499
9474
9351
9397
9517
9444
9368
9086
9332
9330
8991
9428
9432
9328
9504
9297
8966
9369
9203
9327
9535
9428
9412
9467
9491
9326
9436
9427
9418
9234
9008
9085
9396
9373
9390
9462
9444
9432
9515
9447
9198
9324
9380
9221
9053
8998
8998
8962
9144
9363
9523
9555
9411
9442
9561
9444
9529
9437
9406
9312
9141
9508
9591
9602
9506
9505
9200
9319
9527
9485
9360
9440
9370
9381
9353
9487
9287
9301
9528
9387
9289
9420
9374
9141
9379
9307
9452
9471
9423
9362
9437
9480
9305
9537
9510
9332
9450
9556
9514
9462
9535
9456
9273
9254
9366
9446
9576
9623
9280
9630
9620
9569
9595
9473
9029
9016
9170
9156
9120
9225
8992
9589
9624
9616
9448
9458
9561
9568
9216
9157
9135
9292
9263
9483
9460
9543
9489
9505
9338
9314
9245
8973
7858
7820
7835
7800
7809
7775
9405
9535
9544
9436
9452
9624
9586
9569
9350
9405
9420
9354
9510
9578
9579
9480
9408
9510
9418
9450
9377
9475
9555
9533
9398
9265
9245
9520
9464
9078
9168
9204
9140
9518
9518
9527
9534
9488
9507
9451
9510
9567
9527
9417
9399
9536
9363
9136
9400
9363
9260
9474
9617
9568
9535
9555
9323
9424
9559
9353
9367
9474
9318
9443
9410
9504
9565
9185
9295
9466
9406
9488
9484
9506
9418
9418
9420
9566
9367
9273
9229
9291
9360
9235
9388
9347
9417
9366
9286
9368
9339
9360
9458
9342
9469
9491
9471
9435
9458
9480
9493
9548
9480
9498
9470
9556
9318
9271
9405
9469
9561
9532
9473
9621
9549
9613
9593
9384
9524
9516
9440
9281
9207
9526
9484
9542
9569
9460
9472
9422
9250
9204
9359
9141
9325
9123
9462
9420
9425
9339
9171
8652
8832
8970
8929
9179
9178
9165
9218
9311
9324
8887
9300
9307
9305
9353
9408
9303
9360
9289
9493
9383
9332
9404
9463
9486
9270
8921
9105
9387
9507
9297
9408
9365
9374
9429
9261
8946
8994
9236
9311
9454
9400
9183
9485
9459
9351
9406
9384
9360
9282
8270
8143
8241
8335
8270
8350
8253
8546
8539
8458
9176
8821
9488
9320
9468
9497
9507
9425
9302
9571
9528
9485
9432
9424
9337
9492
9490
9542
9513
9475
9350
9363
9412
9395
9401
9177
8937
9125
9164
9022
9465
9452
9372
9277
9271
9039
9378
9335
9315
9348
9026
9251
9102
9276
9254
9158
9405
9313
9242
9117
8987
9056
9026
9087
9176
9495
9433
9352
9435
9407
9367
9479
9262
9492
9585
9564
9420
9383
9372
9373
9418
9375
9420
9449
9481
9476
9526
9419
9467
9477
9581
9508
9459
9358
9505
9356
9215
9432
9391
9452
9361
8785
8631
8374
8549
8667
8562
8480
8212
8396
8376
8352
9450
9611
9496
9485
9546
9571
9523
9457
9620
9547
9414
9498
9425
9550
9312
9431
9305
9427
9306
9350
9298
9474
9486
9427
9325
9561
9482
9443
9392
9451
9545
9507
9182
9326
9443
9480
9569
9612
9604
9420
9516
9400
9475
9455
9250
8970
8897
9274
9535
9405
9503
9442
9496
9499
9327
9574
9458
9521
9540
9344
9496
9368
9470
9277
9291
9502
9549
9564
9536
9534
9565
9505
9464
9499
9431
9312
9068
8980
9311
9381
9543
9499
9359
9160
9389
9422
9506
9446
9381
9399
9261
9321
9399
9322
9192
9219
9275
9173
9226
9156
9209
9371
9326
9318
9436
9214
9159
8763
9188
9431
9253
9444
9297
9399
9436
9455
9397
9268
9438
9361
9378
9373
9391
9434
9490
9477
9463
9415
9452
9424
9402
9342
9307
9042
8878
9091
9380
9389
9326
9353
9349
9326
9397
9215
9224
9062
9091
9403
9326
9469
9457
9511
9501
9415
9404
9368
9464
9399
9343
9414
9472
9271
9472
9385
9448
9379
9405
9421
9187
8990
8850
9184
9205
9174
9239
9453
9298
9346
9402
9218
9231
9372
9447
9405
9394
9243
9465
9486
9327
9473
9401
9369
9415
9359
9534
9460
9384
9061
9023
9171
9278
9174
9325
9323
9343
9413
9309
9391
9497
9522
9498
9480
9387
9473
9415
9526
9386
9430
9460
9422
9434
9435
9343
9297
9222
9031
9075
9160
9237
9385
9289
9312
9487
9315
9393
9406
9380
9309
9365
9457
9381
9250
9212
8967
9212
9435
9436
9450
9444
9240
8995
9304
9254
9311
9328
9304
9372
9346
9275
9300
9306
9254
9396
9439
9358
9489
9480
9264
9314
9235
9349
9229
9143
9279
9463
9481
9470
9507
9417
9420
9152
9272
9107
9214
9236
9305
9227
9427
9424
9333
9473
9318
9361
9411
9478
9073
8791
8981
8882
8761
8835
9417
9329
9273
9446
9405
9327
9460
9404
9362
9372
9281
9172
9307
9249
9164
9361
9357
9378
9540
9487
9130
9146
8965
9044
9327
9402
9171
9350
9296
9183
9195
9290
9249
9416
9236
9298
9255
9389
9291
9336
9213
9255
9375
9224
9115
9227
9411
9255
9263
9219
9213
9394
9310
9337
9380
9362
9329
9329
9334
9371
9412
9272
9250
9204
9316
9348
9389
9373
9288
9406
9470
9459
9280
9190
9328
9249
9258
9032
9079
9358
9387
9201
9253
9206
9240
9331
9368
9238
9272
9409
9370
9376
9184
9253
9315
9326
9421
9336
9421
9053
9112
9112
9192
9190
9194
8952
9295
9179
8937
9119
9047
8939
9289
9187
9276
9088
9310
9099
9081
9235
9291
9307
9448
9347
9245
9450
9452
9438
9394
9458
9124
9274
9315
9143
9193
9264
9172
9246
9395
9301
9377
9304
9457
9388
9441
9416
9090
8721
8556
8801
8765
8603
9511
9390
9521
9443
9482
9532
9416
9052
9502
9466
9360
9052
9321
9307
9178
9333
9405
9508
9420
9284
9019
9071
9161
9258
9393
9140
9208
9003
9262
9222
9071
9339
9442
9385
9251
9384
9213
9373
9339
9311
9294
9302
9395
9029
9288
9338
9353
9401
9242
9261
9023
9289
9159
9179
9309
9430
9386
9395
9462
9423
9370
9466
9363
9053
9229
9190
9381
9225
9373
9474
9407
9372
9335
9344
9415
9414
9157
8905
8740
9080
9346
9257
9310
9109
9185
9236
8951
8772
9409
9365
9317
9319
9332
9153
8986
8869
8785
9264
9330
9481
9488
9382
9263
9204
9039
9234
9007
9088
8912
9193
9038
9324
9211
9118
8992
9361
9134
8831
9260
9162
7726
9280
9224
9056
9321
9352
9325
9364
9201
9113
8990
8934
9020
9306
9248
9084
8951
8806
8558
9269
8979
9448
9219
9488
9070
8807
8744
8496
8494
8482
8995
9290
9404
9152
9395
9355
9408
9180
9288
9298
9328
9242
9064
8860
8923
9304
9385
9376
9267
9293
9310
9350
9170
9151
9267
9284
9355
9402
9236
9237
9211
9385
9374
9235
9228
9226
9339
9434
9390
9071
9325
9371
9348
9311
9265
9169
9117
9364
9280
9268
9321
9379
9327
9327
9297
9333
9312
9265
9257
9218
9377
9375
9396
9425
9420
9382
9324
9129
9344
9310
9455
9515
9381
9400
9025
9065
9062
9135
9056
9067
8896
9142
9251
9303
9354
9320
9313
9349
9214
9243
9263
9280
9055
9315
9351
9065
8738
9100
9277
9417
9381
9422
9305
9346
9200
9326
9265
9174
9322
9226
9299
9217
9410
9365
9256
9198
9437
9244
9215
9174
9241
9125
9192
9220
9330
9145
9273
9409
9365
9282
9176
9295
9335
9235
9229
9170
9302
9137
9258
9338
9419
9384
9285
9174
9439
9336
9232
9018
8901
8969
8927
8910
8736
182
86
309
603
9449
9443
9435
9472
9543
9258
9236
9404
9527
9462
9456
9564
9521
9485
9516
9533
9334
9329
9360
9578
9557
9507
9495
9489
9467
9556
9554
9540
9374
9339
9561
9548
9478
9523
9426
9527
9492
9499
9491
9351
9394
9522
9367
9305
9270
9495
9530
9472
9516
9461
9433
9540
9536
9545
9541
9559
9516
9424
9530
9348
9051
9440
9499
9496
9525
9407
9513
9551
9629
9282
9407
9190
9249
9232
9050
9089
9175
9230
9338
9430
9339
9268
9399
9422
9507
9538
9499
9452
9470
9414
9229
8910
9131
9115
9078
9395
9364
9440
9557
9470
9463
9526
9420
9373
9425
9425
9453
9414
9494
9449
9519
9497
9416
9540
9522
9337
9358
9415
9440
9374
9430
9467
9471
9487
9448
9363
8938
9149
9215
9440
9269
9345
9357
9319
9034
8629
9116
9221
9398
9401
9223
9468
9479
9426
9415
9267
9165
8961
9119
9239
9295
9439
9498
9498
9509
9441
9352
9228
9403
9399
9418
9367
9367
9352
9398
9472
9419
9457
9300
9350
9417
9365
9273
9338
9357
9431
9502
9461
9450
9395
9311
9451
9402
9475
9355
9339
9433
9429
9367
9266
9387
9434
9501
9421
9478
9096
9301
9320
9419
9308
9355
9424
9323
9236
9328
9390
9359
9473
9417
9296
9333
9447
9271
9384
9408
9355
9398
9421
9464
9505
9368
9311
9274
9243
9179
9257
9304
9210
9154
9210
9348
9420
9322
9336
9241
9359
9342
9328
9455
9356
9486
9380
9114
8869
8950
9339
9302
9441
9388
9341
9404
9291
9307
9253
9217
9244
9268
9149
9468
9463
9300
9453
9432
9358
9363
9413
9386
9316
9330
9474
9516
9387
9303
9422
9455
9387
9395
9450
9366
9374
9350
9299
9468
9396
9442
9309
9282
9261
9296
9442
9519
9443
9418
9509
9530
9509
9421
9457
9148
9191
9137
9177
9226
9396
9454
9578
9536
9345
9516
9570
9396
9495
9543
9587
9571
9482
9495
9324
9238
9159
9327
9490
9480
9426
9510
9544
9524
9428
9571
9525
9441
9386
9418
9552
9568
9416
9500
9523
9418
9344
9183
9188
9137
9531
9258
9334
8933
9024
9115
8993
9486
9461
9344
9267
9495
9564
9604
9583
9501
9374
9444
9471
9536
9428
9439
9528
9567
9552
9527
9530
9410
9500
9532
9570
9494
9466
9415
9426
9372
8889
9068
9435
9482
9335
9544
9465
9512
9408
9565
9488
9481
9508
9531
9320
9286
9224
9292
9464
9474
9346
9365
9329
9409
9142
9477
9486
9384
9262
9385
9313
9241
9333
9431
9325
9362
9410
9480
9417
9342
9259
9423
9341
9278
9341
9173
9399
9503
9470
9568
9403
9402
9326
9280
9359
9249
9214
8882
8990
9031
8812
9421
9373
9548
9433
9508
9387
9405
9444
9512
9496
9543
9502
9431
9319
9468
9308
9421
9495
9352
9480
9434
9462
9430
9288
9329
9215
9416
9415
9460
9420
9404
9389
9481
9385
9365
9374
9410
9458
9442
9481
9457
9349
9431
9284
9499
9461
9398
9409
9385
9498
9429
9400
9405
9265
9217
9335
9431
9349
9130
9173
9157
9320
9422
9437
9410
9469
9429
9457
9406
9425
9424
9375
9327
9454
9325
9174
9326
9368
9477
9400
9346
9408
9374
9300
8890
9225
9247
9116
9273
9220
9245
9181
9174
9256
9273
9094
9357
9483
9287
9438
9487
9480
9512
9399
9051
9355
9364
9413
9401
9396
9331
9370
9229
8757
9082
9306
9308
9341
9220
9470
9492
9406
9423
9300
9356
9305
9276
9412
9404
9407
9390
9444
9393
9304
8943
8942
8965
8944
9583
9552
9516
9516
9594
9577
9367
9265
9257
9430
9522
9596
9554
9629
9561
9589
9495
9514
9483
9264
9091
9225
9168
9044
9392
9423
9429
9511
9418
9545
9465
9316
9280
9408
9516
9554
9498
9522
9544
9527
9526
9518
9415
9431
9214
9449
9517
9476
9433
9353
9520
9470
9525
9445
9389
9513
9476
9553
9508
9257
9501
9366
9478
9404
9524
9452
9417
9422
9132
9322
9436
9445
9269
9311
9321
9394
9442
9495
9524
9520
9543
9550
9423
9456
9436
9435
9417
9406
9218
9364
9200
9223
8878
8996
9029
8925
9257
9281
9446
9282
9255
9014
9347
9310
9245
9228
9106
9270
9387
9391
9448
9442
9475
9368
9339
9435
9404
9352
9285
9352
9309
9307
9228
9274
9318
9387
9338
9275
9286
9271
9163
8981
9002
8980
8936
9328
9116
9265
9384
9342
9451
9376
9226
9184
9373
9435
9381
9128
9122
9091
9079
9213
9335
9223
9168
8794
8984
9135
9097
9201
9351
9313
9297
9407
9466
9494
9506
9438
9383
9239
9414
9464
9360
9344
9435
9439
9399
9317
9276
8926
9234
9189
9227
9101
9367
9361
9434
9460
9499
9324
9489
9369
9479
9355
9259
9403
9387
9320
9364
9349
9298
9297
9349
9434
9363
9427
9402
9287
9563
9509
9399
9501
9358
9425
9590
9507
9166
9308
9277
8297
9354
9357
8747
9007
8916
9064
9169
9294
9329
9484
9406
9524
9470
9523
9519
9509
9467
9157
9496
9505
9421
9405
9342
9229
9342
9403
9208
9217
9162
9215
9438
9255
9157
9505
9509
9340
9313
9328
9210
9371
9243
9473
9438
9480
9386
9440
9396
9363
9366
9187
9230
9374
9460
9491
9384
9395
9419
9328
9265
9134
9221
8860
8813
8716
8799
9233
9303
9391
9408
9294
9362
9272
9257
9117
9423
9462
9483
9353
9291
9246
9382
9330
9242
9044
9068
8685
8704
8731
8806
8522
8346
8221
8212
8225
8276
8619
9363
9283
9440
9405
9336
9421
9448
9199
9263
9369
9472
9502
9336
9427
9290
9357
9322
9239
9352
9169
9133
9361
9354
9300
9433
9410
9422
9366
9293
9374
9453
9382
9421
9465
9444
9241
9219
9378
9386
9377
9412
9300
9387
9334
9422
9350
9397
9428
9355
9291
9432
9383
9442
9299
9472
9331
9302
9261
9144
9111
9142
9226
9379
9239
9059
9341
9350
9348
9341
9443
9370
9263
9331
9424
9300
9285
8931
8887
8888
8842
9314
9348
9301
9201
9040
9070
9175
9173
9465
9198
9423
9307
9233
9258
9291
9351
9398
9462
9411
9317
9332
9383
9441
9378
9310
9291
9264
9395
9448
9365
9347
9213
9258
9245
9355
9281
9311
9122
9119
9185
9270
9040
9005
9093
9088
9129
9435
9525
9357
9437
9409
9345
9419
9294
9205
9268
9295
9255
9309
9401
9369
9425
9428
9261
9388
9417
9499
9314
9003
9360
9491
9483
9525
9482
9473
9391
9534
9554
9515
9456
9498
9562
9582
9523
9575
9451
9494
9474
9489
9466
9484
9624
9567
9564
9609
9636
9558
9586
9559
9581
9493
9543
9582
9574
9437
9585
9433
9363
9224
9205
9046
9519
9454
9504
9416
9570
9448
9471
9445
9537
9441
9557
9401
9320
9476
9456
9464
9560
9548
9531
9495
9368
9410
9429
9427
9551
9435
9561
9564
9354
9025
8984
9060
9051
9597
9565
9480
9578
9424
9480
9477
9390
9457
9533
9509
9506
9464
9494
9356
9374
9311
9047
9323
9420
9410
9362
9361
9501
9510
9488
9351
9414
9409
9478
9254
9271
9059
9167
9356
9396
9318
9141
9097
9127
9077
9311
9133
9189
9308
9176
9372
9403
9363
9413
9290
9342
9339
9382
9344
9327
9381
9389
9334
9403
9310
9360
9286
9089
9174
9220
9189
9358
9361
9332
9178
9249
9265
9331
9274
9129
9010
8992
9251
9334
9153
9253
9108
9367
9264
9250
9134
9084
9260
9326
9288
9247
9333
9282
9254
9244
9262
9136
9313
9281
9289
9191
9341
9293
9382
9132
9244
9256
9271
9340
9367
9176
9255
9318
9220
9331
9213
9388
9345
9221
9316
9323
9377
9255
9403
9135
9071
9203
9322
9321
9422
9214
9328
9379
9407
9283
9279
9073
9201
9250
9191
8981
9010
8432
8477
8601
8497
8521
8472
8559
9550
9576
9569
9550
9588
9583
9496
9590
9544
9312
9514
9498
9492
9717
9695
9652
9551
9085
9328
9320
9294
9763
9720
9769
9599
9682
9564
9521
9604
9447
9610
9518
9583
9565
9634
9517
9516
9450
9532
9362
9515
9521
9492
9634
9453
9646
9305
8848
8912
8868
8892
9417
9597
9627
9535
9575
9419
9601
9595
9661
9646
9602
9630
9463
9538
9316
9341
9256
9282
9462
9395
9132
9376
9332
9655
9597
9694
9744
9741
9631
9577
9719
9553
9568
9544
9619
9342
9318
9274
9274
9469
9762
9747
9582
9694
9522
9449
9672
9653
9683
9731
9626
9575
9723
9742
9534
9715
9715
9702
9644
9667
9551
9601
9707
9594
9563
9537
9459
9557
9638
9572
9662
9467
9540
9556
9616
9577
9510
9426
9531
9469
9554
9584
9591
9465
9636
9640
9624
9519
9417
9519
9510
9311
9484
9450
9445
9512
9192
9328
9465
9123
9449
9536
9535
9551
9388
9456
9428
9313
9310
9360
9536
9588
9406
9469
9596
9501
9430
9160
9215
9040
9135
9145
9273
9354
9326
9121
9339
9411
9425
9399
9446
9349
9444
9268
9162
9355
9358
9454
9282
9337
9430
9217
9404
9357
9197
9178
8808
9104
9508
9500
9421
9466
9473
9521
9492
9457
9544
9490
9477
9088
9259
9330
9186
9405
9306
9343
9247
9342
9270
9422
9412
9246
9354
8983
9174
8977
9006
9147
9235
9444
9458
9418
9405
9346
9597
9439
9456
9352
9091
9215
9238
9159
8814
8921
8831
8794
8689
8669
8852
8899
8830
9016
9026
8935
9642
9630
9579
9527
9501
9557
9546
9554
9505
9560
9490
9471
9488
9539
9446
9495
9525
9460
9470
9562
9534
9620
9607
9520
9527
9470
9448
9566
9564
9259
9438
9409
9546
9514
9499
9357
9532
9447
9340
9473
9452
9416
9492
9137
9413
9416
9464
9519
9539
9381
9400
9504
9510
9547
9459
9401
9531
9455
9582
9258
9477
9559
9510
9493
9439
9432
9341
9470
9359
9387
9408
9491
9533
9559
9506
9304
9457
9367
9260
9471
9420
9409
9507
9328
9303
9435
9409
9319
9373
9311
9028
9007
8825
8791
8633
8580
7518
7574
7559
7532
7570
7540
7577
7621
7615
9195
9368
9429
9466
9440
9458
9475
9495
9499
9488
9339
9463
9455
9311
9275
9209
9308
9122
9144
9206
9155
9053
9139
9372
9289
9166
9261
9453
9342
9416
9379
9452
9453
9447
9328
9170
9209
9417
9414
9022
9264
9344
9285
9327
9312
9240
9331
9355
9268
9288
9343
9297
9325
9406
9402
9347
9302
9445
9352
9354
9222
9312
9355
9414
9376
9412
9326
9430
9379
9336
9346
9442
9420
9338
9433
9293
9397
9332
9405
9426
9434
9313
9413
9331
9445
9373
9321
9355
9262
9269
9226
9308
9449
9279
9274
9344
9371
9392
9341
9371
9292
9379
9333
9291
9338
9301
9327
9324
9284
9406
9318
9293
9460
9240
9174
9203
9296
9319
9328
9376
9323
9298
9394
9387
9120
9104
9238
9407
9398
9435
9327
9250
9219
9367
9375
9281
9311
9299
9414
9215
9161
9242
9227
9109
9149
9146
9337
9341
9318
9181
9213
9214
9232
9177
9350
9263
9414
9393
9336
9334
9408
9392
9388
9396
9328
9372
9308
9255
9125
8974
8959
9098
9082
9132
9335
9296
9254
9252
9291
9333
9316
9212
9343
9110
9237
9329
9306
9306
9360
9163
9072
9130
9099
8951
9206
9151
9345
9150
9332
9307
9333
9315
9331
9142
9270
9277
9373
9314
9359
9168
9248
9378
9387
9287
9348
9110
9398
9339
9326
9416
9335
9218
9415
9498
9356
9453
9425
9288
9312
9403
9323
9328
9211
9333
9189
9286
9156
9182
9198
9238
9242
9226
9216
9236
9198
9398
9295
9089
9227
9174
9215
9478
9446
9583
9483
9554
9490
9600
9501
9445
9470
9485
9435
9528
9566
9499
9299
9340
9411
9362
9338
9461
9514
9160
9506
9356
9395
9449
9405
9373
9418
9327
9207
9368
9373
9280
9237
9327
9471
9470
9451
9400
9467
9457
9650
9611
9408
9360
9199
9302
9156
8847
8874
8781
9015
9218
9399
9442
9501
9545
9551
9521
9497
9586
9606
9542
9538
9589
9589
9618
9589
9464
9176
8959
9227
9506
9190
9213
9458
9549
9534
9466
9522
9484
9505
9623
9525
9554
9512
9539
9507
9545
9612
9611
9377
9327
9436
9478
9511
9544
9501
9583
9448
9642
9477
9498
9344
9216
9222
9529
9334
9254
9414
9555
9515
9518
9346
9248
9496
9485
9329
9531
9347
9471
9411
9519
9525
9526
9420
9332
9307
9526
9457
9460
9559
9433
9475
9347
9270
9376
9195
9376
9393
9409
8802
9086
9289
9303
9244
9241
8984
9239
9351
9072
9296
9345
9261
9333
9314
9354
9300
9225
9161
9358
9354
9224
9230
9159
9149
9405
9281
9369
9297
9267
9117
9136
8898
9311
9270
9316
9359
9339
9310
9359
9442
9399
9216
8629
9222
9253
9335
9135
9178
9383
9367
9356
9330
9344
9369
9416
9437
9433
9333
9364
9250
9001
9161
9052
9140
9210
9311
9294
9158
9208
9301
9367
9369
9251
9155
9348
9350
9299
9293
9095
9037
8921
8610
8617
8809
8913
9118
9063
9162
9192
9123
9261
9256
9246
9344
9289
9289
9436
9383
9340
9319
9102
9265
9381
9351
9160
9194
9006
9330
9374
9401
9378
9391
9266
9213
9103
9241
9190
9377
9244
9269
9417
9314
8997
9301
9271
9265
9264
9223
9192
9292
9334
9210
9251
9243
9314
9249
9207
9141
9305
9231
9168
9212
9237
9232
9294
9219
9214
9364
9368
9318
9384
9249
9241
9140
9267
9394
9189
9176
9221
9291
9359
9373
9281
8999
9165
9384
9391
9306
9315
9380
9146
9284
9260
9220
9167
9216
9360
9278
8941
9239
9303
9324
9391
9383
9354
9360
9345
9147
9369
9355
9465
9377
9342
9379
9407
9411
9329
9286
9407
9436
9403
9496
9442
9374
9354
9159
9469
9534
9330
9267
9216
9064
9085
9191
9331
9242
9344
9402
9356
9355
9224
9248
9241
9295
9308
9469
9303
9396
9431
9439
9340
9442
9410
9267
9242
8897
9244
9314
9200
9372
9345
9108
9271
9127
9031
9057
9218
9217
9221
9284
8986
9077
9106
9100
9419
9576
9534
9449
9531
9441
9400
9514
9426
9424
9325
9037
9450
9387
9419
9306
9478
9476
9430
9438
9471
9383
9372
9327
9488
9524
9529
9475
9420
9411
9358
9499
9458
9456
9511
9446
9461
9467
9399
9485
9366
9388
9432
9306
9319
9401
9462
9535
9466
9418
9469
9398
9527
9429
9390
9401
9393
9466
9509
9468
9536
9394
9477
9460
9487
9421
9356
9177
9098
9402
9449
9289
9312
9443
9449
9393
9494
9403
9447
9382
9223
9403
9483
9513
9376
9482
9480
9507
9296
9111
9286
9381
9419
9509
9236
8960
9204
9278
9330
9419
9495
9379
9515
9275
9268
9235
9160
9333
9384
8936
8878
8992
9089
9255
9281
9208
9034
9142
9222
9281
9467
9447
9499
9394
9189
9054
9246
9403
9318
9142
9116
8789
9087
9267
9440
9173
9210
8637
9041
9139
9286
9402
9226
9239
9221
9169
8877
9172
9383
9463
9405
9323
9423
9461
9455
9432
9436
9400
9392
9103
9420
9393
8834
9036
9084
9455
9452
9099
9238
9348
9371
9337
9248
9293
9369
9385
9389
9386
9344
9320
9288
9435
9535
9423
9409
9480
9520
9493
9405
9379
9452
9407
9281
9368
9228
9282
9399
9470
9496
9457
9473
9447
9524
9500
9524
9448
9312
9467
9442
9473
9509
9452
9480
9567
9488
9442
9569
9565
9419
9512
9534
9390
9351
9330
9536
9569
9527
9598
9486
9544
9485
9610
9439
9323
9485
9541
9551
9515
9378
9184
9265
9553
9551
9430
9426
8960
9353
9405
9411
9474
9365
9224
9255
9557
9514
9494
9567
9530
9551
9487
9517
9627
9443
9471
9408
9270
9250
9551
9582
9496
9460
9330
9498
9495
9582
9549
9467
9329
9195
9486
9511
9506
9397
9339
9207
9115
9129
9271
9192
9333
9051
9038
9234
9233
9348
9420
9305
9490
9445
9432
9403
9538
9427
9535
9513
9322
9443
9445
9420
9546
9451
9412
9296
9298
9284
9477
9494
9394
9441
9563
9499
9371
9405
9470
9444
9497
9517
9523
9564
9588
9566
9458
9449
9440
9424
9407
9419
9525
9522
9507
9491
9537
9475
9442
9183
9312
9330
9342
9352
9431
9399
9535
9437
9369
9492
9472
9524
9525
9490
9564
9340
9529
9529
9531
9591
9517
9337
9529
9559
9521
9577
9523
9398
9476
9363
9411
9439
9408
9428
9490
9571
9431
9560
9550
9517
9550
9438
9512
9491
9519
9400
9171
9157
9349
9417
9502
9444
9477
9469
9413
9467
9419
9520
9535
9506
9438
9425
9503
9507
9457
9265
9390
9485
9436
9472
9426
9347
9410
9455
9472
9395
9453
9340
9434
9477
9458
9543
9529
9466
9393
9353
9438
9459
9473
9348
9474
9493
9090
8974
9205
9356
9370
9158
9244
9332
9240
9208
9233
9205
8998
9316
9409
9299
9265
9396
9477
9429
9423
9398
9344
9251
9161
9037
9316
9189
9266
9355
9322
9352
9396
9331
9323
9260
9281
9278
9174
8914
9063
9174
9297
9131
8893
8875
8857
8721
8734
9326
9386
9350
9337
9317
9382
9369
9265
8918
8965
9080
9234
9266
9360
9270
9299
9314
9346
9121
9018
8844
8914
8947
8970
9379
9452
9440
9415
9491
9377
9346
9364
9426
9381
9142
9337
9251
9277
9379
9173
9326
9352
9261
9075
8907
9317
9251
9103
9373
9318
9400
9423
9428
9285
9231
9270
9423
9346
9480
9346
9421
9414
9436
9463
9386
9440
9378
9384
9383
9102
9224
9236
9383
9289
9342
9268
9070
9373
9425
9193
9337
9216
9344
9285
9376
9472
9358
9322
9261
9279
9336
9311
9297
9305
9256
9319
9443
9329
9263
9363
8978
9129
9200
9271
9051
9074
8985
8813
9080
8826
8594
8401
7860
8252
8324
8302
8620
9499
9496
9434
9477
9425
9346
9438
9442
9399
9353
9458
9353
9081
9246
9355
9360
9392
9078
9171
9180
9215
9185
9235
9332
9235
9017
9109
9323
9308
9277
9384
9101
9210
9369
9358
9352
9300
8970
9186
9377
9375
9097
9293
9245
9252
9342
9301
9157
9142
9369
9376
9216
9224
9269
9303
9362
9375
9171
9463
9411
9365
9447
9337
9256
9362
9235
9223
9260
8737
9203
7659
8090
8328
8227
9210
9309
9384
9303
9283
9181
9406
9369
9204
9335
9340
9268
9308
9239
9152
9190
9313
9223
8906
9056
9213
9038
9121
8875
8990
9222
9271
9344
9287
9292
9114
8988
9295
9312
9351
9224
9303
9236
8946
9043
9072
9024
9351
9370
9364
9234
9347
9170
9406
9406
9334
9281
9322
9413
9388
9342
9278
9380
9465
9307
9269
9322
9186
9074
9215
9400
9429
9422
9418
9246
9284
9289
9300
9336
9106
9333
9340
9235
9206
9428
9470
9498
9273
9422
9337
9377
9431
9322
9246
9245
9140
9383
9316
8881
9228
9141
9290
9345
9405
9025
9068
8973
9169
9386
9444
9366
9197
9073
9060
9355
9266
9421
9424
9411
9227
9450
9447
9251
9186
8707
9070
9065
8772
9423
9352
9148
9207
9231
9398
9256
9097
8975
8263
8572
8914
8884
8923
8771
8825
8759
8891
8844
9049
8850
9296
9125
9333
9214
9390
9402
9224
9331
9313
9230
9286
9331
9226
9157
9142
9283
9241
9256
9245
9247
9217
9325
9395
9413
9143
9241
9099
9291
9327
9454
9516
9410
9344
9297
9245
9004
9341
9486
9420
9437
9371
9404
9262
9383
9480
9495
9099
9204
9465
9524
9473
9469
9484
9387
9322
9417
9468
9488
9439
9416
9307
9310
9386
9384
9424
9418
9381
9387
9289
9207
9168
9025
9218
9406
9408
9314
9241
9307
9254
9439
9455
9248
9037
9146
9211
9285
9418
9427
9440
9371
9388
9406
9280
9197
9089
8633
8647
8639
8652
8973
9573
9491
9491
9432
9388
9419
9313
9553
9600
9535
9441
9621
9595
9610
9595
9494
9307
9298
8998
9108
9292
9358
9617
9550
9440
9444
9053
9095
9298
9340
9282
9411
9235
9173
9051
9466
9473
9397
9372
9163
8756
8719
8707
8854
9041
9398
9262
9366
9507
9479
9441
9028
8956
9218
9256
9511
9350
9361
9428
9442
9402
9469
9295
9442
9486
9464
9445
9331
9360
9335
9428
9312
9364
9120
9487
9482
9468
9275
9434
9482
9392
9264
8986
9253
9314
9107
9090
9466
9409
9475
9538
9328
9500
9411
9364
9229
9517
9259
9354
9274
9283
9367
9496
9483
9259
9357
9372
9348
9445
9379
9390
9423
9369
9277
9383
9421
9373
9178
8935
9119
9198
9187
9263
9169
9315
9233
9375
9424
9282
9192
8845
9409
9464
9437
9316
9413
9308
9375
9430
9487
9475
9349
9391
9393
9443
9359
9066
9267
9419
9414
9354
9438
9360
9349
9442
9412
9509
9154
9235
9119
9385
9465
9400
9216
9234
9384
9178
9234
9238
9111
8844
8743
8869
9347
9558
9457
9429
9397
9205
9115
9143
8871
9358
9364
9299
9343
9402
9382
9024
9367
9481
9466
9494
9337
9272
9101
9064
9233
9393
9401
9384
9358
9330
9121
9345
9265
9169
9369
9342
9272
9109
9130
9308
9383
9386
9347
9338
9241
9267
9410
9326
9209
9274
8989
9140
9424
9448
9356
9293
9139
9318
9346
9195
9150
9234
9221
9170
9315
9460
9449
9513
9499
9475
9467
9463
9504
9435
9447
9350
9166
9116
9478
9540
9479
9483
9386
9392
9449
9468
9272
9443
9361
9058
9307
9384
9420
9481
9519
9539
9486
9444
9058
9296
9356
9532
9424
9430
9198
9500
9539
9422
9281
9603
9593
9351
9568
9599
9509
9602
9507
9565
9490
9459
9607
9535
9546
9568
9124
9270
9199
9318
9306
9540
9504
9587
9534
9523
9560
9528
9415
9447
9378
9242
9475
9439
9341
9504
9470
9096
9179
9376
9406
9490
9376
9520
9475
9475
9492
9436
9390
9125
9114
9176
9443
9416
9230
9391
9401
9424
9361
9393
9345
9342
9432
9344
9353
9330
9120
9136
9279
9467
9463
9434
9299
9105
9338
9400
9143
9219
9166
9193
9273
9290
9233
9268
9314
9303
9374
9390
9381
9429
9248
9140
9331
8891
8922
8768
8789
8940
9078
9164
9204
9247
8978
9225
9390
9111
9146
9092
8924
9180
9336
9326
9332
9281
9296
9205
9308
9194
9302
9257
9126
9192
9321
9366
9158
9354
9287
9248
9392
9429
9304
9349
9252
9317
9358
9250
9312
9366
9371
9190
9200
8708
9058
9156
9195
9213
9278
9443
9394
9462
9315
9249
9289
9227
9338
9434
9492
9412
9368
9112
9325
9377
9234
9328
9426
9325
9128
9281
9363
9356
9385
9463
9317
9377
9524
9461
9427
9445
9487
9405
9369
9263
9347
9262
9205
9197
9122
9204
9338
9267
9205
9401
9452
9403
9589
9444
9396
9514
9565
9491
9330
9238
9308
9387
9312
9396
9508
9461
9370
9403
9423
9445
9393
9363
9326
9303
8993
9113
9293
9293
9415
8919
8874
9064
9204
9293
9396
9437
9451
9403
9407
9323
9386
9446
9370
9381
9207
9186
9068
9316
9398
9229
9331
9306
9390
9173
8882
8964
8887
8914
9366
9255
9312
9275
9337
9286
9157
9280
9229
9429
9395
9414
9409
9323
9372
9133
9360
9251
9121
9220
9355
9205
9408
9415
9392
9378
9379
9367
9444
9446
9406
9399
9313
9361
9368
9266
9234
9220
9343
9346
9448
9402
9265
9370
9321
9224
9289
9250
9492
9418
9424
9366
9376
9296
9370
9210
8951
9347
9389
9372
9443
9479
9394
9331
9462
9404
9437
9379
9188
9149
9339
9369
9414
9425
9399
9425
9444
9419
9431
9407
9310
9383
9207
9243
9366
9368
9470
9472
9371
9354
9305
9360
9465
9342
9506
9464
9435
9452
9531
9455
9375
9304
9366
9454
9360
9332
9195
9344
9301
9475
9361
9448
9426
9356
9294
9412
9412
9247
9279
9236
9098
9222
9370
9132
9121
8910
9343
9460
9460
9487
9433
9429
9327
9436
9492
9409
9389
9433
9300
9493
9447
9459
9458
9537
9449
9396
9434
9330
9129
9220
9216
9437
9484
9207
9433
9347
9336
9334
9403
9334
9473
9478
9469
9599
9495
9451
9370
9424
9344
9222
9171
9196
9108
9008
9069
9518
9488
9218
9393
9448
9451
9416
9529
9320
9536
9488
9441
9590
9390
9429
9501
9471
9485
9468
9447
9469
9418
9461
9479
9561
9472
9496
9423
9102
9246
9406
9384
9475
9543
9519
9400
9552
9541
9507
9421
9610
9448
9533
9508
9446
9485
9347
9488
9450
9464
9424
9365
9488
9534
9470
9196
9392
9445
9471
9371
9452
9506
9437
9467
9076
9243
9328
9354
9503
9332
9038
9309
9538
9397
9518
9520
9453
9438
9328
9240
9241
9264
9372
9344
9442
9283
9391
9380
9441
9481
9375
9504
9473
9295
9320
9157
9113
9354
9249
9455
9293
9271
9375
9478
9397
9542
9375
9380
9426
9478
9555
9514
9477
9464
9502
9418
9293
9430
9390
9429
9493
9429
9481
9463
9365
9200
9411
9465
9383
9507
9354
9495
9207
8985
9258
9384
9369
9508
9427
9424
9398
9507
9366
9456
9435
9391
9398
9435
9329
9451
9507
9510
9503
9492
9477
9349
9464
9421
9396
9150
8971
8990
8861
8856
8940
8949
9426
9449
9442
9355
9186
9297
9281
9178
9422
9256
9409
9469
9354
9426
9310
9189
9325
9431
9563
9533
9457
9450
9491
9405
9296
9441
9437
9276
9465
9239
9254
9386
9444
9502
9502
9496
9485
9340
9540
9467
9485
9436
9481
9443
9260
8947
8917
8994
8929
9424
9472
9490
9404
9385
9384
9239
9364
9399
9112
9317
9231
9361
9367
9339
9210
9164
9166
9165
9268
9424
9321
9354
9152
9226
9340
9269
9339
9366
9229
9334
9315
9167
9327
9196
9336
9219
9323
9046
9312
9457
9328
9230
9407
9358
9455
9430
9318
9349
9398
9389
9465
9397
9357
9286
9370
9309
9314
9294
9319
9399
9251
9161
9315
9335
9373
9379
9320
9320
9306
9270
8867
9260
9285
9462
9401
9387
9308
9421
9386
9343
9389
9359
9441
9382
9319
9488
9412
9377
9118
9323
9446
9359
9155
9403
9312
9344
9360
9381
9418
9394
9264
9491
9319
9488
9446
9435
9367
9427
9263
9386
9334
9373
9381
9472
9340
9283
9329
9391
9310
9468
9373
9330
9471
9502
9489
9228
9385
9351
9393
9394
9367
9276
9422
9409
9411
9505
9492
9444
9526
9379
9361
9389
9301
9408
9502
9501
9174
8860
8748
8911
8860
8974
9093
9306
9436
9422
9343
9308
9441
9453
9532
9516
9413
9497
9490
9472
9407
9236
9253
9079
9477
9423
9447
9521
9475
9494
9492
9396
9370
9304
9309
9411
9380
9352
9366
9424
9429
9355
9488
9508
9538
9542
9482
9519
9433
9508
9580
9476
9532
9372
9419
9592
9534
9502
9452
9293
9506
9527
9498
9456
9381
9399
9456
9541
9336
9470
9500
9378
9330
9280
9330
9423
9415
9405
9390
9389
9490
9516
9512
9397
9309
9552
9538
9605
9523
9415
9479
9506
9597
9472
9385
9540
9463
9510
9518
9509
9410
9449
9602
9386
9429
9252
9310
9351
9383
9445
9440
9374
9282
9237
9501
9296
9455
9439
9283
9383
9266
9200
9441
9388
9340
9275
9231
9206
9157
9152
9280
9300
9275
9144
9171
8994
8993
9106
9101
9153
9526
9435
9339
9344
9424
8823
9372
9339
9248
9492
9257
9286
9219
9342
9084
9289
9418
9384
9472
9185
8705
9089
9064
9298
9380
9606
9498
9469
9487
9484
9292
9301
9433
9462
9133
9424
9421
9429
9452
9424
9435
9176
9178
9299
9246
9378
9389
9450
9445
9169
9046
9383
9208
9229
9469
9481
9357
9415
9522
9284
9400
9271
9245
9307
9447
9364
9518
9481
9469
9226
8943
9294
9378
9384
9396
9336
9214
9251
8941
8515
8703
8744
8716
8788
8734
8750
9458
9420
9348
9447
9435
9389
9394
9442
9236
9021
9322
9302
9416
9450
9360
9433
9454
9461
9372
9257
9380
9363
9399
9388
9426
9337
9251
9300
9293
9356
9384
9359
9270
9254
9296
9285
9388
9383
9179
9014
9097
9218
9194
9384
9406
9372
9311
9087
9044
9246
9053
9042
8982
9219
9255
9275
9336
9268
9364
9347
9147
9032
9064
9393
9381
9283
9247
9207
8628
8658
8657
8647
8705
8752
8433
9353
9390
9370
9341
9173
9163
9048
9241
9224
9414
9229
9125
9369
9361
9324
9422
9381
9428
9347
9360
9384
9307
9287
8985
8621
9001
9388
9387
9409
9243
9246
9308
9358
9347
9285
9136
9162
9263
9401
9369
9238
9311
9260
9176
9210
9181
9286
9279
9231
9483
9484
9421
9066
9179
8987
8747
8728
8685
8655
8952
8853
8874
9313
9354
9391
9423
9249
9157
9390
9347
9356
9325
9181
9188
8877
9094
9503
9515
9356
9466
9439
9275
9244
9431
9289
9279
9445
9375
9332
9291
9443
9378
9470
9412
9276
9437
9254
9465
9446
9416
9439
9183
9066
9314
9489
9181
9232
9348
9317
9389
9379
9431
9401
9457
9454
9455
9379
9248
9458
9455
9485
9425
9453
9506
9402
9388
9451
9404
9281
9310
9415
9465
9438
9419
9494
9566
9461
9403
9023
9313
9334
9365
9303
9277
9379
9513
9495
9428
9245
9367
9463
9477
9461
9447
9511
9464
9539
9353
9388
9367
9479
9469
9303
9292
9559
9529
9507
9577
9511
9476
9468
9448
9388
9435
9500
9394
9466
9559
9466
9475
9487
9420
9536
9469
9485
9553
9424
9453
9434
9529
9549
9413
9515
9518
9509
9578
9408
9481
9376
9391
9080
9339
9517
9419
9216
9457
9350
9159
9192
9325
9452
9486
9472
9434
9495
9382
9539
9568
9561
9563
9551
9493
9363
9285
9230
9290
9446
9476
9438
9496
9387
9373
9434
9420
9300
9181
9104
9410
9488
9381
9429
9485
9417
9428
9514
9532
9507
9437
9458
9386
9274
9105
9273
9410
9421
9440
9431
9387
9373
9462
9500
9458
9380
9342
9240
9293
9430
9263
9286
9337
9245
9417
9244
9388
9414
9451
9490
9542
9493
9373
9395
9219
9363
9343
9406
9464
9426
9492
9383
9179
9206
9188
8965
8844
9034
9410
9411
9453
9459
9308
9339
9394
9487
9502
9445
9365
9406
9436
9242
9161
9369
9404
9449
9320
9206
9181
9112
9062
9440
9497
9477
9488
9382
9465
9341
9415
9375
9320
9293
9219
9414
9451
9337
9389
9385
9447
9504
9403
9466
9305
9319
9214
9146
9052
8812
9285
9460
9477
9472
9367
9137
9269
9320
9442
9496
9518
9517
9427
9322
8965
9214
9487
9428
9381
9453
9439
9379
9411
9513
9538
9410
9411
9458
9374
9447
9168
8975
8878
8821
9190
9130
9401
9514
9449
9405
9532
9483
9433
9570
9493
9346
9128
9316
9313
9365
9222
9164
9394
9386
9402
9365
9119
8883
8799
8452
8510
8529
8466
8414
8615
8480
8593
9535
9298
9328
9332
9300
9436
9291
9438
9310
9414
9303
9308
9413
9429
9378
9217
9127
9228
9311
9321
9370
9392
9301
9385
9457
9497
9459
9359
9379
9350
9382
9298
8438
8683
8890
9033
9068
9024
9447
9471
9475
9389
9457
9352
9244
9416
9334
9249
9326
8700
9341
9264
9425
9298
9073
9226
9167
8906
8284
8397
8440
8387
8478
8630
8702
8830
8917
8775
8696
8784
8728
9457
9479
9380
9368
9375
9157
9121
9391
9435
9177
9270
9258
9230
9242
9131
9298
9324
9212
9202
9209
8909
9278
9336
9314
9478
9462
9366
9459
9150
9150
9251
9383
9301
9331
9247
9261
9188
9260
8736
9077
9181
9166
9150
9271
9354
9424
9446
9299
9096
9202
9218
8697
8464
8811
9044
9033
9218
9210
9194
9004
9318
9422
9192
9378
9204
9307
9432
9463
9370
9460
9237
8734
8058
9121
8599
8989
9188
9274
9302
9404
9420
9402
9356
9398
9090
9243
9129
9095
9415
9112
9159
9075
9272
9018
8980
9444
9369
9236
9441
9304
9170
9295
9125
9383
9346
9217
9142
9237
9196
9302
9422
9008
9248
9212
8728
8776
9033
9275
9476
9366
9381
9472
9514
9387
9182
9285
9320
8037
8019
8089
8008
8092
8109
7717
8032
7970
8074
9037
9522
9566
9449
9481
9501
9491
9120
8672
9027
9022
8924
9513
9511
9479
9550
9549
9461
9491
9481
9485
9491
9350
9210
9406
9317
9394
9384
9392
9391
9380
9386
9404
9453
9298
9434
9378
9489
9561
9562
9486
9447
9423
9477
9365
9230
9471
9517
9546
9288
9226
9360
9189
8720
9420
9512
9433
9469
9411
9362
9402
9334
9316
9353
9386
9382
9190
9286
8913
9163
9377
9406
9070
9162
8890
9268
9002
8592
9206
9266
9468
9502
9394
9428
9404
9422
9204
9276
9296
8907
9095
9490
9449
9495
9489
9350
9526
9397
9285
9401
9364
9349
9344
9337
9265
9360
9409
9312
6964
9280
9400
9191
9027
8834
8827
9120
8937
9198
9486
9265
9356
9340
9432
9292
9511
9216
9156
9017
8868
8967
9269
9328
9268
9146
9357
9271
9387
9276
9409
9377
8509
9202
9359
9275
9248
9213
9380
9222
8794
8980
9032
9013
9288
9348
9241
9312
9334
8986
8992
8911
8757
8804
8868
8771
8792
9476
9276
9445
9383
9374
9386
9400
9395
9255
9299
9318
9316
9336
9388
9384
9206
9252
9264
9389
9309
9272
9297
9386
9423
9377
9270
9118
9252
9352
9375
9401
9423
9455
9366
9352
9441
9219
9354
9196
9337
9382
9480
9360
9449
9428
9341
9461
9305
9520
9475
9337
9358
9140
8981
9120
9206
9493
9485
9454
9277
9357
9309
9153
9253
9344
9309
9426
9355
9314
9237
9322
9299
9381
9359
9280
8964
8978
9329
9358
9430
9492
9443
9366
9301
9198
9315
9122
9300
9453
9407
9224
9193
9159
9257
9372
9412
9405
9191
9251
9208
9159
9115
9180
9459
9434
9351
9419
9525
9410
9219
9233
8652
8882
8571
8937
8953
9167
8973
9297
9448
9395
9231
9119
9291
9344
9427
9385
9429
9331
9442
9333
9273
9280
9429
9260
9344
9341
9270
9230
9375
9292
9400
9318
9405
9314
9180
9020
9175
9217
9417
9357
9397
9426
9051
9324
9425
9372
9301
9233
9345
9380
9304
9230
9335
9316
9387
9131
9235
9344
9351
9296
9194
9130
9040
8912
9402
9440
9331
9406
9366
9380
9387
9284
9342
9411
9359
9412
9304
9419
9365
9394
9243
9207
9380
8872
9476
9392
9321
9307
9423
9278
9302
9225
9200
9135
9084
9051
9193
9393
9346
9295
9200
9151
9218
9281
9297
9270
9392
9399
9298
9344
9325
9302
9310
8905
8748
8823
8934
9115
8970
9258
9193
9306
9388
9485
9304
9112
9233
9234
8882
8723
8899
8897
9312
9364
9231
9014
9286
9345
9061
9026
9139
9001
9416
9231
9353
9332
9353
9350
9353
9349
9274
9212
9224
9331
9422
9280
9277
9083
9041
9008
9002
8789
8976
9370
9080
9254
9234
9413
9309
9066
9309
9300
9187
9254
9107
8922
8704
8866
8911
9047
9065
9015
8360
9372
9359
9397
9365
9437
9094
9180
9359
9390
9231
9417
9380
9391
9300
9440
9372
9288
8627
8629
8701
8790
8695
8777
8804
9428
9452
9346
9321
9332
9403
9324
9453
9341
9479
9477
9375
9422
9200
8930
9315
9359
9407
9272
9449
9266
9383
9471
9451
9244
9476
9395
9422
9446
9266
9423
9190
9416
9368
9399
9250
9253
8971
8892
9356
9464
9547
9198
9396
9447
9365
9449
9473
9451
9467
9435
9445
9498
9400
9357
9384
9411
9441
9157
9213
9388
9467
9327
9473
9364
9298
9283
9240
9092
9380
9530
9571
9450
9216
9268
9456
9465
9284
9446
9125
9434
9389
9293
9048
8975
7977
8994
9162
9506
9412
9429
9433
9395
9431
9354
8908
8899
8934
8900
9500
9511
9422
9446
9396
9204
9003
9164
8972
9113
9224
9335
9051
9435
9143
8613
9192
8771
9032
9230
9212
9379
9279
8917
8676
8760
9231
9432
9419
9389
9348
9460
9475
9299
9300
9508
9498
9421
9491
9479
9438
9417
9526
9482
9498
9367
9321
9521
9412
9400
9318
9320
9470
9485
9447
9484
9324
9358
9281
9349
9002
9294
9301
9320
9080
9250
9390
9398
9331
9344
9208
9417
9232
9075
8993
9057
8938
8977
9467
9415
9345
9292
9280
9311
9393
9233
8865
9238
9280
9215
9357
9482
9539
9413
9453
9428
9329
9271
9148
9152
9201
9152
9448
9511
9455
9478
9324
9278
9429
9278
9433
9385
9126
9083
9187
9265
9355
9409
9448
9537
9295
9450
9542
9535
9500
9464
9209
9110
9116
9187
9301
9457
9346
9360
9332
9416
9301
8975
9009
9057
8998
9385
9509
9486
9266
9333
9372
9303
9242
9359
9426
9419
8956
9310
9384
9458
9387
9328
9186
9148
8622
8287
8149
8382
8438
8595
8694
8645
9417
9530
9417
9525
9408
9422
9415
9468
9176
9205
9446
9509
9354
9506
9511
9362
9303
9470
9332
9413
9276
9436
9501
9435
9430
9536
9506
9422
9353
9410
9440
9294
9182
9400
9514
9610
9578
9564
9523
9412
9541
9553
9557
9401
9313
9348
9217
8973
9204
9194
9225
9441
9505
9476
9440
9475
9535
9253
9265
9212
9378
9385
9407
9409
9337
9158
9312
9380
9461
9440
9310
8958
8842
9004
8942
9286
9513
9536
9480
9457
9525
9402
9366
9319
9424
9437
9468
9478
9493
9366
9250
9237
9517
9497
9478
9575
9495
9331
9455
9298
9444
9178
9416
9507
9593
9538
9371
9339
9374
9241
9157
9419
9329
9412
9364
9569
9395
9499
9403
9507
9461
9347
9349
9247
9158
8882
8867
9145
9543
9575
9573
9327
9398
9290
9312
9337
9310
9137
9433
9384
9544
9455
9337
9421
9377
9466
9509
9248
9078
8846
9263
9474
9533
9546
9485
9501
9396
9380
8966
9150
9233
9330
9323
8973
9041
9073
9157
9144
9026
9134
8922
9175
9428
9525
9425
9493
9270
9413
9095
9422
9397
9433
9326
9361
9338
9419
9424
9414
9500
9380
9295
9365
9282
9432
9471
9273
9515
9435
9279
9205
9064
9051
9103
9392
9369
9486
9423
9476
9355
9224
9245
9275
9451
9395
9411
9323
9282
9296
9144
9350
9354
8902
9101
9115
8998
9254
9357
9398
9419
9395
9206
9382
9357
9349
9331
9278
9391
9344
9363
9319
9161
9311
9167
9293
9360
9385
9293
9297
9341
9118
9304
9397
9175
9352
9392
9333
9272
9416
9390
9121
9204
9165
9270
9294
9272
9086
9048
9161
9375
9103
9228
9294
9191
9270
9249
9224
9025
9281
9376
9351
9423
9403
9326
9270
9213
9133
9402
9480
9414
9487
9426
9501
9388
9088
9181
9178
9417
9436
9452
9444
8962
8919
9118
9296
9388
9330
9407
9362
9289
9241
9019
9163
9160
9176
9346
9308
9376
9321
9179
9169
9414
9310
9288
9331
9357
9368
9360
9347
9414
9195
8870
9110
9014
9094
9282
9315
9401
9366
9421
9462
9417
9326
9262
9343
9435
9459
9390
9359
9290
9171
9073
9054
9135
9270
9434
9217
9275
9395
9381
9356
9212
9275
9305
9374
9373
9330
9264
9298
9451
9134
9395
9344
9195
9155
9194
9171
9265
9175
9341
9344
9354
9311
9363
9292
9379
9261
9255
9437
9234
9353
9335
9290
9248
9059
9168
9130
8818
8706
8661
9036
9009
9253
9438
9374
9318
9102
9226
8850
8941
9237
9196
9084
8622
8939
9142
9087
9288
9149
8940
8946
9198
9098
8881
8817
8969
9030
9054
9300
9240
9290
9317
9381
9193
9313
9106
9286
9244
9350
9321
9177
9144
9160
9288
9317
9286
9296
9234
9101
9344
9216
9283
9373
8854
9099
9168
9227
9238
9318
9338
9072
9215
9318
9126
9362
9291
9227
9060
9063
9178
9195
9291
9218
9424
9259
9094
9363
9404
9342
9492
9352
8746
9226
9297
9231
9284
9279
9162
9240
9342
9282
9166
9213
9406
9325
9255
9303
9329
9295
9249
9011
8976
9138
9327
9177
9190
9098
9189
9196
9372
9389
9192
9328
9382
9408
9273
8970
9386
9365
9367
9470
9281
9257
9028
8906
9075
9317
9334
9381
9421
9459
9419
9439
9449
9438
9349
9366
9024
9186
9202
9378
9297
9365
9423
9408
9313
9350
9200
9249
9061
8795
8988
9017
9130
9258
9324
9367
9394
9405
9401
9338
9342
9308
9325
9122
9315
9181
9226
9289
9304
9368
9253
9286
9223
9251
9277
8937
8696
9094
9098
9163
9216
9161
9274
9232
8952
8875
8903
9287
9430
9408
9374
9352
9195
9334
9270
9344
9188
9367
9378
9293
9381
9303
9298
9192
9238
9288
9220
9215
9203
9193
9303
9339
9361
9173
9320
9301
9384
9287
9360
9349
9266
9338
9235
9349
9295
9343
9288
9345
9339
9405
9300
9193
9084
9058
8918
8969
8916
8870
8089
8091
8060
8172
9336
9408
9395
9434
9426
9396
9436
9341
9455
9289
9276
9124
9358
9277
9303
9057
9263
9280
9378
9306
9237
9228
9094
9283
9341
9349
9349
9297
9345
9159
9000
9049
9048
9122
9280
9412
9259
9256
9187
9227
9327
9275
9334
9282
9331
9415
9419
9449
9490
9400
9320
9441
9398
9384
9357
9456
9429
9233
9251
9322
9185
9084
8928
9036
9076
9197
9273
9292
9253
9208
9330
9411
9186
9237
9342
9182
9237
9311
9307
9397
9308
9336
9284
9299
9065
8934
9171
9262
9330
9152
9165
9336
9348
9157
8883
9066
8890
8879
8964
9385
9288
9367
9236
9225
9335
9223
9343
9308
9201
9168
9138
9209
9339
9251
9210
9178
9260
9139
9164
9112
8931
9161
9215
9138
9318
9322
9196
9417
9366
9240
9165
9081
9114
9329
9241
8976
9337
9323
9475
9312
8179
8194
6443
6080
7015
7794
6937
8495
7493
8313
7428
8381
4459
8904
9219
8081
8471
8580
8545
8241
8952
9086
8749
9028
8431
8900
9072
8602
8093
7897
8401
8253
8204
8594
9311
9348
8626
8946
9011
9126
9103
9143
9206
8862
9034
9179
9445
9270
9020
8549
8964
8792
8678
8852
9419
8959
9372
9464
9037
9322
9007
8888
9264
9154
9042
9122
9194
9053
9176
9189
9070
9115
9190
9125
9311
9234
9030
9217
9094
8917
8926
8990
8977
9182
8956
8741
9221
9118
8707
9025
9339
9128
9255
8997
9061
8699
8756
9068
9089
9119
8766
9248
9117
8988
9008
8903
8767
9011
9118
9062
9111
9357
9117
9326
9353
9332
8855
8891
9116
9377
9165
8983
9016
9059
9004
9398
9274
9288
9243
9150
8858
9155
9039
8615
9179
9115
9226
9067
9225
9358
9263
9206
8774
8743
8932
9122
9139
9145
9288
9104
9184
9152
9049
8928
8792
8468
8575
8612
8640
8748
8660
8713
8809
8762
8734
8865
8992
9257
9261
9286
9318
9285
9334
9271
9113
9220
9251
9392
9380
9356
9326
8945
9124
9256
9165
9302
9465
9143
9375
9289
9291
9329
9369
9357
9230
9208
9264
9252
8977
9294
9358
9370
9304
9226
8997
9396
9415
9279
9240
9339
9283
9255
8881
8971
8985
9028
8907
9144
9343
9374
9475
9462
9256
9270
9301
9111
9186
9337
9144
9241
9252
9364
9352
9338
8922
8912
9140
9401
9281
9042
9169
9295
9421
9242
9328
9323
9288
9249
9360
9435
9447
9246
9183
9349
9323
9317
9109
9141
9215
9185
9368
9391
9363
9386
9175
9329
9401
9248
9445
9437
9473
9352
9334
9254
9338
9375
9204
9302
9244
9345
9323
9365
9170
9100
8556
8370
8323
8675
8835
8860
9301
9423
9453
9448
9420
9458
9435
9189
9062
9213
9202
9302
9380
9374
9311
9299
9244
9086
9091
8982
9104
9323
9384
9328
9062
9202
9245
9200
9154
9241
9334
9434
9397
9407
9175
8980
9264
9159
9066
9120
8043
7969
8032
7938
8088
8294
8310
8227
8235
8277
8232
8221
8187
8283
8304
8333
9429
9446
9469
9470
9485
9372
9328
9250
9356
9307
9328
9450
9489
9388
9231
9327
9370
9387
9340
9183
8971
9415
9426
9396
9409
9396
9396
9291
9395
9341
9302
9352
9342
9265
9400
9228
9386
9394
9381
9374
9240
9137
9164
9076
9218
9239
9417
9440
9162
9313
9245
9253
9235
9094
9252
9404
9303
9215
9344
9285
9334
9251
9291
9343
9163
9155
9088
9145
9068
9200
9185
9406
9218
9210
9210
9315
9402
9359
9267
9236
9276
9466
9336
9095
9067
9190
9023
9124
9139
9071
9086
9038
9331
9465
9381
9041
9369
9353
9377
9388
9468
9441
9293
9381
9254
8600
8439
8207
8352
9392
9486
9418
9444
9398
9299
9366
9226
9406
9444
9376
9404
9374
9517
9335
9328
9405
9431
9402
9304
9418
9295
9349
9132
9432
9501
9296
9159
9505
9475
9253
9161
9248
9190
9196
9388
9439
9498
9242
9303
9362
9420
9491
9413
9403
9325
8991
9025
9001
8951
8987
8976
9000
9449
9475
9519
9471
9482
9446
9372
9385
9395
9396
9404
9157
9394
9214
9314
9465
9177
9227
9377
9412
9395
9383
9321
9432
9228
9465
9411
9407
9353
9298
9416
9310
9281
9230
9142
9309
9330
9367
9383
9194
9332
9365
9261
9064
9239
9099
9220
9066
9337
9141
9178
9253
9257
9244
9284
9207
9064
9020
8912
9050
9225
9327
9410
9338
9425
9187
9090
9377
9366
9248
9357
9391
9449
9378
9237
9257
9278
9251
9142
9066
8615
8176
8123
7853
7695
7768
7842
7979
8104
8054
8162
9291
9337
9352
9398
9264
9129
9253
9247
9295
9300
9442
9373
9381
9435
9261
9430
9425
9356
9385
9319
9297
9374
9355
9424
9401
9380
9410
9401
9309
9309
9407
9426
9279
9375
9164
9244
9335
9181
9234
9145
8834
9195
9292
9364
9323
9213
9167
9127
9096
9040
9129
9141
9276
9293
9404
9423
9419
9195
9189
9166
9178
9160
9369
9385
9349
9226
9257
9303
9276
9210
9328
9333
9248
9299
9199
9250
9169
9292
9396
9367
9275
9473
9346
9365
9269
9451
9380
9418
9461
9310
9185
9352
9312
9348
9218
9071
9177
9333
9308
9365
9390
9393
9418
9373
9351
9288
9205
9158
9121
9221
9258
8587
8854
9119
9147
9140
9004
9034
8620
8811
8880
8755
8687
8662
8183
8040
8155
8174
8291
8339
8338
9165
9500
9501
9414
9463
9348
9360
9289
9378
9280
9237
9117
8844
8880
8444
8625
8644
8594
8898
9230
9360
9414
9395
9374
9335
9197
9073
9144
9030
9038
9369
9356
9342
9283
9237
9240
9337
9299
9243
9407
9463
9467
9303
9335
9305
9406
9320
9375
9228
9203
9256
9398
9385
9295
9253
9168
8740
8665
8821
8672
9316
9260
9100
9023
9216
9169
9286
9131
8833
8960
8915
9005
9109
8936
8684
8773
8766
8758
9369
9434
9355
9299
9373
9404
9342
9286
9255
9262
9302
9264
9353
9375
9234
9203
9304
9336
9280
9421
9357
9424
9299
8974
9107
9139
9160
9269
8976
8724
9001
9158
9257
9370
9341
9364
9372
9298
9245
9136
9196
9251
9159
9130
9369
9364
9340
9228
9254
9290
9239
9335
9398
9359
9258
9232
9213
9256
9027
9044
8851
8877
8933
9061
9097
8939
9075
9078
8971
9095
9242
9528
9423
9537
9550
9463
9463
9004
9166
9264
9172
9252
9023
8953
8625
8403
8195
8177
8246
8175
8108
8111
8025
7887
7921
7906
7883
7873
6157
6112
6140
6145
6145
6139
6153
6110
6127
6067
5958
5970
5864
5933
5872
5857
5854
5866
5864
5819
5871
5843
6094
6187
6352
6310
6275
6350
6354
6389
6396
9490
9192
9577
9570
9432
9560
9472
9540
9527
9417
9514
9541
9491
9559
9471
9316
9498
9469
9542
9445
9041
9414
9521
9464
9543
9544
9553
9527
9592
9574
9483
9447
9385
9481
9404
9545
9535
9463
9495
9546
9602
9474
9489
9546
9384
9558
9471
9332
9372
9496
9531
9497
9437
9511
9267
9107
9543
9496
9538
9439
9505
9413
9250
9489
9547
9322
9568
9451
9581
9441
9493
9525
9543
9404
9462
9422
9398
9409
9506
9560
9407
9428
9355
9474
9265
9200
8843
9148
9195
9247
9253
9092
8777
9038
9188
9360
9307
9387
9421
9410
9411
9359
9340
9339
9311
9012
9249
9420
9283
9365
9349
9152
9164
9204
9328
9298
9310
9240
8943
9040
9198
9272
9285
9332
9394
9335
9114
9160
9297
9296
9278
9233
9132
9242
9338
9220
9288
9297
9336
9132
8516
8678
9014
9095
9143
9129
9205
9213
9078
9293
9267
9358
9345
9244
9406
9404
9321
9366
9372
9420
9428
9365
9108
9221
9250
9289
9176
9156
9179
9151
9244
9171
9347
9401
9314
9360
9367
9375
9442
9144
9321
9320
9241
9299
9319
9295
9307
9164
9008
9186
9326
9346
9299
8990
9070
9140
9280
9378
9336
9280
9245
9237
9271
8867
8852
9078
9128
9279
9406
9246
9305
9214
9175
9333
9190
9088
9218
9353
9376
9462
9356
9406
9337
9340
9371
9305
9379
9241
9311
9419
9422
9465
9298
9125
9146
9068
9327
9382
9275
9252
8942
8951
8956
8938
8972
8737
8858
8845
8767
8548
9315
9323
9278
9376
9248
9208
9361
9179
9362
9440
9307
9320
9234
9411
9167
9368
9418
9277
9367
9303
9208
9353
9258
9193
9109
9006
9030
9228
9283
9295
9359
9388
9343
9205
9261
9228
9180
9139
9061
8773
8615
8136
8101
8104
8229
8337
9237
9162
9401
9359
9402
9365
9364
9412
9470
9177
9426
9470
9503
9495
9400
9448
9438
9334
9328
9296
9479
9463
9391
9356
9318
9115
9002
8846
8846
8790
8653
8594
9032
9397
9407
9237
9256
9090
8398
8902
8910
9089
9051
9036
8949
8832
8890
8931
8982
8728
8756
8046
8195
8149
8097
8370
8383
8207
9277
9370
9404
9166
9198
9302
9233
9096
8997
9157
9252
9166
9175
9293
9320
9328
9233
9237
9115
9288
9085
9360
9336
9519
9394
9476
9340
9348
9274
9346
8797
9142
9198
9259
9238
9310
9191
9228
9219
9240
9300
9417
9023
9267
9402
9432
9476
9448
9331
9303
9113
9181
9160
9121
8724
9335
9446
9361
9233
9074
9320
9333
9339
9444
9302
9289
9456
9263
9027
9067
9401
9298
9270
9160
9036
9138
9001
9483
9369
9469
9447
9411
9373
9341
9376
9165
9259
9186
9167
9335
9440
9494
9216
9178
9243
9339
9333
9317
9260
9209
9289
9077
9233
9319
9392
9368
9430
9429
9407
9429
9315
9324
9310
9474
9339
9384
9345
9338
9363
9257
8994
9191
9066
9017
9222
9081
8986
8972
9071
8863
7537
7533
7513
7366
7371
7219
7314
7328
7305
7298
7301
7330
7465
9522
9416
9614
9561
9542
9608
9641
9414
9562
9569
9454
9554
9427
9557
9486
9101
9273
9380
9442
9485
9258
9401
8925
9379
9397
9456
9219
9390
9347
9390
9310
9315
9289
9071
8879
8716
7638
7611
7715
7653
7562
7380
7328
6928
7422
7443
7361
7201
7284
7232
9187
9468
9292
9419
9525
9434
9427
9423
9333
9324
9319
9288
9216
9008
9363
9270
8868
9259
9401
9373
9368
9127
9180
9200
9171
8985
9285
9294
9524
9483
9320
9451
9332
9398
9114
9121
9098
8901
8862
9153
9291
9366
9514
9396
9317
9027
9157
9301
9319
8952
9009
8887
9054
9366
9466
9477
9328
9486
9481
9520
9436
9516
9494
9383
9513
9505
9459
9375
9396
9081
8716
8667
8741
8781
8754
9456
9432
9395
9251
9305
9324
9316
9307
9344
9395
9391
9308
9237
9167
9167
9324
9333
9290
9221
9114
9192
9246
9429
9385
9478
9584
9566
9512
9447
9521
9512
9594
9524
9557
9445
9582
9327
9407
9305
9474
9324
9240
9361
9352
9375
9470
9156
9296
9378
8767
9064
9327
9212
9412
9254
9143
9343
9321
9234
9027
9247
9400
9292
9276
9215
8953
8672
8553
8269
8296
8115
8731
9110
9367
9208
9204
9173
9211
9469
9418
9158
9455
9511
9307
9300
9324
9325
9310
8914
8929
8923
8843
9213
9534
9432
9483
9474
9406
9294
9326
9230
9297
9444
9376
9472
9412
9467
9360
9416
9348
9190
9200
9188
9020
9134
9187
9126
9343
9266
9252
9160
8897
8707
9096
8961
9369
9407
9391
9298
9388
9338
9327
9405
9162
9142
9334
9340
9276
9294
9501
9515
9449
9461
9512
9538
9439
9567
9349
8866
8847
8824
8825
9445
9570
9566
9478
9535
9444
9628
9629
9439
9449
9476
9121
9364
9325
9099
9380
9465
9390
9260
9208
8948
9089
9235
9369
9427
9505
9473
9486
9419
9529
9493
9474
9502
9525
9530
9451
9354
9417
9466
9480
9558
9433
9343
9413
9439
9495
9484
9406
9425
9465
9422
9416
8947
9412
9385
9286
8522
8760
8742
9409
9384
9448
9314
9390
9451
9033
9340
9421
9309
9374
9301
9259
9013
8900
8927
9197
9387
9427
9459
9454
9447
9416
9428
9100
9274
9351
9067
9241
8924
8435
8469
9185
9194
9141
9304
9273
9338
9309
9354
9142
9208
8985
8982
9253
9306
9238
9245
9135
9275
9229
9113
9245
9291
8952
9298
9299
9333
9227
9300
8931
8989
8956
9068
9208
9348
9367
9196
9109
8972
9119
9406
9229
9278
9330
9151
9255
9335
9319
9213
9225
9388
9194
9118
9204
9231
9397
9318
9110
8951
8781
8896
9098
9133
9048
9208
9147
9277
9361
9268
9332
9248
9267
9331
9381
9405
9109
9296
9181
9375
9350
9346
9296
9049
9009
8842
9289
9266
9375
9342
9380
9417
9516
9469
9310
9310
9456
9483
9411
9435
9455
9471
9452
9480
9414
9489
9325
9242
9537
9361
9327
9579
9444
9337
9319
9165
9231
9334
9502
9293
9502
9486
9573
9482
9545
9415
9328
9391
9581
9439
9417
9426
9106
9474
9440
9422
9073
9559
9602
9522
9701
9573
9537
9549
9535
9500
9197
8718
8683
8506
8560
9254
9235
9246
9097
9245
9265
9444
9531
9573
9608
9504
9599
9440
9637
9405
9536
9603
9616
9388
9607
9560
9576
9526
9170
9525
9481
9594
9203
9165
9022
9284
9363
9239
9111
9252
9311
9417
9260
8865
9103
9155
9195
9519
9484
9309
9407
9462
9409
9316
9447
9430
9398
9407
9356
9425
9428
9452
9444
9254
9082
9098
9283
9312
9377
9396
9306
9139
9155
9250
9266
9338
9335
9335
9269
9220
9230
9203
8248
8608
8670
7578
9167
6901
8864
9225
5851
4815
8854
8909
7674
8998
9249
9028
9303
9303
9305
9083
9310
9295
9248
9154
9309
9174
9296
9207
9387
9110
9106
9087
9122
9133
9149
9181
9325
8945
9206
9107
8904
9259
9227
9289
9208
9155
9053
9067
8895
9046
9183
9372
9361
9138
9026
9317
9207
9351
9259
8983
8885
9272
9444
9262
9487
9440
9073
9391
9217
9317
9313
9223
9284
9207
9282
9306
9332
9385
9415
9361
9353
9216
9403
9521
9509
9523
9467
9579
9374
9392
9303
9158
9227
9319
9563
9608
9537
9394
9557
9524
9568
9406
9221
9239
9387
9449
9385
9262
9217
9136
8827
8807
8376
8356
8331
9211
9559
9524
9514
9489
9536
9472
9426
9442
9392
9520
9405
9512
9552
9547
9502
9511
9541
9402
9451
9429
9310
9277
9085
9403
9473
9478
9365
9396
9007
9299
9448
9438
9263
9107
8993
9204
9294
9374
9387
9323
9488
9430
9294
9348
9228
9404
9212
9375
9464
9508
9479
9357
9425
9277
9429
9517
9477
9334
9185
9373
9324
9414
9281
9389
9413
9286
9305
9447
9373
9224
9362
9354
9296
9406
9387
8991
9377
9323
9333
9363
9366
9450
9314
9317
9241
9034
9087
8916
8896
9198
9191
9300
9231
9121
9165
8568
9095
9141
9167
9435
9481
9440
9399
9261
9276
9299
8917
9278
9274
9359
9097
9450
9392
9303
9263
9158
9300
9473
9467
9415
9420
9428
9426
9396
9482
9383
9223
9249
9246
9223
9061
9329
9402
9438
9451
9540
9362
9181
9399
9518
9546
9433
9402
9210
9120
9484
9324
9164
9080
9383
9324
9537
9456
9468
9386
9230
9463
8829
8666
8726
8688
8872
8861
8804
9534
9543
9594
9552
9273
9235
9221
9374
9342
9246
9395
9103
9023
9089
8944
9171
9417
9210
9358
8912
8925
9154
9210
9030
9254
9203
9106
9253
9445
9314
9275
9426
9438
9367
9368
9340
9348
9457
9252
9224
9361
9353
9395
9366
9341
9280
9388
9291
9179
9309
9308
9214
9195
9034
9305
9398
9384
9324
9033
8891
9020
9171
9282
9283
9196
9168
9296
9149
9310
9310
9273
9361
9177
9039
8857
9059
9097
9182
9076
9050
9047
9054
9114
9119
8910
8835
8922
9045
8854
8521
8541
8633
8489
8742
8887
8850
8747
8925
9049
9329
9338
9151
9319
9428
9403
9315
9368
9368
9308
9371
9406
9445
9328
9180
9190
9258
9298
9206
9317
9396
9390
9320
9327
9269
9356
9391
9374
9346
9336
9420
9215
8788
9069
9040
8919
8921
8863
8802
8966
9444
9373
9334
9379
9427
9412
9367
9238
9354
9088
9223
9464
9502
9309
9494
9469
9386
9195
9388
9215
9411
9449
9481
9462
9256
9009
9222
9366
9457
9361
9442
9360
9176
9274
9283
9304
9478
9308
9564
9363
9344
9293
9426
9526
9313
9424
9541
9375
9470
9439
9319
9502
9342
9468
9449
9510
9391
9349
9342
9369
9375
9103
9313
9459
9391
9500
9349
9358
9337
9301
9417
9251
9365
9423
9519
9458
9203
9185
9296
9179
9179
8949
8892
9028
8782
8736
9141
9173
9298
9304
9252
9120
9252
9260
9285
9063
9048
9133
9187
9135
9099
9124
9211
8977
9021
9142
8773
8827
8676
8394
8086
8897
9074
8938
8702
8858
8714
8566
8667
8698
8932
9077
9197
9059
9057
9127
8828
8894
8879
8866
9000
8852
8932
8993
9165
9109
8969
8861
8822
8685
8782
9012
8788
8794
8798
8825
8975
9105
8965
8986
8816
8633
8789
8823
9034
9071
9014
9066
9058
8787
8771
8981
9082
9044
9132
8958
8999
9216
9202
9071
9209
9127
9070
9082
8949
8097
8085
7982
8064
8273
8143
8183
8128
8210
8295
9280
9328
9292
9370
9485
9352
9119
9224
9405
9364
9438
9406
9473
9503
9519
9533
9427
9466
9499
9540
9402
9463
9516
9345
9337
9330
9357
9465
9345
9197
9475
9388
9417
9503
9469
9371
9351
9382
9419
9558
9272
9175
9077
9402
9513
9440
9548
9468
9169
9057
9037
9253
9538
9491
9431
9509
9305
9176
9216
9008
9311
9398
9308
9361
9138
9037
9263
9410
9478
9432
9163
9255
9349
9132
9288
9496
8994
8807
8973
9235
9430
9399
9335
9253
9325
9410
9294
9155
9058
9340
9421
9513
9354
9198
9227
9413
9072
9031
9173
8922
9233
9266
9399
9520
9360
9225
9103
8934
9223
9413
9342
9021
9024
9064
9180
9111
9086
9297
9277
9117
9035
9515
9446
9290
9264
9163
9161
9210
8878
9195
9398
9291
9373
9205
9180
9241
9361
9175
9183
9423
9521
9222
9512
9536
9355
9406
8989
9147
9268
9172
9295
9219
9439
9449
9462
9356
9363
9318
9318
9266
9533
9449
9365
9415
9498
9507
9436
9353
9384
9467
9556
9534
9541
9506
9284
9263
8976
9271
9277
9466
9370
9440
9540
9389
9481
9397
9245
9252
9142
9130
9314
9431
9488
9382
9392
9350
8766
8237
8283
8363
8524
8643
8635
8394
8906
8925
9053
8990
9494
9531
9444
9392
9171
9417
9259
9153
9387
9412
9352
9277
9323
9355
9312
9449
9473
9280
9498
9375
9412
9360
9158
9320
9444
9310
9235
9360
9459
9449
9522
9558
9506
9518
9488
9293
9424
9150
9261
9431
9461
8725
9405
9441
9411
9456
9427
9392
9415
9441
9179
9001
8842
8862
9174
9119
9266
9210
9203
9264
9238
8923
8998
9181
9270
9139
9452
9113
9328
9164
8817
9132
9259
9354
9404
9307
9388
9159
9483
9349
9553
9492
9406
9473
9455
9449
9441
9415
9449
9553
9415
9636
9551
9517
9426
9452
9548
9625
9585
9566
9585
9552
9596
9662
9587
9604
9640
9624
9621
9549
9228
9558
9617
9469
9505
9532
9565
9574
9542
9536
9405
9355
9325
9566
9561
9538
9353
9598
9567
9573
9615
9554
9464
9398
9418
9491
9598
9498
9622
9617
9535
9568
9328
9398
8998
8915
8776
8524
8466
8514
8466
8448
9423
9486
9497
9504
9508
9324
9427
9450
9488
9427
9482
9429
9366
9197
9170
9262
9167
9324
9404
9420
9333
9285
9369
9358
9397
9423
9404
9535
9444
9453
9551
9471
9412
9497
9357
9249
9406
9430
9435
9299
9306
9399
9367
9387
9309
9392
9417
9304
9401
9343
9353
9347
9239
9259
9245
9462
9398
9148
9134
9205
9377
9336
9359
9316
9130
9218
9311
9200
9251
9343
9312
9216
9304
9346
9218
9288
9175
9211
9124
9452
9333
8998
9327
9381
9372
9345
9336
9271
9220
9327
9439
9368
9391
9383
9342
9293
9298
9126
9308
9157
8978
9075
8940
8982
8960
9077
9040
9358
8659
7946
8720
9260
8400
8862
8901
9077
8581
9001
8455
9264
8430
8790
9221
8992
8058
8657
8570
8130
9081
9221
8040
9039
8331
8356
9064
8194
9359
9370
9307
8598
9247
8977
9186
9069
8476
8535
8875
9064
9270
9318
9257
8935
9367
9022
9150
8666
8371
8925
8879
9190
9113
9270
8985
9106
9021
9150
9161
9269
8982
9049
9128
9028
8960
8907
8754
9001
9271
9043
9420
9209
9290
9198
8934
9393
9199
9248
9075
9102
9277
9242
9055
9213
9224
9317
8813
9389
9108
9374
9210
8785
8666
8838
8910
8927
8890
8353
9002
8713
9265
9108
9044
9268
8675
9165
9315
9245
9145
9126
8886
8873
8846
8711
8921
8566
8797
8669
8743
8694
8529
8245
8319
8306
8218
8252
7089
6425
6478
6308
6494
6390
6464
6535
6825
6795
7171
6045
6887
7236
7118
7216
7432
7472
7274
7134
9296
9403
9199
9325
8621
7679
8486
7411
7814
7938
7833
7640
8701
8188
8340
9043
8554
8903
7755
8458
8859
9269
8744
8417
9119
8483
8311
7712
7686
6843
7571
7698
7674
7861
7855
7839
8845
7866
8673
8435
7767
8372
8469
7837
8560
8670
8408
8503
8933
8388
8873
8880
7676
8270
8114
7682
8187
7994
7779
8233
8322
7885
8781
9045
9012
9110
9208
9201
8961
8771
8382
9111
8963
8788
8940
8797
8574
9102
8861
8933
8938
8519
8812
8961
8715
9055
8944
8673
9025
9061
8843
9179
9249
9047
8383
8816
9068
8929
8828
8803
8687
8185
8063
8338
7880
8577
8905
8783
8890
8843
8793
9195
9197
9005
9051
9229
8941
8982
8841
8953
9064
9121
8859
9034
9020
9008
9145
9259
9278
9208
9161
9296
9167
9112
9106
9180
9111
8861
8814
8348
8666
9019
9226
9110
8980
8801
8606
8561
8371
8590
8681
8680
8623
8759
8585
8622
8737
8458
8184
8181
8129
8316
8219
8032
8180
8251
8069
8195
9064
9327
9478
9430
9429
9302
9269
9299
9223
9339
9251
8992
8954
8763
9236
9376
8857
9230
9324
9292
9325
9253
8877
8383
8405
8323
8245
8412
8302
8414
8462
9329
9442
9242
9396
9172
9251
9232
9082
8819
8854
9082
8976
8981
8955
9384
9434
9396
9281
9245
9428
9381
9279
9418
9392
9244
9287
9458
9349
9239
9195
9357
9438
9371
9449
9385
9440
9471
9313
9333
9388
9396
9325
9325
9349
9160
9228
9298
9281
9407
9100
9211
9076
9359
9273
9112
9222
9145
9115
9283
9104
9285
9320
9447
9286
9302
9453
9195
9219
9094
8740
9261
9198
9408
9334
9373
9158
9204
9178
9303
9435
9370
9115
9124
9279
9359
9429
9339
9340
9444
9393
9355
8441
8672
8871
8983
9085
9115
8952
9338
9199
9347
9425
9315
9202
9107
8872
8748
8641
8679
8591
9300
9311
9325
9388
9478
9420
9215
9178
9267
9117
9357
9355
9370
9364
9336
9424
9359
9372
9455
9368
9397
9340
9245
8913
8946
8588
8497
8664
8864
8825
9358
9224
9167
8981
8995
9198
9185
9197
9249
9113
9309
9245
9235
9159
9254
9225
9275
9111
8781
8862
8821
8680
8813
9326
9388
9227
8928
9077
9046
9203
9112
9150
8685
8919
9171
9163
9131
9100
9180
9304
9353
9115
9251
9088
9307
9292
8744
9153
9111
9147
9298
9019
9174
9023
9117
8780
8919
8894
9150
9031
9022
9054
8869
9013
9003
9018
9094
9075
9009
8870
8943
8800
9095
9107
8704
9011
8958
9070
8803
9055
9010
8567
8265
7464
8732
7743
9018
7610
8309
8351
6754
4649
4693
4960
5203
5324
5737
5945
5963
5954
5701
3281
7101
7236
7461
7495
7533
7744
7849
7917
6841
7311
6685
7830
8127
8318
8194
8743
7910
8762
8054
8454
8503
8905
9180
8939
9116
9218
9282
9266
8154
8959
8972
9354
8700
9320
8845
9329
8773
9051
9402
8876
9302
8948
9165
8849
8474
8774
8877
9175
8840
9471
9133
9295
9008
9084
9431
9230
9430
8682
9402
9520
9583
9232
9466
9224
9132
9332
9205
9192
9142
9610
9284
9431
9416
9452
9485
9563
9526
9541
9481
9563
9456
9605
9416
9525
9607
9592
9492
9258
9339
9318
9082
9221
9280
9255
9194
9180
9093
9165
8031
8063
8072
7993
9422
9597
9669
9601
9615
9522
9588
9701
9664
9669
9604
9368
9255
9188
9319
9447
9396
9510
9407
9562
9604
9520
9497
9557
9570
9582
9538
9412
9432
9377
9317
9203
9271
9355
9369
9368
9121
9245
9285
9090
8901
8005
8074
8049
8795
9110
9416
9451
9317
9341
9329
9420
9259
9228
9356
9304
9143
8389
8475
8536
8473
9085
9074
8999
8702
9201
9502
9407
9241
9121
9367
9439
9420
9320
9314
9310
9350
9431
9373
9328
9382
9203
9393
9397
9434
9365
9304
9364
9371
9377
9245
9285
9167
9089
9061
9003
9069
9194
9327
9278
9349
9315
9108
9304
9343
9219
9325
9273
9279
9376
9379
9084
9289
9262
9319
9324
9378
9188
9383
9399
9327
9333
9335
9432
9295
9383
9361
9328
9129
9452
9498
9378
9454
9430
9453
9516
8650
9456
9522
9495
9425
9469
9536
9558
9493
9531
9144
9141
9185
9524
9559
9640
9642
9565
9689
9614
9597
9649
9620
9639
9627
9497
9507
9452
9348
9487
9441
9375
9230
9342
9489
9435
9466
9428
9517
9577
9498
9224
9342
9559
9520
9363
9471
9431
9357
9512
9397
9588
9415
9206
9276
9418
9506
9508
9300
9342
9206
9375
9350
9440
9503
9372
9442
9268
9170
9236
9262
9464
9350
9309
9287
9251
9506
9367
9229
9263
9472
9515
9481
9337
9438
9517
9496
9463
9465
9392
9338
9363
9327
9388
9388
9269
9474
9512
9417
9421
8988
9134
9145
9032
8578
9075
9029
8892
8781
6552
6582
6592
6550
6556
6527
6583
6794
6733
6811
6875
6759
6803
7106
7338
7340
7308
7287
7573
7708
8034
8000
8103
9417
9619
9563
9361
9607
9583
9592
9580
9575
9644
9553
9625
9452
9419
9334
9481
9472
9449
9417
9449
9478
9363
9470
9342
9323
9439
9556
9500
9497
9537
9333
9286
9277
9355
9485
9575
9602
9541
9504
9599
9613
9544
9577
9516
9430
9491
9585
9319
9374
9449
9433
9502
9428
9467
9522
9404
9528
9424
9449
9477
9460
9464
9454
9475
9409
9244
9373
9317
9047
9169
9424
9149
9201
9015
8550
7593
7606
7559
7773
7836
7798
9061
9506
9523
9428
9459
9234
9426
9468
9300
9306
9232
9376
9233
9115
9286
9293
9277
9143
9080
9072
8838
8859
9410
9357
9347
9440
9352
9336
9326
9362
9377
9461
9472
9389
9278
9253
9437
9172
9275
9046
9247
9432
9460
9381
9462
9303
9445
9307
9365
9309
9300
9371
9371
9276
8934
8866
8846
8961
9154
9075
9024
9077
8902
8759
8903
8975
8544
8691
8612
8947
9123
9191
9431
9423
9396
9307
9370
9362
9166
9378
9305
9410
9254
9097
9178
9363
9357
9177
9308
9335
9339
9308
9326
9358
9424
9317
9234
9433
9083
9251
9188
9215
9441
9484
9500
9506
9448
9479
9489
9344
9419
9208
9370
9446
9303
9255
9159
9082
9179
9283
9345
9253
9228
9293
9315
9279
9328
9277
9164
1557
1294
977
650
19
19
401
7487
7503
9303
9321
9500
9542
9529
9460
9494
9509
9397
9391
9305
9225
8823
8678
8984
9234
9305
9292
9329
9372
9356
9415
9283
9380
9203
9262
9360
9230
9147
9422
9355
9380
9240
9049
9176
9274
9248
9262
9310
9361
9267
9332
9332
9386
9306
9453
9362
9470
9401
9258
9483
9365
9407
9039
9043
9314
9201
9325
9317
9302
9383
9399
9408
9436
9449
9339
9413
9145
9346
9367
9194
9164
9346
9396
9376
9441
9450
9474
9088
9067
9197
8800
8826
8767
9026
8947
9351
9506
9446
9482
9403
9291
9411
9467
9467
9186
9475
9495
9436
9459
9404
9420
9446
9481
9518
9491
9466
9477
9472
9487
9443
9471
9332
9351
9223
9302
9324
9464
9500
9532
9495
9535
9504
9549
9522
9570
9503
9565
9500
9534
9530
9247
9276
9304
9355
9420
9477
9360
9130
9048
8942
8686
8585
8524
8519
8171
8281
8379
8343
8307
8325
8438
8391
8538
8705
8717
9088
9225
9532
9639
9643
9438
9449
9482
9510
9246
9348
9517
9525
9571
9520
9588
9589
9637
9605
9461
9549
9605
9563
9367
9489
9506
9575
9588
9540
9491
9575
9571
9588
9523
9402
9497
9537
9612
9559
9453
9529
9514
9605
9447
9608
9573
9563
9537
9486
9242
9350
9436
9458
9440
9500
9462
9481
9548
9547
9522
9437
9439
9434
9552
9574
9339
9215
9164
9420
9384
9250
9143
9325
9456
9483
9536
9331
9382
9128
9067
8783
8805
8910
9044
9177
9202
9302
9366
9341
9549
9575
9512
9432
9564
9503
9217
9438
9506
9489
9586
9400
9527
9368
9371
9491
9565
9594
9459
9380
9304
9303
9515
9503
9360
9578
9445
9626
9584
9474
9633
9597
9599
9598
9642
9627
9516
9091
9486
9506
9368
9131
9326
9399
9408
9238
9249
9246
8903
8781
8896
8949
9012
9239
9422
9311
9251
9297
9204
8981
8294
8325
8561
8707
8871
8911
8858
8733
9051
9093
9020
9093
9200
9316
9210
9324
9271
9180
9237
9287
9234
9126
9068
8678
8711
8305
8219
8504
8925
9092
9212
9306
9177
9300
9089
9185
9174
9124
9035
8772
8897
8907
9031
8977
9042
8994
9136
8947
9283
9209
8952
9124
9064
9053
8888
9208
9160
9133
8993
9138
8680
9209
9153
9158
9058
8962
9158
9299
8912
9083
9109
9050
8966
8971
9040
9188
9233
9239
9250
9328
9202
9244
9185
9259
9115
9115
8977
8830
8593
8927
9211
9281
9250
9236
9175
9054
9064
9145
9231
9384
9392
9157
9327
9275
9178
9387
9362
9247
9472
9228
9396
9350
9430
9452
9376
9410
9489
9519
9536
9565
9494
9497
9374
9455
9438
9431
9410
9466
9458
9420
9336
9142
9179
9239
9193
9362
9403
9402
9411
9374
9417
9336
9349
9088
9020
9073
8866
8466
8535
8707
8796
8980
8997
9072
9074
9087
9016
8782
8686
7362
6606
6662
6634
6656
6722
6763
6928
7704
7790
7796
7673
8112
8062
8156
8107
8123
8143
8570
8635
8834
8913
9191
9222
9239
9253
9367
9283
9312
9303
9350
9298
9309
9269
9190
8899
9095
8989
9082
8998
9160
9187
9225
9281
9269
8847
9031
9097
9018
9025
8947
8971
8973
9154
9092
9041
8883
8794
8682
8813
8995
8876
8673
8631
8439
8446
8453
8409
8490
8285
8187
8443
8340
8140
8474
8577
8582
8523
8365
8159
8007
8125
8331
8151
8315
8305
8319
8283
8290
7762
8266
8573
8359
8435
9182
9146
8982
8911
8926
9081
8941
9156
9056
9081
9089
8925
9246
8827
9312
9288
9242
9303
9027
9239
8957
9326
9170
9163
8920
9078
8917
8897
8986
8844
8982
9079
8911
8937
8657
8869
8613
8696
8815
8458
8428
7897
7997
7997
1120
794
703
434
107
80
67
96
7380
7807
8039
8238
8152
8107
8243
8136
8107
8053
7835
7983
7975
8214
8121
8035
8005
7964
7890
7720
7232
7368
7120
7177
6810
6717
6317
6660
6942
6831
6835
6821
6677
6645
6800
6742
6685
6711
6420
6643
6548
6421
6355
6460
6179
6399
6381
6312
6116
6357
6133
6308
6262
6261
6244
6241
77
78
75
4
3
0
0
0
0
0
0
2
2
2
2
2
2
2
2
2
2
2
2
2
