0
7
27
32
36
49
57
70
88
97
108
120
128
142
155
161
180
187
201
209
219
225
230
235
241
249
257
268
272
284
298
295
307
316
323
332
339
345
350
362
365
372
377
379
388
394
392
393
403
395
399
387
373
287
334
284
393
413
420
426
438
441
440
441
436
440
438
432
432
436
432
439
437
432
442
441
436
446
433
421
388
441
450
452
452
457
469
479
476
480
482
474
477
485
483
486
484
486
493
484
484
490
487
480
495
508
499
502
509
508
510
512
522
515
525
523
524
526
527
535
536
535
537
542
547
548
550
552
554
553
560
554
548
546
554
556
554
557
554
556
558
542
557
556
561
558
558
562
557
559
553
555
566
563
558
567
557
557
556
550
545
549
542
543
544
534
529
519
520
512
510
509
507
499
489
480
478
476
465
460
460
468
459
458
451
445
446
446
438
433
444
430
431
427
426
415
407
411
414
409
398
405
402
394
397
387
381
391
384
383
386
384
384
395
393
386
391
380
382
384
391
379
372
369
370
366
371
373
379
375
377
376
377
371
383
389
398
411
419
420
432
436
434
427
434
447
444
449
451
447
451
460
458
463
460
471
468
469
482
479
487
497
499
502
502
506
513
514
519
519
525
530
532
543
544
545
551
541
517
538
547
544
539
533
541
546
552
544
546
547
549
548
555
569
572
567
563
558
569
560
556
554
558
551
560
561
561
559
562
568
575
573
579
583
571
563
567
557
567
565
567
563
580
575
579
592
589
590
592
590
589
582
580
591
588
598
588
606
608
607
609
619
616
603
596
590
612
621
627
616
625
624
626
617
626
611
604
616
610
611
605
604
597
607
591
598
591
607
610
616
617
617
619
616
615
614
612
619
620
621
617
623
620
626
635
637
632
645
620
640
636
639
638
640
645
647
641
644
653
663
656
657
662
683
683
682
681
684
681
690
701
712
707
710
710
714
723
710
701
717
719
722
721
720
717
720
718
713
705
700
724
728
727
724
704
719
671
724
726
739
724
741
726
726
726
722
710
723
735
734
725
731
726
731
741
744
751
750
753
745
741
732
712
715
715
700
714
708
714
701
690
691
691
677
672
684
692
673
687
698
692
684
688
685
691
697
693
691
684
684
672
663
663
658
650
642
636
624
628
620
628
624
621
615
606
610
614
611
604
597
496
595
603
604
585
591
585
590
594
599
597
595
595
587
584
587
583
582
583
585
576
570
562
572
558
563
569
567
554
568
558
561
568
567
572
567
561
563
561
562
558
556
553
553
545
544
543
529
521
520
522
519
518
505
501
495
498
492
496
483
479
481
482
480
472
475
468
468
469
464
457
449
439
434
434
438
438
439
437
430
434
427
425
417
413
404
402
400
393
387
378
383
381
367
360
359
352
352
356
349
344
330
286
323
324
345
347
345
344
348
363
356
355
359
357
357
371
383
394
416
412
414
425
427
440
447
449
453
465
467
478
488
499
501
497
510
511
517
520
526
538
537
541
544
546
554
573
573
577
588
603
614
622
617
614
608
613
610
610
612
613
607
605
609
597
603
607
603
610
604
609
617
617
618
622
623
628
626
615
611
598
421
578
600
595
599
601
600
601
583
598
597
591
599
597
591
603
598
585
594
582
579
589
587
585
594
587
592
581
573
573
575
573
580
577
585
576
577
572
575
596
594
601
595
597
604
605
601
619
620
629
615
613
625
621
616
604
625
623
629
625
625
634
624
617
619
620
616
626
624
622
606
603
616
605
606
611
602
613
606
597
602
608
601
596
586
591
586
582
566
574
577
565
570
576
579
577
564
561
571
568
559
564
577
571
576
587
588
594
602
606
612
610
613
615
622
613
623
616
625
621
637
638
646
647
653
658
652
639
636
635
653
645
658
655
651
654
649
653
666
665
673
669
670
648
611
625
639
651
647
643
650
645
646
652
654
659
653
660
647
642
640
638
626
607
439
518
515
579
579
583
578
582
580
585
584
586
586
579
578
579
584
584
585
575
570
563
564
562
568
559
549
553
550
551
556
548
537
539
537
534
523
520
529
529
513
511
514
526
527
527
520
521
517
511
503
497
499
491
501
505
501
499
500
505
502
498
505
488
486
480
443
490
498
499
519
518
525
522
531
534
536
542
539
546
542
538
528
546
550
555
563
565
558
558
560
562
563
571
571
579
581
577
582
580
576
570
572
571
564
548
531
527
49
35
1
0
57
471
482
488
505
506
518
515
493
547
558
573
579
575
577
575
578
565
560
381
535
561
582
588
590
583
596
593
587
586
581
577
582
585
589
587
597
600
602
599
591
602
606
598
605
602
591
589
590
589
579
580
585
578
585
579
574
570
576
575
575
595
594
594
591
588
587
591
578
573
570
560
537
526
509
503
99
85
77
66
45
51
63
110
531
542
559
580
587
597
613
633
637
640
656
651
647
644
650
494
700
723
721
731
744
744
748
753
744
739
750
753
763
763
763
754
775
767
771
779
777
786
783
785
783
795
798
803
807
809
802
811
809
812
819
818
825
808
807
802
804
789
793
805
801
792
792
802
798
795
781
780
779
789
789
782
783
773
766
767
782
781
777
783
788
784
790
792
783
782
783
786
780
791
776
790
778
781
776
770
773
776
784
776
779
779
778
772
777
771
772
762
748
743
736
730
735
732
720
727
721
703
694
703
702
694
692
691
691
700
680
680
674
669
664
655
660
663
660
650
652
656
637
622
627
633
624
617
613
602
603
617
605
617
614
616
615
635
621
627
620
625
621
628
633
620
640
639
637
636
641
633
640
650
653
651
638
619
452
615
623
627
630
642
650
654
640
661
663
664
667
667
665
666
670
660
669
663
650
656
648
651
647
644
660
651
671
674
675
685
691
698
711
716
721
727
723
731
740
752
766
766
782
779
771
767
779
782
787
789
797
810
818
822
820
811
819
820
815
812
808
801
811
796
797
804
813
817
817
816
823
820
818
824
831
830
805
526
811
822
827
822
805
796
789
782
792
782
790
790
796
791
794
795
805
803
814
818
813
828
819
818
838
842
861
861
876
881
882
873
877
881
876
879
886
901
917
896
904
900
884
893
889
885
884
885
885
875
852
837
634
830
833
823
827
829
834
823
807
805
807
799
787
729
532
726
753
755
800
784
781
766
772
754
745
756
750
757
744
737
734
723
717
714
699
680
680
680
682
690
707
704
699
691
708
708
696
682
680
672
672
671
670
660
670
667
662
669
667
664
654
661
645
643
649
670
681
666
646
662
678
675
667
681
670
685
671
661
653
647
628
633
617
612
606
613
631
618
623
624
615
601
608
608
603
601
616
620
616
604
610
618
622
636
635
634
628
633
630
633
631
636
638
639
643
637
636
641
642
647
637
641
639
648
651
664
675
675
683
685
685
682
684
679
682
676
675
674
675
676
674
676
685
698
689
697
700
694
703
695
697
687
698
683
666
675
674
670
681
691
688
683
672
675
675
671
683
700
689
694
694
684
673
684
668
670
667
679
672
655
665
661
663
670
669
669
673
673
676
683
674
669
667
661
654
650
662
664
659
660
658
660
653
644
655
664
674
678
654
650
664
668
659
662
663
660
665
664
652
655
641
658
663
663
641
654
659
672
676
668
683
689
687
690
689
687
670
677
687
675
680
696
703
710
718
734
737
736
734
727
720
728
721
723
730
708
708
692
690
688
695
698
705
705
696
692
696
697
694
681
686
693
696
683
690
696
694
690
677
682
674
677
668
673
674
677
688
654
670
671
670
684
679
664
671
658
651
656
661
663
656
635
625
622
634
628
627
631
635
638
631
626
637
621
621
636
641
632
642
650
646
640
634
644
634
632
621
610
595
596
593
586
592
604
604
603
589
589
590
581
584
582
570
553
5
547
553
564
574
576
580
578
552
553
558
600
604
615
602
595
590
582
582
580
573
570
546
562
546
532
538
532
532
529
528
519
523
529
523
532
538
539
544
548
559
569
561
566
568
569
558
561
563
559
564
563
556
563
570
573
576
584
589
581
586
582
595
590
591
592
581
590
590
598
603
609
599
605
600
591
600
593
582
581
582
582
570
564
556
559
559
529
545
550
549
534
539
540
542
540
545
546
544
558
565
572
570
572
569
561
560
562
561
555
556
549
554
547
548
535
522
505
394
540
550
587
596
602
607
610
609
609
610
616
627
622
608
616
616
592
427
598
610
612
607
624
619
612
615
603
604
614
605
437
633
651
663
670
677
686
680
680
679
677
683
675
669
676
679
668
660
662
665
664
672
681
686
678
675
670
663
657
652
647
653
655
653
670
670
668
673
659
667
661
647
663
649
652
656
644
651
645
633
637
630
636
633
638
641
642
643
658
656
658
654
654
658
662
654
637
650
639
643
643
638
636
633
623
620
631
635
644
654
647
644
646
641
641
627
635
635
638
632
639
643
641
635
628
621
614
626
611
605
605
606
605
607
599
590
600
601
611
588
598
590
586
581
594
588
581
589
605
612
616
616
605
604
601
603
593
593
589
589
581
579
580
589
586
586
591
590
572
564
569
560
552
536
497
536
542
544
551
552
556
549
534
528
534
530
528
524
528
521
527
533
532
534
522
522
521
519
519
520
510
503
523
512
516
511
520
522
523
530
538
537
532
527
521
538
538
533
536
544
551
544
552
551
556
554
537
549
543
547
559
536
538
540
540
528
528
530
538
531
541
532
527
536
539
551
546
553
550
550
554
546
552
544
544
548
556
557
556
564
569
578
572
547
584
586
583
588
588
574
576
572
578
579
579
570
560
518
567
576
588
598
591
599
588
598
593
598
603
609
606
607
606
598
593
590
590
589
593
598
598
598
610
610
607
604
596
599
600
604
598
597
604
604
610
605
608
617
616
624
632
637
638
639
638
643
652
646
650
667
674
661
670
672
669
679
660
669
673
669
669
680
682
699
693
697
691
686
684
678
676
674
683
679
682
679
670
672
665
644
614
645
649
663
651
669
666
672
663
661
659
652
663
660
661
656
662
660
647
634
631
620
633
630
628
630
632
632
628
622
626
635
640
649
652
634
626
631
631
628
635
634
624
608
615
597
591
589
583
593
587
601
602
604
605
607
609
616
605
609
612
618
618
625
620
607
617
618
615
615
620
642
644
645
654
653
654
655
655
658
650
646
630
601
2
614
669
681
703
701
708
710
714
701
706
709
705
720
715
714
716
727
726
728
728
727
744
757
760
760
760
751
759
743
754
769
768
769
778
772
764
773
769
761
760
771
778
778
773
782
791
774
781
780
782
780
783
769
750
748
745
719
709
695
673
686
706
715
719
722
731
726
714
727
712
733
728
732
708
705
682
695
694
685
680
660
668
654
657
654
661
652
659
661
655
653
638
627
628
632
628
625
628
628
623
622
618
602
606
609
608
601
598
589
603
590
581
577
574
578
579
568
573
562
577
579
580
582
568
563
561
550
544
542
553
548
549
537
542
543
537
549
548
542
531
525
531
529
518
505
525
526
525
517
511
526
521
521
513
517
519
532
531
521
515
515
506
507
494
504
500
489
508
494
492
494
478
463
464
472
472
476
480
483
473
472
476
475
474
477
462
456
456
447
441
396
382
392
396
309
434
453
459
453
452
459
457
467
470
469
472
475
478
488
489
486
485
480
478
480
479
481
478
486
482
480
484
483
485
482
486
485
480
474
480
487
490
487
500
503
507
508
518
511
521
513
512
517
518
519
504
505
510
510
502
513
518
516
505
504
508
516
514
502
507
498
491
500
496
498
502
505
504
501
497
499
502
503
498
495
501
505
506
513
511
508
511
516
518
519
530
536
541
542
548
549
543
539
546
545
551
549
551
546
553
565
573
574
570
580
591
582
587
579
576
580
578
584
580
581
582
583
577
575
588
585
583
594
592
590
602
596
608
611
604
611
607
609
615
612
605
607
612
608
616
615
630
628
629
630
637
643
640
624
633
640
629
625
622
632
634
632
621
630
628
627
630
619
614
618
615
613
610
605
621
628
630
643
635
620
606
595
575
430
588
590
604
607
596
606
604
601
598
601
598
597
575
580
583
595
601
590
587
598
601
585
577
561
554
514
566
572
580
602
593
586
586
593
605
603
613
623
626
631
626
638
633
630
633
639
640
646
638
642
645
642
639
641
635
621
447
636
664
669
665
678
682
682
694
698
701
700
705
712
719
719
707
720
726
717
713
717
718
722
728
724
721
719
719
719
697
704
704
710
709
708
711
713
722
722
717
715
727
733
719
722
722
734
721
721
711
718
724
713
717
714
710
705
700
681
682
688
695
697
691
688
673
664
652
650
652
673
659
659
661
663
666
675
678
678
667
654
649
653
600
666
655
651
641
628
636
635
646
647
638
631
646
632
589
536
538
542
429
562
581
583
587
602
607
592
553
572
578
565
573
585
584
576
573
568
570
571
560
567
564
552
541
538
521
493
335
396
390
374
379
381
349
518
526
534
540
557
567
580
585
590
593
589
595
589
592
600
583
566
586
565
580
577
563
551
544
539
526
417
545
552
561
559
564
548
533
535
506
560
572
580
572
579
568
565
566
559
559
553
536
535
519
486
517
530
534
541
550
548
513
535
532
534
520
521
516
512
334
478
488
502
504
507
509
502
489
490
488
478
490
489
491
489
494
495
496
489
492
470
299
449
472
466
472
423
397
384
378
391
390
387
413
434
468
485
494
511
510
521
524
522
529
527
523
535
534
529
536
542
555
548
536
541
541
554
563
559
542
544
546
556
553
544
550
551
553
550
553
554
549
555
544
539
532
520
494
538
552
551
565
558
555
544
547
547
371
529
534
529
530
528
540
535
528
531
532
520
514
501
341
507
508
516
519
488
432
412
486
484
475
423
514
506
510
501
513
403
482
515
514
512
515
526
527
517
522
513
507
520
525
512
511
519
528
528
531
536
541
538
535
547
553
560
558
559
562
566
570
592
603
590
604
597
582
572
572
578
570
559
556
547
547
544
550
540
530
508
504
496
486
460
392
387
390
380
379
420
419
420
410
400
397
359
285
398
393
388
382
329
308
340
347
358
352
350
345
334
324
307
262
246
244
265
275
275
275
287
258
305
319
321
321
322
321
312
288
193
238
239
239
303
311
318
329
328
333
337
336
329
334
326
316
311
307
299
291
277
195
265
279
281
279
259
224
246
259
263
275
277
271
282
280
288
284
290
290
303
301
303
301
304
293
317
332
347
360
363
368
374
374
360
395
409
416
422
429
432
430
440
439
442
443
449
451
452
450
455
450
450
438
427
296
405
405
409
404
396
395
390
383
380
370
354
319
328
330
332
321
309
295
279
256
160
158
158
148
156
157
153
141
143
136
341
355
365
373
386
391
400
402
409
415
427
436
438
444
449
451
454
462
478
470
465
453
443
382
440
451
461
467
467
476
478
470
453
440
431
266
459
464
461
469
468
462
470
478
467
473
469
465
466
459
457
451
446
265
421
416
422
421
420
394
191
224
222
239
270
277
286
283
283
285
285
239
451
467
483
501
515
521
529
533
534
544
547
559
556
572
571
590
598
604
610
612
608
612
605
612
621
615
623
627
632
629
630
639
640
640
648
657
664
657
664
667
656
647
634
652
649
660
650
666
670
672
649
645
641
631
613
603
596
465
514
514
530
607
620
617
623
637
645
641
658
657
661
649
649
631
445
609
626
631
639
645
638
645
628
621
624
616
447
603
612
617
613
601
556
616
627
631
641
651
645
654
659
651
656
644
654
636
637
625
624
632
634
625
592
572
585
603
603
600
600
614
623
615
627
632
618
613
622
612
621
615
613
613
612
606
601
610
607
608
607
597
429
583
592
598
596
596
600
610
619
612
619
640
643
641
633
636
639
642
651
656
646
662
660
659
664
648
657
664
663
659
669
667
679
686
681
683
690
698
707
709
720
715
714
711
708
685
667
654
508
669
687
692
700
704
699
709
697
712
710
709
709
712
714
716
716
712
701
688
676
679
661
660
662
670
666
668
677
687
674
679
678
670
673
674
676
681
681
668
669
651
633
626
593
573
598
602
605
594
573
541
624
638
641
630
630
625
621
595
421
560
559
548
595
615
612
607
615
609
608
614
604
580
585
577
581
588
582
553
560
423
340
457
462
497
503
517
523
529
538
542
536
531
534
546
551
570
573
582
600
608
611
605
601
594
587
587
388
572
595
600
614
624
624
626
618
609
606
607
613
602
605
617
615
608
617
638
634
629
630
613
571
573
581
434
585
599
612
625
628
630
633
622
614
616
618
617
588
582
527
545
574
583
596
612
617
627
589
629
629
580
627
613
625
625
624
629
633
633
617
612
616
579
498
505
507
492
555
570
567
580
584
598
600
585
588
588
591
582
584
584
584
593
586
579
574
566
400
554
565
568
580
574
569
573
569
559
556
545
532
535
532
522
531
525
478
532
529
519
522
502
469
461
445
419
431
449
463
458
465
458
471
468
464
456
459
430
316
428
439
443
449
455
453
449
456
459
449
444
425
414
375
413
420
435
444
449
444
441
438
315
435
441
448
459
455
462
452
461
464
464
460
460
442
443
435
415
411
404
389
388
299
300
298
300
299
295
287
286
285
274
256
247
225
211
195
179
155
15
14
13
19
20
20
23
230
237
244
256
267
280
287
299
310
323
323
337
344
345
344
340
376
384
390
402
416
416
428
432
435
434
439
446
443
443
448
442
442
441
439
440
446
447
449
451
445
448
455
458
467
457
459
459
462
475
479
473
472
468
474
460
464
459
457
319
463
457
467
463
475
468
469
474
473
476
482
485
491
488
490
487
449
501
511
518
526
531
530
542
546
554
557
557
564
562
568
560
564
555
567
562
566
566
568
566
560
557
564
560
560
554
563
556
553
554
555
567
578
579
578
565
582
578
582
564
564
556
551
547
540
549
541
545
536
539
534
537
544
535
541
539
536
539
535
543
537
534
534
535
534
531
534
532
515
520
514
505
495
504
510
505
509
505
506
501
505
503
509
500
499
495
497
501
493
498
497
487
488
470
467
469
467
462
453
451
455
453
448
450
439
437
447
455
447
451
456
451
455
452
469
469
474
469
463
459
448
449
451
453
457
446
451
453
450
451
448
438
434
311
421
436
439
453
456
454
432
441
447
450
451
448
449
456
463
465
465
457
439
446
444
445
444
432
432
427
401
430
439
455
458
470
461
462
468
464
472
482
474
482
466
445
468
491
497
499
492
357
494
505
522
522
524
519
378
522
537
546
551
557
554
554
546
552
541
547
545
548
542
544
551
552
546
543
535
519
501
382
483
500
506
504
502
496
490
490
486
483
468
458
451
433
417
405
347
223
222
223
221
221
218
213
330
339
345
351
348
346
345
339
346
373
391
406
423
448
448
453
464
460
456
455
453
443
430
252
349
353
350
439
467
475
495
503
511
511
500
475
512
533
555
563
570
571
575
577
589
592
596
608
600
605
603
596
626
628
641
647
648
649
630
590
639
649
661
661
672
681
687
693
698
704
705
698
697
684
520
703
714
722
717
703
709
704
700
702
697
690
696
690
685
674
671
667
672
690
678
622
686
532
667
667
667
656
666
660
667
665
656
654
652
658
662
659
650
650
644
637
628
623
641
635
634
629
622
633
627
628
613
611
605
596
600
600
598
606
604
593
594
589
572
579
576
551
553
540
524
518
508
485
469
317
392
383
383
407
424
433
432
424
323
421
423
429
426
432
427
429
425
420
415
419
404
401
397
393
384
376
377
368
361
365
361
355
350
335
333
322
316
309
306
304
302
290
290
272
263
263
263
257
249
242
241
230
215
208
173
165
171
163
161
159
152
138
87
87
88
87
87
77
1
3
2
1
2
2
0
1
18
18
29
28
29
18
43
52
56
61
61
62
63
63
64
63
64
43
64
64
63
64
63
64
62
64
63
62
62
62
71
69
70
71
70
52
95
103
108
113
113
124
125
124
122
111
112
103
98
94
48
62
62
61
63
63
62
62
63
63
63
63
60
165
167
168
168
169
169
195
206
210
222
233
239
245
258
265
271
272
280
287
289
281
283
277
208
291
304
308
310
312
237
317
321
338
335
341
320
340
363
372
374
391
395
404
405
418
424
433
440
452
461
477
481
490
486
492
487
488
469
456
462
456
445
445
439
433
418
415
404
392
387
375
343
349
354
350
341
334
329
320
308
297
288
279
168
280
276
264
260
229
209
229
242
236
222
218
124
241
237
233
231
221
192
216
223
223
228
229
220
258
268
272
275
282
281
290
295
299
305
296
290
285
293
178
298
301
319
323
334
336
341
336
342
352
332
305
315
352
358
370
375
387
397
399
395
387
383
361
398
411
392
418
412
403
437
453
455
461
464
470
474
485
485
485
483
482
488
488
493
492
485
483
478
459
366
435
431
420
414
403
391
302
304
302
435
466
466
473
476
478
481
478
462
471
474
469
451
435
408
455
464
471
478
480
494
494
500
502
498
485
309
416
420
421
488
528
541
554
555
568
581
582
587
577
568
525
554
570
577
600
606
611
616
611
619
613
619
625
631
649
647
651
658
655
653
628
588
648
676
679
683
690
691
692
685
688
699
693
699
703
696
677
684
686
681
679
684
678
673
682
688
688
696
705
706
698
701
699
706
707
716
703
711
700
713
710
714
718
727
727
710
709
713
704
709
691
693
687
695
697
684
698
709
706
712
719
717
708
706
716
721
706
498
690
706
689
677
671
653
677
755
797
800
812
807
816
812
817
833
826
825
818
828
828
830
827
834
860
816
788
802
848
852
861
850
858
866
859
844
852
851
848
848
844
826
822
812
807
807
803
796
783
777
757
768
774
767
748
753
729
739
734
730
728
727
722
734
743
743
752
755
746
754
731
592
653
717
763
751
739
748
753
740
735
737
735
717
684
667
607
668
683
683
682
677
671
666
668
660
644
650
625
624
614
596
599
597
607
594
578
582
593
586
575
572
559
562
554
556
558
572
567
571
580
584
573
585
578
570
576
576
585
583
571
577
582
581
578
576
587
579
581
582
566
552
576
590
596
587
595
600
600
602
603
598
590
584
589
574
572
565
559
564
553
545
543
534
523
510
493
474
510
518
518
516
508
512
507
501
487
476
463
423
428
425
415
404
398
384
374
344
192
195
194
189
190
192
173
360
377
410
416
422
436
440
455
457
458
459
450
443
427
378
436
445
453
454
457
455
458
448
458
448
456
452
441
441
435
444
442
278
415
426
420
434
435
296
411
428
439
454
468
480
485
483
486
484
497
502
502
380
488
498
509
520
531
534
549
551
556
561
562
571
581
585
599
610
622
625
623
612
619
602
603
614
605
597
575
415
487
505
534
543
551
553
552
561
566
580
581
575
570
562
552
557
546
543
543
546
543
545
543
550
510
563
556
546
538
528
521
517
504
512
478
385
475
476
466
459
454
443
430
503
502
518
506
507
483
462
406
398
400
403
457
501
508
510
516
515
507
516
518
509
510
519
502
495
497
509
509
502
506
508
509
512
520
520
520
526
525
519
515
526
519
524
519
509
505
504
509
512
518
514
519
510
500
499
504
507
508
514
519
523
517
513
511
518
518
518
521
519
504
498
458
449
491
504
507
515
523
523
534
527
527
518
524
522
527
519
519
524
516
513
385
495
500
500
517
513
516
515
519
512
512
515
499
518
517
499
380
493
500
508
520
524
527
522
511
505
508
508
506
501
496
495
495
492
482
479
479
475
471
471
468
471
469
458
453
446
432
417
437
447
463
459
452
454
456
461
460
460
463
468
478
475
474
468
462
461
460
453
437
431
416
409
402
30
9
32
49
421
432
440
445
454
455
464
476
480
480
483
493
494
505
507
514
518
522
523
524
526
528
535
541
549
552
557
560
552
559
563
558
548
547
558
552
568
569
565
572
584
590
588
595
592
600
603
595
585
577
553
607
608
620
625
618
612
611
610
603
579
595
597
588
590
586
587
596
597
596
594
609
610
576
603
606
596
591
581
578
556
575
578
584
580
567
565
554
552
545
524
373
458
456
448
515
536
553
567
581
589
586
589
600
600
594
596
600
602
591
587
594
605
615
617
618
614
606
609
599
601
613
612
610
598
595
402
600
603
614
622
617
604
605
574
523
565
575
587
597
596
599
598
600
599
602
602
602
598
590
610
604
606
606
609
597
590
552
575
593
607
605
594
594
586
579
562
526
568
575
584
596
616
615
622
623
621
621
610
623
630
636
632
644
638
643
638
637
651
655
645
645
645
643
641
652
662
665
666
675
687
670
672
685
678
683
668
663
676
679
675
673
672
680
684
689
698
699
702
697
697
703
695
684
676
675
666
656
656
654
656
647
643
634
626
632
633
625
629
608
609
597
603
566
542
570
586
581
592
586
589
582
575
573
574
573
568
572
580
581
574
576
578
579
566
563
556
557
559
557
557
560
553
554
553
566
564
568
557
557
548
556
552
546
552
538
538
545
536
543
547
551
541
546
541
546
542
529
530
533
527
527
536
537
539
535
545
540
545
546
545
532
520
496
526
538
541
540
514
358
513
536
541
539
534
538
537
531
526
536
528
532
529
527
525
528
508
507
503
492
379
506
507
497
480
464
445
527
537
538
528
510
509
364
523
546
546
554
554
549
551
548
565
563
570
572
563
570
556
540
502
529
540
548
549
556
550
554
556
396
525
544
555
562
574
570
563
573
561
564
563
559
558
555
557
547
553
568
576
573
576
579
579
584
588
589
574
563
580
574
579
586
589
582
578
576
568
563
559
568
556
544
540
521
489
525
533
537
536
532
523
528
521
513
509
490
326
404
401
396
469
481
497
516
518
535
541
537
530
537
542
539
538
543
543
535
529
529
520
517
358
476
467
461
471
482
528
540
544
542
543
540
538
542
547
539
538
545
560
551
550
550
540
535
532
543
538
539
548
553
552
561
570
571
565
562
560
555
558
563
570
576
583
593
608
601
600
609
608
613
616
624
627
632
629
650
652
662
662
652
653
658
650
648
629
632
636
636
627
623
628
624
621
624
628
622
621
626
621
619
604
598
556
539
517
540
552
558
567
570
574
579
577
576
564
560
554
544
509
484
506
521
540
531
523
520
492
502
492
486
477
462
455
433
285
339
337
264
419
424
440
452
464
468
472
466
466
473
473
462
468
463
465
469
473
470
458
431
254
393
396
272
442
447
468
473
483
484
478
471
271
473
488
487
487
490
482
492
501
506
501
501
354
493
502
508
518
526
537
540
546
546
540
545
546
553
564
568
569
570
566
574
580
575
568
570
564
567
566
567
565
562
556
558
555
549
543
539
540
533
535
522
521
515
504
486
483
476
467
443
344
344
344
339
348
365
384
384
375
354
408
422
439
429
440
434
429
427
421
421
413
396
371
364
336
354
379
383
390
380
359
389
403
416
423
423
427
439
446
449
445
440
326
449
452
458
466
463
468
477
475
474
477
478
467
466
464
452
446
454
462
455
447
417
434
442
448
458
459
448
424
440
456
452
442
447
446
432
437
446
445
444
442
431
430
438
439
290
426
424
429
443
444
444
468
477
474
476
495
492
505
501
506
526
526
532
537
538
541
549
549
532
540
549
544
532
528
528
513
514
510
512
509
504
494
499
491
334
480
467
446
437
334
425
422
405
393
334
297
296
290
248
312
389
431
435
442
440
427
416
348
404
407
395
385
384
292
394
428
437
446
444
433
433
417
400
439
461
466
477
486
489
493
492
506
505
506
502
518
512
503
505
496
433
444
452
465
466
452
391
401
399
401
490
516
529
531
542
545
549
544
548
554
542
545
540
535
550
548
541
536
529
517
323
443
454
460
455
438
398
384
389
303
407
499
507
512
509
517
519
506
481
508
543
541
549
552
553
550
547
557
562
562
562
554
573
570
580
579
576
581
575
587
592
595
599
602
598
613
609
608
609
625
617
615
616
618
629
623
626
631
630
621
630
626
620
623
616
621
626
622
626
635
630
632
630
624
604
567
617
635
631
652
667
657
674
664
660
639
623
451
629
652
656
661
661
670
666
656
688
682
682
691
657
677
672
671
678
676
668
665
663
650
659
655
654
672
677
686
678
683
691
697
695
690
688
679
673
674
681
678
680
685
668
658
558
556
553
562
617
630
642
626
631
643
644
627
632
626
626
620
631
621
624
630
627
629
625
624
622
630
613
557
608
621
633
645
643
648
641
651
647
654
662
656
656
650
661
670
667
678
679
667
659
659
668
665
671
669
671
675
683
678
687
689
685
682
697
695
699
686
682
664
654
463
644
655
665
667
667
661
662
641
647
634
629
633
629
638
636
633
629
627
633
618
623
630
624
612
604
593
585
578
549
423
512
517
415
590
601
602
604
609
625
629
625
633
625
615
618
609
612
604
592
579
541
587
600
597
609
605
600
595
605
599
605
595
582
568
561
543
543
545
539
530
486
473
483
491
510
497
496
497
492
490
470
480
463
454
447
439
436
423
413
416
413
398
398
404
405
397
396
397
390
386
378
382
382
371
370
366
352
353
331
300
195
292
315
312
315
319
313
298
293
196
307
316
321
321
332
335
337
348
350
340
339
345
342
343
343
341
336
333
339
341
334
342
346
337
337
332
329
329
326
323
327
322
327
319
317
315
313
310
308
306
304
294
291
282
254
267
260
258
251
240
229
216
210
209
190
184
134
180
169
162
159
154
140
154
155
159
153
153
149
155
150
145
131
129
121
137
142
139
135
130
118
135
131
133
136
136
135
135
139
141
140
140
142
142
141
139
138
134
123
124
127
129
130
128
127
127
120
115
114
102
63
61
62
59
65
66
66
66
66
67
64
63
66
65
65
67
65
60
61
59
53
55
55
55
53
50
47
47
45
40
36
34
30
26
21
14
15
14
11
4
5
4
6
26
35
38
44
50
51
58
61
63
64
67
68
70
75
78
86
88
91
101
103
108
110
114
120
71
122
129
129
138
141
143
145
150
149
154
154
157
158
163
167
168
171
173
175
179
212
178
182
183
189
189
192
235
196
200
198
240
200
203
203
203
199
192
185
206
216
223
229
226
237
239
247
252
259
271
272
279
278
283
292
302
317
320
334
346
348
345
358
359
347
337
375
380
398
411
416
410
414
407
392
431
439
456
459
467
476
486
500
503
491
511
519
530
530
527
542
548
546
560
568
567
582
585
577
555
574
610
614
633
632
639
661
656
666
666
670
677
674
677
691
697
693
710
708
706
705
693
700
700
698
688
687
675
677
677
675
651
538
541
539
542
538
461
520
528
436
607
621
623
627
637
651
646
647
650
652
651
652
643
638
638
628
623
623
630
624
447
619
626
636
640
633
629
634
631
630
640
640
630
628
628
644
655
661
665
651
653
659
662
661
651
653
665
662
657
652
653
655
657
662
665
655
647
642
637
641
647
653
653
645
652
650
650
646
637
641
646
648
660
673
669
672
691
692
681
686
690
697
709
715
702
704
697
694
697
686
703
703
705
706
708
693
703
702
688
586
589
578
577
562
529
540
542
543
718
747
761
759
769
775
775
768
768
770
764
772
764
769
753
753
748
751
756
753
755
745
734
735
722
711
691
717
710
721
730
716
708
700
655
623
651
676
685
675
682
670
664
655
653
642
623
606
461
605
607
606
601
602
604
601
599
592
589
583
565
560
516
557
578
589
595
592
596
612
598
589
584
571
569
544
548
535
533
519
511
495
489
489
482
472
470
462
465
480
489
486
496
497
501
501
498
503
505
496
486
498
500
493
503
503
496
504
500
501
502
507
503
492
495
495
493
494
497
490
496
484
492
496
463
350
461
480
479
490
492
495
496
498
502
507
511
517
514
514
515
511
514
514
510
518
518
521
522
513
510
522
528
529
535
518
518
513
497
500
495
492
485
486
480
478
474
471
466
452
467
468
458
464
456
455
449
446
442
446
435
435
435
431
429
432
421
419
411
394
407
401
397
400
394
397
384
375
370
379
366
361
360
357
353
349
348
349
344
342
337
338
339
335
328
319
320
315
290
307
311
298
294
304
298
295
291
281
283
279
277
274
278
272
266
260
256
241
230
214
232
236
241
242
243
241
242
244
245
242
243
247
246
221
209
216
214
219
216
209
202
200
200
192
186
179
174
172
167
164
165
162
157
148
149
145
136
130
121
113
113
112
111
109
103
100
97
95
87
80
78
72
70
62
61
52
48
43
34
27
21
17
10
3
10
12
16
21
26
33
39
46
50
53
54
61
58
59
62
61
78
80
85
91
93
104
103
107
67
128
134
146
149
150
154
160
164
176
184
187
186
193
197
203
206
213
212
226
228
229
235
231
238
243
244
251
252
253
263
261
260
252
241
254
266
262
273
274
277
281
280
275
290
289
289
284
283
282
290
291
291
302
302
298
305
309
305
308
314
313
316
311
316
315
309
290
322
329
336
341
351
353
359
363
356
351
334
362
372
370
380
380
372
382
389
393
401
403
400
414
419
419
422
409
399
397
395
371
433
437
440
449
452
454
457
457
454
438
396
435
453
461
461
472
467
443
468
486
500
505
518
521
516
520
529
533
540
554
563
565
561
569
573
581
588
596
595
590
590
600
588
596
600
600
619
616
616
636
634
645
635
642
640
635
629
626
623
615
576
613
631
637
642
644
640
639
640
633
637
629
630
620
583
645
650
647
645
646
635
634
634
635
642
635
645
635
640
636
639
638
641
659
646
644
651
649
664
652
640
656
648
660
655
647
649
649
651
650
653
650
648
648
656
638
639
644
633
588
621
639
648
663
668
676
662
655
666
675
676
680
691
684
683
688
691
682
678
669
674
662
656
642
653
649
639
646
631
632
627
563
592
608
599
430
598
610
617
621
616
624
610
620
620
610
618
613
614
605
602
580
571
537
604
615
629
628
633
637
639
640
636
642
653
646
627
609
570
613
628
638
644
644
635
636
625
626
624
610
605
588
581
570
562
554
540
534
480
292
309
307
290
296
290
280
299
303
265
462
497
511
520
535
538
534
536
540
541
545
537
530
509
482
503
509
517
516
511
521
512
528
529
528
532
533
532
532
533
528
535
539
541
530
521
520
519
511
508
503
495
488
488
480
473
470
464
465
462
458
447
443
434
424
417
405
363
412
417
429
423
420
430
426
426
431
422
415
400
391
265
413
421
428
428
426
419
420
417
408
405
397
264
424
423
431
441
447
448
441
445
447
442
451
444
437
419
376
405
416
429
437
443
446
456
459
465
469
471
466
462
459
337
462
473
486
500
508
510
521
532
525
528
529
531
533
540
550
558
569
567
559
562
562
550
547
539
524
509
338
504
519
522
528
517
512
507
487
449
505
527
532
551
555
555
553
540
547
549
544
542
538
543
534
538
517
347
529
543
544
544
546
549
556
559
567
560
544
479
495
498
395
563
582
600
605
617
622
625
625
623
624
626
629
632
637
637
649
651
650
649
654
653
655
660
666
662
676
671
660
666
663
669
669
673
673
677
679
686
681
685
693
668
675
679
681
674
667
658
669
655
659
671
663
647
447
635
640
644
625
611
587
597
626
615
605
597
549
593
609
606
589
561
539
558
610
606
609
617
614
620
627
617
626
612
617
620
616
622
620
627
622
614
613
611
622
619
612
593
611
603
611
614
619
620
617
625
623
624
619
611
627
627
625
619
611
617
607
620
614
603
613
616
606
601
588
571
401
576
588
589
585
586
563
530
573
583
591
600
603
607
602
611
613
621
624
627
630
628
625
633
631
633
619
626
623
632
628
612
597
572
589
611
620
629
633
632
625
629
632
629
623
629
638
645
645
651
659
661
669
664
666
679
675
680
681
693
686
680
682
676
680
669
632
675
694
690
695
697
694
692
696
693
696
708
708
699
706
713
716
721
711
709
674
657
683
705
726
731
724
716
733
757
763
765
755
758
745
764
784
776
768
764
773
769
769
782
777
776
772
768
766
763
770
768
761
769
767
773
767
762
763
768
764
765
769
770
778
768
749
565
755
772
784
803
800
804
805
812
805
797
787
789
783
755
531
780
781
794
788
776
766
739
522
730
738
736
740
737
749
756
760
759
768
763
779
783
797
790
784
775
772
754
665
626
622
623
612
682
698
717
727
726
725
729
736
729
730
740
736
726
728
718
700
690
672
654
620
483
554
533
551
618
638
644
646
647
651
652
645
644
640
634
623
618
401
605
610
620
618
624
616
624
625
615
606
633
628
629
633
629
624
636
620
612
622
613
615
616
618
628
636
630
630
640
625
619
567
584
590
573
443
623
620
639
645
659
673
658
661
665
669
665
667
669
653
647
661
665
667
667
663
658
664
650
635
631
615
570
585
583
572
466
380
356
354
358
322
345
359
354
346
347
305
335
597
622
633
628
638
644
637
650
651
652
652
668
650
645
662
658
669
649
649
487
639
652
676
679
677
675
671
664
661
666
654
648
639
629
606
597
575
516
576
591
598
598
608
609
604
597
602
599
594
593
583
580
578
577
578
567
571
549
555
543
538
530
533
519
516
497
475
386
409
416
417
420
407
385
470
475
469
461
449
305
480
525
531
525
529
527
533
527
519
523
514
506
344
472
467
474
474
454
535
554
575
590
586
599
603
607
614
613
617
619
608
608
599
603
552
408
558
585
590
600
608
610
613
617
623
625
606
621
635
643
645
655
662
669
664
660
670
676
687
696
704
713
716
722
723
737
737
737
731
729
740
736
725
715
717
719
717
713
709
693
693
699
696
696
692
679
676
650
608
599
631
636
636
627
615
563
625
631
643
641
633
627
617
606
598
598
591
571
543
476
487
484
484
448
490
505
509
513
518
514
508
512
519
525
511
480
328
345
350
355
358
289
357
362
356
425
440
458
502
509
519
526
536
530
540
533
534
532
537
547
542
557
553
565
573
568
572
567
565
567
557
549
550
529
519
525
515
516
507
494
493
479
452
394
397
394
394
462
479
496
498
509
504
513
506
358
490
493
491
491
503
501
508
509
503
497
491
490
487
478
344
482
504
515
520
516
513
511
511
514
520
520
531
537
538
538
533
526
518
512
512
493
482
464
463
457
453
440
424
415
413
401
390
277
296
295
279
308
339
340
338
336
267
361
369
374
372
368
368
367
359
347
351
348
350
342
328
325
310
311
274
331
344
348
353
359
353
357
354
344
327
329
197
336
338
338
335
314
300
321
328
345
358
364
363
361
367
359
369
354
206
351
370
378
392
405
404
410
410
415
417
424
417
420
412
383
414
423
432
443
438
413
447
456
464
468
477
478
480
484
494
492
494
494
499
521
526
541
545
550
550
539
379
515
555
570
583
587
597
595
584
589
585
577
580
569
567
564
562
567
559
561
555
561
549
527
372
525
534
547
556
542
548
533
544
546
548
542
371
490
492
480
549
569
580
591
600
601
600
589
395
592
597
596
606
611
609
596
588
595
597
598
597
600
602
603
599
597
585
582
577
555
519
534
540
538
524
493
411
418
344
500
519
532
542
549
556
546
525
496
535
540
542
553
547
534
387
561
562
561
574
583
587
584
579
578
577
569
570
574
567
583
573
573
572
565
553
561
541
371
537
539
538
521
501
470
476
510
509
504
493
450
478
490
491
488
467
381
392
394
390
466
491
504
512
524
530
530
542
552
572
576
568
576
578
583
586
583
590
601
603
612
604
605
609
619
628
627
618
623
628
618
615
612
598
589
521
543
550
437
632
645
648
662
659
672
670
678
676
680
684
694
690
698
704
714
705
719
722
716
725
712
717
718
724
710
707
711
717
720
717
709
717
703
703
706
710
712
712
700
502
684
687
695
704
690
500
702
692
698
692
684
685
687
689
691
692
687
685
687
673
661
639
455
554
548
453
603
612
619
639
641
658
668
670
662
672
678
677
680
675
670
663
666
669
662
655
665
670
670
672
684
685
673
682
679
674
670
654
658
638
656
581
584
568
563
593
608
616
627
625
641
655
656
657
667
668
670
674
666
669
663
658
650
644
647
648
627
605
580
615
625
630
615
610
607
607
613
600
609
605
604
603
598
604
588
594
599
587
582
430
572
587
598
594
595
604
603
598
605
602
596
599
616
600
605
604
592
403
587
601
604
614
616
624
622
621
612
609
621
614
620
624
622
619
618
623
609
603
595
581
561
519
478
397
532
551
581
593
597
613
614
617
613
611
554
605
624
630
633
650
640
642
639
644
644
631
625
629
627
626
614
616
618
617
614
612
604
596
584
549
506
546
570
579
579
586
566
567
567
554
562
551
542
515
484
333
501
520
544
544
546
550
543
541
536
534
531
305
521
518
523
527
539
536
540
544
537
534
534
533
543
545
556
561
569
566
387
538
547
568
579
576
574
566
519
584
614
625
649
671
669
677
688
687
686
693
691
704
691
701
695
701
702
698
710
719
720
721
716
722
722
728
742
668
543
740
739
731
736
737
732
731
725
718
720
714
705
705
720
724
715
714
708
710
707
712
713
705
691
684
695
698
690
679
528
663
671
680
683
678
686
682
679
675
663
655
659
654
657
650
658
647
637
618
610
616
611
608
607
608
604
583
565
542
488
544
550
560
552
559
556
538
527
349
509
522
530
522
528
529
516
521
522
522
518
541
529
539
527
529
522
523
527
515
504
506
501
498
495
497
493
480
456
322
369
365
322
370
368
364
451
481
486
491
500
498
502
513
514
515
514
511
503
499
509
511
516
517
521
527
525
517
517
513
508
485
471
493
512
509
501
495
486
311
464
468
474
471
464
457
434
289
296
315
304
329
335
272
478
494
508
531
529
535
547
559
569
566
560
571
574
584
579
582
593
595
590
586
583
576
571
411
571
581
584
602
602
596
595
598
599
602
608
603
593
601
603
600
609
611
613
619
615
624
623
628
636
644
641
642
639
632
629
631
648
641
644
632
630
627
622
619
603
605
610
603
601
603
604
599
608
611
606
610
599
601
602
587
586
565
577
586
570
561
558
561
542
398
534
533
541
532
530
521
511
474
443
458
479
482
483
457
438
472
494
490
498
500
498
504
497
503
512
507
510
500
498
499
491
496
506
512
491
481
477
473
465
475
485
529
533
528
533
527
540
550
526
546
539
544
542
537
539
535
403
541
556
555
564
566
569
570
582
581
578
578
585
590
594
596
597
597
593
588
593
584
590
592
590
589
575
571
571
548
478
489
501
338
566
577
588
591
601
608
602
603
613
606
582
404
589
620
629
637
634
620
625
631
637
632
654
645
641
656
655
660
672
669
679
690
689
711
708
715
719
702
695
709
704
702
709
720
717
725
716
720
722
707
699
705
704
697
694
688
692
691
677
665
668
641
611
661
667
686
676
677
679
675
659
530
537
526
532
622
640
653
653
650
656
661
659
661
652
654
647
641
650
655
653
648
647
622
647
651
645
639
635
641
642
642
639
648
648
645
646
644
647
636
635
632
634
627
635
630
633
628
639
623
624
625
624
621
623
615
623
621
622
624
626
624
620
610
601
599
598
600
612
603
590
596
586
399
580
584
581
579
539
415
506
503
413
575
608
616
615
635
634
632
641
644
650
647
651
648
639
637
633
634
622
637
634
633
631
627
630
631
614
619
623
616
608
615
622
624
623
637
637
629
623
625
624
627
617
619
630
631
639
641
638
645
647
653
652
639
659
653
658
661
660
660
666
672
675
672
661
674
666
668
679
688
692
695
684
687
696
685
681
660
638
632
584
648
652
655
666
667
662
669
662
662
663
654
661
659
655
660
671
666
677
675
660
679
673
667
689
687
680
683
690
693
689
685
692
696
693
690
691
696
691
682
680
661
672
655
661
635
631
629
633
620
602
585
548
517
546
564
576
578
586
585
508
581
576
559
545
523
532
517
509
493
478
453
228
256
253
239
240
225
339
378
398
411
414
420
422
419
420
466
473
488
502
512
520
520
524
509
503
323
489
505
520
532
539
542
546
553
552
547
548
533
532
532
531
534
529
533
539
545
546
542
531
521
507
496
470
217
217
217
189
216
216
215
204
199
192
194
195
185
203
203
182
209
224
180
568
575
597
592
623
625
644
669
691
693
694
705
707
720
720
716
739
764
764
765
756
748
744
750
775
765
763
768
761
760
782
788
788
791
800
789
795
800
796
788
795
789
794
776
761
758
763
765
771
756
756
755
757
755
756
756
749
739
734
718
715
718
695
688
668
652
633
614
446
462
462
455
523
567
574
581
597
609
621
630
622
601
600
590
486
451
343
420
419
426
453
462
462
464
464
461
337
484
559
573
576
591
599
588
585
576
602
597
606
615
606
600
601
609
606
592
589
589
579
577
570
573
574
564
548
545
543
505
359
510
515
513
502
483
406
409
420
416
410
330
459
481
488
495
507
478
515
518
508
507
505
504
489
389
421
434
440
442
445
442
385
369
377
376
304
419
449
492
526
540
547
552
578
593
597
603
590
589
589
598
599
607
611
621
626
641
643
637
634
640
628
615
570
621
634
650
652
664
676
670
662
679
672
673
674
665
673
682
670
679
676
675
661
658
653
657
661
651
663
663
664
666
668
665
663
664
657
666
672
665
662
662
669
653
650
646
659
672
665
659
659
660
661
662
657
675
689
677
682
686
694
696
675
671
681
677
677
690
682
696
697
696
695
704
721
723
719
710
705
697
689
678
618
641
644
623
615
664
679
682
676
681
679
682
675
686
688
672
659
652
647
642
631
622
624
630
619
615
621
614
616
610
600
603
607
604
602
590
454
598
597
602
616
629
624
615
616
618
623
622
630
625
609
480
606
609
617
608
600
604
603
606
600
603
590
595
579
573
579
568
561
560
565
558
567
556
549
545
534
525
511
508
503
500
495
488
478
473
468
452
442
429
400
387
357
331
357
370
374
373
362
355
344
323
298
340
347
344
335
328
310
296
328
342
341
337
330
331
317
191
286
288
288
289
281
277
268
263
254
253
243
214
224
226
227
229
222
218
206
196
62
136
138
138
138
137
106
155
163
162
184
153
91
130
128
129
197
209
218
228
238
160
253
266
282
302
307
315
326
324
323
345
374
377
390
402
409
415
425
437
438
436
435
438
440
437
432
432
433
416
413
402
384
380
304
326
362
302
231
329
315
254
295
289
294
292
282
281
270
134
134
135
134
135
134
135
132
126
82
109
105
75
243
249
262
276
274
272
269
264
242
292
314
318
326
338
340
350
350
350
352
349
346
342
338
333
222
265
265
270
275
275
277
278
277
283
277
268
260
250
88
213
224
227
238
240
235
233
246
246
234
200
126
142
145
145
158
179
189
199
204
203
201
204
202
332
350
367
375
374
376
389
435
449
460
478
494
496
513
524
533
537
539
549
564
560
569
567
560
561
551
532
529
518
514
502
505
498
492
473
460
453
442
356
405
401
404
393
399
395
386
383
375
372
368
364
352
337
330
319
271
293
294
300
303
300
293
283
280
268
260
255
248
177
177
179
139
236
238
251
251
247
252
246
241
231
224
226
227
219
216
217
204
128
189
190
191
190
184
84
188
191
192
199
201
197
192
186
184
170
155
127
128
128
128
126
122
118
103
102
86
87
86
87
87
86
84
83
78
76
71
68
1
1
1
1
1
1
1
3
8
1
50
75
82
81
88
91
96
95
95
100
106
37
163
165
172
191
192
189
206
222
227
234
235
239
246
261
192
300
304
326
335
338
346
355
353
358
370
383
393
395
405
423
433
451
453
466
468
462
464
458
454
447
436
417
455
472
471
479
487
487
496
495
496
502
510
356
510
513
521
523
525
551
535
553
546
549
526
493
529
549
562
560
562
563
442
536
562
583
597
593
596
597
600
600
602
601
604
604
606
610
605
611
614
613
603
604
619
576
430
628
631
633
624
621
624
610
565
617
643
644
661
665
660
661
663
674
677
670
670
668
664
663
663
637
634
640
651
658
660
652
632
654
638
637
635
622
623
611
603
561
548
541
523
508
496
482
457
184
183
182
183
182
350
461
472
483
496
503
524
526
326
564
586
593
603
614
624
636
646
643
655
660
668
674
679
681
692
684
682
697
699
699
711
711
707
716
719
716
720
713
717
712
718
705
710
710
711
704
714
711
708
712
695
712
712
698
713
690
514
694
705
719
716
715
709
709
708
519
683
685
694
711
702
716
717
715
708
702
708
705
696
703
704
712
693
698
691
684
679
682
678
665
656
641
647
644
635
633
637
634
630
631
622
619
631
595
571
589
620
636
645
635
638
640
637
631
625
608
408
619
629
628
638
635
628
630
602
564
608
621
624
641
646
641
621
624
618
606
606
603
603
598
588
594
598
593
582
571
564
547
527
387
502
504
501
487
480
479
467
459
453
444
435
393
429
433
435
421
423
410
409
411
399
391
393
381
375
364
361
331
368
376
370
357
360
361
356
357
350
356
356
360
346
340
322
315
273
285
296
241
299
307
298
298
285
274
269
262
239
236
218
103
114
116
117
115
117
117
203
222
225
235
256
256
264
264
272
274
266
250
171
221
223
313
363
372
388
398
402
408
414
422
435
441
446
442
446
432
471
485
494
498
511
516
529
529
531
532
532
533
537
537
545
543
541
546
538
518
512
503
490
481
469
439
330
360
359
348
424
435
435
441
445
446
445
447
440
445
435
423
411
395
379
414
431
420
412
380
353
380
394
401
403
398
393
381
385
372
208
338
344
357
373
360
348
337
187
236
242
233
239
240
243
382
387
387
395
407
410
419
422
421
428
429
434
441
412
381
399
405
432
445
449
458
464
456
475
482
486
495
508
512
515
519
523
533
535
546
555
568
565
566
544
540
549
538
539
531
532
527
526
519
523
525
520
514
507
508
497
485
469
455
321
471
476
488
487
476
468
453
445
291
429
446
448
457
455
461
458
457
456
460
459
470
480
480
474
464
454
425
467
482
484
495
490
489
487
476
333
409
417
309
470
493
502
514
501
524
532
531
529
530
513
380
500
523
530
537
560
567
569
565
569
563
568
562
545
543
566
569
582
585
585
583
578
574
571
419
557
555
562
567
563
568
562
566
558
561
550
554
566
553
546
554
553
544
544
538
534
539
528
529
519
540
536
526
519
518
509
508
497
479
476
457
432
415
374
366
361
290
429
438
439
435
434
433
418
399
372
403
413
430
435
430
430
423
421
407
399
375
316
318
320
260
391
411
417
407
407
408
417
396
377
402
411
431
444
453
467
479
484
489
495
518
512
517
510
513
523
526
534
537
534
529
531
535
531
528
521
521
517
497
363
513
523
529
535
529
536
541
540
533
537
521
476
486
500
499
504
506
501
491
418
404
408
431
487
496
512
524
515
525
526
520
522
532
532
527
527
521
527
525
528
536
526
522
519
517
512
512
505
502
501
495
495
503
497
497
484
477
472
456
318
443
445
444
439
431
427
419
414
395
391
388
373
365
334
265
284
305
194
370
394
413
418
420
421
414
404
367
408
408
419
425
395
376
391
394
403
401
404
318
371
371
370
457
492
497
517
530
539
543
553
557
575
580
588
601
602
606
618
638
643
632
620
618
618
607
610
597
576
525
514
555
598
602
614
621
633
631
637
631
629
640
644
654
644
639
634
626
639
637
637
623
600
389
395
534
612
622
630
641
650
646
646
641
613
567
622
635
648
637
639
637
650
646
647
640
612
424
586
616
608
610
613
610
611
621
626
625
630
637
595
653
648
629
660
663
664
673
668
660
655
669
678
698
692
690
666
677
677
686
686
682
665
650
652
642
615
696
714
723
722
726
724
725
730
741
742
756
752
765
765
774
776
772
770
762
769
770
773
774
769
771
762
770
768
755
755
754
738
594
598
596
597
640
670
668
672
671
490
673
679
695
699
707
717
716
721
710
707
695
709
704
700
705
713
710
715
722
719
720
716
714
718
709
719
709
717
713
712
703
701
694
683
652
470
654
667
663
668
662
666
675
676
665
622
652
654
658
653
624
615
607
580
561
581
599
599
601
604
607
609
593
590
581
585
575
574
581
585
590
597
588
596
605
613
597
597
592
584
602
603
600
605
601
602
603
607
612
609
618
622
617
605
604
619
618
614
617
611
613
617
615
605
599
597
586
572
567
516
434
487
511
572
608
618
634
636
649
654
649
650
654
653
621
448
622
640
645
649
662
663
664
640
628
577
639
660
674
673
699
696
691
693
692
697
693
705
711
708
712
703
707
704
702
708
713
710
712
718
714
714
729
732
738
714
706
529
709
717
748
748
744
739
737
754
744
741
759
767
769
770
782
775
784
800
801
811
813
819
818
823
823
831
839
848
840
830
837
844
851
839
850
846
846
853
857
851
842
845
837
834
828
817
783
607
786
806
810
805
802
792
780
771
767
753
746
740
720
715
700
688
670
657
648
608
506
633
630
630
638
636
626
620
607
609
596
602
598
585
582
568
558
538
518
332
480
495
499
505
505
500
493
474
472
462
451
444
412
226
396
405
407
414
421
413
393
390
363
309
350
358
363
365
368
365
366
369
355
345
336
311
283
304
330
345
350
364
358
363
362
368
375
369
367
359
339
355
391
397
406
412
411
416
415
407
410
405
295
413
428
445
452
468
470
470
474
470
470
473
472
479
489
504
508
506
506
508
514
513
508
493
461
501
513
514
504
504
500
494
486
484
479
393
394
349
462
465
471
494
495
497
512
513
519
517
529
535
544
540
549
563
566
572
572
583
592
598
595
607
604
606
609
606
591
604
601
597
591
602
594
591
591
579
565
558
552
539
530
522
510
503
495
490
250
243
247
246
247
255
263
249
321
410
417
427
429
431
459
475
480
488
508
521
555
563
559
550
556
561
559
553
556
547
546
545
539
539
538
534
531
540
527
525
537
539
545
544
547
553
547
541
544
545
546
539
535
534
547
544
532
536
542
543
545
551
551
544
544
555
558
565
572
551
557
560
548
552
557
552
545
545
536
533
529
532
525
520
514
509
506
499
497
490
491
490
486
485
491
491
479
465
458
452
430
398
396
393
383
305
429
441
448
446
441
440
431
433
423
424
401
371
409
407
414
421
410
414
407
409
404
406
403
400
395
386
375
367
347
308
328
335
338
350
347
345
327
316
309
298
284
79
125
113
119
151
165
162
190
209
214
143
229
233
247
250
140
257
275
282
296
320
331
333
342
332
337
328
312
373
372
388
389
382
381
426
429
434
439
445
455
462
474
479
481
482
480
482
481
482
483
480
473
456
329
338
406
424
476
487
490
497
496
498
505
503
510
514
515
492
365
507
516
521
533
540
549
551
548
543
540
541
545
546
546
541
539
544
544
538
535
529
520
507
483
477
441
262
465
459
454
455
442
417
397
380
208
208
208
208
199
205
211
212
192
151
180
186
139
396
424
433
437
441
243
460
495
511
526
532
542
548
561
569
567
566
578
585
600
604
599
584
451
570
594
606
620
633
625
634
627
634
633
630
617
630
639
646
658
644
647
651
649
645
655
642
655
658
660
664
670
658
651
637
635
602
655
668
670
669
668
657
465
671
678
693
706
718
705
679
688
686
684
683
686
683
678
675
673
677
666
656
659
655
644
636
611
589
575
566
553
379
435
430
424
490
493
508
488
472
466
487
506
527
543
537
509
546
570
569
578
578
578
561
550
399
566
581
582
577
556
425
549
573
582
604
609
607
604
606
604
598
585
575
564
562
558
560
555
557
545
530
515
494
463
403
418
419
421
420
418
403
397
380
334
369
380
384
377
368
361
370
362
363
349
341
318
281
324
336
341
338
328
325
314
284
325
344
334
366
376
359
370
374
354
345
321
315
255
252
221
232
235
235
233
231
233
245
263
287
388
397
406
418
422
420
431
447
443
440
454
443
419
399
337
359
361
306
419
458
469
483
499
495
523
532
352
514
527
534
543
561
565
564
549
526
553
579
599
605
620
618
628
633
642
645
649
652
678
683
682
693
692
703
698
692
681
672
647
646
647
641
631
619
596
590
587
589
588
606
586
595
588
580
566
468
583
581
585
591
589
600
605
602
586
580
577
581
581
593
597
587
574
578
563
540
593
604
611
614
619
613
603
619
618
615
614
606
603
596
543
594
604
610
622
622
628
625
620
617
597
611
605
606
614
615
610
602
597
584
571
564
513
490
463
463
545
551
561
573
584
591
591
596
600
602
594
591
585
587
588
599
593
591
587
578
580
580
574
557
570
569
570
566
564
576
565
316
548
551
548
552
556
559
545
527
512
495
433
259
294
279
257
279
277
278
299
309
250
462
476
482
492
500
507
519
518
534
542
545
546
548
544
546
570
581
588
594
603
603
608
612
610
609
625
622
626
628
638
646
638
644
639
641
638
646
648
656
665
652
658
668
665
678
662
660
667
654
644
648
640
644
646
632
613
581
562
547
596
618
661
672
678
678
679
679
685
682
676
645
423
632
642
659
661
659
661
659
648
634
611
613
581
385
440
403
467
480
482
433
633
656
667
691
700
703
715
718
733
729
724
725
709
717
712
722
722
717
714
567
706
719
724
726
726
726
720
712
695
687
695
703
697
690
673
659
653
649
626
608
534
580
593
590
591
538
541
577
577
581
534
566
565
555
543
530
528
528
515
507
433
271
416
426
282
451
455
482
488
489
471
469
458
398
407
418
313
456
472
477
483
489
492
496
492
499
500
490
485
493
487
490
476
466
469
460
460
459
465
445
360
435
442
441
448
452
442
446
445
449
442
437
439
437
427
416
412
407
401
398
398
396
391
380
273
347
341
345
337
314
273
271
274
270
265
259
249
235
230
106
127
127
99
118
119
113
112
102
31
106
105
97
94
88
70
60
48
8
9
9
8
9
9
9
10
10
10
10
10
9
188
197
208
210
224
235
247
254
264
278
287
286
306
301
233
336
349
349
363
367
263
420
428
441
442
468
469
496
497
505
510
519
523
541
542
543
538
524
491
537
540
550
553
569
574
575
579
594
609
615
634
637
643
649
656
670
674
681
688
690
686
670
678
662
665
661
663
662
671
664
673
670
649
652
645
648
657
670
669
653
514
652
671
671
672
675
672
674
675
680
677
671
666
667
664
659
655
644
636
622
622
615
609
620
617
608
599
598
601
599
589
586
590
573
574
563
547
541
533
528
518
487
340
408
403
389
483
489
490
486
482
474
461
443
430
427
418
320
322
320
260
319
323
312
306
308
302
293
279
261
260
252
247
132
100
1
1
1
1
10
17
25
25
25
2
25
25
27
198
213
222
227
230
102
277
288
300
318
326
348
362
369
385
404
414
427
435
435
438
469
486
498
516
531
533
563
569
565
576
573
589
590
595
605
614
620
620
615
630
631
638
633
617
626
608
472
639
643
647
654
651
650
635
593
661
681
679
673
665
655
611
680
695
711
716
725
729
728
731
744
753
746
749
764
768
776
787
798
796
803
805
806
808
791
620
778
785
799
803
801
806
814
816
817
815
827
825
823
835
830
833
829
836
826
797
806
801
815
833
833
831
831
828
829
816
817
811
785
768
784
783
779
779
779
783
770
776
785
782
772
763
758
735
645
605
562
576
580
577
656
750
763
767
767
779
498
826
845
865
861
871
881
885
898
912
914
930
934
943
964
980
974
969
984
984
983
993
989
983
982
979
978
974
961
960
952
960
958
954
947
950
955
944
928
921
896
669
894
902
903
911
875
873
877
870
867
856
842
843
821
806
694
770
795
806
828
824
806
809
782
755
723
708
652
734
747
760
758
754
753
760
773
774
753
763
761
755
750
742
746
716
694
495
657
684
691
696
705
707
710
711
711
690
686
679
647
614
561
619
653
663
665
676
665
674
677
681
685
686
684
685
681
673
681
673
659
666
659
647
637
635
621
614
606
599
595
576
575
541
374
534
543
550
549
534
515
507
485
470
419
414
418
403
434
438
432
442
449
445
438
429
428
418
406
394
406
400
392
388
376
364
342
251
346
349
350
348
336
330
316
318
179
286
288
282
275
262
257
247
243
231
221
214
100
178
179
177
173
167
65
127
127
125
123
108
82
82
81
82
82
78
19
49
53
57
57
39
20
24
28
6
29
31
33
17
161
207
218
226
233
240
249
257
268
270
285
293
304
301
303
316
314
316
343
350
359
362
376
384
397
397
401
400
398
397
386
397
404
399
395
409
415
418
419
412
394
373
399
399
409
413
303
412
417
425
417
386
303
339
336
338
394
420
424
425
424
317
453
461
469
472
478
476
476
479
480
482
482
484
481
481
486
495
497
506
512
517
510
501
506
493
488
465
433
490
496
494
499
507
519
514
523
533
541
549
544
532
515
511
499
486
475
464
454
446
439
430
425
414
401
399
379
97
94
92
78
67
81
80
71
88
95
97
72
96
102
115
129
127
72
129
130
129
367
390
428
437
443
454
455
451
238
481
512
511
510
517
509
514
520
520
519
521
521
519
519
518
502
447
434
381
46
45
44
37
10
19
10
9
10
10
27
27
27
20
28
28
446
469
497
519
532
540
557
574
588
615
625
624
657
680
682
718
728
733
738
733
729
735
729
542
739
741
747
746
733
736
737
745
746
743
742
738
735
726
720
707
720
713
730
717
707
707
684
660
713
720
728
727
733
734
733
717
463
712
731
734
737
738
734
741
728
719
703
672
573
591
591
588
573
660
678
685
691
700
704
707
708
710
708
701
700
696
688
686
688
681
666
667
657
646
646
648
633
636
624
627
634
632
639
628
623
606
605
608
600
590
599
595
590
596
584
594
584
591
591
585
588
588
583
582
583
584
574
562
567
575
580
576
582
570
571
563
569
572
577
575
570
566
547
554
547
561
565
563
559
556
566
561
560
392
539
571
577
569
562
558
532
373
458
461
452
512
522
541
542
550
561
573
573
577
573
574
573
579
582
585
576
574
581
584
589
590
593
591
591
593
597
590
591
573
579
565
540
404
561
559
593
591
593
597
597
610
599
599
606
595
576
428
582
597
602
590
600
606
617
619
619
622
611
596
555
588
605
611
614
616
556
600
606
614
614
618
559
630
635
641
654
656
636
665
663
655
660
677
651
676
681
687
693
697
693
686
687
692
691
693
689
699
701
700
698
693
697
692
682
689
690
690
687
682
699
686
694
694
694
676
672
669
506
641
667
668
680
680
679
690
690
685
689
682
682
691
688
693
682
677
681
669
680
668
652
663
674
683
684
678
672
648
625
613
593
604
633
666
676
679
660
670
666
660
664
633
586
608
619
620
619
620
438
635
639
644
645
635
632
651
653
649
662
672
680
672
671
683
692
689
680
668
655
639
687
703
707
697
702
714
719
705
706
707
719
715
718
687
511
695
712
732
745
755
762
757
762
771
788
791
787
806
810
818
820
815
811
807
814
810
793
756
735
754
804
809
818
820
810
784
800
805
824
816
824
831
835
830
828
830
832
838
835
833
835
832
834
821
813
816
826
827
817
795
785
785
780
782
767
752
742
756
751
737
731
724
728
723
731
731
734
728
726
717
714
703
704
693
678
659
641
635
628
617
606
600
595
582
571
566
541
447
550
538
546
540
526
523
514
509
509
499
498
476
468
456
440
400
434
437
445
437
431
413
398
392
378
345
229
333
339
335
344
337
342
335
332
329
332
336
322
324
321
309
304
278
235
267
275
285
287
285
288
290
292
291
293
292
282
284
273
267
267
256
230
249
259
263
268
277
271
270
272
263
263
257
252
246
239
241
240
231
156
160
170
137
234
152
278
285
276
270
294
286
278
313
333
345
357
365
374
381
397
406
415
420
425
422
423
411
443
465
479
487
489
492
498
498
506
512
517
527
531
523
531
532
533
538
506
498
483
498
503
550
549
544
526
514
492
424
440
447
343
503
522
540
533
551
541
541
539
530
515
521
513
506
502
501
504
488
483
483
462
430
467
487
487
501
504
501
494
480
421
424
428
302
477
484
493
497
500
492
494
485
453
472
475
483
490
499
487
509
496
485
460
478
518
536
551
553
552
560
563
564
569
578
575
583
586
592
584
582
575
584
571
583
592
584
569
560
515
575
589
596
604
592
565
613
620
625
627
607
422
623
632
637
636
628
631
627
627
625
616
622
617
614
612
612
607
598
596
582
558
527
557
566
569
579
569
560
554
550
551
547
532
527
507
490
351
525
531
533
535
531
535
539
540
534
535
532
532
540
529
515
503
469
331
474
478
487
497
493
469
418
471
479
486
500
503
510
503
501
497
491
432
469
484
488
493
514
501
498
480
354
425
427
425
511
522
533
545
555
564
582
594
598
610
621
638
639
644
641
632
641
642
650
635
634
643
631
638
630
634
631
624
618
616
606
590
591
419
598
606
609
621
613
611
617
632
616
606
540
588
589
595
609
601
583
600
583
579
569
567
557
559
551
545
537
527
517
515
478
402
502
504
489
488
476
308
489
501
501
499
497
488
480
464
455
447
443
310
310
306
256
413
437
448
460
466
462
450
471
462
447
429
427
419
405
328
327
328
327
396
397
421
433
439
440
445
451
453
447
438
452
454
439
411
418
431
446
449
404
335
346
358
305
413
442
458
474
478
362
503
512
511
519
536
544
554
564
558
559
561
571
576
571
579
583
586
604
599
595
597
596
594
587
586
583
587
588
583
589
589
588
593
606
603
599
603
594
596
604
606
600
617
619
632
640
632
630
639
632
632
639
646
640
636
621
603
616
614
615
614
615
615
622
614
609
596
597
550
606
604
596
590
566
431
561
563
572
573
578
579
584
585
576
588
591
582
589
596
594
590
569
407
580
597
595
597
609
612
615
611
608
626
615
627
638
637
632
628
615
561
609
615
621
631
630
643
650
648
650
656
655
656
657
628
641
662
653
649
653
633
638
635
605
414
599
607
608
611
583
608
606
575
601
601
593
582
589
576
567
544
557
550
538
542
535
545
531
524
517
525
527
525
534
522
512
485
363
482
496
495
493
498
508
521
521
519
529
522
526
516
518
516
518
510
517
523
524
525
524
509
509
516
516
524
520
525
533
527
528
515
510
507
503
492
468
462
445
438
427
423
414
401
396
367
177
341
336
329
319
313
301
286
265
44
44
42
43
43
43
43
43
43
43
43
43
42
44
210
215
228
238
258
265
271
269
280
276
274
275
268
256
303
315
318
325
334
336
346
345
342
346
324
310
328
333
343
353
360
360
363
347
343
330
320
306
331
348
356
370
368
363
362
347
201
335
341
347
355
364
366
352
343
212
326
336
339
354
345
324
366
376
383
390
381
403
408
415
424
430
424
406
415
434
438
448
449
457
465
461
464
465
473
471
472
474
480
471
485
479
468
483
473
397
414
427
438
438
359
466
495
491
504
507
509
506
503
512
507
514
514
513
498
488
480
476
465
453
441
434
410
411
401
386
376
363
355
337
176
187
180
179
168
165
168
190
202
202
203
197
175
204
214
211
210
203
201
174
172
125
123
124
70
165
223
216
211
203
202
197
193
128
186
188
129
250
254
266
271
281
292
299
304
310
329
333
335
345
359
355
360
361
170
331
343
345
349
350
346
340
285
163
174
205
211
232
232
229
239
239
243
240
316
366
417
428
438
452
459
468
481
489
492
499
509
507
518
523
527
527
537
533
535
530
524
512
505
491
358
505
516
527
516
524
519
516
514
505
493
437
500
516
522
528
531
531
531
513
515
522
519
501
503
480
326
469
481
519
514
530
533
533
521
315
503
513
526
539
549
555
564
541
454
469
484
488
491
492
565
566
576
584
594
585
597
608
612
619
616
627
634
633
634
652
659
659
662
677
675
679
664
667
673
670
670
681
686
677
679
684
682
678
687
684
676
676
671
673
670
665
662
657
659
658
656
653
673
688
689
687
682
692
698
696
702
697
701
693
689
684
687
680
693
690
686
691
677
669
661
623
561
564
568
450
667
691
694
694
697
702
705
697
708
710
706
699
697
705
667
670
646
681
707
729
740
764
772
773
765
762
751
752
765
750
756
772
777
795
791
797
813
803
791
799
800
802
797
808
819
828
828
812
829
837
847
853
837
836
830
836
837
830
829
826
823
824
824
832
834
823
823
809
806
794
793
792
780
771
770
763
760
751
756
748
737
751
740
728
724
715
713
700
665
698
708
712
712
704
703
707
694
678
669
668
665
655
641
634
634
635
671
666
660
652
636
633
640
639
626
611
604
618
623
628
631
633
634
626
629
620
616
619
626
620
620
627
634
640
641
654
655
655
635
605
655
673
683
689
664
469
674
685
691
696
700
699
703
706
704
531
675
691
694
703
706
711
702
696
693
693
692
696
704
679
692
686
690
671
515
686
697
712
720
716
704
697
698
695
693
689
691
694
687
692
685
679
663
658
624
624
615
605
397
362
351
357
364
374
376
377
606
619
640
659
669
680
685
695
711
713
714
713
713
703
693
685
676
675
671
660
644
642
631
395
574
584
587
569
536
440
442
439
518
536
540
534
531
526
515
474
496
499
494
479
372
528
535
531
533
528
526
513
509
502
497
480
473
475
477
480
487
483
480
455
456
429
461
467
467
456
454
449
434
414
406
390
286
353
346
340
224
385
385
386
400
399
392
385
374
366
347
321
298
330
346
342
343
348
327
310
169
283
291
298
297
302
303
184
270
280
306
309
183
358
375
381
387
391
398
398
397
389
383
244
337
335
381
479
502
518
528
540
547
548
557
561
564
560
562
574
574
571
556
578
572
568
559
554
545
499
538
545
563
560
563
568
569
547
365
546
558
585
592
595
599
593
591
591
578
570
403
538
536
528
602
621
623
620
629
626
625
629
634
635
636
633
640
633
640
640
638
630
623
574
550
593
596
596
595
573
361
568
567
560
551
531
494
528
570
560
564
504
295
492
549
557
557
573
603
591
601
590
588
577
579
576
573
406
574
588
604
626
633
633
655
663
659
665
657
663
679
683
672
675
659
506
631
659
687
688
704
708
701
703
704
713
713
713
715
712
707
710
732
734
743
742
748
744
752
746
753
731
740
736
730
722
709
664
622
655
664
677
694
699
693
711
709
711
700
687
679
671
677
672
662
664
654
655
642
651
650
642
637
642
635
632
618
606
601
599
603
604
605
587
580
578
565
598
588
593
609
596
620
623
615
616
614
616
609
611
614
614
620
609
592
587
593
585
540
571
588
593
598
581
556
590
600
589
594
589
577
564
535
368
459
458
434
538
543
557
563
557
565
566
562
380
576
588
589
599
613
613
627
618
613
617
628
621
625
642
646
641
649
641
641
636
634
633
646
642
642
638
629
625
642
636
634
638
634
647
654
646
637
613
579
530
533
548
403
545
563
573
560
556
566
561
555
535
524
513
515
513
513
522
533
535
534
526
523
534
528
537
539
529
530
535
530
525
511
512
511
514
512
513
512
513
508
517
512
507
500
494
486
480
482
492
483
478
469
468
469
456
454
449
439
433
434
426
418
404
363
398
377
395
359
361
339
258
171
174
177
175
181
185
187
187
183
237
185
241
109
200
210
217
220
231
237
241
252
245
255
245
270
281
283
288
290
283
279
277
277
275
281
280
284
284
291
288
287
284
297
297
302
295
305
301
304
297
300
299
294
301
302
303
308
324
320
331
330
323
324
326
326
328
329
332
332
341
338
349
352
353
344
338
336
331
322
315
299
295
298
298
295
290
280
275
270
260
251
226
226
219
213
202
205
199
190
183
168
27
19
11
19
20
20
20
17
11
5
0
42
255
277
291
310
325
337
347
363
377
391
400
407
411
411
412
424
443
451
362
524
545
561
562
567
586
599
610
620
612
620
627
630
632
637
636
645
644
641
666
677
680
687
689
686
693
700
703
700
715
711
725
730
724
737
741
742
743
733
724
701
638
683
687
692
552
753
764
771
782
791
798
792
795
792
799
801
788
771
778
775
787
791
784
775
784
786
760
764
756
761
760
761
759
765
758
770
770
767
771
760
749
744
733
744
725
717
722
714
705
682
677
653
651
635
540
409
373
410
466
484
516
597
611
630
644
651
645
655
647
659
648
626
616
613
598
586
541
575
566
551
548
537
517
507
487
470
222
200
179
199
199
199
200
181
169
176
184
144
334
347
356
360
374
382
375
345
338
338
335
349
350
351
426
440
452
462
474
493
498
498
511
517
528
531
532
527
385
566
574
587
598
607
604
610
603
598
601
599
597
595
597
602
590
586
583
594
601
601
596
617
618
617
617
616
605
610
612
609
609
609
602
608
605
588
582
554
544
531
419
518
531
541
547
542
538
543
549
537
522
500
478
471
460
435
416
128
129
108
127
124
124
138
144
147
146
145
136
129
152
160
169
167
169
464
475
496
512
528
542
559
572
563
596
607
618
629
631
639
641
637
640
643
637
632
620
619
618
594
595
583
591
589
584
591
571
570
573
558
554
535
397
513
532
541
546
547
562
568
576
580
575
557
566
566
574
573
566
563
563
561
556
549
552
538
536
526
524
520
533
537
533
529
534
524
510
495
305
449
458
450
441
435
394
314
314
314
327
333
287
430
485
485
493
509
502
511
511
509
507
516
506
510
521
530
529
517
511
510
501
494
461
522
531
530
534
536
537
534
528
522
518
524
515
510
521
522
533
543
545
550
557
547
544
547
523
536
532
532
535
545
557
555
560
549
538
532
543
568
565
570
572
584
580
581
583
580
588
592
598
578
574
579
583
579
583
578
591
583
577
578
583
586
563
571
584
586
572
580
591
573
570
570
562
558
545
547
530
465
476
474
462
523
526
529
541
553
548
549
550
565
558
570
568
569
572
570
573
567
562
540
535
523
519
525
506
489
488
470
104
84
66
35
0
1
25
230
234
392
403
435
455
466
477
493
516
521
539
538
532
530
399
525
533
530
507
551
564
572
581
584
581
582
595
607
618
616
617
619
624
618
620
627
638
639
635
629
628
626
631
639
649
651
656
644
658
649
644
656
645
646
635
647
650
635
649
640
642
652
660
664
655
662
671
668
642
650
653
653
658
657
659
663
659
660
649
638
644
645
636
666
680
681
684
689
690
693
681
676
676
690
691
687
691
697
705
702
723
718
709
709
709
708
708
716
711
706
710
712
710
707
713
718
717
719
716
723
723
715
715
715
722
719
717
706
706
705
699
698
689
705
700
700
703
691
684
691
700
694
704
701
690
688
693
697
702
698
694
673
672
664
670
671
674
667
668
654
654
646
657
651
652
651
640
645
646
640
632
635
627
628
626
617
621
618
622
625
619
609
595
593
584
578
566
571
561
550
542
536
542
540
536
530
521
512
516
522
503
518
504
517
511
507
511
507
499
495
496
494
476
476
474
478
465
461
459
462
457
449
442
449
457
452
443
436
439
439
433
427
433
433
430
418
411
425
420
419
417
417
411
406
402
408
404
411
413
410
407
408
407
414
425
431
438
434
448
453
458
477
468
472
465
468
309
472
506
513
522
535
535
545
550
563
577
571
595
597
595
593
599
606
653
666
676
687
718
747
740
772
766
766
751
505
748
768
773
770
777
784
796
794
789
774
750
801
814
820
831
825
819
829
830
835
838
842
838
824
833
810
809
817
804
824
803
795
802
610
712
725
776
821
825
833
826
817
818
800
775
784
792
796
810
815
817
822
830
831
845
850
852
844
877
877
878
877
865
869
849
870
872
867
853
849
826
846
847
856
852
844
858
852
852
863
860
855
839
821
823
822
809
804
806
811
809
804
814
820
813
802
786
761
575
753
855
850
849
850
813
777
812
824
842
856
869
859
855
830
784
851
877
883
901
897
889
889
874
885
879
867
862
848
844
823
818
815
745
776
806
824
830
833
823
835
824
826
837
819
804
809
812
803
797
800
807
803
802
798
788
775
711
648
647
768
792
841
850
856
861
860
849
834
814
748
562
720
774
817
821
843
855
852
864
872
865
864
879
867
871
860
862
853
850
854
845
841
830
807
801
776
781
771
762
762
741
734
716
687
649
671
712
719
726
729
725
732
712
724
725
719
720
721
709
707
701
689
686
691
679
685
693
681
671
654
649
612
599
580
548
553
557
593
581
560
616
626
620
619
622
621
614
611
613
597
589
579
563
557
549
542
537
537
538
540
541
538
530
518
514
501
505
497
488
487
473
470
465
465
457
452
442
432
426
427
428
420
420
409
414
411
410
406
409
397
389
380
374
360
352
345
341
325
234
305
305
304
294
284
282
265
250
75
57
52
31
19
1
1
1
1
1
0
14
21
25
25
31
32
32
33
34
34
33
34
34
33
47
48
48
49
49
49
49
49
49
49
49
49
49
49
49
48
49
49
49
48
47
50
50
50
50
49
50
49
47
49
43
35
34
28
20
20
18
17
15
5
3
3
3
3
2
