124
158
219
236
256
263
264
263
270
297
303
312
323
345
388
385
388
388
8
8
19
419
417
454
454
478
484
505
590
625
623
633
636
669
670
671
683
684
781
800
731
738
733
740
734
743
770
769
772
789
811
807
803
807
809
812
1046
1087
1096
1160
1156
1315
1318
1331
1329
1335
1376
1413
1434
1469
1499
1505
1483
1512
1536
1583
1592
1577
1576
1595
1595
1734
1746
1748
1762
1771
1814
1851
1878
1878
1877
1898
1928
1927
1943
1904
1948
1958
1979
1968
1982
2011
2062
2099
2084
2092
2113
2149
2259
2315
2342
2348
2366
2405
2408
2433
2434
2463
2476
2477
2522
2531
2520
2555
2561
2562
2573
2629
2631
2634
2661
2658
2657
2706
2735
2732
2755
2783
2788
2828
2830
2829
2822
2854
2846
2893
2931
2932
2950
2951
2981
2997
3016
3023
3004
3132
3124
3149
3137
3131
3162
3149
3124
3180
3173
3139
3069
3156
3196
3238
3244
3243
3176
3224
3232
3262
3261
3213
3229
3198
3231
3260
3248
3179
3257
3282
3276
3364
3363
3327
3300
3351
3345
3431
3427
3593
3557
3554
3583
3600
3629
3542
3532
3566
3549
3539
3519
3504
3508
3491
3480
3516
3463
3506
3505
3479
3483
3512
3499
3493
3498
3425
3582
3625
3622
3625
3607
3638
3653
3827
3844
3792
3800
3868
3748
3922
3899
3936
3944
3915
3853
3974
3949
4053
4019
4102
4131
4108
4191
4151
4208
4327
4225
4247
4208
4361
4361
4358
4326
4253
4231
4269
4250
4243
4193
4167
4173
4246
4272
4394
4368
4346
4342
4352
4332
4323
4386
4370
4266
4332
4376
4363
4282
4299
4447
4461
4442
4468
4411
4401
4437
4452
4495
4479
4518
4554
4534
4535
4524
4528
4519
4498
4534
4456
4493
4534
4477
4491
4439
4457
4543
4564
4548
4544
4484
4500
4501
4501
4462
4483
4461
4468
4465
4484
4015
4477
4445
4440
4530
4534
4645
4602
4659
4687
4685
4699
4776
4741
4734
4684
4650
4656
4619
4665
4627
4668
4591
4585
4582
4581
4647
4628
4740
4815
4778
4773
4806
4808
4842
4837
4807
4816
4772
4858
4797
4836
4773
4782
4762
4782
5011
5023
5055
4943
4962
5006
5032
4959
4980
5068
4987
4993
5014
5087
5077
5091
5154
5170
5142
5148
5155
5127
5112
5141
5078
5104
5061
5018
5069
5063
5150
5058
5064
5082
5056
5082
5006
5009
5006
5052
5059
4977
5067
5061
5162
5164
5201
5192
5165
5157
5041
5062
5135
5147
5146
5128
5169
5205
5213
5182
5180
5164
5196
5232
5168
5126
5164
5229
5278
5311
5276
5275
5247
5245
5258
5195
5197
5121
5157
5261
5213
5274
5292
5315
5327
5268
5252
5255
5260
5225
5235
5381
5398
5395
5352
5234
5402
5410
5453
5487
5362
5382
5370
5405
5400
5435
5354
5399
5387
5393
5388
5369
5353
5305
5282
5297
5308
5270
5245
5285
5375
5365
5395
5270
5361
5370
5355
5354
5275
5376
5418
5442
5448
5379
5359
5381
5171
5162
5400
5145
5360
5392
5441
5413
5333
5330
5410
5398
5441
5361
5329
5314
5270
5309
5418
5403
5436
5352
5292
5337
5351
5302
5243
5125
5098
5179
5176
5148
5126
5136
5089
5144
5119
5162
5101
5046
4993
5028
5022
5000
4972
4956
4973
4999
5031
5043
5115
5108
5125
5096
5097
5152
5149
5119
5134
5048
5051
5012
5007
4937
4919
4898
4902
4963
4969
5003
5004
4977
4969
5000
4868
5087
4997
5007
5051
5115
5111
5098
5119
5075
5073
5069
5006
5102
5280
5269
5282
5263
5257
5304
5234
5182
5217
5311
5254
5259
5158
5082
5196
5311
5374
5314
5071
5115
5100
5181
5204
5213
5140
5142
5042
5129
5166
5167
5135
5154
5154
5103
5089
5202
5126
5125
5064
5179
5172
5147
5101
5247
5213
5218
5220
5185
5222
5200
5218
5156
5262
5261
5327
5319
5266
5262
5254
5162
5169
5171
5159
5138
5071
5083
5054
5042
5046
5029
5018
5002
5103
5135
5191
5164
5091
5040
5027
5079
5044
4969
4831
4853
4831
4821
4781
4701
4317
4753
4738
4706
4574
4605
4605
4610
4589
4596
4566
4529
4588
4580
4602
4666
4660
4677
4636
4673
4664
4568
4569
4490
4575
4487
4496
4496
4433
4403
4379
4416
4421
4407
4446
4400
4439
4470
4467
4477
4398
4521
4465
4513
4361
4469
4461
4467
4297
4448
4348
4363
4345
4434
4320
4357
4326
4315
4341
4372
4310
4335
4102
4087
4021
4111
4116
4133
4208
4229
4176
4165
4181
4226
4204
4167
4290
4174
4218
4188
4281
4291
4284
4241
4326
4206
4312
4285
4326
4372
4305
4318
4331
4324
4232
4362
4408
4434
4417
4356
4507
4606
4678
4674
4511
4516
4574
4599
4630
4633
4461
4406
4427
4464
4580
4427
4118
4331
4326
4341
4344
4241
4378
4373
4323
4217
4318
4387
4385
4382
4324
4362
4386
4389
4424
4316
4271
4295
4332
4298
4320
4320
4381
4404
4361
4393
4368
4360
4427
4428
4471
4407
4408
4423
4427
4508
4481
4492
4498
4482
4453
4455
4456
4431
4505
4516
4487
4493
4477
4518
4492
4462
4483
4393
4429
4430
4519
4526
4479
4537
4541
4539
4529
4523
4519
4483
4448
4445
4446
4463
4507
4471
4458
4472
4474
4464
4512
4485
4531
4510
4525
4531
4537
4572
4467
4484
4468
4511
4513
4539
4536
4526
4473
4542
4527
4498
4496
4471
4446
4429
4392
4581
4568
4525
4538
4513
4528
4448
4412
4357
4247
4356
4369
4341
4347
4273
4207
4184
4176
4111
4244
4220
4513
4525
4529
4507
4490
4424
4392
4397
4440
4319
4259
4272
4280
4272
4309
4276
4300
4284
4310
4302
4331
4276
4404
4366
4329
4394
4352
4406
4305
4175
4322
4340
4349
4356
4358
4365
4320
4249
4215
62
48
8
5
637
4424
4417
4449
4512
4488
4659
4568
4613
4576
4589
4553
4588
4649
4574
4602
4638
4582
4618
4451
4526
4638
4626
4747
4762
4801
4804
4830
4846
4917
4878
4875
4812
4809
4880
4887
4861
4838
4724
4966
4979
5018
5048
4976
5021
4988
5055
5020
5044
5177
5200
5233
5166
5095
5364
5341
5445
5444
5458
5467
5404
5437
5428
5381
5272
5403
5442
5434
5438
5534
5516
5497
5525
5491
5436
5392
182
127
81
99
127
192
332
1050
5484
5528
5542
5674
5780
5760
5686
5652
5717
5834
5727
5909
5822
5877
5881
5676
5796
5891
5851
5838
5824
5840
5793
5856
5795
5798
5857
5857
5765
5804
5774
5825
5813
5829
5862
5939
5837
5874
5812
5927
5874
5809
5819
5763
5753
5686
5746
5791
5830
5873
5743
5816
5786
5771
5809
5782
5849
5771
5828
5700
5754
5743
5754
5707
5808
5526
5766
5635
5532
5610
5635
5648
5591
5378
5646
5631
5550
5682
5641
5571
5630
5597
5614
5638
5616
5485
5676
5585
5687
5569
5701
5606
5662
5493
5594
5463
5560
5686
5676
5513
5581
5645
5479
5829
5572
5835
5819
5827
5750
5831
5838
5685
5833
5863
5901
6016
6101
5939
5826
5862
6152
6111
6185
6339
6209
6225
6115
6098
6112
6102
6203
6201
6133
5984
6015
6105
6127
6163
6124
6106
6171
6180
6167
6170
6182
6279
6361
6318
6238
6269
6367
6441
6522
6378
6326
6181
6223
6241
6231
6194
6047
5936
6078
6141
6192
6096
6122
6109
6162
6162
6176
6140
6229
6219
6268
6172
6012
6150
6229
6271
6264
6249
6265
6301
6349
6236
6278
6359
6335
6339
6372
6402
6412
6394
6499
6465
6516
6504
6775
6741
6772
6702
6642
6639
6783
6703
6785
6682
6460
6787
6991
7048
7002
7100
7233
7186
7203
7225
7258
7259
7224
7178
7167
7212
7190
7249
7213
7234
7155
6705
7290
7287
7296
7336
7340
7468
7494
7419
7313
7336
7463
7370
7268
7483
7303
7363
7409
7418
7370
7353
7399
7481
7338
7325
7352
7312
7584
7542
7658
7394
7477
7550
7501
7568
7556
7429
7299
7127
7137
7088
7058
7058
7092
7023
6896
6861
6871
6909
6950
6921
6879
6845
6925
6854
6906
6921
6808
6987
6993
6954
6923
6770
6807
6933
6886
6898
6834
6720
6780
6792
6573
6624
6652
6641
6700
6675
6680
6530
6668
6624
6626
6587
6578
6481
6390
6477
6426
6396
6418
6206
6294
6366
6341
6390
6453
6533
6452
6575
6675
6653
6597
6484
6351
6497
6579
6540
6615
6583
6572
5665
6404
6565
6149
6233
6589
6342
6516
6454
6451
6305
6214
6339
6427
6432
6407
6420
6493
6508
6488
6479
6507
6214
6230
6111
6103
6064
5992
6136
6095
6199
6281
6315
6331
6326
6320
6261
6300
6246
6263
6194
6164
6242
6230
6201
6303
6398
6166
6296
6246
6295
6342
6375
6449
6434
6396
6469
6478
6424
6560
6515
6551
6551
6516
6558
6440
6342
6362
6083
6154
6122
5999
6079
6066
6095
6037
6051
6074
6042
6104
6049
6184
6267
6284
6307
6273
6257
6246
6196
6260
6245
6318
6378
6376
6365
6320
6380
6375
6311
6238
6209
6224
6194
6270
6311
6207
6274
6220
6222
6154
6193
6332
6227
6290
6228
6257
6330
6283
6390
6375
6345
6362
6399
6398
6386
6390
6415
6340
6489
6489
6454
6461
6353
6347
6423
6386
6415
6293
6155
6204
6275
6300
6260
6197
6174
6192
6125
6264
6260
6062
6270
6407
6514
6481
6525
6525
6519
6461
6401
6356
6514
6372
6420
6326
6174
6200
6224
6217
6123
5950
6009
5924
6011
6089
5903
6035
6104
6107
6106
6087
6095
5979
6042
6005
6147
6223
6200
6204
6139
6048
6019
6239
6299
6274
6162
6275
6277
6204
6311
6253
6194
6157
6091
5991
5881
5901
5908
5975
5886
5937
5890
5993
5938
5974
6026
6052
6010
6087
6099
6115
6024
5798
6108
6212
6196
6183
6145
6176
6162
6145
6137
6125
5944
5900
5969
6040
6210
6247
6267
6279
6234
6231
6147
6165
6151
6208
6209
6233
6213
6194
6190
6051
6136
6163
6132
6009
6160
6147
6113
6083
6160
6207
6117
6089
6115
6127
6126
6096
6120
6049
6058
6055
6039
5992
6024
5984
6007
5993
6079
5989
6019
6096
6194
6216
6221
6174
6172
6140
6157
6124
6085
5982
6040
6040
6137
6124
6171
6138
6077
6057
6090
6047
5953
5908
5763
5856
5900
5928
5912
5894
5834
2
5788
5802
5810
5839
5895
5945
5891
5904
5770
5735
5878
5830
5834
6146
6078
5978
6119
5968
6103
6109
6079
6128
5986
6159
6002
6053
6034
6147
6162
6325
6347
6308
6255
6191
6224
6208
6227
6100
6230
6193
6201
6201
6350
6343
6501
6480
6476
6309
6356
6362
6086
6411
6324
6470
6380
6367
6369
6331
6347
6382
6413
6406
6427
6275
6377
6289
6284
6311
6374
6384
6339
6394
6284
6307
6277
6246
6084
6138
6137
6096
6119
6079
6094
6130
6065
6026
5957
5982
6035
6037
6039
6015
6090
6098
6074
6170
6138
6144
6145
6133
6105
6047
6050
6037
5947
5986
5943
5952
6101
6086
6134
6103
6139
6204
6236
6343
6192
6060
6054
6158
6225
6175
6147
6093
6072
6125
6162
6151
6130
6104
6133
6190
6093
6055
5938
5924
6104
6093
6072
6129
6063
6106
6142
6012
6082
6085
6032
6019
5807
6021
6028
6045
6013
6052
6093
6173
6089
6229
6099
6065
6166
6239
6201
6349
6239
6333
6342
6427
6451
6391
6387
6486
6395
6445
6268
6303
6288
6410
6381
6385
6220
6206
6190
6157
6198
6178
6156
6160
6243
6153
6086
6187
6163
6028
5999
5907
5873
5760
5809
5774
5758
5771
5887
5890
6074
6088
6106
6097
6127
6076
6047
6080
6133
6137
6206
6210
6204
6210
6165
6257
6253
6220
6253
6238
6288
6288
6284
6266
6246
6310
6377
6242
6344
6283
6349
6374
6361
6404
6353
6330
6265
6408
6334
6447
6452
6400
6434
6427
6404
6418
6436
6461
6419
6368
6462
6520
6560
6529
6496
6383
6358
6398
6537
6513
6448
6481
6381
6363
6331
6205
6406
6361
6290
6303
6457
6501
6463
6420
6417
6484
6505
6472
6496
6467
6464
6473
6668
6523
6394
6600
6306
6169
6304
6505
6424
6190
6520
6550
6558
6615
6572
6596
6563
6511
6604
6513
6340
6325
6304
6366
6406
6339
6362
6266
6272
6283
6178
6224
6078
6138
6088
6120
6074
5992
5952
5941
5899
5925
5863
5913
5902
5873
5934
5949
5919
5959
5905
5893
5880
5833
5885
5891
5871
6004
5995
6074
6189
6220
6219
6157
6117
6090
6177
6012
5985
5801
5795
5823
5781
5723
5804
5867
5835
5778
5557
5638
5626
5628
5619
5553
5457
5500
5579
5549
5533
5375
5532
5553
5537
5503
5473
5520
5531
5563
5556
5501
5459
5549
5498
5493
5466
5514
5526
5510
5406
5297
5631
5702
5675
5733
5727
5734
5660
5647
5676
5552
5585
5596
5582
5587
5542
5566
5580
5435
5461
5549
5611
5560
5653
5654
5655
5623
5591
5517
5520
5390
5451
5447
5476
5473
5470
5478
5474
5411
5411
5311
5317
5133
5049
5170
5197
5176
5223
5199
5215
5228
5163
5178
5177
5140
5136
5129
5152
5168
5145
5176
5091
5132
5053
5169
5100
5078
5057
5060
5047
4968
4988
5003
4974
4902
4964
5023
5147
5151
5249
5221
5240
5376
5386
5480
5460
5391
5405
5312
5322
5389
5298
5419
5344
5382
5368
5437
5444
5481
5471
5499
5383
5466
5385
5424
5403
5397
5375
5235
5241
5177
5160
5138
5157
5162
5140
5162
5177
5128
5118
5140
5107
5110
5100
5218
5221
5239
5220
5372
5502
5590
5583
5583
5653
5642
5620
5681
5494
5675
5607
5473
5700
5709
5785
5868
5855
5969
5862
5944
5766
5847
5744
5792
5731
5767
5675
5706
5675
5650
5668
5618
5588
5559
5689
5700
5658
5647
5564
85
5552
5551
5604
5781
5699
5710
5612
5701
5694
5713
5715
5706
5680
5703
5630
5643
5558
5609
5583
5679
5633
5605
5634
5629
5635
5663
5644
5708
5668
5631
5656
5716
5700
5675
5703
5676
5661
5714
5733
5742
5704
5660
5677
5657
5580
5683
5703
5587
5603
5609
5629
5605
5631
5699
5677
5690
5660
5586
5432
5538
5588
5621
5532
5570
5635
5590
5578
5424
5442
5445
5556
5663
5667
5575
5570
5509
5606
5648
5630
5474
5370
5384
5508
5464
5496
5329
5343
5364
5341
5429
5477
5539
5493
5503
5468
5402
5409
5569
5548
5579
5588
5637
5602
5726
5698
5726
5733
5476
5639
5622
5565
5516
5296
5327
5395
5403
5332
5548
5482
5439
5457
5456
5479
5423
5327
5419
5284
5312
5265
5225
5241
5182
5002
4924
5249
5260
5241
5232
5241
5240
5265
5331
5168
5266
5326
5394
5265
5338
5266
5206
5289
5349
5410
5368
5292
5318
5297
5401
5319
5419
5368
5352
5393
5338
5167
5346
5456
5439
5519
5554
5353
5557
5589
5587
5597
5601
5557
5574
5522
5562
5512
5535
5522
5483
5572
5536
5521
5490
5513
5406
5369
5379
5393
5358
5450
5582
5566
5341
5586
5610
5621
5610
5629
5606
5500
5504
5525
5541
5563
5509
5557
5517
5537
5545
5557
5586
5548
5535
5497
5565
5548
5503
5543
5427
5640
5641
5620
5569
5474
5546
5532
5520
5529
5347
5386
5353
5309
5344
5307
5315
5297
5286
5283
5251
5358
5283
5231
5297
5378
5337
5312
5189
5200
5212
5169
5132
5107
5110
5113
5054
5021
5026
4978
5018
5028
5070
5104
4933
4991
4987
4961
4986
4963
5014
4914
4888
4868
4813
4816
4821
4808
4791
4709
4731
4758
4706
4685
4761
4757
4890
4816
4805
4796
4770
4813
4807
4778
4743
4666
4751
4739
4700
4678
4628
4590
4687
4688
4670
4562
4579
4544
4559
4535
4470
4582
4588
4553
4577
4526
4492
4544
4576
4521
4486
4519
4535
4529
4520
4492
4482
4480
4526
4517
4467
4537
4366
4591
4560
4522
4584
4524
4581
4557
4587
4587
4534
4528
4524
4598
4641
4669
4656
4694
4634
4689
4715
4754
4725
4765
4749
4752
4723
4773
4705
4769
4723
4718
4789
4715
4773
4791
4909
4918
4830
4820
4744
4674
4645
4721
4760
4743
4646
4740
4821
4830
4712
4795
4811
4866
4890
4882
4857
4852
4907
4916
4920
4962
4843
4830
4795
4790
4767
4710
4621
4695
4802
4752
4804
4819
4865
4928
4945
4972
4953
4961
5030
4930
4954
4992
4900
4948
4968
4951
5030
5031
5082
5123
5161
5143
5387
5359
5461
5378
5268
5200
5323
5317
5456
5357
5204
5395
5459
5576
5554
5584
5612
5678
5682
5718
5626
5528
5608
5633
5688
5694
5634
5662
5665
5667
5652
5578
5571
5654
5621
5647
5582
5610
5557
5598
5582
5591
5496
5491
5486
5539
5546
5510
5539
5573
5450
5446
5458
5486
5475
5478
5490
5431
5354
5424
5476
5443
5374
5464
5438
5430
5425
5419
5414
5354
5303
5232
5236
5281
5259
5255
5241
5279
5239
5128
5170
5143
5178
5190
5183
5185
5135
5014
4897
4812
5133
5101
4992
4946
4971
4969
5052
5064
5048
5048
5007
5062
5060
5017
4820
4966
4998
5037
5003
4967
4923
4871
4810
4860
4744
4656
4673
4682
4648
4574
4659
4660
4648
4641
4592
4595
4467
4312
4216
4289
4312
4294
4069
4248
3991
3496
3486
3504
3475
3484
3388
3466
4172
4182
4193
4237
4161
4253
4286
4317
4356
4157
4031
4247
4242
4291
4245
4174
4215
4201
4207
4056
3774
3787
3760
3769
3748
3657
3630
3569
3440
3493
3525
3535
3502
3430
3506
3422
3529
3622
3611
3628
3594
3632
3631
3689
3708
3696
3773
3804
3888
3884
3838
3823
3943
3971
3940
3811
3850
3857
3875
3886
3915
3832
3852
3859
3857
3842
3896
3867
3863
3932
3896
3895
3897
3914
3969
4025
4069
4078
4046
4085
4170
4219
4191
4075
4112
4027
3989
4132
4210
4266
4213
4200
4138
4089
4101
4128
4171
4188
4173
4226
4250
4199
4292
4172
4353
4316
4293
4225
4274
4212
4226
4231
4215
4062
4083
4099
4110
4037
4120
4137
4109
4136
4133
4088
4127
4215
4199
4263
4232
4254
4201
4213
4216
4210
4063
4211
4171
4207
4221
4320
4282
4287
4280
4291
4252
4352
4339
4331
4304
4308
4335
4226
4245
4202
4292
4257
4335
4306
4337
4265
4348
4358
4248
4215
4162
4173
4145
4089
4207
4205
4179
4078
4167
4155
4130
4207
4142
4037
4180
4193
4227
4348
4266
4113
4386
4440
4404
4314
4135
4229
4397
4393
4406
4405
4322
4397
4397
4342
4314
4165
4199
4140
4263
4250
4154
4121
4140
4158
4197
4146
4098
4272
4254
4243
4282
4245
4263
4335
4333
4397
4263
4220
4308
4288
4284
4230
4068
4252
4247
4162
4211
4176
4075
3915
4127
4113
3816
3423
3791
3451
3435
3463
3400
3431
3570
3642
3711
3718
3323
3064
3270
3365
3438
3526
3548
3630
2736
3520
3694
3767
3355
3392
2813
3450
3858
3824
3447
2695
3402
3601
3672
3810
3822
3863
3188
3658
3809
3923
3621
3794
3728
3935
3920
3448
3348
3754
3781
3588
3722
3417
3800
3649
3806
3839
3986
3565
3910
3897
3626
3965
3583
3800
3914
4115
3659
3737
3832
3864
3940
4099
3900
3860
4050
3838
4175
3940
3950
4151
4166
3755
4003
4124
3842
4161
4034
4133
4315
4047
3895
3903
3923
4037
3861
4106
4190
4188
4217
4017
4000
4095
4100
4275
4116
4145
4371
4185
4080
4052
4015
4024
4097
4117
4127
4139
4085
4030
4148
4109
4162
4056
4137
4125
3807
4055
4057
4081
4164
4151
4103
4065
4134
4052
4085
4196
4190
4217
4194
4231
4166
4204
4183
4206
4217
4241
4214
4209
4175
4117
4099
4113
4178
4318
4355
4349
4468
4403
4471
4455
4519
4550
4585
4570
4663
4663
4645
4604
4683
4645
4596
4777
4786
4777
4829
4246
4743
4817
4854
4834
4868
4844
4839
4767
4769
4758
4756
4726
4845
4827
4834
4837
4878
4878
4696
4772
4780
4811
4850
4833
4831
4789
4770
4798
4668
4503
4684
4753
4743
4626
4633
4605
4586
4567
4647
4636
4569
4580
4568
4459
4445
4459
4406
4422
4452
4453
4496
4418
4578
4583
4561
4514
4582
4617
4741
4696
4704
4601
4529
4514
4647
4650
4576
4695
4682
4721
4664
4693
4703
4673
4664
4588
4535
4495
4478
4503
4482
4549
4585
4703
4760
4766
4712
4934
4916
4958
4970
4908
4804
4858
4833
5036
4973
4870
4843
4799
4929
4922
4760
4757
4758
4600
4603
4612
4615
4712
4701
4683
4702
4677
4779
4768
4687
4753
4678
4840
4842
4824
4747
4828
4889
4922
4936
4987
4920
4941
4889
4891
4806
4769
4450
4544
4549
4533
4569
4717
4655
4704
4737
4684
4683
4513
4486
4568
4570
4432
4502
4512
4552
4557
4576
4522
4472
4509
4542
4534
4528
4459
4458
4489
4530
4593
4580
4534
4419
4541
4538
4551
4569
4551
4533
4575
4681
4635
4704
4660
4700
4703
4625
4666
4682
4670
4678
4686
4744
4716
4711
4684
4778
4795
4770
4805
4761
4765
4812
4815
4812
4777
4787
4740
4823
4856
4931
4864
4852
4815
4832
4978
4984
5024
5012
4908
4934
4937
4908
4845
4761
4808
4747
4825
4797
4782
4820
4745
4744
4737
4670
4731
4702
4613
4589
4603
4506
4603
4590
4588
4627
4577
4596
4585
4637
4634
4518
4644
4615
4570
4557
4507
4519
4555
4543
4596
4549
4394
4568
4656
4690
4678
4712
4683
4639
4663
4852
4864
4890
4887
4778
4737
4803
4954
4895
4950
5008
5060
5032
5012
4825
4829
4872
4919
4984
4995
4893
4847
4951
5044
5019
5075
5043
5050
5067
5061
5066
5063
4990
4959
4948
5045
5090
5040
5011
5032
5007
5005
5068
5042
5046
4923
4897
4998
4980
5008
4831
4820
4788
4860
4996
5065
5055
5098
5086
5143
5015
5118
5107
5108
5191
5097
5122
5148
5183
5186
5264
5227
5212
5159
5079
5188
5180
5139
5044
5128
5134
5133
5159
5134
5121
5105
4996
5060
5067
5042
5069
4977
5050
5044
5007
5031
4981
5073
5065
5042
5041
4994
4934
5027
5052
5098
5045
5120
5089
5094
5106
5082
5116
5097
5070
5121
5064
4940
4864
4956
4918
4957
5170
5154
5143
5099
5086
5010
5003
5058
5024
5018
5018
5050
5014
5069
5040
5052
4998
4994
5025
5029
5019
4989
4882
4896
4893
4921
4877
4883
4926
4817
4832
4839
4816
4821
4824
4857
4794
4784
4742
4693
4807
4844
4918
4926
4878
4972
4942
4933
4881
4709
4835
4860
4873
4879
4906
4870
4879
4861
4854
4847
4894
4847
4735
4338
4667
4787
4957
4967
4983
4989
5046
5017
5137
5084
5150
5078
4990
5000
5173
5019
5078
4896
4891
4979
5036
5020
5042
4975
4986
4905
5010
4991
4981
4903
4824
4882
4885
4866
4856
4698
4638
4721
4768
4876
4830
4848
4844
4813
4785
4734
4865
4885
4838
4722
4910
5029
4960
4980
4966
4852
4779
4953
4911
4954
4812
4951
4891
4905
4902
4815
4808
4876
4931
4823
4822
4785
4647
4641
4902
4860
4725
4686
4750
4760
4844
4804
4726
4534
4455
4531
4525
4551
4430
4769
4852
4925
4780
4931
4884
4919
4871
4885
4836
4871
4851
4862
4862
4825
4818
4881
4926
4928
4910
4715
4755
4946
4952
4999
4962
5001
4989
5186
5205
5244
5182
5193
5229
5220
5218
5206
5077
5080
4952
4999
4999
5040
5090
5061
5072
5044
5184
5213
5227
5239
5108
5048
5151
5261
5254
5138
5086
5091
5036
5050
5014
5022
5068
5063
5102
5103
5040
4951
5187
5158
5124
5142
5094
5077
5105
4977
5063
5012
5051
5101
5125
5138
5073
5050
5044
5066
5004
4987
5004
5057
5109
4896
5114
5092
5081
5153
5044
5113
5137
5037
5229
5269
5369
5422
5319
5459
5468
5494
5487
5328
5431
5374
5367
5394
5304
5185
4995
4907
5344
5374
5439
5292
5419
5410
5313
5287
5334
5406
5162
5251
5285
5231
5094
5121
5246
5408
5397
5414
5412
5382
5410
5418
5389
5422
5387
5461
5404
5419
5403
5352
5393
5513
5517
5567
5535
5498
5516
5645
5677
5681
5663
5669
5671
5675
5664
5616
5581
5647
5682
5673
5731
5721
5668
5788
5802
5845
5821
5851
5745
5220
5708
5799
5703
5741
5689
5724
5787
5729
5721
5759
5628
5635
5645
5657
5657
5802
5632
5575
5675
5449
5412
5678
5722
5693
5614
5398
5617
5683
5731
5722
5752
5558
5571
5827
5770
5780
5878
5766
5794
5649
5649
5737
5725
5758
5729
5712
5538
5608
5672
5753
5731
5546
5790
5734
5759
5633
5640
5620
5617
5539
5444
5453
5623
5824
5869
5942
5954
5901
5844
5995
5765
5771
5845
5517
5520
5583
5705
5690
5687
5668
5483
5583
5683
5663
5427
5698
5613
5562
5712
5755
5597
5727
5783
5782
5822
5852
5790
5716
5729
5871
5833
5803
5851
5880
5790
5806
5770
5972
6074
5998
6074
5914
6079
6100
6180
6191
5983
5954
5957
6246
6211
6173
6102
5984
6039
5994
5971
5932
5634
5660
5667
5625
5701
5658
5685
5912
5988
5923
5986
5983
6076
6032
5921
5924
5941
5997
6004
6205
6168
6239
6217
6254
6201
6142
6145
6112
5668
5641
5697
5679
5676
5670
6143
6099
6113
6079
6249
6330
6295
6244
6144
6300
6282
6176
6320
6368
6333
6466
6388
6483
6449
6370
6642
6652
6576
6558
6508
6510
6514
6560
6521
6251
6297
6392
6347
6445
6486
6416
6414
6450
6449
6452
6482
6484
6332
6555
6560
6588
6583
6539
6614
6610
6592
6475
6697
6607
6532
6471
6445
6531
6451
6361
6401
6409
6267
6362
6402
6353
6315
6295
6294
6243
6287
6215
6262
6305
6263
6346
6414
6372
6303
6247
6168
6212
6239
6172
6114
6095
6153
6132
6170
6137
6122
6078
6074
6104
6056
6024
5918
5830
5845
5889
5943
5938
5875
5819
5863
5958
5986
5954
5818
5805
5724
5776
5762
5645
5695
5695
5881
5890
5976
5917
6029
5831
5733
5931
5963
5983
5988
6020
6079
5897
5960
5822
5833
5914
5895
5955
5629
5621
5522
5725
5327
5185
5705
5682
5678
5478
5731
5738
5724
5496
5616
5863
5151
5596
5843
5824
5709
5988
5973
5979
5879
5771
5586
5926
5935
5907
5602
5366
5468
5792
5676
5602
5525
5511
5540
5516
5509
5258
5173
5117
5674
5747
5762
5799
5759
5854
5754
5743
5787
5780
5690
5043
5069
5101
5087
5106
5040
5064
5116
5108
5100
5580
5610
5619
5596
5549
5702
5713
5731
5763
5774
5783
5826
5872
5899
5870
5514
5910
5902
5908
5936
5930
5943
5934
5895
5967
5849
5704
5758
5794
5757
5900
5891
5878
5869
5881
5411
5892
5888
5864
5876
5925
5920
5969
5861
5882
5830
5912
5795
5701
5659
5475
5468
5467
5471
5447
5527
5547
5633
5641
5668
5624
5516
5389
5491
5503
5470
5230
5234
5104
5189
5164
5110
5098
5081
5107
5112
5067
5047
4534
4944
4919
4881
4905
4842
4936
4893
4915
4926
4954
4952
4978
5017
4968
4823
4781
4836
4850
4789
4639
4603
4602
4581
4885
4845
4868
4909
5008
4798
4757
4785
4785
4784
4725
4794
4705
4805
4752
4804
4752
4750
4729
4784
4849
4831
4790
4589
4793
4784
4767
4825
4655
4680
4720
4637
4560
4668
4766
4677
4732
4799
4732
4696
4710
4698
4813
4803
4822
4705
4630
4801
4810
4665
4646
4550
4930
4823
4889
4823
4810
5000
5188
5130
5139
5051
5055
5112
5150
5180
5116
5110
5144
5127
5229
5235
5190
5229
5198
5307
5212
5093
5205
5198
5301
5307
5237
5204
5276
5277
5327
5360
5355
5288
5318
5229
5182
5136
5349
5283
5305
5311
5345
5351
5304
5281
5337
5372
5384
5330
5254
5215
5278
5300
5339
5234
5196
5167
5340
5349
5394
5402
5426
5364
5350
5286
5327
5366
5358
5348
5426
5414
5551
5536
5549
5592
5609
5590
5507
5553
5656
5637
5601
5624
5563
5557
5668
5708
5586
5631
5633
5551
5652
5621
5595
5582
5470
5497
5490
5498
5505
5484
5420
5437
5574
5641
5597
5643
5578
5550
5554
5530
5619
5502
5169
5292
5300
5258
5475
5535
5533
5622
5574
5582
5579
5535
5590
5453
5437
5361
5412
5503
5544
5574
5575
5470
5507
5477
5518
5494
5478
5403
5416
5446
5420
5331
5339
5292
5256
5141
5033
5126
5206
5158
5178
5221
5226
5292
5226
5293
5306
5307
5287
5265
5223
5176
5169
5256
5158
5181
5065
5033
5124
5136
5115
5074
5090
5078
5088
5089
5100
5070
5008
5053
5099
5114
5045
5009
5222
5226
5258
5288
5307
5395
5305
5347
5398
5359
5344
5360
5459
5435
5590
5533
5426
5481
5454
5468
5412
5534
5498
5444
5457
5437
5467
5478
5473
5553
5578
5570
5560
5585
5704
5690
5711
5586
5705
5696
5737
5688
5883
5875
5941
5919
5902
5931
5964
5979
5978
5959
5849
5710
5802
5725
5794
6024
6099
6134
6151
6179
6266
6216
6110
6122
6205
6028
6256
6117
6087
6089
6163
6159
6282
6321
6272
6125
6057
6139
6179
6151
6108
6085
6098
6129
6184
5983
6245
6204
6225
6256
6317
6307
6209
6244
6019
6252
6252
6258
6070
6185
6227
6131
5955
6196
6148
6228
6265
6253
6188
6253
6229
6172
6150
6125
6175
6198
6187
6136
6070
6011
6091
6115
6096
6099
6189
6184
6137
6105
6081
6112
6151
6110
6073
6013
6013
6051
6082
6061
6044
6088
6089
6172
6121
6283
6266
6249
6185
6041
5986
6117
6353
6467
6391
6340
6331
6275
6302
6346
6334
6322
6318
6231
6188
6244
6272
6218
6190
6313
6042
6409
6445
6409
6454
6382
6423
6414
6390
6420
6343
6374
6429
6433
6372
6196
6236
6202
6253
6174
6060
6126
6185
6068
6048
5986
5957
5967
6034
6043
5985
5962
5976
5866
5895
5559
5536
5538
5510
5655
5703
5700
5688
5572
5580
5607
5554
5587
5604
5261
5201
5203
5202
5138
5198
5282
5285
5242
5335
5056
5122
5261
5274
5336
5412
5389
5403
5242
5241
5442
5471
5535
5555
5451
5438
5510
5449
5525
5367
5581
5458
5468
5530
5447
5381
5391
5565
5570
5521
5605
5535
5528
5517
5562
5567
5622
5662
5590
5471
5642
5680
5728
5769
5700
5672
5803
5896
5840
5756
5841
5889
5817
5708
5713
5972
5894
5792
5575
5827
5890
5748
5751
5907
5820
5874
5911
5854
5752
5700
5673
5656
5706
5723
5519
5380
5349
5390
5559
5596
5683
5707
5762
5827
5682
5627
5786
5752
5785
5545
5169
5621
5740
5732
5545
5624
5655
5467
5546
5613
5609
5576
5642
5570
5485
5488
5536
5537
5490
5464
5275
5131
5399
5456
5419
5432
5414
5377
5312
5375
5399
5562
5447
5556
5345
5349
5284
5219
5293
5220
5207
5353
5390
5414
5298
5346
5412
5435
5443
5407
5407
5342
5480
5476
5500
5517
5499
5482
5567
5529
5503
5555
5453
5479
5575
5554
5537
5538
5553
5498
5428
5450
5363
5310
5278
5270
5271
5309
5270
5253
5207
5199
5277
5316
5203
5163
5350
5338
5233
5252
5177
5227
5240
5206
5231
5145
5128
5202
5271
5223
5180
5148
5168
5219
5154
5173
5062
5173
5092
5116
5134
5117
5127
5114
5062
5050
4916
4877
4917
4878
4815
4935
4940
4979
4930
4953
4893
4872
4812
4836
4864
4879
4973
4968
5034
5022
4861
4908
4923
5091
5073
4906
4943
4761
4830
4843
4794
4800
4742
4771
4812
4787
4782
4719
4626
4529
4809
4794
4770
4688
4651
4707
4673
4675
4588
4620
4649
4626
4611
4534
4565
4512
4551
4534
4557
4576
4579
4482
4531
4502
4504
4507
4437
4479
4497
4551
4487
4439
4470
4462
4390
4427
4376
142
16
84
514
4503
4453
4562
4579
4639
4442
4465
4432
4394
4386
4392
4436
4367
4378
4377
4362
4362
4333
4326
4366
4439
4476
4488
4542
4546
4630
4653
4730
4696
4628
4653
4666
4692
4749
4582
4608
4538
4551
4699
4619
4675
4686
4637
4622
4658
4658
4728
4732
4688
4643
4516
4547
4544
4529
4676
4688
4619
4586
4665
4559
4638
4627
4648
4666
4662
4720
4732
4826
4834
4806
4834
4805
4810
4825
4755
4788
4719
4780
4766
4795
4766
4758
4848
4805
4872
4778
4769
4749
4862
4914
4882
4552
4581
4602
4591
4732
4792
4819
4960
4963
4986
5002
4946
4877
4894
4908
4888
4909
4854
4786
4827
4808
4843
4836
4823
4892
4881
4921
4881
4961
4937
4898
4994
5023
5037
4973
4915
4925
5019
5072
5026
5075
5003
4965
5023
4924
4954
4980
5004
4991
4947
5044
5072
5036
5050
5043
5006
4999
4937
4950
4934
4938
5086
5087
4754
5050
5048
5046
5126
5116
5154
5104
5067
5200
5223
5272
5297
5354
5390
5355
5280
5203
5252
5291
5262
5310
5278
5274
5261
5236
5339
5294
5264
5270
5202
5236
5417
5410
5469
5302
5396
5381
5375
5394
5431
5357
5401
5267
5295
5301
5335
5345
5392
5305
5330
5343
5267
5237
5336
5296
5304
5233
5264
5229
5241
5229
5197
5183
5113
5159
5149
5148
5131
5160
5108
5166
5184
5106
5171
5157
5164
5214
5220
5189
5158
5201
5216
5330
5301
5180
5191
5155
5156
5133
5020
5062
5034
5219
5216
5084
5220
5118
4981
5038
5154
5190
5242
5112
5120
5108
5159
5150
5193
5178
5259
5194
5248
5204
5299
5220
5287
5281
5284
5215
5173
5084
5221
5149
5131
5137
5146
5117
5169
5172
5186
5143
5112
5087
5131
5174
5166
5189
5146
5170
5296
5313
5222
5297
5330
5342
5314
5322
5328
5209
5194
5034
5174
5088
5136
5268
5247
5225
5152
5121
5086
5121
5068
4983
4808
4832
4911
4917
4992
4937
4945
4995
4884
4967
4963
4962
4964
4880
5058
5108
5049
5108
5056
4980
5012
4961
4766
4801
4526
4752
4829
4797
4692
4730
4727
4678
4604
4739
4733
4587
4803
5000
5047
4929
4898
4990
5037
4984
4964
4940
4871
4894
4947
4959
4979
4954
4908
5147
5158
5200
5236
5260
5279
5256
5214
5109
5206
5229
5205
5165
5217
5258
5213
5129
5147
5154
5152
5143
5210
5167
5127
5139
5088
5137
5103
5084
5128
5014
5093
5130
5149
5195
5231
5208
5191
5204
5216
5259
5267
5203
5291
5268
5266
5266
5255
5172
5289
5273
5299
5213
5123
5242
5239
5294
5267
5241
5251
5212
5270
5279
5273
5222
5124
5117
5138
5099
5245
5280
5289
5271
5190
5131
5237
5250
5218
5179
5228
5281
5211
5276
5340
5326
5383
5401
5411
5380
5329
5358
5320
5299
5285
5352
5362
5440
5408
5434
5420
5401
5408
5350
5292
5322
5240
5247
5172
5250
5219
5262
5247
5147
5245
5281
5304
5304
5208
5209
5230
5290
5312
5272
4947
5193
5190
5188
5199
5168
5248
5251
5246
5185
5243
5217
5223
5208
5324
5270
5329
5369
5354
5356
5309
5282
5376
5409
5386
5357
5362
5260
5299
5169
5191
5069
5152
5159
5177
5145
5137
5119
5106
5074
5070
5031
5087
5172
5061
4669
5223
5237
5187
5033
5043
5204
5206
5245
5234
5200
5204
5148
5044
5026
5031
5068
5052
4913
4993
4876
4969
5055
5042
5039
5116
4998
5079
5001
4997
5043
5078
4990
4986
4941
4713
4695
4717
4712
4935
4946
4938
4945
5007
5025
4892
5000
4917
4983
5014
5012
5055
5035
5034
5034
5106
5030
5017
4797
4395
4382
4388
4391
4416
4401
4418
4736
4797
4836
4893
4731
4765
4885
4925
4931
4924
4929
4945
4943
4960
5026
4980
4920
4887
5010
5055
5088
5026
4987
5181
5197
5213
5189
5161
5176
5238
5225
5189
5196
5191
5228
5163
5179
5153
5120
5192
5240
5235
5237
5149
5278
5331
5267
5292
5216
5217
5207
5205
5234
5249
5243
5285
5231
5196
5156
5122
5229
5064
5173
5151
4994
4937
4934
4942
4901
4941
4987
4993
4888
5037
4986
5072
5114
5144
5132
5099
5050
5097
5114
5138
5122
4989
4941
4997
4984
4936
4831
4830
4803
4721
4836
4805
4844
4898
4922
4886
4870
4915
4886
4849
4665
4677
4672
4654
4700
4793
4784
4817
4781
4809
4711
4715
4712
4726
4798
4821
4789
4746
4714
4646
4621
4693
4734
4691
4613
4684
4691
4552
4723
4744
4691
4542
4574
4625
4727
4727
4703
4608
4496
4438
4406
4551
4569
4549
4538
4460
4438
4524
4340
4629
4621
4614
4668
4632
4553
4596
4714
4725
4656
4633
4642
4611
4652
4625
4603
4624
4516
4588
4555
4575
4499
4450
4412
4440
4462
4447
4320
4442
4431
4419
4467
4400
4488
4462
4486
4457
4294
4304
4278
4260
4301
4192
4053
4103
4151
4106
4011
4186
4196
4140
4160
4050
4098
4051
4063
4060
4047
3961
4006
4018
3936
3971
3995
4024
4011
3986
3947
3924
3967
4008
4017
3876
4004
4007
3999
4053
4023
3897
3940
4021
4027
4025
4048
4089
4061
4102
4086
4073
3983
3993
4005
4077
4023
4020
3971
3983
3978
4037
3997
3945
3905
3888
3845
3800
3843
3918
3917
3881
3911
3903
3727
3786
3777
3833
3866
3829
3801
3833
3832
3804
3832
3786
3817
3787
3522
3631
3659
3669
3661
3569
3532
3464
3466
3471
3569
3943
3986
4027
4035
3986
4176
4143
4003
4052
4120
4156
4175
4256
4291
4136
4037
4007
4175
4082
4150
4100
4027
4035
3936
4049
4050
3988
4000
3975
3977
3973
3938
3941
3915
3889
3887
3905
3930
3910
3947
3996
3978
3986
3932
3942
3943
3938
3999
3898
3825
3912
3979
3962
3985
4048
4011
3993
3939
3972
3881
3817
3993
3969
3911
3893
3957
3977
3942
3945
3994
4026
3964
4043
4014
3974
4021
3974
3904
3954
3979
4060
4088
4067
4088
4024
3997
4012
3988
4103
4090
4193
4170
4220
4212
4240
4199
4223
4235
4212
4161
4172
4099
4157
4151
4145
4139
4046
4047
4096
4111
4064
4115
4092
4106
4079
4075
4016
4050
4061
4084
4086
3982
3898
4026
4011
4100
4123
4123
4108
4215
4313
4311
4353
4382
4442
4493
4550
4443
4503
4515
4596
4539
4530
4399
4447
4456
4445
4310
4213
4319
4345
4402
4403
4239
4349
4297
4215
4241
4125
4107
4141
4111
4093
4036
3978
4026
4013
4020
3942
3927
3924
3962
3952
3917
3934
3952
3973
3965
4009
4017
3939
3984
3985
3995
3980
4032
4036
3993
3981
3939
3861
4131
4177
4266
4262
4261
4276
4140
4215
4253
4237
4354
4295
4291
4250
4240
4265
4374
4404
4353
4380
4421
4452
4480
4551
4546
4476
4490
4484
4441
4322
4323
4368
4362
4520
4545
4544
4524
4523
4511
4528
4584
4657
4644
4635
4639
4643
4664
4654
4587
4573
4418
4488
4530
4543
4558
4576
4583
4544
4545
4537
4481
4525
4480
4376
4349
4289
4296
4313
4305
4294
4254
4241
4253
4274
4350
4320
4340
4334
4310
4309
4319
4184
4312
4322
4304
4285
4286
4288
4278
4265
4190
4184
4163
4162
4120
4090
4094
4173
4108
4098
4102
4092
4132
4124
4100
4122
4128
4097
4099
3937
4002
4073
4076
4125
4058
4162
4121
4050
4062
4046
3946
4147
4130
4067
4137
4193
4182
4163
4105
4199
4245
4190
4182
4194
4193
4163
4201
4198
4241
4222
4183
4140
4224
4264
4283
4192
4148
4151
4117
4104
4109
4112
4068
4017
4001
3944
4020
4034
4011
3834
3804
3845
3850
3883
3880
3744
3773
3733
3708
3694
3707
3615
3641
3650
3552
3573
3259
3235
3337
3290
3291
3288
3263
3408
3481
3491
3522
3502
3498
3508
3491
3482
3454
3357
3356
3369
3418
3376
3397
3381
3291
3309
3322
3265
3367
3381
3371
3303
3309
3374
3349
3347
2930
3388
3423
3394
3417
3372
3383
3385
3390
3353
3191
3205
3199
3225
3232
3219
3251
3186
3055
3048
3051
3047
3125
3192
3204
3174
3159
3086
3282
3302
3378
3370
3464
3439
3472
3501
3351
3367
3309
3252
3255
3202
3211
3196
3121
3218
3104
3146
3201
3194
3211
3228
3166
3168
3163
3216
3178
3017
3005
3032
2988
3182
3261
3268
3232
3229
3237
3265
3275
3236
3223
3226
3199
3291
3284
3271
3242
3249
3275
3293
3279
3288
3234
3246
3291
3277
3256
3265
3312
3309
3298
3317
3320
3358
3313
3364
3368
3358
3367
3319
3412
3394
3440
3486
3544
3555
3311
3547
3542
3599
3653
3641
3797
3768
3699
3639
3788
3791
3757
3842
3814
3928
3953
3911
3939
3922
3986
3999
4021
3952
3944
3951
4119
4124
4115
4170
4158
4251
4237
4222
4231
4151
4185
4192
4194
4200
4171
4181
4185
4186
4169
4184
4060
4162
4161
4149
4136
4163
4189
4199
4190
4228
4233
4251
4226
4248
4251
4253
4169
4221
4330
4361
4361
4358
4354
4353
4409
4411
4347
4345
4294
4225
4231
4337
4355
4333
4324
4261
4316
4270
4248
4340
4338
4236
4381
4385
4341
4374
4358
4407
4359
4375
4405
4395
4422
4293
4535
4531
4517
4503
4467
4408
4399
4365
3895
3822
3849
3872
3871
3776
3848
3850
3845
3798
3847
3812
4323
4323
4330
4416
4396
4522
4497
4478
4502
4539
4604
4608
4589
4618
4568
4635
4628
4622
4521
4605
4679
4681
4716
4685
4681
4634
4901
4885
4896
4849
4820
4838
4924
4925
5104
4990
5117
4954
5010
5038
5055
5092
5078
5015
4983
5029
5007
4993
4970
4860
4766
4942
5045
5062
5055
5075
5052
5048
5032
4901
4922
4975
4956
4961
5010
5003
5055
5048
5008
5085
5056
4999
5113
5114
5094
5097
5086
5064
5075
5148
5147
5163
5142
5129
5149
5117
5159
5149
5147
5143
5109
5080
5048
4996
4938
4876
4462
4464
4460
4418
4461
4458
4462
4470
4479
4762
4806
4817
4826
4815
4798
4882
4961
4704
5012
4995
5012
4987
5029
4995
4986
5021
5031
5010
5029
5026
5007
4974
5013
5087
5073
4952
4990
4919
5010
5072
5100
5039
5041
4951
4893
4940
5021
4985
5008
5008
4971
5032
5054
4976
5038
4946
4880
4806
4922
4943
4839
4914
4938
4906
4889
4858
4795
4890
5069
5023
4964
4954
4975
5015
4875
4926
4927
4889
4822
4762
4949
4767
4697
4775
4760
4828
4816
4686
4800
4714
4748
4711
4651
4775
4771
4826
4832
4790
4677
4215
4780
4815
4725
4641
4602
4701
4738
4630
4566
4658
4621
4598
4591
4603
4577
4552
4523
4544
4546
4497
4586
4548
4567
4432
4531
4554
4582
4578
4597
4593
4582
4602
4605
4560
4535
4581
4622
4618
4677
4687
4597
4671
4724
4756
4794
4731
4768
4821
4774
4811
4809
4758
4742
4757
4801
4863
4860
4902
4843
4876
4848
4835
4783
4859
4827
4752
4613
4610
4618
4599
4591
4600
4551
4535
4557
4490
4482
4447
4396
4434
4461
4474
4475
4410
4400
4416
4431
4417
4424
4443
4465
4407
4449
4464
4484
4509
4481
4403
4372
4367
4349
4290
4336
4298
4350
4319
4276
4328
4308
4293
4271
4261
4226
4222
4174
4227
4086
4069
3963
3946
3974
3947
3968
3929
3845
3847
3882
3955
3906
3900
3846
3906
3939
3927
3876
3847
3806
3814
3820
3684
3672
3601
3597
3559
3538
3518
3444
3415
3438
3398
3385
3353
3332
3384
3347
3351
3238
3204
3225
3227
3405
3410
3410
3444
3441
3428
3461
3497
3458
3478
3393
3362
3383
3369
3472
3425
3487
3464
3451
3466
3458
3483
3473
3444
3410
3344
3279
3275
3303
3230
3180
3197
3188
3149
3139
3110
2987
3151
3107
3183
3140
3109
3098
3174
3151
3026
2927
2891
2981
2936
2887
2904
2868
2839
2930
2898
2895
2908
2910
2895
2891
2892
2840
2854
2864
2864
2873
2888
2901
2887
2908
2844
2892
2875
2834
2848
2844
2862
2883
2805
2799
2745
2652
2605
2625
2592
2591
2606
2588
2581
2574
2587
2574
2497
2453
2257
2504
2507
2399
2390
2415
2420
2435
2426
2393
2365
2317
2327
2394
2375
2358
2414
2468
2460
2471
2477
2446
2426
2353
2354
2315
2301
2295
2235
2262
2296
2265
2281
2221
2217
2259
2267
2256
2264
2261
2374
2367
2375
2397
2332
2513
2518
2500
2385
2481
2497
2371
2501
2540
2477
2447
2437
2455
2441
2506
2498
2716
2701
2736
2727
2718
2749
2727
2744
2738
2637
2630
2612
2651
2659
2647
2662
2645
2631
2629
2593
2673
2684
2687
2705
2721
2794
2797
2806
2860
2856
2806
2872
2882
2892
2885
2899
2918
2911
2906
3002
2982
3008
3063
3078
3115
3119
3127
3101
3125
3130
3132
3143
3109
3151
3170
3121
3140
3131
3242
3252
3211
3252
3250
3246
3252
3245
3271
3226
3238
3178
3178
3185
3173
3236
3212
3205
3192
3196
3222
3205
3153
3192
3222
3253
3277
3272
3275
3258
3235
3384
3390
3370
3367
3368
3330
3414
3412
3435
3445
3477
3494
3539
3524
3550
3556
3573
3570
3546
3605
3577
3656
3654
3677
3679
3693
3664
3774
3830
3893
3880
3835
3913
3910
3973
4001
3918
3922
3872
3877
3881
3840
3888
3879
3854
3851
3821
3796
3803
3792
3815
3813
3754
3771
3753
3799
3775
3784
3819
3845
3900
3920
3698
3813
3832
3863
3882
3987
3980
4051
3959
3952
3929
3927
3942
3956
3895
3863
3872
3903
3940
3943
4017
3990
3996
3971
3927
4104
4128
4134
4117
4091
4183
4187
4205
4178
4132
4148
4143
4163
4194
4123
4116
4081
4018
4220
4311
4238
4270
4239
4190
4213
4220
4239
4258
4254
4289
4266
4256
4208
4214
4205
4183
4254
4389
4426
4401
4414
4368
4411
4449
4436
4341
4435
4406
4506
4508
4615
4636
4811
4912
4866
4817
4815
4808
4885
4824
4905
4877
4737
4808
4781
4717
4922
5055
5000
5002
5003
4978
4984
5002
5038
4996
4907
4892
4967
5046
5024
5069
5022
4952
5058
5009
5013
5017
4885
5047
4975
4891
4915
4867
4854
4874
4837
4926
4967
4975
5018
4995
5038
5075
5004
5050
4949
4993
4993
4990
4997
4955
5017
5066
5115
5186
5175
5182
5209
5179
5143
5150
5198
5169
5274
5229
5217
5329
5378
5334
5320
5272
5240
5205
5120
5317
5389
5375
5404
5376
5404
5444
5469
5474
5386
5365
5303
5415
5449
5453
5403
5352
5407
5420
5304
5309
5335
5343
5386
5437
5357
5218
5279
5285
5325
5391
5452
5455
5319
5276
5193
5357
5303
5361
5412
5297
5208
5353
5475
5520
5436
5486
5502
5508
5458
5431
5519
5513
5549
5518
5501
5448
5375
5531
5557
5490
5368
5357
5398
5461
5500
5426
5354
4990
5049
5043
5058
5022
5113
5070
5076
5032
5005
5028
5087
5058
4975
4856
5058
5159
5147
5211
5248
5250
5294
5263
5344
5363
5349
5345
5204
5332
5373
5475
5476
5321
5215
5223
5453
5473
5387
5454
5385
5384
5361
5225
5305
5330
5335
5338
5330
5232
5309
5310
5238
5358
5341
5381
5377
5351
5403
5398
5421
5365
5399
5297
5338
5326
5375
5396
5415
5397
5388
5341
5372
5075
5079
5043
5027
5034
5094
5092
5065
5071
5043
5069
5063
5000
5018
5004
5115
5115
5119
5107
5099
5152
5107
5103
5061
4987
5011
5191
5343
5344
5277
5241
5280
5497
5531
5506
5462
5384
5426
5420
5453
5441
5339
5208
5138
5355
5368
5439
5297
5364
5411
5402
5369
5343
5260
5220
5227
5145
5077
5143
5147
5133
5147
5092
5049
5169
5154
5229
5171
5159
5108
5131
5169
5259
5191
5207
5165
5144
5165
5173
5169
5156
5098
5084
5099
5128
5164
5192
5002
5244
5335
5267
5303
5261
5261
5262
5217
4979
5307
5370
5444
5440
5401
5315
5245
5244
5208
5281
5257
5128
5155
5216
5245
5245
5226
5211
5217
5213
5226
5226
5174
5243
5252
5322
5310
5309
5340
5203
5309
5315
5320
5334
5190
5211
5242
5256
5309
5216
5179
5238
5285
5277
5267
5209
5165
5145
5117
5200
5239
5223
5225
5148
5156
5197
5169
5117
5160
5164
5298
5310
5308
5321
5300
5276
5178
5248
5222
5119
5078
5218
5182
5176
5217
5230
5226
5279
5260
5238
5023
4751
4992
5037
5028
4950
4744
4853
4899
4956
4979
5028
4970
4928
5000
5121
5058
5049
4985
4938
4918
5052
5031
4930
4882
4981
4878
4961
5004
5029
5034
4981
5025
5019
5007
5021
4918
4888
4839
4803
4677
4869
4830
4817
4883
4864
4851
4759
4818
4876
4797
4808
4638
4847
4943
4926
5062
5008
5100
5058
5128
5194
4963
4821
4870
4967
4909
4817
4956
5073
5082
5054
4965
4837
4770
4748
4875
4844
4822
4765
4640
4704
4867
4810
4674
4811
4804
4853
4845
4778
4658
4667
4727
4731
4638
4578
4528
4576
4568
4450
4776
4792
4949
4962
4893
5017
5027
4900
4839
4876
4871
4814
4853
4942
4948
4908
5012
4930
4954
4898
4814
4849
4855
4880
4894
4964
4932
4918
4986
4923
4860
4915
4927
4915
4926
4792
4728
5005
5000
4842
4976
4944
4786
4863
4647
5004
4975
5000
4970
4981
5070
5051
5075
5031
4824
4910
4947
4979
4914
4844
4833
4857
4918
4935
4976
4921
4829
4816
4849
4742
4779
4761
4756
4728
4689
4744
4694
4777
4786
4763
4771
4742
4750
4653
4850
4888
4858
4897
4862
4891
4928
4930
4916
4938
4870
4915
4974
4983
5146
5061
4988
5063
5085
4752
4902
4802
4783
4690
4825
4849
4828
4952
4951
4903
4794
4689
4843
4938
4917
4863
4682
4615
4636
4698
4722
4704
4739
4699
4610
4779
4779
4733
4804
4743
4659
4587
4689
4709
4711
4707
4760
4638
4625
4715
4894
5061
5084
5067
5045
5034
4912
4917
4955
4823
4548
4776
4909
4885
4905
4891
4823
4902
4880
4930
4790
4746
4867
4837
4888
4957
4935
4945
4939
4840
4941
4968
5047
5068
5104
5044
5087
5077
5022
5126
5024
5105
5086
5089
5046
4978
4972
5259
5435
5353
5374
5253
5196
5294
5295
5268
5322
5205
5115
5191
5159
5210
5094
5140
5094
5080
5130
5129
5101
5112
4972
5061
5142
5153
5175
5238
5286
5332
5334
5327
5268
5296
5318
5391
5370
5178
5195
5273
5248
5452
5544
5556
5494
5453
5517
5618
5547
5494
5485
5454
5554
5523
5544
5508
5450
5380
5374
5361
5275
5358
5335
5310
5379
5440
5396
5487
5517
5405
5395
5394
5390
5376
5341
5368
5331
5374
5392
5285
5323
5311
5456
5430
5419
5407
5372
5456
5375
5383
5433
5418
5414
5354
5240
5414
5418
5482
5471
5401
5202
5162
5306
5327
5203
5160
5083
5159
5217
5266
5261
5193
5189
5195
5209
5188
5160
5091
4977
5054
5057
5021
5191
5197
5165
5240
5365
5314
5221
5257
5176
4981
4897
5117
5060
4913
4849
4848
4874
4861
4967
5041
5008
4826
5036
5111
5117
5209
5154
5185
5128
4970
4925
5108
5062
4978
4989
4943
5028
5027
5013
5124
4978
4940
5162
5256
5241
5133
5139
5167
5196
5206
5253
5170
5022
5029
5066
4913
4882
4922
4879
4894
4919
4919
4765
4502
4455
4504
4553
4545
4550
4997
4996
4987
5012
5035
5050
5030
4830
4868
4878
4915
4941
4932
4988
4992
5066
4996
5016
5085
5008
5050
5004
4981
4894
4906
4979
4994
5003
4992
4974
5002
4988
5046
4933
4931
4955
4964
4918
4876
4988
4964
4954
4864
4892
4823
4848
4823
4448
4511
4533
4528
4724
4877
4864
4899
4898
4818
4933
4946
4974
4982
4976
4929
5053
5034
5164
5106
5099
5042
5115
4969
4946
4948
4994
4998
4878
5157
5129
5109
5161
5022
4985
5082
4979
5040
4971
4773
5069
5052
5050
5088
4745
4748
4742
4769
4724
4807
4927
4928
4939
4866
4784
4833
4572
4692
4738
4767
4791
4739
4718
4744
4795
4807
4705
4759
4821
4773
4735
4704
4686
4839
4866
4868
4878
4738
4696
4789
4805
4885
4897
4792
4877
4866
4874
4664
4799
4829
4847
4910
4864
4894
4957
5030
5006
4990
4850
4856
4844
4897
4809
4832
4680
4706
4694
4717
4794
4855
4800
4781
4810
4885
4910
4925
4886
4876
4792
4852
5034
5011
4938
4907
4996
5060
5020
5102
5025
4974
5041
5029
4867
4867
4871
4877
5081
5162
5162
5259
5280
5215
5136
5267
5324
5340
5208
5226
5242
5254
5301
5234
5254
5270
5264
5302
5245
5215
5312
5180
5257
5221
5233
5218
5305
5266
5223
5223
5166
5059
5115
5098
5120
5085
4985
4824
4860
4836
5057
5103
5098
5084
5115
5007
4864
4952
4857
4903
4935
4964
4974
5010
4963
4912
5030
5035
5102
5101
5086
5129
5086
5040
5067
5068
5083
5064
5109
5096
5046
5139
5126
5107
5131
5154
5172
5036
5085
5135
5189
5143
4793
4991
4884
4937
5001
4982
5002
4919
4756
4788
5012
4990
4901
4801
4755
4855
4828
4798
4816
4769
4730
4714
4641
4649
4597
4650
4624
4626
4617
4631
4736
4719
4732
4671
4663
4608
4775
4779
4738
4623
4650
4656
4680
4668
4638
4515
4502
4416
4516
4605
4609
4537
4556
4573
4556
4521
4369
4463
4495
4493
4426
4342
4256
4414
4460
4429
4438
4502
4452
4416
4358
4313
4375
4418
4420
4318
4227
4231
4253
4260
4260
4272
4302
4232
4241
4229
4347
4322
4427
4415
4415
4407
4380
4394
4443
4368
4332
4362
4441
4470
4408
4475
4455
4320
4350
4355
4421
4388
4434
4491
4470
4478
4500
4530
4586
4614
4562
4580
4667
4642
4568
4574
4654
4680
4641
4626
4605
4567
4590
4589
4632
4633
4573
4571
4554
4578
4578
4509
4520
4456
4469
4504
4504
4448
4382
4361
4435
4444
4422
4402
4403
4431
4435
4420
4406
4373
4417
4403
4413
4358
4298
4212
4211
4212
4253
4262
4275
4315
4326
4321
4364
4370
4375
4360
4262
4421
4396
4433
4436
4421
4450
4365
4460
4328
4403
4398
4332
4353
4359
4351
4354
4237
4290
4296
4377
4355
4346
4365
4351
4381
4337
4312
4270
4323
4345
4268
4244
4119
4283
4390
4429
4357
4332
4339
4311
4383
4323
4371
4324
4292
4160
4321
4331
4334
4234
4158
4236
4202
4191
4118
4277
4270
4132
4146
4157
4174
4202
4160
4131
3963
4012
4024
4076
4075
4065
4050
4035
3995
4036
3983
3937
4050
4033
4046
3978
3998
4079
3972
4017
4002
3888
3901
3853
3896
3909
3833
3805
3810
3786
3799
3795
3764
3763
3743
3717
3707
3687
3701
3782
3745
3692
3647
3632
3814
3826
3810
3825
3668
3655
3677
3790
3676
3691
3758
3789
3788
3815
3771
3755
3879
3900
3883
3803
3806
3852
3862
3918
3903
3908
4003
4001
3939
3827
3856
3872
3855
4055
4107
4083
4055
4148
4017
4086
4034
4085
4064
4065
4044
4020
3972
4001
4032
4051
4015
3971
3977
4044
4092
4111
4213
4153
4124
4148
4164
4292
4252
4006
4232
4166
4313
4324
4315
4299
4197
4174
4137
4214
4234
4124
4140
4135
4112
4167
4149
4152
4124
4071
4091
4066
4039
4087
4074
4073
4077
4070
4105
4097
4100
4103
4099
4130
4076
4050
4020
3980
4028
4029
4019
3956
3982
4006
3983
4027
3982
3979
3970
3975
3979
3967
3965
3987
4043
4046
4016
4057
4029
4045
4057
4149
4116
4132
4100
4096
4135
4137
4133
4064
4066
4102
4126
4157
4132
4108
4120
4053
4227
4125
4248
4227
4105
4215
4266
4180
4259
4163
4158
4221
4224
4234
4137
4127
4064
4191
4169
4220
4157
4203
4184
4233
4221
4236
4262
4326
4285
4338
4272
4260
4295
4293
4329
4244
4199
4235
4226
4145
4128
4275
4267
4244
4290
4248
4136
4166
4247
4419
4394
4478
4433
4391
4387
4424
4464
4396
4391
4382
4131
4151
4190
4217
4230
4450
4459
4539
4617
4566
4543
4530
4565
4579
4407
4432
4364
4388
4368
4374
4372
4371
4373
4399
4374
4373
4370
4388
4322
4358
4390
4378
4370
4395
4300
4325
4364
4379
4411
4314
4327
4309
4396
4425
4463
4441
4555
4538
4616
4610
4616
4634
4626
4638
4643
4617
4722
4664
4814
4841
4813
4886
4822
4910
4956
4918
4983
4975
4981
4959
4969
4938
4910
4861
4831
4787
4764
4757
4806
4836
4827
4830
4854
4759
4781
4776
4835
4787
4779
4779
4840
4797
4758
4762
4831
4852
4803
4845
4842
4947
4932
4968
4893
4908
4967
4991
4981
5032
4926
4954
4904
4971
4940
4993
4826
4980
5061
5054
5072
5087
5065
5033
5098
5088
5010
4930
4963
5016
5076
5075
5135
5071
5061
5071
5036
5069
4993
5145
5022
4925
5023
5103
5111
5152
5101
5075
5123
5312
5298
5281
5322
5338
5473
5500
5470
5487
5373
5481
5379
5423
5414
5335
5358
5231
5338
5334
5278
5266
5261
5256
5169
5239
5481
5451
5439
5415
5333
5353
5389
5377
5432
5395
5404
5398
5447
5413
5414
5334
5790
5778
5750
5801
5858
5833
5766
5740
5723
5595
5622
5565
5576
5600
5528
5523
5556
5576
5524
5486
5495
5413
5421
5434
5447
5466
5428
5315
5410
5282
5281
5282
5270
5043
5476
5502
5509
5556
5601
5583
5718
5689
5675
5619
5626
5802
5811
5924
5934
5857
5874
5811
6002
6013
5976
5937
5883
5957
6095
6101
6054
6090
6061
6142
6197
6135
5837
6111
6142
6161
6197
6220
6234
6215
6211
6312
6301
6269
6220
6215
6198
6228
6269
6236
6243
6205
6232
6260
6224
6213
6123
6107
6070
6108
6134
6119
6151
6120
6116
6089
6102
6135
6067
5981
5925
5976
5956
6046
6170
6189
6010
6131
6059
5966
5872
5694
5798
5953
5776
5980
5863
5740
5883
5741
5853
5919
5908
5897
5908
5814
5858
5914
5883
5926
5826
5983
5968
5998
5971
5976
6007
6069
6069
6048
6066
6109
6156
6230
6192
6137
6061
6011
6025
6035
6029
5880
5910
6032
5992
5992
5956
5947
5968
5933
5966
5966
6119
6075
6074
6140
6128
6153
6193
6151
6167
6059
5867
5832
6061
6086
6001
5820
5742
5790
5792
5776
5963
6093
6038
6057
6014
5905
5900
5914
5972
6010
5981
5972
5895
5898
5906
5853
5814
5712
5733
5707
5801
5798
5705
5689
5717
5706
5703
5647
5655
5599
5623
5636
5729
5735
5717
5678
5681
5607
5587
5557
5537
5553
5463
5415
5374
5331
5275
5246
5200
5266
5202
5207
5204
5206
5148
5220
5192
5173
5164
5103
5174
5158
5158
5087
5136
5174
5166
5151
5107
5117
5047
4990
5032
5081
5110
5127
5115
5110
5091
5147
5191
5331
5363
5380
5442
5477
5517
5526
5439
5527
5541
5647
5672
5684
5674
5654
5677
5695
5686
5736
5492
5640
5602
5742
5787
5690
5591
5521
5445
5537
5609
5584
5444
5433
5449
5431
5499
5428
5434
5406
5386
5380
5356
5342
5381
5366
5476
5429
5398
5201
5269
5200
5144
5298
5472
5395
5490
5599
5629
5576
5490
5595
5551
5627
5617
5595
5547
5528
5502
5595
5529
5632
5524
5486
5325
5298
5270
5301
5406
5521
5375
5406
5428
5399
5370
5324
5503
5521
5548
5547
5566
5566
5694
5731
5808
5772
5733
5791
5711
5774
5886
5836
5835
5722
5741
5767
5766
5694
5764
5742
5803
5817
5793
5821
5733
5823
5879
5811
5867
5810
5855
5800
5933
5885
5836
5825
5899
5915
5965
5935
5798
5878
5841
5678
5727
5713
5751
5729
5766
5739
5997
6044
6078
6138
6167
6186
6227
6165
6163
6239
6125
6161
5873
5866
5773
5835
5859
5830
5898
5867
5841
5848
5802
5789
5711
5788
5802
5779
5770
5719
5841
5846
5786
5792
5689
5780
5747
5744
5770
5651
5748
5777
5721
5900
5843
5834
5820
5749
5804
5782
5701
5719
5577
5638
5631
5645
5582
5615
5596
5630
5649
5600
5665
5648
5661
5640
5629
5481
5152
5170
5201
5164
5198
5201
5140
5281
5301
5352
5362
5408
5296
5337
5186
5251
5220
5248
5239
5266
5227
5163
5308
5260
5337
5354
5300
5234
5116
5093
5075
4816
4782
5096
5224
5135
4872
4857
4846
4858
4841
4823
4732
4645
4696
4707
4752
4730
4751
4822
4781
4732
4753
4632
4523
4582
4831
4870
4827
4840
4685
4505
4524
4376
4351
4427
4479
4443
4680
4790
4838
4890
4969
4886
4912
4973
4996
4925
4910
4868
4856
4514
4680
4813
4815
4761
4785
4771
4769
4752
4764
4791
4811
4819
4859
4766
4753
4731
4603
4648
4621
4523
4559
4459
4709
4727
4679
4612
4533
4597
4674
4694
4598
4500
4489
4524
4451
4439
4494
4513
4469
4467
4510
4487
4484
4481
4438
4444
4492
4502
4498
4493
4475
4513
4549
4507
4544
4549
4617
4609
4599
4614
4583
4593
4584
4448
4469
4442
4418
4445
4440
4582
4614
4571
4619
4608
4615
4600
4611
4575
4523
4457
4538
4572
4582
4580
4591
4588
4579
4573
4527
4628
4586
4550
4547
4526
4490
4472
4463
4470
4395
4428
4430
4439
4401
4359
4356
4336
4365
4350
4351
4392
4391
4383
4425
4429
4498
4495
4484
4583
4636
4644
4660
4642
4641
4700
4667
4427
4522
4476
4463
4488
4540
4687
4599
4641
4579
4541
4567
4573
4584
4579
4480
4472
4499
4582
4611
4616
4602
4550
4587
4623
4501
4479
4426
4500
4504
4512
4531
4469
4430
4444
4369
4288
4479
4501
4470
4509
4502
4474
4436
4448
4442
4407
4483
4376
4320
4300
4231
4418
4397
4418
4399
4383
4412
4442
4501
4474
4494
4487
4485
4506
4549
4536
4519
4572
4581
4560
4541
4477
4473
4517
4515
4523
4468
4450
4427
4398
4409
4339
4404
4433
4431
4408
4428
4388
4388
4373
4357
4267
4203
4293
4349
4450
4469
4455
4462
4499
4492
4459
4486
4486
4465
4525
4491
4523
4467
4453
4497
4492
4492
4463
4381
4382
4367
4480
4511
4463
4465
4492
4479
4499
4492
4501
4506
4501
4476
4633
4607
4641
4673
4566
4630
4747
4777
4742
4665
4620
4633
4593
4555
4236
4324
4327
4362
4324
4361
4321
4337
4257
4187
4352
4410
4425
4321
4307
4150
4283
4314
4341
4344
4298
4222
4288
4257
4268
4233
4178
4164
4086
4261
4218
4237
4150
3988
4070
4152
4096
4171
4208
4197
4138
4178
4147
4168
4151
4181
4147
4142
4289
4360
4360
4373
4238
4239
4331
4397
4409
4350
4192
3981
3881
3911
3910
3858
3914
3893
3888
3914
4243
4302
4310
4336
4347
4196
4273
4255
4221
4235
4200
4246
4216
4277
4220
4237
4204
4236
4286
4193
4248
4323
4306
4332
4361
4361
4300
4383
4383
4494
4506
4506
4263
4273
4337
4312
4314
4330
4458
4495
4482
4508
4517
4483
4483
4432
4421
4372
4492
4525
4511
4565
4495
4576
4577
4528
4516
4362
4257
4279
4274
4250
4271
4275
4327
4314
4309
4254
4262
4266
4216
4437
4440
4480
4483
4337
4393
4433
4505
4623
4689
4612
4569
4574
4636
4713
4620
4632
4658
4584
4657
4703
4790
4717
4668
4764
4750
4734
4757
4619
4517
4515
4577
4585
4541
4406
4501
4492
4497
4397
4569
4573
4570
4548
4553
4574
4504
4657
4674
4618
4558
4541
4538
4470
4383
4473
4535
4623
4597
4658
4835
4707
4714
4615
4521
4604
4684
4720
4574
4491
4567
4445
4199
4384
4467
4517
4394
4485
4471
4450
4488
4438
4455
4434
4415
4408
4356
4334
4490
4525
4533
4461
4483
4506
4434
4405
4649
4652
4664
4677
4703
4774
4650
4717
4689
4665
4657
4631
4827
4897
4822
4822
4848
4807
4871
4823
4735
4762
4773
4907
4831
4947
4929
4891
4852
4791
4795
4818
4298
4310
4301
4292
4269
4283
4274
4273
4288
4287
4411
4603
4572
4653
4637
4645
4694
4597
4581
4583
4565
4542
4685
4774
4789
4801
4741
4716
4732
4724
4727
4724
4653
4664
4645
4770
4806
4710
4713
4782
4704
4790
4775
4701
4690
4575
4560
4635
4588
4642
4496
4602
4699
4761
4751
4770
4734
4721
4808
4752
4670
4725
4723
4698
4691
4931
4973
4901
4968
4975
4952
4990
4939
4841
4957
4914
4946
4889
4916
4931
4858
4737
4687
4866
4906
4879
4830
4759
4853
4945
4927
5019
4999
4968
5025
5021
4984
5057
4979
4958
5006
4942
4980
4950
4891
4942
4994
4941
4987
4787
4838
4829
4817
4864
4838
4861
4830
4736
4635
4539
4662
4615
4568
4479
4540
4539
4418
4638
4726
4807
4835
4746
4717
4746
4704
4755
4703
4571
4496
4497
4535
4543
4540
4534
4492
4475
4514
4555
4552
4600
4605
4593
4627
4593
4679
4735
4681
4700
4664
4668
4674
4696
4698
4643
4621
4608
4606
4454
4457
4440
4432
4443
4379
4448
4380
4821
4816
4833
4861
4820
4854
4782
4831
4839
4814
4851
4868
4865
4872
4884
4868
4902
4858
4877
4949
4959
4961
5015
5029
5051
4960
4852
4917
5001
5063
5117
5043
5038
5019
4965
4936
5092
5057
5052
4871
4855
4926
4937
4990
4918
4823
4870
4878
4881
4834
4876
4852
4770
4756
4725
4784
4795
4831
4826
4776
4793
4746
4697
4723
4831
4833
4902
4890
4823
4864
4805
4754
4847
4885
4918
4907
4857
4835
4834
4930
4928
4844
4847
4798
4735
4749
4593
4595
4702
4685
4642
4639
4673
4664
4717
4699
4723
4683
4617
4565
4548
4529
4570
4711
4675
4609
4799
4843
4753
4691
4618
4664
4616
4557
4659
4659
4685
4667
4730
4722
4718
4624
4595
4713
4699
4671
4680
4707
4699
4700
4645
4635
4627
4647
4654
4663
4628
4703
4583
4666
4688
4641
4640
4472
4583
4559
4437
4488
4579
4565
4602
4549
4591
4602
4619
4602
4601
4568
4568
4625
4649
4530
4593
4624
4602
4618
4583
4585
4655
4659
4623
4610
4591
4539
4346
4579
4510
4621
4663
4600
4557
4547
4560
4541
4535
4393
4411
4310
4372
4389
4320
4292
4283
4342
4338
4345
4374
4319
4353
4399
4437
4434
4400
4394
4437
4439
4298
4320
4510
4511
4471
4494
4395
4436
4447
4420
4347
4486
4571
4539
4506
4582
4638
4605
4527
4506
4510
4560
4543
4507
4519
4526
4453
4523
4526
4617
4566
4432
4556
4428
4460
4410
4352
4589
4544
4536
4549
4615
4435
4313
4538
4545
4430
4505
4525
4396
4148
4338
4353
4429
4433
4321
4353
4320
4374
4315
4155
4303
4194
4194
4182
4210
4162
4111
4257
4355
4303
4241
4308
4208
4335
4384
4276
4273
4292
3981
4093
4188
4157
4101
4243
4210
4193
4148
4293
4361
4402
4370
4351
4163
4297
4318
4335
4312
4291
4296
4255
4346
4356
4234
4221
3952
3925
3998
4008
3945
3908
3937
4146
4157
4169
4197
4145
4186
4203
4167
4196
4141
4121
4100
4147
4048
4006
4084
4111
4141
4144
4179
4170
4178
4144
4150
4113
4116
4125
4168
4155
4125
4204
4197
4211
4260
4213
4128
4135
4123
3976
4099
4240
4170
4161
4106
4112
4172
4252
4353
4327
4221
4169
4178
4189
4182
4172
4047
4106
4092
4085
4069
4140
4191
4229
4248
4252
4161
4167
4094
4101
4384
4407
4392
4406
4372
4395
4410
4397
4393
4374
4376
4361
4264
4158
4258
4307
4286
4296
4307
4384
4385
4356
4415
4361
4385
4383
4284
4306
4285
4290
4374
4344
4377
4366
4361
4349
4305
4323
4279
4294
4274
4331
4335
4307
4344
4340
4309
4281
4329
4296
4350
4388
4358
4288
4272
4274
4315
4292
4295
4203
4245
4272
4294
4287
4366
4358
4334
4342
4356
4372
4369
4369
4378
4303
4353
4346
4377
4342
4347
4380
4406
4334
4409
4437
4432
4511
4517
4573
4524
4449
4335
4398
4568
4507
4471
4267
4348
4411
4410
4383
4445
4351
4291
4213
4277
4215
4082
4243
4418
4427
4526
4520
4416
4502
4351
4345
4342
4421
4453
4436
4523
4523
4482
4493
4409
4387
4439
4189
4041
4106
4064
4041
4457
4488
4528
4610
4484
4429
4464
4527
4521
4435
4377
4231
4246
4394
4400
4545
4481
4471
4433
4370
4417
4417
4407
4431
4308
4314
4288
4297
4362
4344
4316
4221
4028
4239
4346
4255
4320
4311
4326
4455
4565
4578
4581
4582
4556
4556
4582
4586
4625
4629
4622
4673
4708
4713
4730
4700
4584
4711
4523
4478
4489
4493
4458
4375
4313
4459
4691
4709
4742
4719
4691
4805
4786
4859
4844
4817
4899
4834
4841
4814
4819
4807
4834
4793
4811
4853
4923
4931
4929
4987
5089
5092
5104
5082
5016
5043
5050
4935
4872
4903
4870
4920
4931
4908
4818
4778
4787
4796
4793
4885
4870
4861
4812
4721
4789
4723
4761
4856
4876
4835
4724
4951
4929
4923
4847
4725
4837
4871
4842
4802
4801
4723
4695
4814
4782
4818
4797
4630
4671
4690
4708
4708
4766
4766
4625
4779
4670
4698
4703
4733
4696
4628
4588
4585
4533
4551
4458
4501
4483
4486
4508
4449
4487
4451
4512
4551
4482
4341
4489
4487
4476
4470
4594
4613
4545
4650
4656
4675
4755
4703
4811
4819
4832
4838
4719
4645
4675
4796
4716
4603
4574
4388
4403
4412
4627
4592
4594
4656
4601
4580
4552
4527
4529
4485
4788
4792
4877
4856
4853
4873
4968
5001
4976
4894
4935
4853
4832
4881
4863
5028
5078
5119
5075
5114
5079
5034
5060
5032
4979
4956
4978
4997
5049
5033
4987
4964
4813
4924
4947
4952
4862
4810
4747
4843
4870
4893
4887
4888
4891
4869
4867
4877
4904
4878
4863
4905
4909
4898
4980
4917
4801
4888
4903
4980
4971
4969
4887
4835
4860
4977
4982
4907
4936
4886
4839
4889
4860
5001
5048
5060
5089
5100
5066
5081
5032
5101
5032
4948
4993
5011
4982
4969
5024
4993
4928
5002
4998
5070
5104
5061
5115
5106
5128
5074
5116
5197
5059
5119
5104
5190
5240
5228
5276
5152
5202
5248
5199
5146
5140
5126
5080
5069
5174
4986
4889
5098
5021
4901
4863
5087
5071
4934
4879
4927
4932
4970
5002
4964
4840
4870
4884
4817
4798
4868
4930
4887
4957
4902
4746
4764
4731
4706
4831
4833
4818
4697
4695
4676
4640
4658
4580
4464
4459
4471
4510
4517
4472
4476
4437
4399
4466
4407
4402
4408
4375
4391
4431
4417
4461
4433
4366
4355
4443
4397
4305
4425
4480
4475
4492
4496
4538
4513
4505
4547
4517
4477
4462
4333
4357
4370
4562
4614
4573
4659
4616
4692
4649
4554
4562
4606
4617
4572
4515
4478
4476
4488
4431
4405
4300
4417
4388
4394
4356
4365
4445
4491
4488
4593
4372
4394
4297
4297
4319
4388
4460
4451
4429
4466
4443
4379
4379
4363
4391
4308
4493
4483
4488
4499
4593
4557
4611
4498
4495
4558
4586
4560
4516
4560
4557
4177
4502
4438
4481
4278
4334
4435
4444
4388
4485
4493
4482
4450
4381
4498
4327
4454
4504
4474
4570
4547
4468
4485
4459
4471
4401
4409
4423
4467
4450
4445
4382
4421
4354
4409
4286
4361
4414
4365
4377
4416
4371
4493
4460
4486
4438
4468
4351
4408
4428
4551
4558
4617
4694
4647
4680
4687
4654
4641
4602
4687
4611
4559
4507
4495
4605
4605
4595
4637
4549
4575
4578
4527
4310
4439
4512
4529
4581
4556
4569
4584
4519
4646
4648
4608
4530
4532
4578
4569
4562
4430
4447
4416
4335
4339
4385
4376
4375
4357
4466
4450
4434
4448
4456
4426
4466
4359
4332
4452
4539
4538
4487
4482
4457
4457
4485
4442
4241
4280
4329
4359
4351
4369
4348
4324
4275
4280
4293
4272
4191
4110
4168
4347
4318
4284
4314
4317
4294
4281
4229
4191
4185
4203
4151
4102
4144
4143
4090
4218
4315
4355
4302
4270
4288
4281
4311
4301
4215
4227
4228
4225
4275
4268
4273
4250
4222
4225
4202
4243
4241
4240
4221
4242
4186
4251
4201
4235
4206
4203
4185
4179
4154
4195
4099
4136
4122
4133
4151
4133
4132
4144
3958
3919
3927
3993
4011
4018
4052
4002
4048
4021
4015
4049
3945
3959
3957
3968
4000
3980
3984
3952
3963
3957
3892
3876
3903
3900
3910
3908
3927
3826
3969
3955
3930
3945
3982
3890
3885
3951
4004
3927
3876
3886
3877
3935
3947
3945
3889
3834
3837
3810
3797
3770
3729
3738
3300
3315
3325
3322
3586
3602
3627
3683
3686
3682
3679
3715
3765
3767
3786
3790
3841
3817
3836
3801
3752
3776
3778
3759
3746
3748
3754
3782
3784
3806
3792
3829
3877
3868
3834
3749
3666
3671
3701
3670
3639
3556
3540
3516
3534
3612
3569
3532
3553
3551
3547
3529
3553
3545
3334
3386
3331
3352
3355
3379
3381
3363
3388
3375
3357
3324
3323
3352
3372
3349
3337
3312
3268
3298
3334
3309
3251
3247
3308
3323
3314
3344
3325
3319
3343
3422
3447
3348
3323
3408
3386
3436
3447
3446
3377
3380
3356
3289
3284
3249
3287
3209
3200
3387
3574
3574
3599
3525
3467
3451
3463
3470
3388
3378
3344
3576
3649
3639
3649
3678
3649
3767
3662
3458
3671
3666
3763
3643
3841
3811
3783
3822
3585
3681
3842
3653
3887
3764
3879
3864
3766
3397
3808
3810
3487
2283
3008
2975
3256
3385
3386
2740
2713
2961
2172
2901
2569
2844
3147
3076
3028
3132
3328
3531
3109
3579
3569
3177
2874
3117
3467
3461
3020
3041
3228
3129
3238
3434
3620
3582
3567
3561
3525
3684
3671
3682
3851
3656
3878
3904
3981
3969
3827
3849
4051
3921
3687
3929
4152
3925
4283
4328
4453
4288
4237
4125
4129
4469
4341
4538
4438
4606
4327
4417
4358
4368
4345
4273
4527
4489
4532
4579
4492
4517
4215
4492
4547
4618
4654
4540
4542
4580
4453
4718
4626
4649
4591
4595
4522
4205
4359
4587
4520
4601
4619
4548
4632
4568
4588
4465
4478
4429
4482
4420
4727
4829
4727
4681
4804
4743
4808
4484
4658
4849
4844
4740
4713
4777
4742
4924
4986
4922
4980
4857
4889
4935
4970
4977
4957
4940
4918
4981
4831
4927
4890
4813
4732
4694
4816
4851
4834
4897
4875
4900
4816
4876
4834
4798
4740
4693
4661
4643
4701
4691
4721
4711
4736
4765
4776
4704
4733
4771
4811
4764
4704
4745
4679
4712
4590
4673
4683
4612
4572
4665
4643
4505
4653
4717
4657
4735
4754
4758
4729
4645
4776
4947
4889
4869
4823
4785
4864
4852
4882
4790
4805
4792
4770
4744
4789
4757
4714
4544
4540
4518
4518
4512
4324
4287
4269
4329
4278
4438
4413
4482
4468
4430
4478
4476
4491
4448
4462
4558
4550
4585
4543
4563
4532
4526
4493
4524
4581
4612
4573
4535
4413
4441
4455
4471
4479
4458
4365
4472
4483
4450
4509
4508
4525
4556
4526
4539
4343
4316
4324
4325
4354
4359
4281
4277
4162
4394
4417
4514
4495
4531
4527
4440
4397
4331
4455
4497
4437
4396
4410
4422
4515
4517
4473
4350
4189
4135
4138
4238
4342
4338
4490
4518
4573
4557
4568
4533
4649
4650
4608
4637
4597
4604
4637
4647
4651
4661
4653
4559
4475
4597
4613
4733
4716
4697
4669
4701
4744
4669
4684
4574
4698
4743
4720
4675
4724
4644
4747
4724
4701
4667
4306
4278
4280
4298
4346
4384
4362
4317
4306
4223
4174
4175
4165
4200
4200
4205
4585
4590
4576
4727
4726
4707
4699
4676
4688
4748
4841
4876
4896
4887
4768
4512
4905
4852
4869
4756
4729
4742
4774
4748
4647
4785
4756
4637
4710
4688
4663
4730
4688
4696
4692
4701
4728
4721
4708
4742
4714
4700
4693
4689
4666
4621
4674
4690
4534
4694
4654
4614
4515
4495
4593
4506
4497
4300
4422
4400
4392
4391
4353
4385
4301
4192
4157
4245
4072
4090
4143
4134
4074
4088
3990
3852
4108
4075
4070
3892
3943
3957
3943
3813
3830
3842
3829
3812
3822
3783
3804
3740
3803
3793
3668
3433
3434
3433
3382
3416
3516
3526
3523
3520
3483
3303
3205
3150
3168
3386
3382
3388
3380
3391
3384
3387
3262
3328
3330
3308
3408
3448
3464
3460
3430
3461
3332
3360
3355
3248
3275
3188
3203
3187
3178
3230
3200
3188
3192
3112
3127
3099
2998
2961
2991
3097
3098
3087
3078
3073
3160
3151
3104
3097
2769
2640
2653
2621
2558
2558
2556
2564
2887
2904
2927
2999
2983
2988
2997
2953
2926
2946
2962
2982
2960
3049
3048
3113
3112
3082
3236
3300
3286
3295
3281
3366
3318
3330
3280
3300
3307
3342
3343
3363
3310
3315
3359
3362
3393
3365
3364
3381
3385
3357
3276
3383
3386
3375
3424
3419
3479
3541
3526
3524
3508
3501
3558
3669
3657
3612
3600
3582
3529
3553
3633
3703
3620
3572
3579
3695
3688
3660
3699
3769
3777
3820
3767
3901
3859
3845
3888
3800
3748
3712
3678
3644
3624
3572
3500
3599
3608
3646
3575
3671
3683
3763
3771
3736
3726
3717
3710
3718
3705
3730
3722
3714
3728
3685
3565
3677
3679
3663
3605
3648
3662
3683
3722
3703
3683
3663
3678
3670
3738
3758
3763
3759
3747
3754
3813
3826
3839
3800
3802
3722
3791
3849
3826
3809
3725
3753
3784
3751
3709
3707
3738
3719
3759
3787
3758
3746
3798
3823
3828
3745
3774
3749
3759
3767
3738
3758
3739
3725
3850
3867
3861
3808
3705
3734
3614
3574
3575
3618
3592
3648
3664
3660
3644
3602
3609
3683
3666
3660
3560
3516
3675
3634
3654
3615
3541
3603
3625
3621
3766
3724
3697
3705
3703
3791
3752
3723
3746
3594
3593
3613
3608
3601
3542
3553
3480
3343
3458
3409
3357
3415
3415
3415
3388
3157
3195
3179
3111
3126
3161
3117
3270
3377
3307
3048
3358
3425
3459
3393
3570
3594
3578
3573
3619
3472
3446
3423
3461
3420
3508
3595
3604
3577
3573
3576
3562
3500
3442
3475
3486
3396
3608
3642
3645
3732
3795
3751
3783
3720
3707
3812
3915
3950
3884
3761
3746
3764
3885
3841
3814
3674
3688
3684
3732
3715
3702
3544
3459
3453
3469
3452
3581
3651
3671
3725
3828
3907
3857
3889
3577
3987
4030
4025
4046
3894
3823
3752
3862
3851
4082
4182
4179
4214
4219
4164
4150
4241
4205
4243
4268
4310
4295
4364
4410
4476
4494
4533
4582
4625
4597
4654
4591
4530
4637
4533
4614
4630
4596
4586
4598
4593
4699
4612
4628
4622
4638
4643
4617
4608
4605
4539
4552
4419
4517
4566
4532
4568
4528
4587
4629
4641
4624
4644
4644
4660
4589
4624
4638
4626
4547
4587
4584
4643
4650
4624
4641
4643
4672
4699
4716
4735
4703
4730
4697
4675
4641
4551
4638
4636
4587
4576
4542
4546
4509
4443
4412
4438
4481
4498
4506
4620
4603
4594
4570
4565
4555
4553
4338
4333
4253
4316
4350
4351
4336
4353
4255
4151
4236
4166
4179
4136
3338
3259
3216
3259
3230
3241
3249
3250
3255
3283
3319
3330
3308
3287
3324
3318
3316
4048
4072
4071
4107
4074
4198
4190
4248
4260
4193
4262
4348
4374
4313
4333
4329
4333
4366
4377
4331
4201
4348
4441
4453
4510
4457
4465
4357
4475
4538
4437
4441
4377
4287
4402
4329
4263
4199
4085
4103
4061
4087
4099
4033
4048
4088
4060
4029
4053
4084
4070
4055
4051
4069
3983
3943
4069
4085
4069
4123
4117
4079
4073
4139
4215
4166
4221
4227
4103
4282
4266
4281
4251
4303
4296
4174
4315
4323
4277
4295
4337
4301
4307
4339
4399
4380
4318
4321
4337
4391
4383
4358
4239
4243
4336
4314
4405
4426
4419
4418
4427
4373
4430
4448
4443
4359
4452
4509
4494
4510
4480
4463
4541
4441
4410
4507
4512
4410
4397
4383
4500
4546
4516
4607
4618
4568
4574
4554
4658
4685
4756
4788
4713
4733
4775
4762
4750
4766
4713
4705
4574
4694
4746
4743
4765
4822
4784
4863
4824
4864
4880
4944
4938
4878
4922
4943
4802
4917
4871
4902
4839
4867
4790
4736
4835
4814
4752
4744
4735
4716
4670
4671
4617
4641
4631
4625
4571
4624
4613
4622
4546
4559
4527
4515
4502
4484
4467
4472
4451
4461
4433
4397
4395
4449
4406
4369
4419
4442
4453
4472
4411
4436
4448
4295
4370
4422
4457
4475
4456
4471
4445
4557
4426
4413
4433
4326
4280
4404
4456
4442
4362
4314
4298
4226
4356
4364
4310
4211
4202
4244
4248
4278
4289
4257
4257
4188
4215
4225
4365
4385
4344
4233
4227
4231
4290
4226
4190
4074
4028
4014
4224
4235
4306
4284
4315
4213
4247
4225
4271
4288
4281
4136
4281
4272
4230
4302
4280
4283
4333
4301
4486
4451
4524
4451
4284
4232
4350
4444
4471
4193
4244
4274
4203
4216
4212
4134
4159
4166
4145
4090
4031
3953
3877
3844
3931
3970
4179
4230
4168
4167
4085
4108
4088
3791
4096
3892
4008
4025
3995
4091
4063
4197
4193
4095
4171
4215
4226
4258
4143
4034
4272
4199
4138
4150
4140
4136
4054
4102
3969
4078
3975
4109
4092
4026
4000
3880
3926
3994
3976
3931
3921
3918
3992
3890
3888
3895
3784
3814
3775
3708
3732
3797
3818
3731
4363
4402
4356
4433
4334
4420
4392
4354
4205
4299
4300
4315
4248
4457
4391
4419
4334
4363
4499
4538
4489
4627
4662
4716
4681
4692
4709
4830
4899
4878
4747
4798
4835
4856
4831
4798
4567
4796
4841
4724
4745
4944
4960
5021
4978
5009
5021
4959
4999
4932
4837
4752
4853
4865
4843
4936
4921
4961
4893
4863
5012
5032
5061
5050
5122
5119
4943
4750
4804
4736
4885
4891
4867
4825
4777
4809
4884
4790
4929
4953
4823
4734
4846
4803
4698
5016
4978
5013
5033
5048
5171
5189
5097
5011
5087
5232
5251
5324
5227
5108
5194
5101
5185
5237
5135
5233
5172
5266
5149
5244
5250
5134
5139
5295
5257
5243
5246
5285
5247
5274
5246
5272
5193
5185
5180
5189
5037
4966
5017
4971
4572
4571
4574
4527
4470
4467
4520
4478
4524
4519
4478
4501
4558
5163
5144
5173
5243
5256
5266
5303
5401
5475
5461
5451
5406
5363
5463
5429
5409
5255
5276
5390
5415
5406
5149
5056
5304
5407
5398
5439
5414
5380
5387
5434
5360
5407
5345
5264
5198
4772
4817
4754
4596
4588
4946
4900
4876
4933
5054
5095
5276
5223
4945
4979
5298
5386
5374
5272
5208
5235
5298
5391
5327
5195
5098
5017
5314
5290
5172
5264
5050
5196
5319
5288
5286
5230
5218
5220
5079
5125
5250
5297
5317
5296
5261
5242
5348
5178
5264
5174
5129
5120
5201
5416
5430
5456
5446
5388
5183
5315
5233
5195
5115
5174
5172
5157
5151
5106
5073
5061
5079
5093
5091
4987
5099
5067
5020
5082
4968
4963
4898
4803
4750
4651
4613
4588
4662
4638
4946
5001
4972
5118
5154
5107
5142
5211
5317
5369
5351
5367
5290
5139
5073
5216
5260
5179
5192
5124
5207
5183
5232
5211
5168
5217
5223
5271
5274
5128
4915
5069
5172
5149
5137
5180
5215
5207
5274
5265
5344
5300
5257
5166
5110
5235
5163
5206
5227
5279
5240
5202
5412
5353
5460
5446
5329
5409
5403
5474
5444
5376
5344
5269
5236
5335
5196
5099
4917
4911
4995
5126
5226
5261
5240
5280
4296
5180
5105
4970
5167
5095
5091
5093
4967
5101
5084
5039
4998
4994
5006
4922
5121
5197
5162
5233
5147
5149
5241
5145
4987
5086
5081
5070
5076
5068
5149
5138
5103
5094
5125
4985
4869
4834
4996
4947
4932
4970
4973
4937
5033
5025
5022
5125
5191
5120
5250
5292
5216
5286
5290
5198
5215
5051
5263
5280
5213
5321
5237
5387
5422
5395
5455
5305
5325
5371
5357
5185
4851
4843
4906
4827
5060
5120
5074
5136
5085
4975
5039
5019
4962
4928
4985
4923
4957
5005
4968
4975
5053
5043
5078
4993
4967
4924
4959
4974
4974
5013
5117
5135
5250
5277
5225
5063
5088
5164
5208
5247
5257
5192
5166
5158
5146
5125
5148
5164
5128
5184
5141
5181
5037
5191
5131
4735
5094
4936
4046
4462
4933
4847
4841
4904
4667
4940
5095
5144
5208
5202
5169
5208
5256
5278
5265
5271
5197
5103
5160
5185
5130
5221
5232
5162
5272
5274
5264
5397
5351
5319
5315
5292
5286
5166
5259
5213
5332
5401
5392
5383
5353
5367
5295
5267
5363
5221
5278
5281
5325
5300
5285
5269
5356
5375
5466
5465
5502
5510
5525
5552
5539
5541
5531
5449
5487
5383
5408
5338
5263
5347
5321
5278
5285
5311
5384
5312
5398
5238
5098
5160
5220
5231
5108
5062
5187
5096
5007
4954
5031
5081
5070
5076
5020
4941
4884
4936
4960
4954
4933
4956
4924
4948
4946
4934
4939
4926
4867
4959
4964
4944
4940
4930
5052
5072
5071
5091
5004
4938
4956
4971
4911
4708
4713
4673
4649
4675
4695
4685
4682
4644
4654
4692
4735
4714
4683
4645
4653
4620
4550
4466
4614
4666
4638
4716
4670
4627
4700
4570
4724
4803
4784
4735
4723
4747
4805
4798
4793
4652
4619
4551
4711
4710
4705
4666
4624
4599
4784
4828
4992
4791
5047
5126
5004
5133
5004
5085
5062
4974
5042
4896
4665
4729
4736
4733
4795
4924
4887
4852
4804
4750
4884
4942
4937
4844
4926
4956
4969
4965
4948
4993
5042
4993
4991
4989
5026
5047
5081
5027
5048
5004
5073
4960
4955
4974
5029
5057
5096
5067
5092
5121
5047
5083
4960
5086
5067
5101
5232
5248
5232
5226
5304
5296
5239
5337
5374
5318
5432
5387
5388
5387
5354
5382
5373
5336
5329
5432
5476
5421
5465
5517
5549
5482
5485
5592
5590
5565
5597
5614
5611
5453
5589
5508
5469
5498
5218
5560
5372
5472
5604
5502
5492
5395
5348
5437
5406
5483
5551
5534
5566
5631
5583
5666
5640
5588
5644
5596
5560
5601
5497
5674
5653
5547
5387
5438
5550
5599
5538
5537
5385
5459
5377
5368
5421
5438
5366
5360
5323
5319
5336
5163
5112
5343
5441
5450
5372
5252
5318
5352
5291
5207
5221
4691
4858
4871
4899
4889
4970
4965
4958
4892
4862
4882
4890
4901
4903
4822
4799
4788
4852
4806
4912
4846
4809
4803
4961
4988
4963
4999
5077
4937
4990
4827
4812
4840
4845
5054
5061
5031
5005
5087
5034
5021
4944
4869
4927
5043
5029
5127
5050
5002
4935
4737
4673
4627
4608
4634
4817
4767
4894
4985
4974
4988
4888
4974
4926
4981
4920
4908
4855
4923
4956
4975
4965
4949
4965
4983
5018
4985
4957
4831
4967
4998
5004
4940
4857
4799
4866
4912
4912
4784
4785
4701
4806
4848
4910
4946
4875
4894
4912
4881
4883
4893
4885
4905
4825
4889
4882
4846
4854
4806
4762
4780
4693
4703
4671
4632
4727
4793
4793
4862
4729
4801
4752
4799
4840
4825
4822
4816
4683
4696
4802
4812
4773
4805
4794
4761
4751
4798
4797
4771
4767
4733
4665
4560
4155
4557
4588
4605
4576
4603
4609
4593
4463
4524
4542
4537
4543
4553
4528
4518
4519
4498
4554
4448
4712
4661
4668
4741
4726
4723
4723
4511
4398
4479
4507
4556
4574
4571
4604
4519
4561
4543
4537
4531
4377
4344
4346
4305
4379
4385
4335
4415
4405
4418
4377
4345
4298
4319
4327
4363
4311
4431
4524
4471
4470
4382
4431
4505
4503
4479
4334
4251
4266
4302
3996
4006
3997
4006
3994
4011
3993
4221
4224
4239
4259
4203
4151
4152
4177
4279
4283
4240
4271
4172
4132
4200
4253
4292
4256
4261
3733
3978
4022
4011
4078
4044
3976
3986
4151
4171
4167
4136
4144
4118
4100
4076
4063
4133
4123
4031
4051
4037
4013
4265
4407
4359
4480
4322
4215
4338
4290
4333
4203
4122
4092
4251
4243
4192
4220
4084
4060
4002
4074
4109
4089
4054
4071
4062
4063
4040
4107
4115
4094
4103
4085
4021
4065
4071
4099
4070
4071
4080
4059
3994
4091
4039
3873
4035
4068
4033
3845
3913
3897
3837
3836
3882
3903
3663
3891
3899
3963
3953
3938
3920
3968
3952
3971
3983
3978
3859
3888
3885
3922
3933
3904
3974
3988
3973
3984
4000
4016
3998
3957
3953
3741
3991
4029
4007
4007
4084
4080
4076
4015
3888
3880
3978
3906
3810
3896
3835
3953
3839
3827
3831
3832
3864
3845
3859
3837
3829
3839
3772
3773
3807
3823
3802
3757
3761
3770
3529
3524
3504
3506
3483
3480
3481
3551
3861
3873
3891
4057
4103
4105
4038
4003
4045
4092
3984
4089
3983
3938
4020
3959
4044
3950
3994
4090
4165
4247
4208
4084
4158
4129
4214
4161
4185
4220
4066
3985
3903
4054
3965
4016
4061
4048
4016
4024
4005
3889
3929
4094
3951
4139
4178
4188
4136
4119
4236
4262
4181
4219
4144
4171
4120
4146
4053
4284
4287
4190
4237
4285
4289
4288
4335
4345
4278
4355
4328
4403
4377
4455
4485
4505
4499
3573
3522
4371
4468
4559
4567
4670
3965
4005
4681
3867
4040
3789
4215
3595
4462
4553
4708
4688
4745
4035
4730
4014
4158
3949
4249
4606
4032
4036
3948
4570
4618
4224
4655
4229
3980
4218
4622
4149
4234
4090
4201
4234
4463
4418
4327
4484
4064
4098
4049
4371
4486
4259
3994
4155
4047
4168
4282
4151
4154
3935
3832
4024
4181
4159
4056
4151
4234
3963
3941
3976
3738
3650
3454
3646
3687
3710
3559
3596
3564
3746
4010
4012
4000
4044
4103
4142
4168
4207
4158
4224
4198
4030
4281
4238
4174
4146
4146
4151
4213
4216
4217
4108
4015
4011
4073
4081
4050
4084
3991
4011
4042
4092
4031
4264
4228
4249
4177
4100
4057
4248
4071
4041
4067
4156
4115
3970
4264
4321
4145
4032
3974
4053
4197
4207
4191
4289
4248
4325
4282
4218
4425
4384
4405
4427
4337
4198
4327
4446
4573
4560
4584
4563
4494
4500
4433
4475
4368
4256
4344
4331
4403
4376
4558
4538
4479
4370
4470
4430
4500
4381
4247
4531
4588
4499
4528
4554
4565
4661
4593
4617
4577
4618
4757
4805
4765
4776
4731
4670
4744
4742
4734
4642
4603
4789
4715
4677
4706
4718
4756
4759
4775
4800
4771
4793
4725
4721
4798
4813
4775
4769
4874
4867
4929
4916
4840
4837
4862
4854
4855
4976
5095
5057
5249
5252
5232
5227
5105
5231
5314
5262
5273
5225
5316
5262
5262
5223
5169
5217
5208
5112
5293
5299
5339
5132
5208
5273
5245
5282
5293
5262
5269
5325
5339
5276
5334
5263
5170
5395
5395
5371
5262
5371
5513
5510
5453
5468
5453
5378
5269
5399
5410
5310
5379
5350
5358
5318
5062
4633
4655
4634
4714
4878
4895
4902
4927
5044
5005
5034
5119
5206
5395
5372
5439
5372
5322
5516
5392
5396
5360
5328
5399
5347
5298
5367
5379
5450
5502
5526
5499
5483
5456
5554
5530
5318
5241
5231
5281
5097
5369
5340
5165
5192
5239
5141
5226
5090
5232
5220
5179
4844
5249
5233
5144
5257
5229
5433
5410
5391
5431
5449
5309
5351
5462
5618
5555
5514
5524
5586
5572
5463
5470
5466
5393
5521
5529
5627
5607
5587
5537
5557
5717
5694
5736
5575
5689
5646
5743
5732
5749
5730
5727
5710
5650
5640
5569
5423
5428
5510
5554
5555
5583
5578
5561
5480
5442
5470
5535
5452
5369
5384
5430
5524
5442
5534
5506
5509
5502
5453
5403
5412
5369
5406
5358
5392
5487
5502
5554
5515
5435
5413
5497
5537
5486
5501
5491
5511
5460
5468
5393
5491
5545
5561
5620
5705
5781
5797
5749
5725
5728
5737
5815
5750
5499
5456
5453
5305
5097
5172
5174
5175
5411
5450
5458
5496
5465
5448
5442
5491
5395
5471
5502
5526
5519
5555
5464
5362
5332
5462
5532
5507
5509
5521
5380
5519
5506
5484
5455
5554
5541
5552
5574
5597
5536
5425
5332
5410
5526
5487
5508
5466
5527
5499
5392
5451
5420
5400
5244
5197
5166
5246
5127
5286
5237
5204
5284
5343
5334
5350
5364
5340
5310
5235
5275
5352
5338
5246
5294
5312
5236
5314
5320
5269
5271
5278
5259
5179
5120
4973
5105
5112
5004
5006
5013
5064
4973
5027
5011
5063
4892
4955
5029
5003
5008
5018
4886
4630
4942
4878
4954
4582
4589
4686
4812
4949
5137
5296
4522
5135
4234
4433
4291
4315
4719
4733
4697
4777
4735
4760
4763
4555
4800
4499
4603
4843
4899
4782
4849
4879
4144
4380
4913
4571
4877
4749
4572
4775
4626
4572
4583
4651
4676
4500
4620
4774
4671
4682
4762
4770
4953
4890
4683
4984
4774
4926
4927
4855
4906
4678
4872
4576
4916
4937
4918
4705
4823
4820
4693
4732
4781
4813
4867
4832
4807
4797
4665
4911
4840
4979
4948
4947
4930
4930
4964
5008
4993
4995
4874
4874
4822
4925
4856
4883
4758
4833
4779
4735
4709
4802
4684
4688
4571
4517
4555
4640
4565
4459
4333
4514
4417
4520
4497
4360
4463
4369
4319
4372
4347
4315
4312
4352
4233
4214
4080
4195
4187
4169
4057
3951
4134
4020
4049
3943
4007
4038
2471
2103
2076
2107
2092
2172
2181
2237
2260
2293
2256
2293
2284
2255
2375
2345
2264
2372
2395
2374
3031
3044
2980
3120
3116
3132
3003
3240
3235
3206
3227
3189
3038
3143
3133
3252
3179
3125
3115
3167
3137
3207
3157
3082
3225
3073
2962
2852
2838
3206
3262
3287
3398
3414
3427
3498
3260
3325
3308
3333
3568
3336
3304
3507
3397
3571
3547
3605
3421
3757
3525
3465
3299
3372
3333
3354
3326
3325
3363
3205
3261
3394
3451
3464
3458
3734
3863
3879
3879
3575
3799
4014
4042
4074
3866
3837
4133
3970
4232
4151
3944
3915
4013
4021
4192
4178
3981
3934
4124
3968
3938
4197
4168
4187
4141
4019
4215
4112
4164
4213
4009
4003
4054
4065
4064
4123
4050
4096
4152
4197
4058
4151
4225
4248
4315
4338
4302
4288
4206
4239
4317
4324
4194
4224
4238
4221
4281
4350
4329
4352
4362
4322
4231
4331
4378
4372
4396
4412
4342
4382
4341
4495
4477
4368
4407
4240
4202
4217
4206
4182
4232
4162
4260
4209
4249
4195
4159
4129
3921
3918
3895
3959
3919
3566
3886
3910
3914
3908
4350
4354
4413
4448
4511
4536
4474
4464
4562
4517
4582
4547
4408
4471
4571
4538
4550
4532
4478
4573
4537
4501
4526
4138
4053
4158
4164
4162
4170
4071
4120
4402
4411
4390
4398
4429
4405
4414
4320
4361
4624
4519
4540
4525
4472
4624
4649
4691
4680
4510
4477
4489
4501
4427
4325
4363
4298
4411
4364
4449
4413
4367
4359
4458
4414
4488
4430
4548
4486
4555
4618
4569
4440
4609
4537
4543
4481
4401
4487
4472
4490
4420
4590
4570
4567
4616
4629
4550
4607
4561
4694
4621
4659
4581
4713
4710
4655
4875
4847
4940
4943
4934
4731
5013
5001
5049
5040
5015
5102
5133
5072
5049
5001
4894
5242
5333
5362
5247
5272
5259
5300
4958
5101
5090
5131
5092
4860
5116
5092
5223
5204
5175
4749
4924
5180
5222
5157
4969
5024
4988
4994
5244
5225
5318
5329
5386
5302
5184
5190
5307
5452
5054
5318
5198
5301
5404
5584
5594
5527
5513
5567
5540
5470
5436
5439
5278
5223
5438
5399
5594
5473
5217
5390
5116
5243
5215
5383
5219
5560
5609
5419
5596
5359
5270
5527
5233
5529
5551
5451
5334
5296
5339
5223
5333
5469
5484
4672
5346
5400
5432
5195
5406
5425
5400
5446
4852
5044
5305
5321
5286
5280
5233
5112
5362
5259
5298
5242
5194
4832
5092
5066
4744
4786
4901
5048
5097
5019
4565
4624
4933
4952
4885
4892
4510
4774
4838
5003
4663
4699
4718
4733
4767
4827
4495
4580
4701
4667
4118
4458
4000
4479
4449
3943
3670
3950
4171
4196
4038
4216
3805
3649
3326
2336
2269
2258
2252
2298
2326
2342
2320
2855
2688
2317
3111
3098
3131
3144
3173
3179
3187
3193
2976
3258
3297
3290
3300
3313
3276
3337
3339
3322
3293
3336
3279
3427
3489
3466
3546
3555
3564
3496
3560
3568
3499
3531
3608
3641
3756
3827
3790
3782
3775
3798
3798
3716
3655
3509
3522
3540
3605
3631
3574
3581
3600
3617
3575
3610
3595
3556
3594
3609
3605
3589
3563
3826
3986
3992
4047
4090
4082
3991
4056
4167
4047
4137
4042
3937
4202
4166
4220
4161
4116
4330
4432
4415
4392
4290
4402
4377
4367
4330
4160
4158
4143
4159
4137
4044
4078
4030
4012
4030
3785
3822
3802
3794
4382
4420
4371
4466
4607
4648
4654
4680
4685
4850
4912
4968
4928
4858
4871
4899
4996
4990
4961
5024
5093
5229
5223
5291
5309
5286
5244
5291
5296
5288
5259
5221
5345
5369
5431
5468
5458
5439
5443
5398
5436
5342
5306
5321
5483
5574
5551
5571
5542
5475
5502
5619
5560
5677
5738
5715
5633
5532
5496
5546
5496
5618
5635
5594
5380
5891
5969
5992
6011
5977
5880
5942
5919
5936
5931
5792
5984
6015
5956
6031
6024
5871
5874
5923
5922
5985
5974
5953
5967
5791
6057
6037
6025
6034
6046
5951
5989
6106
6030
6068
6050
6007
6030
6026
6092
6120
6063
6055
6077
6007
5976
5948
5918
5932
5809
5913
5918
5874
5934
6035
5815
5923
5834
5815
5836
5891
5863
5650
5694
5735
5718
5706
5651
5621
5694
5720
5701
5688
5638
5657
5662
5631
5666
5582
5600
5573
5368
5328
5362
5521
5559
5597
5621
5764
5713
5667
5655
5495
5690
5725
5717
5719
5669
5742
5755
5758
5727
5412
5244
5434
5465
5496
5566
5667
5568
5712
5639
5576
5587
5767
5717
5746
5807
5839
5795
5802
5775
5875
5890
5329
5844
5885
6129
6159
6215
6265
6192
6282
6260
6255
6282
6234
6302
6225
6091
6142
6123
6141
6103
5922
5826
6122
6140
6130
6073
6069
6182
6182
6208
6170
6255
6323
6322
6355
6399
6170
6085
6088
6116
6163
6244
6287
6256
6236
6198
6077
6040
6062
6062
6046
6070
5881
5803
5744
5700
4764
4767
4740
4763
4722
4640
4666
4739
4713
4810
4824
4779
4790
4896
4927
4863
4806
4915
5017
5091
5207
5175
5201
6198
6335
6236
6292
6340
6395
6420
6496
6516
6577
6529
6536
6411
6345
6588
6697
6705
6541
6602
6622
6646
6653
6332
6648
6626
6571
6692
6686
6686
6676
6737
6636
6534
6605
6751
6736
6675
6693
6689
6834
6727
6628
6649
6684
6639
6593
6824
6762
6795
6896
6785
6869
6829
6888
6892
6869
6761
6874
6776
6842
6773
6784
6819
6825
6861
7038
7055
7062
6844
7007
7092
7074
6957
6936
6717
6430
6412
6431
6632
6633
6759
6741
6763
6759
6639
6821
6837
6856
6854
6766
6768
6811
6805
6633
6660
6690
6681
6677
6697
6592
6563
6526
6411
6688
6692
6636
6637
6686
6778
6583
6289
6614
6663
6705
6804
6809
6827
6572
6570
6708
6637
6687
6575
6466
6329
6406
6397
6381
6324
6351
6285
6227
6363
6098
6170
6240
6201
6209
6294
6256
6183
6153
6239
6285
6246
6284
6316
6260
6250
6295
6270
6297
6294
6166
6419
6333
6329
6330
6256
6258
6219
6303
6409
6221
6286
6311
6302
6278
6262
6230
6240
6246
6341
6483
6354
6348
6390
6381
6361
6101
6117
6106
6009
6203
6395
6407
6406
6396
6506
6437
6556
6527
6387
6195
6344
6473
6408
6256
6315
6115
6320
6343
6310
6441
6371
6530
6515
6409
6468
6396
1350
753
568
356
2
2
215
5259
5258
5647
5816
5868
5923
6058
6090
6106
6066
6121
6295
6197
6203
6169
6003
6188
6119
6155
6146
6064
6333
6434
6419
6484
6486
6490
6489
6448
6455
6481
6531
6537
6533
6562
6494
6503
6385
6358
6355
6370
6337
6344
6278
6303
6301
6358
6417
6366
6282
6254
6299
6266
6291
6183
6199
6089
6135
6251
6107
6157
6146
6244
6273
6227
6208
6216
6199
6194
6222
6202
6253
6267
6148
6242
6224
6298
6273
6402
6528
6476
6392
6422
6340
6375
6298
6426
6427
6464
6418
6460
6477
6416
6459
6476
6391
6488
6312
6363
6439
6437
6428
6432
6378
6476
6522
6528
6525
6392
6406
6442
6576
6530
6264
6494
6451
6431
6411
6408
6310
6271
6338
6314
6342
6382
6102
6200
6184
6178
6256
6195
6290
6266
6211
6261
6103
6103
6142
6103
6120
5924
5908
5909
5875
5792
5785
5788
5711
5780
5802
5750
5751
5781
5818
5706
5774
5797
5625
5749
5789
5929
5985
5890
5883
5840
5824
5803
5783
5774
5639
5580
5583
5618
5538
5607
5551
5535
5510
5509
5499
5507
5456
5451
5472
5437
5403
5419
5553
5530
5586
5600
5601
5537
5311
5605
5640
5428
5511
5537
5471
5484
5510
5539
5578
5592
5573
5446
5653
5539
5676
5585
5689
5707
5460
5688
5568
5692
5581
5634
5671
5896
5718
5899
5888
5879
5799
5696
5803
5870
5755
5510
5427
5854
5767
5803
5761
5732
5841
5760
5579
5594
5723
5710
5577
5727
5791
5806
5834
5734
5822
5841
5735
5942
6069
6211
5836
6064
5993
6045
5934
5987
6028
5814
5856
5902
5963
5970
5814
5928
5908
6063
5970
5986
6070
6131
6038
6058
5979
5956
6056
5888
6081
5913
5963
5967
5923
5952
5883
5952
5695
5873
6016
5937
5929
5984
5920
5780
5829
5915
5923
6011
5778
5897
5823
5997
5904
5938
5729
5615
5892
5886
5802
5874
5867
5799
5946
5979
5704
6065
6079
6049
6019
6025
6139
6134
6141
6107
5980
5913
5841
5859
5842
5796
5796
5876
6000
5731
5844
6077
6113
6125
6168
6066
6084
6100
6036
5914
6006
6010
5973
5946
5954
5965
5960
5890
5957
5864
5864
5733
5821
5920
5819
5842
5897
5920
5889
5872
5863
5872
5804
5755
5680
5573
5745
5660
5762
5686
5680
5686
5738
5697
5485
5418
5561
5655
5630
5653
5696
5623
5648
5525
5517
5629
5596
5470
5363
5492
5650
5638
5608
5538
5397
5080
5246
5218
5286
5191
5247
5279
5292
5244
5005
5203
5242
5106
5078
5124
5079
5028
5157
5074
4963
4926
4980
4847
4855
4875
4792
4786
4601
4801
5016
4992
5054
5100
5161
5200
5140
5081
4951
5084
4940
4971
4999
5068
5136
5171
5082
5179
5162
5100
5068
5057
4938
4896
4918
4964
5052
5097
5151
4962
5117
5072
5035
5042
5036
4275
3955
4019
3714
3957
4015
4011
4152
4387
4400
4405
4444
4533
4513
4497
4554
4488
4561
4705
4735
4717
4824
4643
4682
4862
4830
5058
5073
5120
5129
5112
5223
5227
5173
5151
5075
5103
5083
5047
5156
5152
5159
5194
5159
5176
5110
5020
5106
5068
5060
5107
5081
5113
5106
5034
4947
4872
4860
4859
4884
4883
4852
4816
4843
4805
4743
4723
4716
4742
4666
4511
4633
4618
4615
4629
4669
4585
4635
4604
4430
4236
4349
4493
4487
4459
4453
4431
4420
4430
4263
4370
4442
4494
4349
4632
4663
4677
4714
4721
4689
4727
4544
4597
4685
4678
4683
4701
4741
4674
4647
4659
4717
4739
4578
4652
4512
4454
4457
4408
4295
4239
4324
4267
4265
4290
4235
4251
4110
4086
3958
3852
3760
3787
3768
3797
3646
3667
3698
545
331
280
215
74
61
39
122
3329
3486
3502
3531
3466
3452
3523
3522
3519
3441
3207
3480
3483
3499
3474
3453
3447
3391
3392
3343
3251
3177
3218
3212
2738
2734
2730
2746
2689
2696
2693
2629
2516
2465
2509
2464
2447
2453
2518
2490
2478
2397
2442
2457
2381
2395
2429
2423
2360
2449
2449
2427
2418
2401
2399
2390
26
26
26
1
2
0
