341
411
565
605
654
667
651
675
681
732
744
745
769
792
848
846
856
856
20
20
53
938
943
1014
1035
1038
1071
1119
1305
1374
1392
1391
1415
1499
1502
1510
1551
1555
1739
1797
1646
1664
1651
1661
1692
1668
1713
1709
1723
1732
1737
1729
1726
1727
1734
1743
2093
2242
2260
2374
2351
2588
2616
2632
2618
2659
2708
2803
2822
2870
2854
2908
2906
2926
3011
3040
3018
3094
3131
3098
3110
3436
3432
3465
3507
3483
3551
3651
3660
3691
3729
3701
3750
3797
3783
3782
3797
3830
3828
3835
3867
3875
4014
4055
4052
4057
4074
4093
4324
4418
4529
4556
4620
4582
4679
4619
4720
4681
4778
4759
4811
4798
4836
4879
4937
4885
4946
4998
5024
5057
5078
5058
5181
5220
5254
5254
5205
5310
5359
5422
5459
5409
5396
5440
5537
5606
5680
5482
5619
5737
5733
5787
5740
5752
5677
5922
5956
5936
5997
6027
6051
5942
5904
5915
6060
5989
5956
6064
6134
6158
6187
6177
6200
6081
6180
6268
6189
6241
6030
6126
6227
6267
6258
6215
6243
6216
6157
6339
6211
6167
6166
6215
6248
6373
6347
6615
6556
6738
6794
6846
6759
6696
6565
6706
6662
6313
6647
6590
6585
6562
6477
6398
6657
6717
6569
6714
6702
6657
6668
6637
6668
6680
7059
7191
7167
7182
7032
7285
7305
7680
7585
7641
7529
7475
7719
7541
7814
7858
7970
8038
8009
7923
8015
8119
8050
8247
8225
8273
8392
8368
8649
8684
8487
8549
8456
8733
8727
8716
8590
8556
8475
8477
8541
8552
8466
8439
8532
8559
8538
8859
8861
8820
8795
8797
8747
8890
8872
8902
8713
8861
8883
8628
8729
8852
8982
9032
9041
8958
8795
8925
8809
8939
8938
8938
8947
8945
8920
9004
8840
8837
8847
8883
8873
8895
8925
8893
8909
8917
8895
8818
9011
9115
9057
8967
8992
8994
9038
8916
8861
8776
8854
8972
8844
8753
8706
8870
8846
8921
8960
8992
8909
8911
8935
8937
9046
8990
9017
8906
8938
8916
8901
8875
8650
8437
8644
8516
8677
8575
8597
8566
8618
8553
8659
8809
8728
8859
8919
8883
8941
8867
8844
8709
8717
8941
8864
8952
8842
8858
8749
8859
9050
9077
8861
8805
8805
8993
8943
8886
8678
8676
8684
8639
8734
8857
8872
8886
8897
8888
8765
8868
8835
8877
8802
8696
8654
8576
8694
8663
8534
8660
8525
8532
8587
8587
8551
8416
8384
8350
8378
8475
8560
8502
8502
8569
8638
8706
8778
8761
8588
8488
8427
8414
8608
8692
8648
8700
8805
8872
8760
8735
8689
8691
8773
8658
8641
8665
8427
8741
8845
8809
8887
8860
8787
8828
8918
8822
8664
8796
8782
8866
8928
9034
8965
9018
8957
8881
8920
8933
8861
8728
8801
8914
9071
9097
9092
9058
9091
9097
9135
8860
8946
8925
8873
8967
8958
8947
8866
8955
8904
8884
8909
9025
9006
8920
8913
8822
8988
9051
8954
8955
8885
9092
9036
8985
9049
9055
9096
9004
8943
9023
9063
9138
9041
8793
8871
8876
8848
8855
8941
8915
8688
9041
9078
8918
8900
8925
9055
9121
9098
9134
8990
9141
9165
9245
9106
9065
9201
9153
9137
9076
9035
9025
8821
8678
8604
8699
8854
8655
8605
8638
8759
8725
8798
8757
8760
8671
8667
8678
8621
8558
8633
8686
8649
8763
8733
8841
8867
9033
9108
8996
9062
9002
9113
9051
8961
8873
8856
8832
8853
8703
8680
8710
8664
8829
8690
8666
8675
8797
8831
8773
8897
8968
8915
8882
8934
8930
9064
9014
8966
9008
8942
8953
8970
8913
9074
9091
9105
9053
9096
9100
9098
9040
9023
9099
9012
9097
9116
9145
9092
9101
9220
8984
8788
8890
8994
8922
9074
9066
9102
9153
9069
9224
9249
9198
9242
9113
9222
9206
9174
9206
9128
9024
9165
9024
9076
9147
9127
8984
9110
8928
9154
9087
9198
9128
8909
9137
9186
9174
9201
9157
9172
9223
9240
9174
9033
9040
9065
9066
8985
8981
8879
8888
8948
8981
8935
8850
8990
9013
9143
9127
9071
8906
8987
8960
8885
8865
8662
8725
8781
8800
8723
8599
8538
8748
8731
8534
8373
8413
8451
8439
8347
8447
8317
8330
8350
8414
8587
8780
8845
8772
8700
8788
8817
8731
8744
8533
8588
8454
8361
8431
8310
8160
8228
8267
8256
8355
8159
8385
8493
8542
8657
8646
8615
8719
8755
8813
8650
8679
8633
8466
8567
8482
8451
8536
8510
8607
8498
8541
8522
8528
8631
8565
8576
8649
8418
8501
8374
8704
8693
8698
8918
8997
9081
8947
8916
8892
8967
8980
9168
9055
9030
9072
9163
9122
9085
9057
9107
9099
9130
9123
9085
9043
9033
9086
9114
9060
8963
9048
9097
9245
9171
9054
9158
9215
9283
9191
9224
9196
9241
9292
9222
8876
8954
9056
9013
9142
9203
9185
9175
9180
9227
9174
9194
9232
9237
9147
9101
9021
9092
9204
9035
9096
9062
8993
9054
9020
8906
8873
8675
8740
8730
8763
8728
8715
8884
8819
8848
8830
8724
8790
8826
8880
8931
8817
8789
8857
8844
8742
8879
8901
8981
8909
8904
8852
8817
8754
8751
8758
8811
8576
8771
8789
8764
8769
8680
8488
8601
8608
8639
8695
8619
8596
8769
8804
8861
8765
8741
8568
8560
8461
8488
8479
8487
8412
8483
8478
8419
8420
8440
8488
8565
8624
8670
8662
8793
8706
8584
8443
8658
8633
8652
8643
8618
8772
8843
8804
8828
8614
8695
8673
8414
8414
8483
8677
8790
8726
8792
8746
8695
8788
8677
8651
8635
8904
8944
8832
8850
8857
8710
8788
8798
8707
9061
9047
9200
9218
9167
9157
9272
9255
9270
9268
9196
9186
9233
9365
9229
9250
9203
9289
9352
9278
9236
9288
9332
9148
9277
9193
9152
9199
9238
9265
9250
9150
9131
9295
9254
9352
9214
9246
9231
9199
9157
152
55
13
3
929
9384
9316
9304
9294
9259
9272
9196
9117
9230
9175
9184
9257
9263
9118
9073
9217
9250
9256
9022
9118
9206
9184
9300
9319
9255
9362
9326
9293
9306
9044
9101
9094
9138
9275
9243
9215
9289
9371
9284
9361
9323
9227
9189
9267
9231
9327
9332
9264
9329
9378
9374
9334
9212
9295
9278
9363
9269
9325
9210
9171
9298
9302
9130
9099
9151
9253
9133
9227
9246
9335
9278
9182
9199
9004
8897
559
313
241
178
269
266
764
1262
9006
8965
9037
9272
9224
9027
8952
8868
9046
9242
9157
9093
9046
8951
8884
8748
8743
8853
8849
8889
8975
8945
8946
8842
8778
8813
8851
8782
8923
8947
8961
9014
8980
9083
9109
9159
9069
9064
9214
9261
9273
9186
9196
9115
9097
9084
9182
9259
9294
9194
9173
9221
9286
9212
9239
9200
9299
9249
9170
9193
9142
9145
9139
9158
9162
8907
8929
8901
8919
8853
8938
9031
9013
9088
9057
9030
9237
9234
9260
9269
9187
9223
9179
9252
9148
9007
9183
9230
9224
9226
9224
9229
9033
9065
9206
9196
9307
9288
9210
9270
9098
9224
9363
9213
9243
9119
9226
9097
9170
9261
9263
9227
9139
9296
9192
9238
9313
9312
9259
9309
9352
9331
9244
9348
9283
9244
9308
9229
9219
9207
9143
9245
9281
9231
9065
9187
9172
9150
8983
8998
9222
9131
9047
9069
9114
9215
9177
9023
8809
9019
9058
9332
9339
9124
9077
9129
9254
9328
8887
8892
8984
8852
8932
9165
8986
9137
9066
9207
9251
9198
9106
9189
9299
9283
9329
9343
9237
9268
9021
9277
9304
9345
9304
9236
9364
9191
9417
9416
9141
9385
9386
9386
9463
9389
9311
9413
9438
9422
9307
9257
9409
9210
9314
9051
9364
9493
9495
9379
9353
9358
9483
9461
9329
9409
9390
9437
9373
9442
9445
9391
9406
9377
9370
9277
9410
9423
9302
9226
9444
9459
9216
9216
9292
9313
9326
9238
9243
9057
9215
9224
9255
9238
9156
9454
9195
9274
9340
9387
9361
9370
9351
9290
9241
9336
9282
9147
9204
9295
8929
9115
9240
9207
9371
9206
9353
9284
9071
9154
9164
9249
9257
9190
9297
9290
9350
9229
9316
9253
9214
9146
9041
9196
9106
9321
9160
9163
8938
9188
9115
9052
8924
9147
9237
8777
9058
8932
8951
9001
9076
8938
8810
8649
8691
8691
8805
8666
8704
8608
8638
8685
8619
8607
8571
8373
8490
8402
8474
8397
8192
7955
7886
8119
8068
8038
8274
8339
8357
8668
8725
8582
8524
8493
8343
8447
8377
8393
8434
8526
8475
8380
8484
8461
8559
8500
8284
8586
8517
8671
8687
8664
8804
8994
9246
9212
9264
9137
9295
9305
9333
9270
9283
9327
9309
9428
9350
9384
9362
9448
9427
9409
9071
9322
9391
9307
9271
9341
9437
9420
9332
9302
9311
9368
9431
9345
9411
9477
9298
9448
9335
9419
9457
9508
9496
9223
9511
9414
9409
9310
9498
9492
9477
9517
9484
9346
9252
9275
9239
9255
9348
9433
9296
9352
9339
9397
9384
9376
9345
9449
9294
9475
9367
9445
9477
9506
9428
9434
9337
9307
9445
9510
9403
9468
9451
9321
9391
9465
9431
9262
9173
9245
9247
9213
9322
9343
9423
9291
9255
9281
9215
9295
9294
9447
9335
9386
9376
9428
9317
9368
9405
9298
9335
9381
9365
9369
9297
9388
9248
9398
9376
9395
9282
9139
9186
9176
9228
9201
9201
8800
8808
8942
9097
8864
8919
9042
9048
9017
9115
8984
8979
9038
8984
9162
9339
9329
9269
9267
9263
9151
9188
9257
9095
8733
8670
8749
8673
8536
8607
8547
8495
8538
8558
8732
8793
8786
8614
8801
8874
8794
8933
8870
9014
8989
9186
9364
9269
9255
9248
9374
9256
9245
8929
9203
9065
9276
9330
9267
9309
9318
9318
9242
9275
9263
9379
9134
9086
9069
9057
9370
9351
9366
9380
9398
9352
9342
9279
9193
9243
9340
9257
9155
9089
8949
9345
9079
9228
9244
9217
8980
9143
9049
9140
9089
9237
9357
9416
9349
9428
9387
9281
9216
9338
9188
9133
9344
9137
9301
9313
9283
9344
9285
9280
9088
9133
9099
8954
9100
9264
9243
9259
9316
9375
9158
9301
9316
9352
9297
9255
9253
9178
9258
9281
9269
9295
9268
9220
9263
9251
9097
9196
9239
9389
9273
9404
9333
9273
9252
9242
9345
9139
9136
8952
9051
9288
9278
9319
9332
9253
9218
9061
9219
9096
8892
8915
8899
8910
8960
9155
9073
8853
8820
58
8977
8937
8958
9012
9093
9008
9058
8822
8678
8592
8958
9100
9108
9393
9325
9289
9382
9271
9275
9305
9252
9251
9051
9206
9353
9365
9285
9373
9299
9255
9420
9402
9296
9331
9287
9271
9368
9183
9077
9270
9354
9219
9362
9358
9394
9216
9197
9049
9004
8976
8763
9232
9312
9416
9324
9307
9331
9242
9266
9427
9269
9400
9296
9369
9307
9338
9293
9339
9491
9450
9402
9365
9297
9156
9104
9069
9129
9310
9286
9403
9374
9374
9396
9384
9279
9258
9134
9264
9364
9442
9382
9348
9414
9392
9466
9359
9273
9257
9275
9222
9237
9176
9321
9317
9319
9296
9236
9338
9445
9407
9376
9292
9273
9467
9355
9353
9163
9052
9089
9199
9196
9248
9213
9302
9302
9361
9399
9326
9315
9239
9359
9233
9036
9110
8889
9008
9218
9319
9382
9284
9219
9325
9272
9298
9224
9001
9016
8944
8695
8915
8972
8945
8965
9100
9004
8978
9172
9254
9212
9117
9175
9161
9147
9067
9078
9108
9186
9261
9277
9167
9260
9185
9193
8973
8964
8886
9061
9113
9209
9228
9198
9243
9233
9191
9234
9183
9101
9106
9143
8971
9037
9098
8985
8970
9069
9064
9090
8837
8860
8967
8930
9007
9093
9025
9155
9183
9153
9240
9139
9079
9004
9135
9149
9047
9216
9223
9214
9089
9086
8990
9044
8990
9056
9041
9080
8983
9053
8937
9019
9163
9131
9120
9091
9008
9147
9141
9174
9148
9053
9059
9076
9136
9086
9216
9143
9230
9285
9143
9177
9138
9271
9290
8916
9049
9166
9253
9180
9115
9171
9064
8994
9135
9195
9072
9135
9148
9159
9165
9246
9271
9237
9212
9184
9156
9186
9233
8958
9035
9067
9163
9101
9183
9172
9125
9118
9222
9125
9203
9134
9120
9029
8753
8629
9070
9094
9009
9013
9203
9291
9141
9170
9182
9162
9099
9170
8949
8947
8894
9012
9240
9230
9132
8993
9116
9129
9194
9029
8955
9098
9140
9233
9232
9175
9032
8950
9057
8879
8911
8883
9013
9071
9095
9097
9128
9123
9210
9140
9195
9203
9198
9342
9207
9295
9346
9252
9365
9320
9347
9346
9077
9091
8957
8921
9035
9159
9245
9278
9222
9302
9292
9235
9156
9134
9239
9225
9259
9191
9247
9180
9189
9149
9095
9213
9255
9192
9182
9176
9224
9034
9137
9047
8923
9226
9258
9185
9235
9267
9326
9277
9109
9144
9087
9307
9044
9025
9019
9389
9349
9342
9256
9432
9367
9342
9167
9188
9200
9208
9311
9369
9366
9380
9355
9259
9219
9338
9331
9356
9259
9240
9351
9370
9328
9226
9120
9176
9157
9331
9278
9265
9310
9442
9412
9372
9272
9266
9222
9111
9013
8919
8960
9034
8967
8970
8883
9033
8906
8830
8824
8910
8928
8976
8878
8780
9003
8914
8989
8895
8842
8731
8794
8825
8836
8780
8747
8641
8600
8627
8567
8476
8364
8484
8620
8797
8832
8855
8897
8925
9037
8979
9125
9079
9038
9091
9004
8977
9125
9054
9209
9201
9254
9202
9194
9442
9315
9372
9183
9388
9300
9357
9346
9338
9345
9333
9028
9011
8900
8913
8937
8978
8985
9008
9056
9101
8993
9084
9043
9019
9088
9054
9066
9364
9347
9248
9276
9310
9340
9249
9283
9329
9261
9306
9197
8987
9182
9113
9179
9125
9310
9248
9377
9245
9344
9258
9276
9023
8959
9043
8956
9146
9266
9180
9241
9277
9165
9042
9116
9166
9047
9170
9154
8982
9058
8834
93
8857
8877
8894
9233
9114
9273
9154
9156
9288
9285
9032
9123
9064
9105
9076
8978
8938
8967
9104
9104
9044
9081
9032
8965
8988
9025
9195
9074
9275
9188
9244
9165
9222
9207
9106
9052
9149
9105
9144
9227
8987
8991
8804
8976
8971
8906
8913
8925
8842
8797
8963
8862
8872
8729
8971
9087
9073
8788
8450
8636
8678
8725
8833
8970
8790
8853
8693
8635
8599
8756
8954
9033
8859
9033
8677
8805
8832
8910
8969
8797
8892
8910
8915
9111
9085
9120
9114
9252
9164
9111
9028
9019
9006
9021
9087
9029
8942
8927
9014
8997
9044
9037
9153
9108
9121
9082
8922
8966
9171
9231
9125
9126
9047
9007
9203
9130
9169
9030
9067
9049
8805
8930
9006
8890
8822
9041
8906
9061
9211
9108
9128
9068
8986
9144
8834
9076
9195
9188
9265
9237
8983
8806
8789
9109
9176
9140
9115
9113
9188
8939
8656
9078
9199
9191
9253
9320
9298
9071
9161
9069
9207
9135
9325
9134
9077
8851
9225
9068
9267
9253
9176
9070
9226
9284
9321
9296
9076
9151
9153
9306
9277
9297
9213
9354
9337
9319
9230
9174
9138
8800
8787
8953
8950
8909
9089
9226
9207
9159
9267
9199
9236
9222
9206
9150
9055
9068
9086
9062
9095
9121
9156
9073
9076
9115
9227
9102
9094
9053
8937
9096
8967
8851
8905
8909
9289
9289
9176
9198
9003
8989
9111
8958
9052
8786
8803
8818
8880
8869
8832
8777
8845
9102
9141
9275
9087
9139
9154
9196
9134
9220
9202
9175
9218
9247
9243
9231
9223
9089
9012
8955
8979
8985
8867
8942
8951
9124
9141
9085
9242
9248
9239
9262
9062
9203
9118
9095
9088
8972
8909
8880
8975
8926
8957
8919
9110
9044
8952
9042
9132
9324
9347
9363
9333
9249
9259
9272
9257
9198
9034
9189
9147
9209
9164
9151
9296
9293
9334
9324
9245
9195
9101
9301
9280
9343
9348
9347
9344
9356
9296
9227
9322
9260
9331
9250
9335
9309
9326
9300
9206
9160
9136
9230
9308
9172
9298
9299
9354
9261
9245
9249
9144
9281
9345
9306
9280
9289
9307
9338
9288
9310
9305
9246
9170
9188
9331
9367
9342
9341
9201
9261
9277
9173
9154
9083
9166
9251
9201
9137
9209
9093
9239
9403
9312
9073
8846
8730
8671
8601
8708
8875
8823
8738
8827
8953
9011
8898
8870
8969
9179
9211
8838
8885
8900
9075
9089
9166
9191
9131
9008
8953
9009
9014
8895
8695
8841
8823
9013
8987
8927
8986
9248
9226
9192
8900
9019
9090
9110
9060
9050
9008
9040
9069
9148
9043
8975
9194
9156
9208
9207
9172
9105
9206
9012
8922
8705
8958
9191
9162
9025
8695
8886
8934
9143
9133
9026
8980
9158
9164
9167
9011
8903
8862
8875
9056
9019
8964
8952
9076
9003
9070
9042
8948
8974
8953
8819
8916
9124
9167
9124
9128
9061
9069
9091
9073
9025
9144
9156
9190
9213
9127
9071
8968
9017
9040
8999
9053
9025
9035
9084
9033
9116
9007
8950
8953
9037
9042
9035
8925
8935
9003
8999
8981
8970
9007
8922
8929
8990
8977
8961
8949
8983
9101
9218
9065
8932
8834
8871
8885
8699
8934
8867
8719
8651
8812
8867
8984
9044
9071
9194
9206
9239
9264
9028
8745
8965
9057
9247
9079
8908
8865
8854
8847
8696
8325
8358
8443
8374
8351
8097
8359
8321
8319
8308
8225
8074
7965
8007
7674
7599
7639
7650
7600
7551
7309
6534
6513
6500
6505
6508
6488
6528
8699
8826
8834
8755
8961
8844
9012
9100
9134
9200
8980
9236
9159
9309
9195
9058
9077
9186
9130
9155
8780
8948
8992
9058
9152
9011
8896
8944
8631
8599
8816
8785
8666
8575
8744
8572
8703
9080
9154
9017
9151
9145
9189
9214
8875
9079
9200
9197
9257
9178
9143
9005
9250
9240
9116
9093
9073
8940
9228
9236
9219
9016
9127
9076
9050
8898
9150
9038
9014
9040
8956
8946
9148
9108
9197
9193
9173
9112
9016
9205
9118
9252
9164
8870
8921
8851
8759
8880
8932
9177
9097
9071
8776
8760
8724
8636
8813
8900
8839
8964
8996
9165
9054
9050
9063
8832
9046
8885
8749
8823
8792
8855
8761
8318
8372
8472
8576
8505
8604
8540
8567
8460
8612
8512
8557
8637
8645
8658
8647
8609
8464
8458
8368
8318
7934
7984
8081
8025
8313
8372
8386
8404
8332
8302
8270
8390
8255
8234
8146
8192
8033
8119
8008
7879
7979
8152
8034
8132
8132
8012
8073
8020
8094
8065
8038
8020
7860
7674
7933
7958
8016
7911
7824
7602
7447
7971
7543
7397
6991
8339
8414
8234
8355
8469
8073
8582
8573
8289
7970
8081
8487
8535
8564
8638
8501
8650
8713
8896
8889
8854
8775
8878
8875
8967
8806
8856
8896
8871
8869
8932
8820
8811
8928
8924
8842
8835
8849
8906
8856
8874
8773
8633
8741
8551
8543
8627
8874
8876
8860
8822
8766
8718
8926
8770
8718
8646
8680
8313
8323
7966
7975
7994
7965
7977
8568
8688
8756
8701
8628
8625
8176
8361
8378
8369
8317
8243
8086
8291
8795
8853
8653
8444
8756
9015
8864
9024
8228
8482
8532
8662
8709
8798
8762
8769
8643
8000
8522
8998
8675
8680
8805
8742
8908
8736
8577
8353
8342
8398
8780
8779
8888
8597
8637
9019
8950
8924
8870
8802
8859
8845
8883
8935
9084
8633
8730
8668
8750
8918
8810
8787
8806
8689
8693
8912
8874
8992
9037
8815
8701
8889
9015
8851
8765
8759
8997
9011
8775
8722
8521
8191
8208
8143
8047
8610
8718
8420
8456
8520
8244
8289
8600
8479
8616
8599
8641
8426
8437
8259
8263
8308
8233
8313
8336
8234
8395
8299
8305
8365
8257
8233
8300
8294
8190
8350
8491
8445
8472
8476
8493
8686
8638
8494
8772
8932
8880
8923
8852
8957
8902
8948
8960
8889
8958
8927
8921
8874
8803
8495
8519
8534
8725
9054
9094
9011
9094
9030
9020
8924
9105
9100
8950
9034
8995
9077
9129
9078
8954
8948
9047
9063
9129
9040
8973
9112
9085
9090
9107
9070
9083
8996
8958
8902
8920
8875
8758
8722
9025
9069
9082
9105
9081
9011
8975
8846
8927
8989
8974
8924
8919
8948
8989
8818
8769
8719
8922
9119
9015
8904
9008
8958
8850
8892
9038
9135
8925
9014
9010
8794
8860
8708
8581
8707
8731
8753
8953
9135
9123
9110
8910
9053
9018
9084
9071
9050
9057
9008
8888
8841
8974
9074
9002
8977
8986
9080
9028
9057
8986
8950
8957
8911
8672
8635
8606
8548
8560
8727
8943
9003
9007
9040
8990
9006
8931
8869
8618
8949
8957
8980
8913
8980
8873
8825
8693
8695
8806
8949
8805
8555
8560
8321
8175
8208
8335
8476
8573
8566
8540
8396
8637
8617
8682
8599
8646
8649
8847
8813
8422
8612
8753
8809
8886
9100
9022
9157
8989
8978
8943
8874
8553
8728
8766
8733
8843
9216
9174
9119
8961
9128
8862
8921
8960
9042
9042
9004
8955
9113
9173
9037
9083
9049
9076
9129
9123
9045
8850
8809
8817
9032
8982
9112
8970
9056
9032
9018
9045
8951
9064
9002
8972
8916
9109
9065
9144
9038
9042
9078
9045
8984
9117
9047
9156
9173
9231
9154
9137
9016
9271
9254
9254
9159
9147
9154
9088
9182
9080
8988
9075
9161
9169
9210
9182
9168
9165
9189
9155
9265
9309
9180
9209
9059
9043
9036
9184
9010
8936
8899
9001
9115
9017
9065
8950
8947
8984
8735
8770
8808
8967
9005
8980
8968
8845
9023
9017
8977
8998
8992
9113
9023
9065
9199
9146
9216
9129
9042
9033
8798
8910
8944
8921
9018
8865
8804
8809
8937
9048
9082
9096
9130
8887
9018
9150
9136
9102
8978
8901
8816
8942
9003
8970
8995
8962
9108
9012
9038
8903
8872
8915
9085
9180
9079
8846
8750
9137
9280
9271
9184
9219
9241
9153
9242
9147
9138
9011
8904
8969
9108
9139
9163
9214
9216
9079
9212
9223
9253
9195
9005
9069
9068
9138
8982
8783
8625
8659
9102
9237
9272
9138
9115
9190
9122
9010
9173
9134
9076
9038
9097
9053
9138
8977
9076
9081
9077
9151
9075
9123
9180
8995
8973
8898
8944
9166
9087
8961
9132
9100
9005
8934
8834
8990
9156
8986
9021
8968
9032
8977
8917
9053
8977
9148
9045
8970
8935
8671
8922
8953
9023
8931
9062
8997
9025
9059
8985
9007
9097
9069
9014
8867
8574
8615
8635
8624
8698
9040
8970
8963
8981
8778
8786
8853
8859
8789
8828
8926
8962
8978
8859
8970
8766
8874
8966
8943
8975
9003
8811
8538
8652
8648
8663
8655
8584
8463
8656
8643
8642
8663
8628
8688
8663
8707
8630
8584
8445
8616
8846
8872
8910
8917
9061
9086
9041
9059
8651
8830
8866
8957
8990
8999
9086
9123
9126
9119
9160
8979
9038
8955
8594
7785
9036
9143
8793
8919
9002
8963
9069
9045
9038
8938
9068
9015
8875
9189
8898
9034
8753
8803
8992
9246
9209
9219
9159
9174
9040
9168
9270
9218
9114
9046
9119
9119
9021
9106
8964
8783
8984
9125
9193
9181
9290
9244
9260
9133
9003
9218
9266
9167
9066
9086
9273
9101
9099
8975
9156
9112
9205
9142
9161
9043
9150
9248
9202
9012
9075
9064
9060
9198
8986
8855
8973
8917
9047
9251
9021
8953
9019
8978
8962
8944
8879
8713
8252
8247
8268
8319
8311
8279
8924
9076
9151
9226
9182
9052
9045
9069
9010
8971
8865
9076
9191
9162
9148
9063
9145
9057
9189
9159
9153
9078
9022
9090
9130
8970
9015
8982
9170
9190
9086
8919
8941
9038
9066
9098
8965
8769
8736
8514
8599
8459
8636
8742
8709
8735
8658
9002
8968
9043
9108
8876
9061
9074
9141
9240
9204
9218
9161
9194
9162
9049
9133
9146
9202
9241
9138
9097
9122
9233
9200
9118
9098
9160
9059
9086
8609
8739
8798
8882
8817
8899
8921
8893
8827
8872
8732
8758
8716
8717
8807
8947
8935
8916
8868
8877
8874
8817
8775
8809
8768
8911
9060
9083
9167
9186
9102
9140
9160
9188
9077
9205
9128
9071
9182
9076
9061
9061
9084
8925
8983
8711
8972
9134
9100
9132
9111
8904
8832
8868
8949
8704
8516
8480
8446
8663
8836
8885
8684
8735
8752
8687
8837
8801
8839
8681
8677
8782
8489
8602
8676
8683
8893
9128
9271
9240
9206
9096
9225
9213
9153
9027
8949
9022
9094
8944
8824
8964
9159
9124
9226
9245
9141
9251
9243
9303
9163
9185
9163
9235
9212
9259
9299
9150
9112
8927
8884
8927
8933
8902
8892
8784
8679
8571
8691
8864
9044
8566
8569
8572
8541
8538
8436
8650
8627
8263
8670
8778
8813
8885
8775
8468
8776
8660
8964
9122
9124
9171
9185
9161
9080
9154
9306
9256
9115
8836
8935
9143
9127
9215
9263
9178
9204
9272
9227
9049
9166
9200
9017
8855
8755
8758
8744
8853
8941
9266
9245
9126
9184
9211
9160
9112
9039
9047
8788
8688
8923
8992
9072
8901
8832
8522
8674
8882
8882
8783
8849
8741
8691
8710
8804
8711
8820
8885
8798
8789
8853
8943
8872
9026
9029
9019
8991
9097
9048
9074
9058
8947
9232
9219
9034
9061
9019
9215
9202
9268
9185
9046
9025
9044
9184
9189
8858
8476
8665
8750
8695
8686
8624
8313
8218
8322
8352
8240
8301
8120
8896
9005
9063
9011
8989
9095
9177
9033
8963
8972
9053
9043
9123
9146
9190
9154
9215
9119
9125
9053
8992
8070
8132
8135
8126
8109
8089
8904
8989
9044
8991
9130
9306
9228
9170
8878
9051
9060
9022
9166
9224
9193
9201
9166
9223
9165
9247
9105
9132
9221
9174
8980
8883
8834
9144
9117
8748
8842
8793
8787
8899
8962
8912
8917
8940
8978
8849
8937
9039
9101
9032
9026
9129
9041
8858
9115
9086
8962
9073
9081
9071
9045
9017
8879
8811
8919
8753
8808
8923
8789
8829
8789
8734
8739
8492
8593
8648
8704
8702
8735
8744
8719
8696
8819
8890
8854
8632
8647
8673
8645
8614
8571
8450
8517
8508
8531
8581
8433
8463
8465
8442
8597
8429
8476
8469
8540
8700
8665
8725
8808
8839
8885
8994
9090
8917
8963
9070
8991
8984
8928
8805
8852
8846
9064
9131
9163
9156
9168
9041
8881
8975
8943
9088
9115
9125
9084
9082
8950
8938
9116
8975
9099
9032
9139
9078
9069
9031
8829
8323
8725
8861
8791
8977
8954
8963
8972
9007
9137
8745
9058
9037
8922
9047
9085
9023
9115
8980
9151
9110
9049
9104
9172
9157
8961
8740
8740
9109
9128
9019
9025
8944
8922
8995
8864
8670
8690
8976
8997
9142
9139
8910
9115
9150
9078
9070
9065
9060
8929
7865
7762
7887
7953
7913
7964
7931
8102
8019
8002
9110
8819
9132
8994
9119
9111
9163
9128
9030
9208
9174
9173
9159
9129
9074
9152
9172
9156
9178
9099
9014
9032
9100
9138
9050
8832
8661
8740
8740
8668
8884
9084
9074
8989
9021
8853
9073
9073
9033
9049
8807
8975
8846
8833
8870
8794
8944
8803
8626
8367
8075
8007
7976
7999
8009
8150
8186
8396
8436
8436
8336
8244
8165
8390
8463
8407
8116
8207
8117
8103
8169
8176
8164
8126
8185
8104
8093
8070
7962
8030
8061
7999
7972
7886
8106
8084
7975
8123
8156
8279
8370
8181
8159
7931
8031
8052
7988
7943
7631
7739
7700
7597
8219
8452
8442
8544
8712
8806
8773
8828
8934
8951
8756
8937
8785
9010
8908
9089
8936
9062
8916
9195
9194
9286
9205
9042
9133
9357
9299
9285
9142
9155
9266
9175
8846
9049
9193
9199
9228
9342
9252
9081
9195
9131
9186
9248
9084
8931
8909
9057
9233
9034
9197
9129
9184
9204
9033
9251
9224
9226
9212
9005
9224
9165
9207
9018
9029
9231
9175
9261
9267
9162
9281
9221
9196
9196
9169
9193
9026
8817
8868
8881
9004
9061
8994
8819
9022
9051
9119
9052
9015
9033
8982
9062
9060
8971
8917
8947
9008
8960
8981
8946
8949
9004
8989
9032
9007
8719
8737
8467
8730
8888
8777
8812
8737
8849
8932
8940
8990
8983
9095
9061
9038
8993
9021
9023
9029
9010
9090
9048
9102
9083
9075
9043
8889
8552
8532
8788
8916
8795
8690
8589
8561
8554
8790
8744
8776
8563
8545
8678
8708
8734
8659
8623
8473
8266
8329
8302
8291
8129
8075
8341
8555
8458
8632
8540
8467
8526
8584
8566
8460
8096
7878
8056
8091
8088
8307
8552
8606
8667
8722
8653
8637
8666
8728
8696
8578
8384
8605
8701
8800
8974
8946
8907
8881
8840
8949
8971
9003
8880
8816
8859
8947
8885
8943
8949
8934
9000
8951
9040
9105
9103
9111
9101
9119
9129
9097
9155
9003
8989
9037
9041
8971
8985
9087
9091
9040
8834
8888
9019
9043
9119
8964
8908
8930
8852
8847
8847
8882
8817
8859
8862
8995
8931
8936
8815
9011
9190
9170
9180
9141
9018
8907
9088
8981
9039
9019
8973
9117
9097
9051
9019
8981
8952
8960
8935
8846
9053
8920
8777
8818
8726
8812
8829
8769
8923
9085
9064
9078
9111
9113
9111
8973
9093
8962
8978
9011
8945
8986
9137
9144
9032
9149
9049
8947
8932
9085
8973
8788
8830
8555
8497
8544
8833
8947
8977
9051
9084
8934
9036
8994
8848
8874
8693
8850
8705
8605
8609
8857
8953
8977
9145
9072
8781
8784
8562
8513
8668
8614
8430
8640
8589
8600
8777
8826
8857
8978
8868
8846
8808
8668
8578
8407
8365
8634
8713
8397
8286
8481
8740
8667
8692
8682
8640
8815
8809
8862
8832
8865
8831
8801
8828
8817
8969
8944
8889
8768
8915
8977
8904
8983
8954
8999
9027
8903
8830
8777
8943
8913
8929
8796
8777
8952
8994
8848
8916
8912
8922
8946
9003
8918
8970
8904
8837
8855
8781
8845
8796
8884
9071
8968
9075
8792
8888
8931
8921
9003
8967
8636
8944
8837
8651
8897
8869
8780
9001
8895
8825
8748
8935
8897
8934
8918
8849
8839
8964
8815
8818
9036
9055
9010
9054
9154
8889
9042
9048
8901
8935
8986
8979
8959
9020
8972
8997
9077
9134
8978
8939
8949
8824
8625
8235
8404
8356
8207
8745
8656
8867
8837
8833
8817
8803
8420
8787
8565
8406
7923
8073
8100
7869
8042
8086
8166
8210
8125
7989
8092
8262
8200
8451
8462
8514
8331
8354
8449
8456
8637
8648
8804
8695
8750
8687
8742
8866
8651
8896
8828
8887
8699
8813
8806
8824
8939
8955
8916
8738
8911
8822
8848
8859
9048
9067
9171
9097
9137
9151
9187
9136
9081
9078
9092
9162
9096
9146
9209
9159
9211
9068
9050
9077
9228
9050
8947
8844
9004
9110
9007
9132
9046
9065
9096
8867
8718
9053
9019
8964
8954
9025
8865
8651
8639
8580
8780
8924
9005
9177
9186
9157
9161
9022
9012
8976
8964
8898
9089
8971
9138
9095
9032
8871
8990
8878
8599
8996
8923
7743
8898
8945
8578
8863
8917
8819
8855
8743
8752
8718
8679
8727
8925
8906
8838
8724
8574
8480
8974
8753
9116
9045
9192
8714
8769
8659
8446
8421
8471
8631
8886
8874
8748
8917
8917
8947
8724
8737
8802
8828
8833
8660
8594
8575
8871
8979
9014
8831
8837
8894
8860
8604
8856
8868
8704
8790
8859
8674
8597
8489
8608
8483
8222
8171
8138
8180
8382
8194
8048
8022
8032
8183
8195
8197
8184
8288
8377
8174
8070
8159
8225
8252
8273
8265
8155
8087
8322
8429
8304
8409
8445
8587
8588
8620
8756
8694
8672
8825
8884
8934
9020
8970
8987
8779
8766
8795
8814
8758
8760
8618
8725
8759
8795
8945
8921
8907
9001
8944
8927
8941
8917
8747
9028
9022
8880
8670
8767
8938
9063
8949
8909
8867
8914
8877
9075
8983
8902
8980
8974
9037
9017
9099
9080
9015
8978
9169
9029
8987
8891
8881
8852
8803
8787
8741
8562
8751
8774
8811
8650
8562
8605
8651
8652
8613
8489
8588
8537
8552
8617
8607
8560
8499
8448
8592
8586
8527
8444
8368
8399
8393
8398
8288
330
193
412
891
9051
9128
9164
9193
9331
9052
9124
9158
9261
9168
9221
9267
9275
9156
9258
9102
9069
9038
9056
9173
9349
9225
9269
9240
9276
9327
9336
9289
9207
9018
9098
9035
9044
9145
9016
9020
8939
8936
8943
9014
9221
9259
9076
9126
9000
9144
9189
9243
9186
8831
8703
8757
8845
8914
9023
9077
8987
8861
9047
8765
8590
8975
9113
9149
9125
9155
9222
9275
9283
9111
9198
9152
9164
9190
9045
9077
9001
9087
9163
9153
9052
9040
9156
9212
9208
9176
9211
9258
9252
9231
9165
8727
8876
8839
8797
9022
8989
9144
9281
9262
9251
9247
9147
9105
9101
9127
9104
9221
9245
9217
9279
9302
9223
9332
9317
9138
9180
9186
9234
9168
9189
9224
9255
9287
9210
9174
8919
9100
9093
9294
9126
9163
9176
9165
8990
8571
9007
9056
9176
9096
8837
9213
9210
9134
9182
8852
8870
8723
8687
8791
8691
8716
8940
9097
9088
9120
9048
8902
9098
9123
9183
9128
9071
9150
9191
9289
9218
9284
9189
9098
8990
9002
9051
9140
9203
9243
9326
9330
9275
9260
9226
9228
9054
9040
8871
8894
9251
9312
9144
8853
8815
9061
9195
9141
9310
9063
9162
9184
9303
9183
9242
9298
9116
9031
9068
9089
8967
9101
9131
9048
8956
8968
8832
8837
8923
8848
8885
8882
8916
9042
8990
8951
8847
8877
8826
8852
8864
8822
8767
8878
8879
9036
9061
9057
9033
9225
9161
9061
9178
9109
9279
9239
9053
8913
8877
8986
9051
9211
9116
9040
9182
9169
9126
9080
9101
9129
9112
8872
9144
9140
9027
9147
9171
9230
9227
9255
9265
9178
9196
9292
9315
9235
9151
9228
9243
9200
9189
9191
9202
9221
9185
9136
9256
9185
9255
9176
9140
9113
9134
9188
9293
9086
9029
9163
9332
9310
9190
9238
9156
9175
9151
9144
9034
8924
8907
8859
8895
8670
8875
9155
8955
9044
9012
8973
8964
9063
9129
8970
8959
8909
9107
9175
9153
9061
9220
9215
9257
9269
9331
9330
9281
9291
9300
9311
9319
9217
9025
9152
9232
9081
8732
8689
8681
9023
8729
8774
8397
8414
8512
8410
8684
8666
8539
8404
9120
9371
9393
9298
9217
9075
9233
9226
9226
9105
9043
9146
9162
9319
9329
9202
9110
9292
9309
9364
9308
9271
9233
9293
9222
8831
8839
9028
8977
8823
8977
9084
9137
9206
9330
9218
9242
9221
9335
9274
9202
9205
9048
9139
9183
9176
9152
9111
9174
9044
9213
9245
9139
9073
9154
9108
9042
9147
9222
9021
9203
9212
9268
9254
9150
9095
9256
9152
9154
9223
9138
9215
9320
9280
9326
9211
9174
9193
9181
9258
9127
9159
8966
8970
9024
8873
9188
9190
9253
9093
9083
9017
9231
9243
9166
9179
9307
9244
9210
9112
9229
9106
9174
9172
9028
8912
9004
9060
8859
8733
8790
8766
9002
9117
9153
9171
9154
9157
9130
9050
8909
8924
8908
9002
9015
9126
9154
9104
9174
9118
9222
9220
9163
9092
8876
9029
8977
9018
9038
8856
8605
8669
8726
8637
8578
8570
8569
8650
8613
8589
8535
8659
8605
8662
8764
8767
8910
8939
8923
9033
8965
8775
8950
8947
8957
9127
8994
8983
9032
8987
8761
9104
9114
9133
9234
9165
9227
9194
9161
9047
9049
8730
8917
9036
8912
9067
9233
9325
9245
9142
8926
9227
9159
9277
9128
9098
9065
9020
8882
8535
8804
8991
8927
8963
8941
9178
9123
9134
9183
9128
9091
9107
9079
9262
9256
9217
9200
9204
9186
9097
8957
8957
8982
8961
9391
9347
9351
9341
9408
9406
9333
9254
9175
9293
9344
9372
9325
9416
9381
9369
9282
9197
9136
8941
8823
8865
8815
8760
9247
9254
9251
9296
9254
9277
9254
9055
8903
9026
9188
9177
9102
9100
9066
9160
9281
9225
9242
9185
9034
9231
9309
9268
9123
8948
9211
9100
9288
9165
9129
9259
9266
9324
9279
9073
9261
9098
9221
9035
9193
9181
9138
9238
9022
9138
9189
9222
9104
9094
9110
9130
8985
9001
9047
8985
8997
8905
8987
8986
8971
8929
8942
9076
8884
8901
8826
8615
8309
8422
8394
8289
8506
8656
8779
8704
8692
8561
8759
8969
8884
8992
8816
8939
9128
9086
9101
9040
8946
8905
8892
8953
8909
8941
8862
9044
9009
8983
8994
9052
9071
9127
9055
9001
8994
8969
8779
8513
8491
8539
8448
8788
8685
8866
9019
8995
9149
9080
8975
9007
9071
9109
9099
8925
8851
8837
8851
8886
9015
9062
9034
8849
8906
8996
8964
9018
9105
9047
8987
9087
9171
9204
9217
9190
9034
9044
9148
9219
9224
9206
9221
9249
9193
9124
9044
8773
9008
8944
9020
8807
9039
9023
9209
9212
9201
8871
8894
8740
8887
9008
8868
8984
8949
9009
9151
9149
9001
8975
8822
8849
8788
8854
8812
8679
9101
9114
9020
9179
8984
9161
9368
9282
9083
9170
9115
7897
9123
8990
8330
8906
8883
9004
9065
9129
9107
9250
9090
9272
8952
9060
9048
9051
8976
8581
8872
8871
8858
8804
8748
8623
8726
8779
8651
8535
8524
8527
8778
8654
8603
8543
8670
8568
8753
8775
8479
8564
8711
8783
8734
8787
8816
8908
8874
8943
8996
8694
8864
8935
9224
9224
9154
9193
9229
9168
9136
9025
8989
8680
8670
8538
8531
8701
8906
8992
8999
8926
8940
8916
8901
8791
8992
9016
9025
8902
8918
8885
8995
9012
8956
8796
8846
8534
8649
8682
8737
8597
8512
8404
8316
8326
8361
8587
9140
9106
9168
9093
9039
9142
9190
9010
9032
9125
9197
9269
9120
9225
9147
9124
9080
9133
9200
8966
8820
9027
9052
9061
9194
9122
9038
8874
8755
8820
8910
8844
8732
8758
8747
8624
8626
8658
8756
8750
8947
8928
8752
8685
8770
8688
8720
8822
8673
8606
8759
8764
8956
8862
9216
9093
9074
9004
8889
8883
8895
8967
9038
8880
8669
8843
8933
8869
8872
9057
9033
9096
9130
9176
9087
9096
8882
8862
8843
8861
9120
9134
9113
8965
8822
8782
8932
8980
9136
8906
9048
9121
8987
9116
8964
9093
9043
9083
8990
8805
8805
8687
8828
8757
8723
8779
8541
8609
8659
8668
8660
8683
8671
8659
8721
8695
8685
8596
8559
8623
8542
8400
8348
8425
8457
8400
8728
8815
8724
9024
9189
9145
9198
9094
9046
9059
9042
9060
9026
9172
9166
9177
9220
9046
9262
9205
9208
9075
8890
9187
9271
9302
9291
9226
9257
9157
9267
9315
9331
9230
9236
9291
9333
9303
9317
9281
9318
9255
9293
9278
9181
9350
9313
9254
9234
9255
9272
9332
9327
9368
9177
9272
9271
9344
9242
9365
9257
9219
9065
8963
8715
9190
9206
9349
9222
9330
9274
9046
9006
9121
9167
9276
9040
9008
8945
8942
9053
9354
9397
9378
9320
9327
9322
9303
9284
9359
9067
9238
9238
9094
8737
8760
8793
8768
9218
9307
9248
9321
9213
9262
9239
9266
9237
9268
9214
9183
9195
9261
9131
9135
9079
8824
9047
9133
9163
9147
9076
9066
9192
9108
9014
9006
8886
8992
8645
8623
8533
8550
8715
8657
8592
8444
8498
8689
8713
8889
8737
8797
8858
8802
8821
8855
8827
8781
8764
8819
8731
8711
8825
8602
8528
8577
8534
8557
8578
8632
8630
8445
8619
8662
8580
8659
8868
8909
8749
8852
8887
8905
8921
8749
8639
8615
8892
8981
8911
8964
8869
9083
8957
8956
8946
8952
9126
9187
9104
8970
9122
9192
9136
9022
9090
9052
9164
9140
9193
9152
9216
9142
9246
9118
9134
9165
9053
9109
9239
9141
9122
9207
9100
9273
9144
9214
9218
9146
9141
9083
9206
9130
9368
9158
8934
8914
8932
8969
9083
8894
8885
8698
8812
8780
8797
8736
8821
8815
8769
8684
8655
8062
8035
8124
8018
7930
7916
8017
8613
8723
8829
8853
8913
9014
8972
9002
8999
8767
8964
8945
8939
9183
9141
9219
9150
8853
9014
8984
8899
9240
9219
9359
9190
9210
9195
9145
9317
9153
9354
9379
9454
9382
9352
9370
9361
9332
9298
8940
9022
9068
9042
9183
9063
9175
8947
8619
8658
8696
8653
9004
9123
9135
9012
8988
8814
9372
9533
9701
9631
9693
9701
9528
9562
9281
9301
9147
9041
9106
8976
8819
8917
8799
8977
8844
8879
8974
8932
8817
8837
8790
8792
8797
8766
8868
8635
8596
8586
8566
9016
9314
9355
9201
9398
9391
9290
9580
9462
9469
9539
9477
9416
9450
9546
9294
9521
9478
9545
9459
9480
9432
9418
9538
9446
9373
9414
9218
9254
9470
9390
9385
9343
9296
9303
9390
9380
9317
9231
9301
9262
9303
9306
9376
9272
9369
9344
9387
9360
9276
9319
9302
9110
9205
9209
9138
9295
9051
9197
9262
8981
9150
9194
9181
9260
9111
9256
9220
8983
8933
8936
9253
9269
9236
9228
9243
9293
9205
9070
9096
8959
9036
8979
8974
9021
8988
8731
8917
8917
8937
8819
8842
8747
8838
8733
8628
8804
8800
8831
8690
8827
8838
8668
8814
8824
8687
8684
8456
8546
8912
8937
8860
8832
8773
8906
8975
8701
8761
8553
8587
8240
8339
8500
8266
8597
8573
8599
8482
8535
8543
8610
8684
8564
8664
8460
8568
8426
8417
8488
8531
8564
8529
8469
8432
8248
8602
8434
8496
8421
8140
8147
8093
7999
7333
7389
7314
7291
7256
7196
7239
7294
7251
7343
7310
7261
8461
8633
8678
8775
8802
8910
9006
9007
9046
9220
9269
9284
9255
9266
9146
9162
9282
9140
9114
9225
9170
9247
9260
9279
9245
9268
9198
9308
9257
9107
9200
9196
9302
9281
9292
9233
9303
9227
9181
9229
9257
9203
9215
9020
9208
9228
9272
9161
9220
8911
8991
9102
9264
9297
9249
9170
9152
9115
9166
8909
9075
9180
9131
9078
9107
9105
9016
9165
9164
9154
9128
9178
9176
9236
9217
9014
9138
9087
8966
9170
9104
9169
9214
9107
8968
9055
9115
9047
9072
9059
8833
8806
8733
8670
8355
8324
7334
7380
7356
7367
7384
7350
7368
7405
7391
8016
8080
8115
8142
8147
8153
8275
8552
8598
8688
8590
8729
8775
8724
8709
8652
8727
8573
8652
8693
8720
8639
8666
8840
8843
8570
8622
8742
8659
8751
8690
8697
8723
8696
8513
8254
8284
8578
8529
8387
8493
8466
8575
8598
8574
8348
8187
8230
7943
8053
8160
7921
8059
8019
7940
7876
7861
8064
8107
8312
8154
8085
8116
8191
8219
8305
8206
8263
8198
8339
8339
8519
8491
8417
8510
8420
8585
8641
8634
8749
8902
8985
9187
9147
9162
9171
9180
9118
8947
9004
8901
8976
9165
8891
8839
8802
8856
8870
8807
8835
8788
8825
8736
8775
8766
8722
8785
8744
8705
8718
8677
8705
8848
8740
8672
8705
8895
8945
8908
8952
8991
9034
9103
9143
8848
8845
9058
9125
9132
9201
9163
9116
9051
9166
9209
9189
9202
9167
9225
9161
9124
9099
9140
9112
9124
9101
9211
9221
9192
9080
9111
9125
9087
9019
9096
8981
8940
8680
8667
8598
8571
8591
8555
8614
8574
8619
8597
8566
8437
8414
8391
8470
8486
8430
8487
8507
8470
8460
8445
8487
8554
8516
8590
8574
8654
8796
8839
8633
8690
8444
8400
8465
8299
8169
8375
8323
8496
8262
8470
8541
8549
8574
8496
8353
8467
8479
8622
8340
8350
8007
8132
8226
8299
8176
8200
7927
8047
8045
7663
7833
8092
8003
8227
8342
8312
8292
8239
8043
8179
8117
7929
7803
7692
7725
7666
7744
7683
7739
7691
7717
7652
7599
7634
7643
7607
7755
7689
7479
7526
7480
7519
7953
7984
8175
8162
8231
8203
8351
8386
8396
8424
8288
8245
8304
8362
8383
8460
8649
8658
8568
8639
8756
8825
8541
8749
8676
8671
8680
8651
8507
8595
8523
8470
8630
8659
8586
8593
8635
8814
8824
8807
8882
8907
8928
9063
9067
9056
9019
8953
9014
8948
8753
8772
8712
8868
8989
9077
9112
9125
9109
9148
9072
9056
9113
9248
9198
9218
9257
9289
9289
9359
9318
9179
8977
9172
9361
9189
9264
9408
9475
9237
9189
9181
9024
8909
9065
9029
9040
9024
9027
9052
9078
9174
9151
8977
8961
8972
9070
8996
8868
8795
8876
8760
8983
8953
8939
8769
8619
8609
8862
8677
8615
8866
9064
9061
9187
9136
8971
9035
8935
8775
8934
8703
8818
8625
8745
8774
8847
8722
8716
8625
8827
8812
8828
8963
8931
9228
9227
9176
9243
9177
9274
9247
9291
8812
8959
9114
9068
9018
9111
8764
8875
8888
8618
8787
8934
8893
9032
8975
8975
9101
9046
9004
9181
9112
8901
8699
8627
8557
8742
8618
8595
8593
8541
8484
8474
8318
8738
8698
8758
8796
8888
9059
9086
9187
9166
9077
8667
8991
8988
9061
8796
8869
9045
9122
9080
9039
9128
9113
9096
9174
9156
9091
9079
9013
8885
8989
8917
8968
9005
9006
9014
8777
8831
8895
9120
9124
8950
8922
9064
9104
8963
9009
8949
8932
8874
8610
8643
8721
8777
8882
8808
8871
8854
8815
8799
8756
8720
8829
8883
8914
9027
9066
9054
9027
8906
9082
9176
9166
9029
9064
8858
9056
9069
9093
9151
9195
9008
9080
8973
9126
9111
9199
9051
9049
9183
9169
8955
9086
9090
9080
9100
9064
9078
9162
9182
9039
9007
9110
9187
9109
9092
8847
8974
8778
8702
8547
8568
8593
8656
8622
8617
8708
8731
8720
8776
8746
8726
8660
8689
8696
8798
8804
8827
8827
8813
8950
8802
8412
8782
8914
8993
8975
9212
9225
9042
9174
9164
9147
9109
9119
9267
9127
8835
9057
9144
9115
9266
9253
9196
9175
9037
8787
9261
9284
9330
9274
9274
9274
9272
9307
9183
9039
9146
9082
9202
9290
9208
9150
9159
9073
9318
9357
9238
9178
9169
9070
9078
9151
9217
9219
9193
9188
9212
9182
8952
8956
8966
9000
9110
9287
9138
9184
9161
9186
9141
9275
9185
9191
9193
8992
9157
9216
9049
9202
9191
8989
9136
9008
8817
8847
8980
8843
8817
8818
8573
8673
8693
8685
9071
9397
9340
9253
9349
9204
9204
9267
9304
9255
9229
8925
9222
9278
9255
9214
9266
9179
9199
9345
9367
9243
9225
9157
9286
9347
9368
9284
9263
9112
9080
9328
9387
9382
9381
9340
9365
9352
9277
9305
9251
9248
9287
9187
9230
9273
9306
9398
9382
9331
9334
9320
9224
9110
9106
9171
9148
9034
9073
9274
9356
9236
9320
9237
9132
9011
8997
8874
8784
9235
9295
9231
9194
9277
9217
9225
9302
9196
9181
9166
9082
9295
9305
9234
8924
9027
9067
9065
8966
8899
9094
9160
9171
9319
9005
8696
8825
8905
8980
9058
9233
9161
9240
9162
9287
8998
9123
9243
9096
8995
8862
8962
9085
9074
9132
9133
9140
9236
9188
9087
9178
9266
9309
9306
9168
9155
9161
9218
9226
9110
9110
8945
9070
9165
9258
9098
9034
8788
8883
8930
9000
9093
8973
8988
8919
8834
8631
8712
8889
8943
8936
8764
8795
8990
9073
9073
9144
9170
9179
9138
9241
9293
8966
8910
8936
9235
9301
9151
9128
9083
9074
9058
9112
9152
9132
9169
9179
9177
9122
9062
9042
9122
9195
9167
9232
9313
9319
9332
9297
9308
9244
9327
9246
9260
9155
9175
9270
9223
9262
9311
9375
9365
9445
9405
9383
9311
9165
9150
8938
8596
8647
8603
8667
8810
8828
8848
8745
8809
8738
8686
8720
8642
8634
8641
8757
8890
9016
9062
9018
9190
9069
9122
9037
8898
9136
9152
9345
9326
9189
9013
9098
9341
9369
9198
9168
8803
9011
9022
9110
9108
8906
8809
8849
9170
9311
9236
9354
9319
9315
9246
9287
9365
9282
9328
9293
9214
9132
9287
9359
9291
9245
9095
9214
9263
9371
9384
9297
9230
9172
9286
9295
9363
9304
9295
9174
9160
9140
9262
9181
9276
9102
9089
9167
9199
9257
9296
9240
9342
9343
9311
9167
9142
9148
9206
9055
8734
8966
9217
9273
9217
9284
9179
9128
9159
9044
9136
9164
9027
9130
9223
9308
9242
9145
9176
9190
9242
9308
9242
9333
9274
9376
9285
9284
9227
9226
9148
9211
9321
9314
9311
9289
9286
9268
9324
9115
9121
9113
9126
9065
9081
9111
9194
9093
9054
9202
9211
9275
9283
9202
9223
9091
9159
9163
9118
9070
9083
9223
9237
9322
9291
9337
9279
9170
9172
9112
8966
8785
9085
9122
9023
9165
9096
9249
9287
9167
9241
9009
9064
9008
9062
9197
9032
9006
9105
9240
9281
9230
9185
9209
9161
9204
9261
9243
9139
8945
8927
8869
9114
9239
9211
9044
9115
9170
9157
9129
9187
9126
9135
9103
9131
9085
9069
9069
9013
8932
8932
8979
9037
9107
9142
9099
9088
9060
9125
9048
9135
9207
8983
8929
9010
9103
9153
9073
9095
9068
9090
9019
9049
9076
8756
9030
9044
8978
8761
8796
9006
9200
8957
8947
8883
8847
8771
8939
9052
9016
8998
9087
9013
8986
8972
8865
8926
8877
8947
8905
8753
8523
8522
8619
8739
8652
8431
8394
8360
8237
8249
9040
9025
9158
9137
9100
9089
9177
9070
8883
8879
8980
9031
8959
9107
9007
9096
9110
9090
8933
8797
8638
8662
8616
8689
8831
8922
8917
8839
9018
8886
8761
8910
8956
8882
8787
8903
8839
8961
9094
8864
8959
8710
8654
8534
8214
9024
9029
8847
9025
9007
9117
9276
9245
9097
8733
8735
8979
8974
9049
8932
8967
8957
9093
9132
9138
9147
9093
9115
9105
8737
8887
8733
8770
8818
8804
8771
8705
8849
8923
8794
8874
8838
8898
8813
8885
9090
8946
9031
8980
8915
9067
9059
9009
8985
8865
8917
9084
9048
9088
9075
8790
9102
9070
9029
8888
8943
8900
8765
8976
8932
9014
9073
8912
8763
8948
8866
8917
9121
9203
8971
8907
8935
8867
8913
8921
8802
8828
8931
8866
8812
8856
8890
8969
8924
8632
8652
8662
8730
8737
8746
8804
8594
8443
8725
8932
9027
9026
9051
8922
8871
8937
8988
8858
8845
8666
8950
9122
9105
8871
8997
8944
9002
9093
9005
8893
8862
9056
9043
8904
8923
8971
9010
9060
9049
8932
9082
9054
9068
8975
9008
8839
8938
8898
8721
8732
8662
8667
8465
8583
8478
8262
8954
9036
8941
8885
8606
8538
8719
8784
8797
8892
8688
8682
8689
8775
8708
8682
8693
8647
8482
8586
8696
8522
8495
8313
8499
8731
8880
8853
8870
8906
8895
8793
8914
8969
8921
8864
8950
8843
8553
8639
8642
8614
8881
8932
8966
8858
8975
8925
9040
8878
8841
8760
8733
8869
8823
8779
8765
8740
8809
8749
8734
8722
8647
8605
8686
8867
8944
8995
9038
8950
8937
8936
8868
8913
8749
8874
8809
8721
8732
8778
8909
8933
8727
8866
8943
8771
8806
8731
8677
8727
8671
8816
8773
8477
8598
8597
8753
8805
8919
8667
8633
8402
8517
8731
8829
8778
8677
8574
8574
8796
8749
8895
8686
8765
8731
8804
8980
8880
8777
8589
8801
8751
8551
9005
8946
8798
8749
8752
8905
8888
8828
8822
8350
8483
8755
8554
8574
8386
8465
8429
8534
8532
8730
8654
8826
8780
8956
8862
9075
9109
9059
8983
8898
8713
8966
9036
8818
8732
8598
8719
8791
8768
8837
8707
8748
8864
9150
9053
8867
8964
8864
8980
9038
9089
9009
8768
8775
8743
8712
8484
8650
8754
8692
8656
8675
8382
8175
8139
8123
8266
8245
8241
9178
9274
9268
9224
9265
9236
9198
9221
9200
9272
9275
9216
9214
9194
9259
9283
9208
9229
9235
9167
9171
9020
8962
8758
8793
8997
9108
9152
9083
9115
9063
9148
9187
9086
8953
9011
9006
9014
9028
9156
9185
9075
8962
9008
8907
8800
8689
8151
8158
8187
8165
8644
9153
9157
9098
9020
9005
9072
9057
9117
9226
9083
9065
9236
9167
9202
9142
9133
8997
8956
8757
8666
8835
8938
8960
8966
9097
9115
8913
8926
9033
9008
9050
9092
8990
8943
8858
9134
9131
9062
8986
8907
8714
8691
8636
8792
8890
9079
8959
9041
9218
9178
9141
8842
8785
8946
8954
9089
8937
9026
9077
9115
8900
8968
8873
9032
9035
9015
8941
8919
9081
9109
9133
9048
8868
8727
9002
9017
9149
9037
9111
9106
9081
8999
8514
8795
8996
8823
8814
9089
9112
9156
9204
8989
9043
8864
8792
8578
8815
8705
8744
8593
8609
8696
8838
8881
8878
8996
8983
8940
9039
9056
9029
9083
9082
9009
9110
9091
9053
8884
8866
9015
9045
9016
9091
8881
8745
8866
8813
8284
8307
8281
8280
8924
8961
9132
9070
9090
9080
9041
9060
9076
8964
8754
8798
8775
8824
8886
8622
8675
8812
8724
8745
8799
8670
8774
8912
8963
9011
8899
8874
8860
8763
8218
8193
8079
8205
8293
8166
8194
8166
8151
8068
7993
8065
8817
8935
8896
8869
8916
8767
8694
8712
8603
8833
8783
8740
8778
8950
8911
8634
8886
8994
9036
9116
9027
9117
9018
9026
9052
9027
9171
9226
9147
9186
9025
9179
9126
9025
9083
9131
9050
8761
8754
9000
8994
9079
8812
8788
8717
8824
9002
8963
8874
8874
8558
8677
9075
9099
9053
9042
8935
9014
9015
8906
8797
8752
8707
8605
8638
8640
8635
8693
8741
8753
8774
8829
8995
9043
9017
8970
8833
8761
9181
9227
9153
9007
8910
9067
9172
9091
8923
9043
9019
8890
9143
9174
9216
9170
9206
9186
9149
9156
9010
9144
9142
9252
9003
8821
8684
9044
9122
9186
9076
9290
9190
9095
9214
9312
9287
9287
9189
9138
9079
9093
9194
9186
9089
9130
9019
9068
9022
9039
9081
9189
9086
9175
9091
9137
9126
9123
9112
9030
8945
8894
9194
9198
9118
9166
9218
8834
8872
8906
9019
9153
9112
9188
9213
9185
9185
9172
9216
9026
9031
8932
9146
9153
8867
9038
9070
9148
9029
9000
8973
8914
9082
8980
9033
9069
8984
9019
8953
9005
9046
9114
9105
9020
9105
9148
9032
8964
8921
8850
8916
8991
8957
8890
8909
8918
8954
8907
8879
8888
8810
8612
8963
8710
8500
8341
8281
8357
8441
8487
8506
8673
8593
8794
8868
8801
8820
8822
8634
8867
8928
9031
9026
9035
8931
8793
9057
8830
8906
8906
8643
8774
8864
8840
8769
8656
8769
8753
8936
8973
8871
8847
8929
9007
9078
9036
9012
9062
9094
9027
9008
8743
8937
9043
9059
8938
8885
9008
8874
9124
9056
9040
9053
8928
8960
9011
9166
9274
9186
9021
9137
9160
9036
9045
9163
9157
8975
9054
9094
9119
9106
9108
9013
9010
9149
9177
9065
9185
9088
9121
8976
8921
8952
8858
8841
9045
8950
9054
9102
9053
8964
9020
8990
8931
9054
8986
8953
9189
9243
9222
9161
9053
9079
9145
9088
9033
9147
9087
9097
9095
9052
9065
9051
9057
8939
8931
8786
8934
9117
9046
9112
8756
8804
8934
9080
9109
9154
9209
9172
9187
9177
9076
9118
9183
9229
9122
8947
8936
8794
9087
9170
8945
9097
9078
9111
9028
8611
8705
8580
8605
9044
8976
9036
8937
9041
8860
8863
8971
8934
9024
8970
8900
8965
8814
8864
8727
8819
8794
8663
8857
8976
8967
9016
9148
8997
9012
8990
8981
9059
9043
8990
8998
8733
9108
9100
9083
8988
8964
9019
8970
9040
9101
9015
9078
9047
9000
8980
8915
9013
8828
8858
8755
8777
8767
8831
8652
8372
8540
8768
8800
8791
8806
8818
8785
8824
8790
8774
8692
8532
8476
8684
8664
8532
8526
8553
8571
8620
8625
8608
8608
8536
8673
8539
8546
8669
8619
8813
8850
8811
8875
8805
8894
9074
8981
9093
8959
9007
9103
9143
9141
9111
9084
9119
9103
9068
9047
8941
8949
8891
9124
9048
9116
9039
8917
9030
9101
9102
9053
9076
9076
8982
9033
9082
8927
8911
8789
9017
9165
9178
9197
9157
9223
9061
9174
9248
9190
9181
9168
9094
9247
9264
9228
9168
9258
9256
9154
9117
9078
8922
8969
9005
9184
9298
9079
9205
9042
9044
9184
9280
9271
9281
9266
9231
9294
9276
9130
9032
9103
9095
8746
8704
8836
8785
8726
8879
9265
9354
9058
9192
9267
9291
9276
9339
8839
9075
9120
9100
9180
9125
9139
9187
9205
9318
9279
9253
9315
9240
9320
9273
9329
9304
9222
9174
8987
9045
9165
9220
9247
9035
9050
9002
9191
9220
9261
9180
9283
9182
9277
9282
9215
9266
9189
9306
9271
9175
9244
9148
9231
9335
9243
9109
9165
9287
9286
9063
9216
9112
9159
9210
9016
9178
8950
8835
8916
8664
8345
8562
8690
8594
8722
8749
8820
8808
8759
8714
8732
8748
8773
8725
8734
8601
8787
8842
8940
8818
8785
8798
8841
8993
8963
9023
8998
9088
9020
9270
9178
9136
9115
9164
9154
9299
9176
9157
9140
9277
9321
9317
9273
9179
9226
9206
9074
9255
9148
9080
9180
9224
9257
9202
9139
8949
9053
9037
8970
9137
8986
9290
9047
8933
9133
9275
9269
9330
9224
9226
9205
9290
9120
9113
9176
9184
9237
9221
9250
9198
9176
9269
9343
9352
9348
9141
9167
9154
9311
9057
8867
8894
8747
8766
8802
8834
9286
9186
9241
9197
9053
9138
9086
9014
9145
8967
9116
9153
9162
9190
9165
8941
9299
9348
9389
9387
9222
9352
9271
9195
9231
9284
9293
9147
9353
9185
9233
9308
9407
9424
9319
9336
9283
9198
9338
9269
9320
9250
9328
9383
9174
8960
8911
8960
8924
9316
9386
9386
9316
9282
9296
9220
9286
9287
8983
9144
9066
9230
9274
9269
9145
9150
9131
9113
9199
9271
9107
9054
8862
9060
9227
9159
9124
9010
8975
9142
9199
9112
9200
8979
9132
9135
9156
8985
9060
9262
9182
9134
9312
9155
9288
9295
9244
9219
9196
9190
9169
9170
9161
9135
9168
9055
9063
9053
9068
9197
9086
8970
9046
9058
9146
8992
8942
8904
8886
8915
8620
8999
9021
9224
9207
9186
9104
9186
9067
8940
8876
8812
8828
8892
8832
8954
8821
8795
8725
8807
8978
8884
8535
8947
8818
8804
8770
8871
8889
8935
8976
9103
9122
9132
9205
9187
9212
9219
9122
9177
9149
9163
9162
9092
9179
9206
9138
9167
9158
9237
9199
9030
9177
9160
9132
8937
9073
9079
8999
9050
9065
9031
9239
9258
9248
9322
9331
9289
9364
9254
9202
9123
9028
9052
9152
9262
9049
8779
8647
8747
8722
8776
9105
9206
9224
9240
9272
9195
9274
9226
9292
9265
9278
9327
9314
9309
9276
9091
9141
9011
9319
9295
9266
9229
9145
9185
9175
9076
9100
8852
8958
9001
8993
9026
8952
9046
9103
8970
9090
8973
9071
9081
9061
9148
9016
8984
9063
9043
9104
9026
9021
9118
9044
9035
8997
9026
9154
9185
9185
9060
9025
9022
9041
9201
8997
9019
9082
9034
8998
8895
8866
8897
8850
8759
8785
8801
8981
8971
8970
8979
8920
9070
9235
9173
9242
9163
9253
9358
9319
9241
9142
9378
9281
9316
9298
9291
9250
9166
9286
9212
9187
9125
8985
8967
8891
9151
9111
9067
9027
9028
9137
9007
9020
8995
8777
8773
8726
8686
8799
8774
8646
8588
8608
8547
8491
8521
8602
8710
8847
8608
8561
8411
8484
8553
8525
8693
8951
9027
8999
9125
9157
8805
9066
9204
9157
9191
9160
9258
8974
9132
9015
9104
9180
9233
9266
9175
8813
9021
9031
9227
9253
9389
9206
9194
9288
9218
9120
9250
9315
9268
9083
9274
9217
9318
9327
9250
9277
9062
8911
9081
9022
9072
9233
9212
9185
8840
8738
9067
8980
8923
8972
8911
8908
9048
9098
9002
9003
8929
9028
9001
9270
9094
9245
9219
9252
8977
8656
9051
9143
9185
9188
9146
9034
8964
8785
8489
8600
8667
8621
8567
8480
8628
9249
9212
9139
9203
9031
8991
9066
9137
9068
8706
8840
8779
8620
8672
8558
8574
8805
8840
8787
8577
8806
8778
8746
8714
8805
8780
8805
8745
8666
8650
8661
8874
8950
8730
8725
8686
8879
8879
8748
8655
8728
8810
8775
9038
9082
9053
9023
8873
8768
8995
8877
8827
8554
8652
8731
8610
8693
8703
8713
8693
8526
8474
8433
8703
8720
8565
8553
8323
7906
7875
7848
7805
7777
7859
7597
8254
8291
8353
8531
8489
8492
8354
8247
8211
8410
8427
8428
8502
8425
8456
8903
8863
9002
9034
9059
9113
9053
9060
8890
8475
8733
9324
9319
9333
9152
9160
9217
9272
9257
9296
9073
9175
9122
9288
9251
9233
9214
9281
9178
9273
9096
9125
9058
9111
9406
9406
9264
8970
8916
8835
8553
8586
8578
8516
8852
8822
8899
9242
9295
9306
9362
9183
9154
9338
9307
9248
9244
9159
9144
8886
9089
9284
9387
9238
9339
9289
9206
9102
9297
9256
9203
9331
9327
9215
9069
9343
9024
9202
9198
8967
9161
9069
9310
9321
9207
9082
8983
8983
9144
9261
9040
8855
8930
8944
8945
8938
8978
8982
9061
9065
9042
8995
9033
9019
9081
9163
9109
9158
9165
9147
9148
9159
9092
9076
9088
9108
9130
8982
8972
9095
9155
9090
9075
8741
8865
8764
8752
8717
8695
9043
9091
9105
9030
8980
9041
9031
9050
9028
8830
8883
8905
8965
8929
8936
9043
9042
8913
8829
8714
8830
8852
8775
8845
8698
8621
8534
8466
8432
8494
8536
8590
8515
8578
8481
8460
8494
8430
8520
8458
8597
8600
8493
8569
8587
8799
8831
8767
8920
8934
8997
9053
8990
9029
8940
8781
8499
8635
8804
8670
8578
8855
8995
8943
8928
8825
8957
8928
9011
8947
9075
8956
9104
9119
9154
9126
9144
9120
9055
8985
8952
8889
8977
8876
8964
9101
9036
8983
9006
8969
8919
8842
8806
9131
9184
9101
9005
9135
8989
8832
8909
8939
8920
8896
8942
8904
8805
8611
8989
9109
9107
9053
9030
9126
9085
9157
9171
9116
9038
9088
8982
8985
9109
8827
8940
8917
8769
8859
8801
8874
8873
8889
9023
8986
9052
9008
9055
8951
9019
8991
9066
9103
9046
9083
9050
9017
8991
8979
8663
8534
8583
8806
8889
8911
8887
8835
8886
8898
8982
8934
8883
8730
8914
9028
8919
8765
8943
8976
9006
8962
8817
8592
8555
8530
8834
8993
8981
8977
8959
8981
9006
9012
8994
8993
8942
8939
9101
9090
9034
9062
8832
9098
9157
9020
9046
8700
8699
8596
8468
8457
8142
8273
8397
8454
8507
8441
8274
8437
8386
8417
8407
8597
8547
8401
8346
8093
8166
8468
8491
8530
8456
8492
8608
8571
8589
8657
8601
8600
8608
8661
8679
8601
8578
8405
8271
8510
8407
8572
8740
8677
8554
8720
8731
8729
8797
8815
8700
8474
8966
9091
9027
8887
8726
8950
9030
9139
9193
8964
8536
8417
8192
8265
8264
8170
8117
8303
8169
8279
9210
9073
9126
9155
9040
9178
9020
9119
9001
9051
8990
8981
9013
9090
9001
8902
8774
8873
8949
8950
8976
8975
8978
8968
9059
9130
9112
9061
9078
9169
9197
9161
8509
8605
8677
8707
8726
8702
9165
9148
9188
9174
9195
9082
8830
8952
8974
8909
9057
8550
9061
9055
9134
9141
8927
9003
8971
8475
7945
8018
8020
7987
8028
8100
8174
8175
8292
8199
8153
8210
8158
8820
8835
8877
8961
8974
8877
8755
9141
9182
8978
9071
9041
9069
9038
8855
8965
9001
8972
8875
9046
8766
9025
8917
8807
9015
8983
8957
9027
8700
8639
8600
8654
8617
8540
8553
8523
8491
8487
8069
8420
8478
8469
8474
8552
8607
8668
8685
8761
8570
8553
8567
8096
7847
8067
8206
8013
8460
8532
8599
8509
8674
8703
8567
8632
8604
8707
8743
8804
8725
8764
8448
8131
7918
8504
8155
8430
8563
8548
8554
8651
8684
8878
8881
8945
8750
8864
8878
8887
9107
8930
8935
8868
8996
8833
8746
9111
9050
8994
9141
9095
8978
8980
8933
8929
8957
8790
8808
8944
8914
8997
9083
8848
9029
9009
8493
8622
8698
8723
8907
8845
8972
9074
9034
8979
8778
8851
8826
7717
7683
7743
7625
7681
7681
7398
7627
7574
7648
8240
8551
8557
8596
8680
8713
8748
8545
8208
8437
8413
8320
8811
8944
8933
9015
8963
8838
8879
8914
8987
9101
9055
8957
9156
9116
9159
9128
9161
9188
9108
9230
9056
9120
9037
9075
9042
9106
9141
9079
9051
9041
9164
9270
9210
9003
9126
9285
9318
9003
8778
8911
8716
8253
9050
9255
9196
9192
9173
9102
9122
9100
9098
9079
8966
8847
8823
8786
8460
8636
8753
8830
8470
8550
8416
8651
8436
7894
8483
8691
8790
9028
8958
8973
8915
9128
8942
9124
9032
8740
8803
9042
8998
8940
8763
8606
8936
8902
8907
8973
8997
9048
9030
9027
8945
9041
9043
8971
6873
8884
8960
8861
8777
8530
8470
8700
8578
8862
9046
8871
8994
9014
9060
8965
9133
8998
9012
8927
8894
8915
9024
8981
8968
8729
8888
8837
8968
8919
9044
9001
8296
8937
8998
8905
8991
8970
9033
9011
8767
8860
8916
8798
8977
8786
8653
8633
8619
8121
8123
8099
8009
8054
8066
7979
7923
8741
8645
8814
8737
8721
8674
8697
8644
8535
8559
8613
8772
8787
8834
8856
8769
8797
8858
8945
8988
9057
9075
8997
9018
9024
8706
8725
8813
9034
9032
9150
9059
9056
9048
8989
9153
9055
9062
9034
9092
9093
9227
9146
9227
9202
9055
9136
9115
9286
9256
9131
9104
8931
8851
8898
8948
9033
9023
9127
8918
9017
8928
8741
8877
9041
9056
9039
9025
9077
8939
8817
8853
9026
9122
9086
8950
8848
9056
9000
9041
9123
8916
8856
8761
8625
8698
8513
8516
8744
8741
8710
8639
8663
8690
8776
8863
8887
8623
8659
8685
8617
8584
8701
9091
9089
9006
9095
9199
9075
8902
8869
8390
8777
8609
8903
8862
9022
8890
9075
9101
9050
8827
8722
8907
8887
8936
8947
9036
9007
9059
8994
8980
8949
9046
9003
9059
9042
9012
9020
9026
8985
9035
8867
8896
8869
8754
8580
8662
8704
8878
8908
8915
9059
8730
9012
9096
9041
8963
8936
9069
9045
8855
8870
9007
8997
9087
8820
8886
8914
8828
8776
8781
8768
8744
8608
8915
9148
9067
9023
9044
8960
9012
8973
9032
9080
8884
8947
8833
9044
9084
9021
8940
9004
9147
8576
9157
9123
8920
9066
9119
9050
9087
9052
9011
9011
8986
8768
8879
8934
9069
9003
8850
8779
8840
8911
8850
8889
9037
8978
8960
8854
8910
8905
8895
8714
8522
8582
8769
8830
8787
8823
8674
8619
8761
8901
8809
8629
8779
8676
8425
8235
8439
8456
8751
8906
8753
8805
8980
8970
8772
8623
8678
8418
8625
8534
8650
8623
8660
8671
8870
8905
8850
8717
8780
8765
8868
8764
8784
8694
8632
8660
8673
8444
8497
8911
8786
8878
8831
8907
9036
8955
9113
9066
8960
9021
8914
8774
8732
8788
8751
8870
8838
8764
8287
9052
9125
9116
9124
9071
8687
8789
8990
8969
8944
8960
9045
9055
8948
9077
8948
8938
8433
8364
8421
8480
8408
8447
8503
8974
9002
8995
8979
8996
9077
9040
9061
8853
8895
8962
8832
8927
8616
8402
8778
8813
8892
8772
8917
8722
8802
8729
8733
8556
8699
8700
8753
8889
8820
9057
8967
9133
9099
9160
9053
9100
8934
8860
9013
9185
9125
8877
9074
9137
9081
9146
9213
9071
9046
9035
8979
9062
8927
8819
8867
9012
9026
8803
8880
9125
9127
9049
9196
9084
8953
8934
8880
8787
9034
9134
9094
9042
8988
9010
8999
8979
8783
8798
8567
8802
8733
8654
8540
8488
7686
8547
8576
8799
8764
8736
8670
8627
8700
8615
8355
8342
8358
8371
8641
8670
8611
8594
8556
8395
8359
8335
8198
8285
8271
8342
8030
8263
8125
7708
8201
8043
8143
8272
8272
8365
8331
8128
7708
7877
8288
8373
8320
8275
8251
8403
8490
8297
8312
8466
8412
8417
8386
8470
8375
8420
8500
8438
8471
8395
8419
8560
8576
8597
8547
8657
8666
8845
8859
9098
9071
9051
8976
9108
8740
8998
8987
8939
8568
8718
8879
8818
8776
8837
8670
8788
8646
8483
8369
8425
8307
8304
8984
8976
9075
8913
8908
9078
9127
9034
8878
9240
9237
9122
9212
9212
9330
9215
9172
9147
9036
8876
8716
8714
8764
8613
9295
9358
9329
9354
9091
8952
9021
9011
9092
8987
8944
8973
9038
9195
9295
9225
9189
9273
9146
9280
9353
9343
9285
9281
9122
9048
9045
9094
9189
9264
9200
9178
9186
9250
9209
8967
8943
8963
8952
9228
9295
9301
9154
9159
9252
9196
9133
9206
9247
9219
8839
9106
9232
9253
9212
9165
9108
9126
8703
8509
8358
8542
8538
8613
8635
8646
9097
9200
9143
9248
9206
9184
9196
9266
9088
9081
9162
9183
9058
9157
9099
8928
9030
9096
8923
9090
9143
9186
9319
9251
9298
9281
9220
9181
8966
9079
9131
8814
8708
8743
8904
8850
8797
8629
8558
8590
8672
8675
8796
8877
8770
8781
8647
8412
8518
8527
8543
8845
8893
8946
8941
9006
8985
8888
8814
8771
8786
8757
8591
8711
8655
8405
8523
8450
8607
8569
8527
8318
8530
8699
8657
8722
8741
8776
8734
8493
8607
8556
8606
8567
8538
8538
8537
8517
8595
8507
8427
8257
8513
8422
8348
8410
8415
8390
8576
8579
8729
8424
8737
8826
8908
8905
8950
9040
9100
9056
9010
9165
9041
9138
9182
9300
9220
9329
9194
9241
9265
9245
9279
9117
9035
8949
8975
9114
9299
9338
9323
9181
9180
9144
9183
9171
9135
9045
9217
9216
9292
9265
9146
9179
9264
9258
9266
9127
9044
8859
9029
9005
8950
9279
9222
9238
9178
9146
8756
8991
9053
9077
9041
8673
8668
8744
8829
8823
8768
8644
8401
8629
8763
8909
8836
8849
8686
8953
8683
8858
8810
9073
9013
9032
8888
8987
8916
8907
9000
8912
8929
9085
8993
9005
9014
8845
9162
9130
9031
9068
8909
8764
8872
9028
9080
9050
8931
8991
8942
8831
8906
8966
9145
9019
9102
9075
9010
9048
8920
9035
8890
8455
8586
8571
8575
8848
8901
9014
9047
9069
8772
9029
8968
9097
9078
9035
9149
9114
9037
9083
8952
9031
8983
9063
9012
9100
9077
8915
8971
8760
8875
8900
8764
8800
8783
8871
8904
8869
8793
8653
8691
8684
8694
8884
8812
8676
8720
9020
9157
9050
9062
9151
9049
9119
9139
9093
8989
9144
9269
9234
9205
9172
9246
9167
9123
9129
9283
9317
9247
9351
9326
9396
9328
9119
9132
9082
9230
9247
9258
9304
9075
9048
9214
9082
9262
9233
9227
9232
9149
9139
8996
9121
9084
9042
9132
9027
9138
9086
9005
9001
9210
9152
9145
9178
9170
9079
9093
9194
9243
9034
8629
8819
8700
8940
9320
9232
9251
9278
9276
9307
8977
8804
8925
8916
8998
8974
8753
8750
8648
8653
8599
8545
8470
8625
8728
8646
8605
8693
8885
9023
8974
9116
9017
9091
8965
8912
8979
9149
9286
9102
9084
9115
9098
8961
8973
8904
9006
8744
9033
9008
9173
9093
9147
9051
9199
9071
8980
9180
9027
9148
9079
9141
9116
8935
9064
8982
8498
8514
8475
8601
8668
8878
8970
8950
8990
8711
8728
8535
8665
8850
8948
8860
8441
8581
8699
8585
8648
8497
8402
8426
8641
8514
8223
8243
8458
8496
8463
8573
8639
8618
8586
8709
8541
8746
8615
8962
8966
9071
9095
8951
8996
9019
9107
9132
9074
9121
8968
8818
9066
8867
8948
9101
8777
8973
8887
8909
8917
8973
9103
8826
9008
9092
9001
9121
9055
8988
8814
8783
8903
8903
8991
8910
9014
8915
8782
9063
9082
8898
8929
8836
8452
8904
8815
8627
8677
8676
8565
8593
8679
8663
8596
8670
8834
8978
8737
8867
8916
8867
8804
8618
8654
8806
8894
8801
8746
8543
8605
8599
8799
8569
8343
8599
8637
8701
8537
8172
8622
8596
8604
8710
8633
8547
8352
8239
8454
8861
8779
8755
8770
8988
8890
8883
8893
8928
8938
8998
8746
8900
8932
8997
8927
8960
9084
9062
8982
8976
8893
8876
8843
8729
8673
8602
8656
8701
8700
8697
8727
8624
8580
8627
8626
8712
8645
8540
8629
8570
8553
8576
8604
8654
8541
8553
8546
8556
8576
8389
8113
8381
8335
8404
8437
8292
8424
8329
7980
7790
7805
8110
8158
8241
8328
8316
8189
8343
8335
8518
8586
8825
8815
8689
8772
8779
8832
8735
8755
8775
8710
8713
8633
8645
8678
8811
8860
8832
8920
8986
9040
8968
8987
9105
9038
9054
8985
8934
8906
9057
9064
9069
9107
9045
8964
8783
8734
8764
8580
8628
8611
8530
7657
7671
7611
7785
8551
8648
8633
8897
8986
8951
9002
9068
9146
9022
9001
8798
9075
9076
9067
8808
8928
8797
8979
8954
8880
8839
8904
9105
9097
9024
9104
9101
9186
9106
9003
8702
8662
8629
8726
8776
8658
8396
8305
8312
8299
8374
8294
8407
8347
8414
8453
8430
8491
8498
8454
8510
8517
8563
8557
8622
8664
8580
8512
8641
8522
8437
8291
8330
8362
8486
8528
8474
8485
8423
8396
8469
8340
8412
8464
8382
8297
8420
8430
8528
8466
8614
8632
8656
8539
8412
8609
8615
8808
8702
8611
8648
8637
8520
8268
8335
8240
8094
8087
8656
8926
9026
8991
8734
8884
8704
8690
8699
8550
8509
8308
8964
9018
9089
9137
9094
9148
9195
9094
9122
8965
9065
9234
9034
9335
9305
9140
9312
9311
9242
9171
9130
9194
9163
9188
9055
9284
9286
9367
9309
8526
8395
7153
6789
7277
7605
7226
8651
7894
8660
7503
8399
4094
8784
9135
8196
8586
8680
8665
8461
9056
9130
8832
9102
8600
9021
8993
8296
7935
7729
8173
8064
8000
8208
7996
8699
8660
8923
9010
9100
9085
9134
9236
8960
9008
9195
9336
9188
9018
8506
9077
8850
8723
8893
9274
8865
9240
9298
8988
9170
8935
8797
9012
9041
8976
9012
9088
8949
9058
9115
8876
8998
9098
9046
9232
9128
9055
9183
9070
9054
9040
9090
9084
9183
8892
8657
9149
8966
8562
8911
9165
8841
9008
8667
8742
8459
8534
8755
8744
8723
8535
8894
8682
8565
8493
8245
8370
8600
8706
8545
8774
8987
8729
8969
8981
8892
8519
8342
8574
8759
8548
8413
8456
8366
8321
8881
8910
8800
8774
8802
8536
8794
8620
8324
8680
8613
8728
8600
8774
8918
8863
8821
8452
8382
8469
8562
8582
8561
8733
8636
8632
8531
8373
8336
8225
8076
8054
8062
8047
8141
8036
7998
8024
8023
7753
7888
7966
8057
8027
8053
8040
7917
7994
7938
7704
7877
7854
7942
7928
7897
7878
7595
7751
7895
7792
7992
8071
8001
8036
8120
8290
8637
8657
8749
8702
8721
8744
8852
8793
8931
8932
8960
8926
8886
8749
8964
8974
8927
8939
8943
8907
8953
8665
8705
8667
8702
8581
8772
8989
9028
9136
9073
8981
9058
9083
9008
9066
9229
9127
9185
9163
9223
9225
9220
8988
8984
9088
9284
9165
9046
9038
9148
9250
9153
9244
9245
9091
9161
9228
9291
9265
9166
9123
9232
9165
9075
8658
8689
8706
8687
8760
8805
8784
8769
8604
9158
9258
9229
9268
9278
9296
9086
9042
8876
9057
9191
9004
9038
8943
9016
9171
9216
9090
8963
8492
8381
8316
8561
8685
8689
9028
9097
9226
9189
9232
9208
9203
9109
9027
9071
9104
9109
9140
9163
9111
9079
9033
8952
8979
8895
9024
9096
9144
9094
8906
8940
9028
8987
8883
8929
8983
9041
9110
9029
8833
8760
8999
8927
8810
8856
7806
7721
7818
7726
7822
7975
7984
7768
7762
7591
7413
7422
7412
7456
7495
7505
8773
8769
8791
8816
9058
9012
8944
8903
8990
8954
8948
9076
9039
8975
8920
8929
8985
8992
8961
8781
8563
8859
8909
8832
8932
8941
8988
8798
8828
8883
8753
8929
8978
8873
8963
8924
8975
9013
9019
8998
8945
8917
8869
8739
8895
8863
8968
8950
8856
8944
8922
8819
8777
8726
8788
8765
8677
8552
8663
8613
8594
8511
8530
8530
8375
8346
8119
8111
7835
7906
7927
8123
7971
7978
8006
7941
8189
8246
8060
7905
7896
8048
8000
7716
7827
7835
7788
7839
7834
7780
7689
7676
7882
7897
7671
7478
7663
7642
7650
7779
7918
7866
7838
7959
7787
7516
7453
7262
7396
7807
7991
7925
8028
7984
7881
7970
7859
8034
8048
8020
8277
8228
8489
8310
8382
8396
8286
8311
8238
8231
8120
8066
7830
8076
8103
7937
7748
8061
8106
7932
7804
7777
7514
7472
7505
7722
7737
7599
7575
7572
7765
7777
7746
7658
7352
7168
7203
7186
7139
7191
7129
7181
7884
7963
8063
8130
8248
8247
8238
8173
8290
8254
8210
8048
8020
8054
8161
8407
8130
8027
8434
8458
8560
8606
8575
8693
8577
8717
8624
8681
8645
8681
8871
8865
8839
8814
8711
8842
8805
8829
8842
8744
8871
8876
8776
8621
8855
8735
8811
8752
8844
8773
8770
8845
8862
8854
8832
8836
8726
8751
8566
8611
8690
8774
8864
8857
8694
8488
8445
8738
8829
8758
8652
8793
8897
8892
8754
8842
8844
8773
8768
8719
8439
8106
8073
7967
7814
7856
7852
7918
7916
7880
7881
8235
8174
8240
8317
8229
8123
8168
8114
8183
8058
8210
8187
8165
8170
8061
8115
8140
7996
8018
7868
7931
7980
7937
8087
8119
8130
8153
8102
8053
8036
8294
8311
8193
8247
8173
8180
8448
8337
8368
8336
8073
8253
8304
8351
8380
8283
8230
8186
8161
8039
8052
8082
7990
8012
8121
8260
8306
8194
8210
8124
7967
7898
8093
8187
8263
8131
8171
8159
8213
8318
8423
8403
8144
8159
7985
7841
7787
7837
7962
7900
7952
8129
8067
8002
7883
8037
8049
8060
8173
7901
7766
8013
7985
8051
7934
7811
7869
7932
7980
8290
8177
8205
8235
8214
8263
8267
8259
8215
8187
8251
8262
7670
8036
8200
8202
8207
8153
8147
7902
7973
8017
7967
7911
7864
7426
7361
7389
7294
7387
7389
7358
7765
7991
8081
8046
8247
8273
8456
8528
8841
8837
8861
8781
8396
8674
8544
8583
8624
8586
8698
8882
8889
8861
8816
8942
8935
8805
8682
8749
8682
8692
9084
9119
9085
9071
9116
9051
9140
9089
9000
9186
9213
9251
9011
8842
8743
8893
9048
9045
8888
8742
8705
8810
8828
8788
8708
8472
8206
8154
8253
8127
8463
8591
8498
8493
8997
8936
9095
8972
8578
8681
8650
8701
8814
8681
8417
8519
8529
8466
8973
9126
9062
9000
8996
9024
9018
9003
8947
9014
8855
8905
8994
9075
8936
8857
9016
9017
8990
9068
9049
8988
8780
8608
8799
8774
8823
8815
8506
8304
8473
8568
8598
8657
8655
8653
8684
8675
8632
8587
8398
8469
8372
8338
8504
8422
8422
8373
8427
8500
8541
8618
8655
8583
8681
8698
8738
8749
8633
8590
8504
8517
8598
8579
8612
8497
8624
8638
8542
8595
8698
8847
8714
8767
8746
8655
8570
8076
8193
8334
8041
8089
7947
7911
7769
7683
7626
7591
7658
7608
7595
7585
7560
7396
7486
7375
7349
7292
5243
5239
5237
5256
5249
5234
5263
5183
5186
5153
5064
5048
4995
5038
4965
4946
4941
4940
4930
4909
4921
4914
5024
5062
5183
5118
5142
5175
5183
5192
5194
7615
7489
7747
7823
7772
7946
8028
8086
8164
8151
8249
8518
8465
8519
8467
8442
8575
8513
8636
8501
8179
8530
8671
8701
8810
8747
8815
8847
8894
9083
9007
8939
8967
8911
8949
9069
9056
9104
9040
9154
9253
9145
9125
9120
9016
9172
9089
9022
9139
9144
9200
9186
9139
9163
9069
9086
9144
9241
9147
9105
9178
9118
8999
9189
9221
9142
9272
9233
9238
9173
9167
9169
9168
9069
9087
8996
8924
9045
9129
9176
9141
9158
9090
9180
9056
9041
8937
9034
9036
9097
9107
8993
8653
8764
8810
8901
8929
9072
9057
9063
9074
9091
9078
9031
9084
8747
8998
9099
8988
9105
9074
8966
8971
8985
9038
9080
9075
9022
8741
8747
8907
9000
8984
9091
9120
9085
8924
8798
9044
9054
9011
8973
8765
8818
8868
8825
8882
8896
8891
8808
8440
8591
8850
8885
8893
8849
8884
8976
8895
9023
8999
9007
9007
8817
8945
8906
8819
8916
8829
8886
8837
8678
8463
8557
8547
8592
8481
8481
8432
8337
8327
8237
8239
8277
8125
8151
8127
8008
8170
7861
7891
7920
7758
7904
7914
7943
7927
7856
7759
7815
7862
7854
7823
7584
7600
7652
7699
7791
7789
7746
7717
7759
7732
7494
7450
7677
7710
7798
7840
7817
7835
7953
7833
7870
7813
7791
7894
7966
8034
7999
7911
7979
7895
7875
7978
7939
7905
7700
7769
7911
7955
8040
8041
7991
7993
7966
8180
8213
8364
8389
8312
8256
8257
8263
8268
8067
8138
7931
7916
7829
8310
8408
8414
8531
8472
8460
8630
8584
8608
8708
8699
8652
8596
8719
8595
8729
8749
8676
8744
8915
8886
9037
9075
8796
8779
8727
8749
8945
8941
8879
8894
9031
9020
8925
8994
8973
8896
8930
8835
8635
8553
8340
8299
8265
8325
8374
8789
8584
8686
8715
8690
8657
8650
8658
8719
8092
8364
8409
8396
8604
8673
8782
8869
8785
8791
8865
9071
9076
9047
8988
9040
8863
8785
8649
8662
8545
8374
8405
8726
8952
9052
8943
9005
8796
8061
8392
8427
8497
8428
8443
8375
8277
8339
8277
8335
8171
8179
7871
7976
7915
7808
7953
7951
7779
8515
8570
8619
8456
8590
8665
8705
8428
8359
8593
8636
8568
8472
8752
8762
8894
8764
8744
8666
8849
8662
8946
8846
9068
8899
9014
8903
8904
8876
8977
8602
8841
8926
8987
8732
8806
8634
8828
8775
8817
8847
8987
8823
8916
9022
9105
9062
9017
8915
8838
8568
8570
8548
8519
8207
8598
8715
8699
8568
8473
8727
8840
8875
8987
8926
8795
8835
8671
8444
8705
9097
9125
9123
9080
8867
9072
8841
9164
9167
9182
9180
9191
9263
9214
9210
9097
9173
9162
9170
9200
9238
9301
9095
9019
9121
9170
9192
9138
9086
8979
9024
8739
8970
9037
9035
9039
9039
8989
8927
9046
8924
8923
8897
9022
8956
9023
9003
9001
8982
8926
8722
8857
8725
8703
8831
8711
8603
8504
8648
8500
7648
7639
7632
7549
7565
7412
7498
7477
7484
7492
7486
7513
7653
8990
8843
9149
9148
9208
9214
9269
9101
9221
9207
9041
9088
9133
9216
9133
8803
8811
8873
8963
8975
8709
8770
8283
8656
8766
8859
8754
8970
8909
8929
8819
8965
8908
8835
8628
8433
7890
7931
8053
7975
7975
8115
8077
7692
8342
8990
8995
8753
8669
8520
8874
9023
8738
8826
8841
8900
8935
8879
8750
8868
8793
8741
8659
8523
8750
8756
8299
8570
8664
8747
8728
8418
8434
8394
8369
7910
8400
8422
8675
8630
8562
8624
8583
8806
8567
8449
8620
8433
8450
8810
9035
8943
9195
9133
9107
8962
9032
9140
9161
8995
8949
8874
8909
9138
9176
9173
9061
9135
9122
9131
9048
9106
9069
9004
9067
9002
8892
8819
8784
8537
8303
8276
8278
8300
8317
8924
8937
8902
8866
9091
9110
9118
9078
9112
9080
9138
9088
8994
8932
8823
8891
8878
8802
8828
8742
8802
8859
8891
8821
8849
8950
8951
8976
9026
9000
8965
9042
9111
9185
9168
9275
9084
9139
9152
9272
9145
9151
9143
9110
9052
9127
8817
8919
9076
8700
8910
8947
9029
9161
9086
8979
8940
9013
9009
8952
9044
8968
8827
8841
8777
8653
8426
8317
8177
8208
8090
8486
8778
8857
8709
8877
8699
8741
9013
8980
8756
9010
9042
8979
8926
8994
9056
8968
8740
8758
8797
8604
9016
9236
9155
9202
9262
9227
9142
8990
8756
8716
8774
8764
8909
8931
8986
8842
8829
8773
8513
8389
8420
8295
8448
8522
8442
8631
8563
8556
8625
8646
8864
8928
9007
9221
9257
9302
9264
9328
9304
9203
9283
9075
9099
9274
9252
9092
9104
9292
9308
9313
9315
9146
9131
9204
9306
9006
8553
8634
8617
8606
9113
9214
9188
9202
9241
9228
9427
9401
9257
9250
9297
9099
9311
9194
8985
9129
9301
9257
9232
9188
9063
9131
9196
9118
9111
9120
9114
9222
9212
9338
9144
9105
9030
9144
9226
9211
9114
9211
9271
9347
9348
9262
9215
9237
9159
9174
9118
9082
8971
9259
9116
9131
8808
9203
9185
9039
8504
8710
8691
9083
9077
9206
9114
9091
9286
8954
9153
9165
9145
9157
9148
9130
9053
8798
8698
8844
9071
9120
9068
9098
9180
9147
9163
8916
9099
9086
8810
8886
8715
8318
8148
8826
8914
8865
9045
9029
9045
9079
9052
8983
9058
8696
8687
8843
8890
8834
8795
8776
9031
8947
8821
8970
8979
8664
8983
9027
9006
8920
8897
8739
8788
8531
8559
8564
8694
8808
8724
8689
8575
8599
8793
8769
8857
8824
8607
8743
8782
8668
8630
8590
8818
8648
8550
8573
8578
8703
8659
8560
8402
8237
8295
8424
8417
8267
8456
8337
8413
8401
8440
8490
8451
8385
8450
8533
8533
8396
8463
8416
8773
8801
8836
8793
8656
8654
8542
8771
8656
8523
8504
8515
8592
8775
8726
8660
8544
8696
8731
8689
8708
8830
8868
8899
8930
8929
9075
8889
8935
9196
9026
8888
9188
9100
9133
8990
9030
9045
9164
9237
9079
9160
9305
9279
9290
9371
9205
9302
9398
9469
9325
9382
9316
9150
9382
9385
9392
9131
9346
9359
9267
9414
9281
9381
9331
9356
9316
9072
8792
8728
8595
8627
9171
9109
9044
8919
8996
8938
9229
9296
9336
9389
9298
9386
9297
9429
9287
9317
9305
9266
9065
9277
9245
9419
9359
9074
9261
9227
9324
9107
9069
8962
9126
9172
9075
8980
9069
9028
9057
8934
8692
8806
8879
8889
9365
9331
9206
9314
9327
9308
9183
9287
9257
9248
9315
9231
9295
9307
9292
9319
9222
9132
9138
9258
9292
9290
9273
9164
9095
9165
9164
9182
9244
9284
9255
9109
9111
9112
9112
8118
8420
8473
7579
8708
6793
8550
8908
6123
5094
8449
8438
7432
8595
8785
8610
8899
8881
8987
8756
9009
9057
8920
8928
8978
8866
8993
8760
8955
8860
8755
8648
8733
8765
8828
8760
8831
8593
8755
8716
8542
8845
8802
8662
8608
8518
8368
8405
8301
8532
8667
8958
8916
8772
8675
8843
8864
8935
8813
8676
8506
8745
8838
8816
8993
9009
8719
8915
8764
8780
8782
8682
8685
8611
8623
8657
8639
8659
8671
8665
8629
8494
8991
9042
9123
9134
9154
9271
9105
9152
8995
8820
8947
8983
9306
9329
9299
9201
9306
9271
9310
9143
9053
9090
9203
9225
9247
9139
9099
9055
8686
8564
8354
8304
8288
8835
9007
9008
9054
9228
9286
9225
9202
9185
9090
9216
9088
9213
9230
9282
9242
9218
9279
9244
9240
9279
9145
9168
9030
9239
9286
9274
9208
9178
9067
9185
9220
9234
9023
8867
8857
9047
9141
9170
9180
9152
9230
9188
9033
9080
8897
9058
8914
9002
9057
9098
9004
8941
8889
8715
8917
8835
8846
8735
8596
8750
8895
9124
9022
8854
8883
8974
8930
9138
9069
9040
9126
9024
8961
9099
9133
8739
9046
8979
8985
9016
8942
9008
8908
8939
8892
8645
8614
8397
8435
8609
8579
8573
8565
8518
8547
7989
8410
8451
8316
8451
8515
8434
8476
8507
8508
8511
8351
8783
8831
8859
8550
8942
8926
8816
8416
8206
8277
8509
8650
8618
8546
8569
8656
8789
8881
8786
8669
8598
8576
8556
8491
8584
8623
8618
8581
8708
8641
8314
8530
8690
8729
8774
8774
8689
8858
9105
9082
9023
8879
9020
9008
9114
9048
8758
8729
8535
8752
7639
7649
7527
7489
7636
7639
7210
7604
7611
7533
7773
7765
7777
7800
8648
8806
8889
9054
8986
9003
9096
8979
9173
9195
9039
9195
8911
8882
8988
9051
8966
9019
9006
8945
9030
9140
9097
9070
9049
9043
9041
9042
9015
9027
9129
8850
8825
8859
8869
9082
9130
9126
9092
8867
8765
8531
8731
8724
8475
8342
8134
8564
8565
8573
8542
8342
8228
8217
8324
8382
8398
8299
8211
8346
8287
8295
8359
8477
8531
8463
8386
8245
8345
8366
8401
8280
8269
8242
8226
8187
8265
8152
8036
8093
8223
8026
7573
7598
7642
7494
7645
7748
7711
7618
7643
7768
7919
7896
7801
7765
7839
7757
7783
7899
7822
7544
7668
7674
7761
7748
7603
7691
7817
7847
7869
7870
8018
8047
7941
7921
7906
7953
8137
8065
8033
8104
8198
7957
7705
7777
7804
7725
7700
7608
7513
7485
7732
7500
7515
7441
7513
7539
7491
7433
7473
7441
7460
7419
7330
7276
7460
7438
7362
7292
7435
7070
7187
7261
7240
7301
7160
7180
7436
7501
7664
7640
8005
8052
8006
7944
8014
8065
8179
8035
8240
8140
8156
8227
8281
8376
8228
8400
8621
8537
8773
8689
8711
8733
8619
8797
8758
8856
8950
8912
8902
8896
8891
8586
8685
8853
8792
8808
8681
8789
8721
8711
8836
8737
8943
8959
8997
8962
8825
8623
8842
8871
8803
8567
8555
8634
8440
8466
8849
8876
8906
8869
8868
8810
8913
8847
8931
8809
8842
8868
8915
8873
8879
8810
8946
8834
8845
8873
8673
8758
8589
8392
8119
8768
8886
8782
8451
8571
8477
8334
8335
8582
8776
8833
8869
8665
8718
8899
8650
8729
8647
8643
8692
8512
8625
8584
8704
8676
8438
8395
8306
8153
8227
8380
8179
8188
8207
8211
8309
8386
8325
8339
8211
8036
7996
8007
8144
8094
8061
8038
8047
7774
7787
7871
7864
7866
7712
7514
7609
7731
7740
7642
7733
7618
7534
7436
7251
6311
6317
6243
6319
6404
6299
6305
6274
6316
6381
7207
7305
7419
7487
7592
7543
7376
7499
7616
7572
7442
7327
7653
7508
7540
7492
7462
7551
7564
7623
7517
7245
7274
7264
7269
7277
7265
7292
7171
7122
7268
7234
7244
7540
7595
7503
7389
7377
7444
7658
7514
7478
7466
7763
7853
7848
8076
8120
7786
7763
7753
7888
8091
8122
8240
8386
8260
8525
8575
8417
8808
8815
8756
8856
8705
8696
8941
9082
9183
9162
8913
9010
9070
8990
9074
9170
8877
8713
8789
8954
9051
9049
9096
9035
8996
9110
9112
8989
8883
9009
9076
9139
9081
9027
8988
9166
8960
8836
8981
8841
9013
9060
9100
9263
9206
9034
8939
8783
8913
8978
9065
8818
8921
8855
9032
9020
8986
9038
9028
8966
8914
9201
9193
9063
9128
8990
8966
9106
8948
9072
9029
9097
9146
8995
8896
8931
9041
8868
8927
9170
9213
8825
9220
9231
9114
9123
8797
8901
9020
8957
9007
8783
8836
8828
8805
8672
8691
8654
8607
8620
8925
8884
8569
8656
8704
8839
8821
8654
8609
8671
8731
8751
8864
8800
8656
8686
8469
8828
8774
8912
8771
8855
9006
8713
8812
8735
8567
8547
8494
8537
8634
8596
8595
8534
8490
8422
7649
6794
6850
6873
6924
7009
7006
6897
7066
7195
7253
7218
7941
8044
8375
8396
8318
8405
8340
8431
8447
8463
8450
8413
8468
8510
8440
8475
8566
8598
8823
8809
8886
8790
8751
8733
8800
8621
8450
8732
8873
8831
8825
8897
8810
8809
8773
8718
8750
8709
8824
8966
9020
8625
8947
9038
8978
9053
9068
9105
9073
9133
9037
8983
8950
8941
9092
8991
9087
9108
9030
9067
9052
8935
8861
8945
9044
8973
9049
8872
9031
8913
8788
8963
9044
9065
9045
8953
9006
8873
9191
8963
9131
9072
9043
9048
8968
8973
8974
8944
8922
8945
9017
9108
9185
9170
9126
9020
9013
9133
9106
9071
9074
9111
9133
9109
9118
9088
9038
9030
8936
8994
8796
8958
8963
8836
8797
8846
8926
8957
9042
8867
8842
8885
8859
9022
8961
8970
8772
8847
8922
8869
8896
8900
8876
8827
8918
8901
9043
8988
8985
8958
8960
9095
9038
8974
8537
8396
8379
8035
7912
7916
7929
7759
8214
8245
8314
8206
8248
8004
8012
8181
8232
8211
8180
8246
8255
8347
8072
8111
7944
8060
8121
8129
8045
7989
8024
8022
8009
7786
7837
7912
7969
7863
7926
7942
7850
7759
7574
7487
7843
7781
7851
7783
7847
7861
7874
7779
7721
7783
7760
7670
7809
7791
7877
7835
7840
7853
7844
8017
8143
8060
8081
8047
8140
8150
8058
8146
8016
7997
8060
7800
7959
7965
8099
7937
8085
8118
8063
7971
7850
7884
7843
7990
7829
7567
7820
7816
7808
7796
7853
7775
7580
7670
7738
7796
7810
7848
7853
7736
7721
7628
7836
7794
7738
7924
7748
7913
7925
8011
8074
8426
8051
7581
8167
8474
8230
8449
8360
8497
8136
8377
8157
8590
8132
8370
8594
8513
8255
8479
8468
8274
8739
8767
8179
8532
8247
8112
8334
7886
8502
8485
8399
7964
8487
8369
8363
8256
8111
8046
8350
8366
8421
8557
8533
8352
8440
8265
8497
8283
8175
8006
8197
8276
8364
8384
8217
8059
8086
8040
8201
8211
8035
7942
8224
8141
8123
8043
7852
8050
8172
8139
8480
8414
8427
8309
8190
8638
8611
8645
8200
8342
8351
8366
8195
8504
8413
8485
7841
8551
8510
8708
8463
8145
8185
8189
8312
8268
8208
7896
8113
8033
8252
8294
8273
8353
7993
8251
8374
8400
8365
8277
8172
8207
8017
7903
8039
7868
7980
7982
8028
8021
7921
7698
7776
7810
7665
7782
6026
5304
5351
5213
5349
5291
5260
5292
5462
5384
5637
4964
5423
5653
5542
5594
5731
5761
5627
5558
7035
7040
7129
7163
6890
6602
6963
6749
6958
6955
6838
6669
7162
6960
7105
7399
7023
7249
6716
6858
7042
7178
7046
6862
7184
7033
6968
6646
6673
6329
6698
6722
6884
6979
7029
7071
7470
7118
7463
7432
7125
7347
7466
6983
7110
7349
7242
7363
7556
7415
7567
7497
6884
7217
7160
6884
7154
7054
6871
7079
7092
6982
7349
7468
7443
7871
7951
8177
8080
8024
7989
8433
8464
8238
8241
8128
8289
8574
8540
8487
8455
8189
8434
8575
8517
8625
8518
8314
8529
8561
8398
8703
8733
8549
8155
8439
8644
8558
8480
8498
8461
8218
8153
8277
7868
8206
8415
8348
8285
8288
8281
8569
8607
8527
8455
8678
8523
8522
8486
8428
8547
8623
8237
8322
8299
8308
8352
8474
8562
8549
8484
8546
8479
8450
8431
8514
8547
8430
8401
8081
8302
8571
8655
8568
8520
8131
8018
7962
7816
7980
8047
8015
7951
8021
7897
7792
7880
7494
7294
7309
7233
7384
7318
7179
7258
7290
7178
7241
7905
8155
8392
8518
8520
8458
8387
8329
8458
8558
8553
8396
8452
8258
8391
8532
8105
8349
8355
8415
8465
8442
8185
7713
7849
7761
7726
7827
7743
7831
7805
7970
8125
7976
8093
8059
8085
8024
7928
7746
8028
8234
8186
8131
8016
8422
8471
8426
8337
8049
8116
8073
7922
7912
7793
7742
7697
7805
7726
7760
7746
7854
7852
7913
7916
7958
7945
8082
8040
8067
8104
8150
8120
7990
8056
7956
7911
7990
7958
8023
7887
7983
8060
8209
8243
8145
8268
8199
8194
8239
8268
8268
8274
8334
8369
8453
8592
8666
8672
8717
8484
9043
8929
9020
8998
9013
8927
8902
8848
8954
8913
8815
8703
8717
8935
8951
9084
8969
8963
9046
9079
9026
8529
8616
8754
8719
8738
8768
8620
8938
8838
8906
8929
8895
8868
8751
8440
8421
8311
8342
8281
8786
8821
8840
8921
8938
8792
8731
8720
8897
8685
8845
8751
8688
8741
8838
9052
8950
8766
8740
8693
8711
8726
8656
8514
8416
8158
8144
8346
8484
8469
8657
8627
8484
8438
8455
8616
8583
8605
8614
8520
8669
8626
8626
8683
8751
8759
8519
8440
8164
8206
8188
8162
8357
8764
8793
8686
8488
8483
8470
8574
8696
8661
8328
8522
8737
8764
8667
8530
8627
8571
8656
8431
8507
8401
8519
8452
7951
8218
8245
8193
8286
8111
8271
8166
8213
7948
8034
7993
8201
8116
8106
7989
7784
7882
7894
7857
7891
7851
7829
7678
7779
7624
7727
7571
7264
7405
7174
7250
7063
7220
7079
6824
6619
5995
6936
6268
7133
6118
6660
6705
5441
4054
4416
4826
5144
5334
5640
5788
5796
5581
5605
2642
6748
6784
6979
7035
7047
7158
7211
7283
5859
6286
5879
6921
7226
7353
7352
7586
6230
7586
6482
7205
6883
7501
7941
7600
8043
8146
8204
8189
7075
7770
7789
8137
7503
8406
8239
8768
8067
8684
8932
8169
9023
8835
8990
8786
8133
8442
8368
8799
8256
9059
8648
8939
8728
8995
9132
9043
9263
8587
9226
9280
9273
8717
9290
8945
8905
9203
8824
9048
8813
9341
8896
9085
9018
8943
9128
9021
9166
9179
8912
9164
9168
9255
9158
9094
9302
9374
9185
9027
8848
8841
8507
8785
8771
8676
8637
8642
8519
8572
8002
8013
8039
7904
9232
9318
9352
9292
9359
9286
9274
9384
9335
9330
9244
8939
9021
9079
9136
9216
8984
9216
9140
9195
9262
9009
9116
9218
9167
9219
9253
9043
9141
9031
9147
8987
9193
9070
9162
9033
8824
8923
8865
8571
8307
7744
7757
7710
8053
8227
8394
8359
8292
8280
8257
8446
8353
8492
8604
8535
8403
8086
8097
8123
8026
8363
8355
8323
8195
8850
9135
9083
9014
8797
8866
8953
8889
8869
8855
9038
9147
9172
9045
8994
8916
8818
8677
8777
8768
8888
8876
8896
8760
8846
9001
9086
9051
9011
9009
8992
9048
9078
9061
8949
8965
8938
8760
8902
8912
8917
8957
8985
8970
9110
9127
8959
9067
9086
9168
9150
9138
9070
9165
9072
8968
8901
8871
8926
8898
8899
8831
8753
8659
9103
9138
9019
8976
8982
9093
9243
8551
9230
9236
9234
9182
9236
9234
9330
9272
9305
8986
8978
8998
9283
9341
9366
9359
9349
9389
9385
9374
9374
9376
9340
9414
9357
9382
9324
9316
9350
9304
9259
9124
9174
9285
9226
9308
9304
9328
9364
9326
9132
9255
9366
9402
9324
9371
9359
9341
9380
9247
9373
9207
9141
9109
9366
9367
9389
9238
9282
9218
9362
9290
9295
9278
9137
9276
9056
9015
8943
8896
8957
8892
8836
8786
8984
9132
9051
8884
8839
9034
9096
9099
9018
9049
9122
9230
9189
9200
8759
8655
8664
8644
8774
8912
8624
8937
8922
8821
8620
7963
8091
8066
8000
7706
7905
7882
7809
7751
5714
5746
5733
5731
5748
5678
5721
5846
5815
5841
5859
5760
5818
5993
6120
6105
6086
6066
6254
6362
6560
6552
6617
8761
8985
8994
8720
9120
9182
9233
9300
9262
9340
9138
9179
9075
9129
8988
9279
9123
8970
8922
9060
9086
9065
9138
9048
9064
9185
9239
9240
9196
9229
9129
9027
8970
9102
9272
9260
9295
9284
9281
9293
9370
9268
9308
9272
9260
9267
9320
9225
9135
9257
9207
9279
9229
9313
9343
9299
9324
9247
9285
9285
9242
9271
9334
9330
9313
9214
9268
9303
9146
9121
9283
9101
9236
9065
8963
8524
8542
8543
9226
9231
9336
9290
9281
9307
9110
9267
9069
9332
9298
9182
9193
9132
9197
8928
8877
8964
8938
8924
8767
8703
8641
8303
8294
8793
8806
8817
8830
8974
9031
8825
8847
8777
8988
9057
9126
9128
9052
8905
8631
8786
8630
8692
8620
8454
8188
8306
8138
8232
8131
8153
8084
8016
8057
8001
7969
7743
7731
7752
7797
7945
7888
7981
8033
7955
7793
7958
8033
7759
7826
7719
7875
7897
7865
8034
8157
8194
8120
8066
8101
7914
8111
8218
8294
8221
8058
8154
8490
8446
8288
8358
8281
8365
8538
8579
8600
8587
8510
8434
8608
8368
8517
8522
8506
8909
9165
9184
9188
9128
9145
9192
9092
9095
8987
9043
9103
9030
9095
8972
9029
8982
9031
9110
9070
9072
9062
9086
9087
9105
9094
9021
1317
713
611
417
41
43
317
8028
8034
8856
9059
9196
9223
9215
9168
9176
9182
9138
9163
8992
8991
8847
8787
8887
8988
9005
8934
9050
9115
9092
9140
9073
9093
9030
9007
9093
8997
8970
9126
9093
9139
9015
8838
8907
8798
8763
8712
8692
8574
8413
8517
8510
8530
8518
8687
8601
8532
8497
8331
8563
8501
8511
8257
8236
8398
8237
8275
8221
8204
8258
8510
8451
8440
8467
8399
8437
8190
8345
8517
8379
8359
8515
8382
8502
8470
8546
8924
8753
8713
8782
8593
8601
8569
8722
8606
8699
8723
8743
8801
8833
8720
8849
8769
8912
8531
8780
8762
8845
8948
8859
8920
8911
9066
8961
8922
8677
8691
8735
8779
9048
8936
8867
8894
8741
8558
8571
8589
8590
8757
8833
8968
8957
9063
9100
9159
9207
9215
9217
9137
9198
9175
9084
9125
9012
9089
9177
9159
9057
8989
8929
8828
8784
8743
8693
8564
8513
8617
8612
8564
8598
8535
8476
8542
8616
8604
8798
8825
9014
9048
9125
9104
8984
9033
9033
8928
8994
9023
8945
8967
8987
9050
9056
9101
9109
9074
9091
9116
9088
8941
8986
9055
9033
9043
9065
9142
9237
9280
9206
9249
9077
9080
9071
9131
9012
8812
8685
8704
8716
8695
8778
8784
8822
8903
8804
8686
8735
8802
8837
8809
8832
8643
8703
8729
8681
8687
8656
8709
8858
8793
8797
8615
8588
8551
8617
8605
8478
8090
8223
8251
8251
8403
8220
8291
8174
8151
7961
7836
7835
7833
7759
7749
7759
7714
7560
7683
7664
7656
7526
7560
7701
7606
7755
7615
7607
7602
7485
7537
7305
7157
6986
7064
7090
7048
6932
6862
6899
7068
7056
7077
7184
6997
7114
7089
6999
7126
7138
7154
7173
7295
7342
7282
7066
7299
7290
7244
7125
7211
7236
7304
7209
7240
7250
7103
7034
7124
7126
7113
7240
7393
7351
7309
7334
7325
7183
6929
6878
7032
7086
7100
7104
6993
6889
7173
7155
7131
7136
7215
7216
7154
7210
7333
7277
7324
7273
7258
7239
7172
6918
6915
6764
6703
6889
7500
7529
7663
7729
7563
7688
7563
7602
7613
7583
7456
7169
7230
7228
7273
7237
7279
7198
7271
7074
7240
7218
7089
7204
7176
7161
7013
7214
7183
7122
7051
7120
6634
7147
7115
6940
6857
6720
6965
7056
6735
6926
6969
6914
6865
6701
6761
6830
6782
6765
6796
6852
6794
6848
6804
6824
6768
6787
6729
6638
6487
6610
6739
6745
6649
6641
6455
6185
6228
6195
6315
6407
6398
6292
6386
6352
6216
6388
6354
6252
6409
6225
6243
6197
6320
6323
6076
6078
6058
6161
6146
6088
6031
6007
5825
5867
6217
6213
6285
6307
6341
6473
6485
6316
6299
6308
6178
6313
6351
6393
6402
6488
6490
6515
6521
6391
6361
6380
6299
6150
6190
6290
6331
6337
6348
6413
6401
6396
6382
6284
6246
5175
4770
4805
4777
4791
4824
4870
4921
5353
5353
5369
5323
5488
5431
5479
5488
5478
5468
5672
5756
5872
5901
6008
6015
6018
6118
6270
6509
6617
6587
6709
6739
6838
6840
6862
6697
6769
6815
6858
6750
6817
6891
6880
6926
6971
6731
6891
6903
6852
6855
6818
6829
6836
6924
6904
6866
6792
6657
6616
6684
6774
6730
6653
6609
6546
6598
6581
6568
6615
6426
6379
6521
6429
6326
6516
6594
6605
6543
6475
6384
6270
6395
6469
6396
6485
6472
6470
6483
6476
6134
6338
6562
6420
6483
6952
6967
6918
6871
6933
7059
6969
7153
7083
7148
7165
7044
7272
7051
7311
7313
7317
7338
7257
7154
7118
7301
7211
7182
7010
7131
6863
6809
6882
6794
6899
6967
6851
6845
6645
6699
6422
6512
6570
6362
6315
6030
6081
6112
660
466
421
302
121
140
55
71
6043
6348
6472
6615
6583
6554
6637
6533
6522
6501
6409
6449
6475
6587
6510
6473
6422
6415
6381
6239
5926
6080
5922
6011
5258
5214
5050
5154
5217
5157
5155
5111
4941
4892
4958
4934
4917
4904
4738
4909
4866
4800
4782
4811
4696
4769
4765
4744
4669
4770
4621
4739
4725
4715
4696
4648
49
49
48
0
0
0
0
0
0
0
0
2
2
2
2
2
2
2
2
2
2
1
1
1
