20
28
51
76
87
93
104
105
122
129
134
145
147
166
179
189
225
226
215
213
218
243
247
256
263
281
280
298
332
340
338
348
350
366
375
374
371
376
432
443
438
444
444
449
447
455
469
464
469
475
490
487
487
489
491
491
601
618
620
635
641
728
730
734
735
742
756
785
791
798
816
820
805
819
835
853
861
854
857
863
862
934
942
939
950
949
962
991
1009
1001
1003
1018
1028
1032
1038
1024
1049
1042
1056
1058
1057
1076
1100
1119
1109
1109
1126
1130
1182
1216
1221
1226
1227
1260
1260
1273
1273
1281
1288
1290
1307
1309
1312
1324
1328
1326
1334
1357
1355
1367
1373
1376
1355
1393
1397
1401
1410
1429
1426
1446
1446
1443
1438
1454
1450
1475
1486
1489
1496
1493
1505
1490
1509
1512
1489
1553
1538
1550
1536
1531
1534
1527
1515
1541
1519
1496
1461
1496
1510
1526
1521
1525
1497
1496
1514
1531
1524
1512
1499
1500
1512
1514
1508
1486
1501
1518
1522
1540
1545
1517
1500
1530
1520
1559
1557
1626
1599
1606
1610
1629
1643
1610
1588
1599
1594
1593
1583
1571
1568
1556
1565
1583
1563
1576
1575
1573
1563
1572
1562
1560
1558
1524
1583
1592
1591
1598
1572
1590
1600
1699
1713
1671
1673
1710
1640
1744
1735
1754
1759
1741
1722
1753
1747
1788
1772
1795
1802
1792
1817
1820
1843
1889
1847
1842
1835
1893
1894
1893
1885
1844
1826
1853
1843
1836
1818
1793
1800
1829
1840
1918
1907
1893
1896
1900
1895
1901
1916
1913
1847
1886
1907
1896
1860
1883
1931
1934
1935
1931
1913
1899
1913
1907
1929
1928
1952
1947
1954
1957
1941
1943
1931
1934
1942
1918
1935
1960
1936
1946
1920
1938
1965
1973
1955
1962
1926
1931
1930
1934
1917
1936
1938
1930
1932
1939
1787
1940
1926
1910
1967
1969
2013
2014
2026
2032
2037
2044
2073
2072
2062
2040
2019
2024
2006
2039
2010
2024
1984
1993
1985
1998
2013
2011
2058
2110
2085
2087
2101
2112
2119
2119
2104
2086
2076
2132
2116
2124
2102
2112
2100
2115
2233
2240
2266
2212
2216
2232
2251
2206
2202
2262
2223
2228
2248
2271
2248
2246
2282
2270
2266
2261
2271
2247
2241
2235
2213
2214
2214
2186
2217
2228
2255
2209
2206
2217
2210
2218
2186
2190
2178
2210
2224
2210
2228
2220
2257
2263
2269
2280
2264
2274
2255
2258
2272
2269
2263
2265
2302
2341
2332
2317
2310
2306
2320
2326
2302
2290
2304
2326
2350
2360
2355
2346
2343
2347
2341
2325
2320
2292
2314
2372
2348
2381
2405
2410
2404
2374
2363
2353
2370
2357
2363
2444
2452
2445
2436
2396
2437
2417
2460
2469
2410
2420
2423
2428
2438
2444
2393
2432
2424
2436
2436
2415
2402
2395
2372
2386
2376
2376
2365
2374
2424
2411
2430
2379
2438
2448
2450
2455
2403
2459
2470
2482
2494
2450
2453
2455
2361
2352
2462
2369
2445
2470
2491
2484
2436
2440
2458
2472
2481
2451
2423
2419
2400
2429
2468
2454
2475
2448
2413
2437
2449
2419
2377
2311
2318
2343
2343
2331
2324
2323
2319
2305
2310
2321
2292
2286
2271
2274
2278
2265
2259
2275
2276
2285
2295
2281
2309
2315
2337
2325
2307
2336
2332
2311
2319
2290
2285
2263
2262
2233
2233
2218
2232
2261
2249
2278
2270
2258
2248
2273
2213
2320
2284
2296
2309
2344
2338
2304
2319
2308
2297
2308
2278
2321
2405
2409
2402
2411
2416
2411
2401
2381
2386
2407
2387
2401
2377
2336
2369
2421
2436
2406
2290
2303
2282
2343
2364
2367
2347
2341
2285
2337
2347
2350
2336
2340
2341
2325
2293
2357
2328
2313
2307
2356
2356
2344
2310
2383
2351
2362
2367
2336
2357
2345
2351
2303
2348
2354
2373
2372
2355
2352
2344
2324
2324
2299
2284
2293
2259
2264
2252
2246
2248
2249
2250
2243
2306
2319
2342
2332
2293
2286
2257
2287
2266
2232
2177
2157
2157
2140
2141
2092
1950
2122
2107
2093
2026
2057
2066
2044
2054
2020
2019
1990
2029
2036
2012
2055
2054
2070
2044
2067
2069
2047
2029
1996
2023
1977
1984
1982
1943
1938
1925
1935
1931
1932
1951
1936
1949
1966
1962
1961
1918
1952
1939
1960
1882
1924
1918
1920
1863
1900
1850
1846
1839
1875
1804
1836
1831
1831
1838
1846
1812
1832
1703
1704
1682
1736
1733
1724
1761
1763
1745
1742
1737
1760
1746
1724
1784
1717
1733
1738
1768
1764
1761
1742
1777
1721
1773
1769
1778
1790
1754
1770
1772
1760
1709
1775
1797
1803
1797
1776
1836
1885
1900
1917
1841
1839
1895
1922
1931
1937
1822
1796
1815
1823
1853
1777
1675
1738
1733
1751
1745
1708
1751
1758
1738
1695
1737
1762
1757
1755
1732
1750
1760
1759
1766
1729
1706
1710
1719
1706
1720
1710
1750
1752
1720
1745
1730
1740
1746
1752
1754
1727
1727
1721
1730
1785
1769
1770
1780
1781
1767
1763
1771
1771
1795
1804
1793
1796
1792
1802
1801
1777
1786
1772
1771
1768
1817
1820
1802
1817
1821
1830
1821
1824
1812
1802
1800
1787
1801
1802
1813
1798
1806
1817
1818
1818
1830
1821
1838
1835
1837
1841
1851
1841
1803
1806
1813
1823
1832
1849
1855
1861
1829
1865
1870
1839
1834
1823
1818
1815
1813
1904
1906
1892
1906
1890
1901
1881
1855
1837
1794
1845
1853
1856
1858
1810
1775
1766
1750
1749
1803
1795
1940
1937
1935
1930
1930
1889
1878
1887
1897
1822
1811
1808
1819
1817
1826
1787
1810
1792
1820
1822
1831
1807
1878
1866
1861
1876
1853
1884
1846
1795
1855
1843
1847
1850
1854
1855
1836
1821
1797
38
28
1
0
288
1935
1916
1927
1944
1965
2028
1992
2020
2033
2033
1999
2028
2082
2044
2063
2091
2075
2073
2004
2035
2074
2064
2128
2126
2142
2136
2138
2139
2178
2173
2164
2133
2133
2164
2164
2164
2145
2090
2202
2201
2206
2228
2197
2204
2190
2230
2202
2225
2275
2280
2282
2249
2229
2335
2328
2375
2381
2374
2397
2369
2377
2377
2347
2300
2356
2394
2401
2396
2432
2406
2418
2424
2417
2396
2389
101
63
27
45
53
78
147
509
2381
2395
2416
2477
2495
2513
2505
2437
2492
2566
2575
2592
2574
2582
2579
2503
2572
2572
2549
2550
2550
2568
2570
2590
2545
2558
2580
2618
2566
2552
2515
2574
2580
2566
2573
2619
2607
2578
2594
2603
2570
2596
2602
2589
2587
2594
2610
2606
2613
2638
2595
2596
2591
2582
2606
2589
2616
2598
2611
2609
2611
2616
2611
2616
2618
2599
2595
2549
2548
2558
2537
2530
2506
2518
2532
2519
2521
2558
2543
2536
2521
2547
2548
2531
2543
2508
2548
2524
2573
2548
2588
2561
2563
2533
2530
2505
2560
2566
2565
2550
2533
2563
2603
2658
2542
2651
2635
2651
2638
2651
2652
2628
2620
2631
2676
2735
2778
2809
2816
2793
2808
2790
2819
2863
2806
2812
2759
2748
2763
2741
2798
2793
2768
2701
2714
2774
2769
2780
2766
2750
2781
2780
2767
2777
2786
2846
2873
2867
2809
2834
2884
2936
2967
2902
2839
2774
2768
2760
2768
2730
2636
2595
2670
2707
2704
2671
2669
2686
2699
2699
2731
2714
2708
2703
2665
2698
2669
2735
2739
2744
2739
2728
2727
2740
2782
2708
2737
2779
2777
2784
2815
2807
2829
2807
2865
2847
2861
2849
2995
2981
2990
2982
2957
2949
3018
2996
3022
2991
2894
3028
3097
3128
3079
3134
3200
3177
3193
3202
3222
3218
3215
3203
3185
3196
3192
3233
3202
3207
3186
2980
3244
3238
3236
3238
3257
3310
3333
3296
3270
3293
3333
3286
3233
3345
3258
3276
3318
3313
3290
3289
3330
3347
3290
3265
3271
3251
3434
3415
3467
3375
3413
3457
3413
3455
3460
3376
3329
3249
3234
3238
3226
3222
3233
3228
3179
3145
3154
3176
3180
3156
3138
3133
3153
3131
3149
3155
3111
3175
3202
3172
3151
3103
3089
3186
3161
3160
3122
3090
3113
3109
3002
3018
3024
3059
3067
3051
3063
2996
3041
3034
3027
2997
2995
2945
2911
2964
2945
2934
2943
2840
2863
2905
2901
2911
2943
2960
2951
2983
3051
3038
3024
2970
2912
2988
3017
2992
3019
3008
2995
2607
2928
2989
2782
2822
3010
2853
2941
2899
2924
2837
2791
2847
2849
2840
2832
2845
2801
2887
2854
2918
2918
2817
2816
2762
2774
2752
2721
2797
2793
2810
2852
2864
2869
2877
2875
2848
2866
2832
2851
2836
2825
2872
2874
2853
2921
2956
2839
2895
2872
2888
2922
2919
2954
2944
2947
2979
2993
2982
3042
3020
3042
3022
3021
3042
2996
2943
2960
2788
2802
2812
2738
2791
2787
2800
2781
2783
2790
2760
2805
2779
2859
2898
2901
2923
2907
2883
2893
2876
2920
2915
2933
2964
2961
2964
2939
2966
2966
2920
2881
2868
2874
2883
2896
2916
2853
2878
2862
2858
2848
2847
2920
2883
2908
2874
2865
2923
2885
2942
2942
2931
2925
2929
2945
2945
2938
2935
2903
2991
2996
2981
2974
2935
2930
2948
2937
2948
2882
2815
2865
2890
2895
2877
2845
2852
2850
2818
2874
2867
2805
2881
2944
2975
2974
2966
2964
2968
2947
2916
2882
2969
2899
2917
2859
2821
2828
2846
2831
2803
2694
2730
2709
2731
2743
2663
2749
2766
2770
2747
2751
2758
2707
2742
2714
2791
2814
2804
2809
2764
2709
2695
2775
2778
2762
2721
2753
2763
2744
2774
2758
2734
2727
2689
2656
2607
2594
2621
2617
2596
2617
2588
2625
2588
2618
2635
2656
2643
2651
2671
2689
2652
2513
2664
2748
2729
2715
2737
2727
2707
2699
2684
2679
2546
2534
2569
2597
2670
2679
2694
2707
2669
2682
2629
2657
2674
2671
2688
2689
2701
2681
2693
2619
2668
2667
2686
2601
2685
2673
2668
2658
2680
2693
2637
2639
2636
2652
2658
2641
2636
2605
2618
2628
2626
2600
2623
2598
2608
2626
2641
2598
2616
2658
2693
2703
2712
2693
2678
2662
2689
2655
2661
2606
2626
2635
2658
2673
2683
2681
2646
2629
2645
2627
2572
2558
2523
2553
2567
2579
2590
2566
2549
0
2536
2530
2520
2532
2559
2643
2621
2624
2586
2622
2642
2608
2598
2724
2637
2602
2691
2609
2686
2683
2670
2678
2599
2706
2634
2648
2636
2699
2688
2759
2775
2776
2780
2715
2726
2734
2754
2679
2747
2739
2746
2710
2764
2744
2856
2849
2844
2746
2882
2839
2860
2838
2850
2824
2779
2792
2786
2776
2769
2795
2814
2791
2830
2747
2793
2761
2763
2786
2802
2792
2778
2786
2746
2750
2725
2705
2642
2670
2668
2665
2668
2652
2657
2681
2647
2634
2583
2593
2606
2601
2590
2578
2624
2619
2604
2655
2649
2635
2643
2633
2631
2588
2592
2609
2571
2568
2556
2561
2642
2656
2659
2636
2646
2681
2687
2752
2691
2631
2633
2674
2677
2660
2640
2626
2605
2627
2634
2639
2631
2618
2624
2644
2614
2582
2540
2544
2605
2606
2600
2612
2577
2582
2602
2561
2567
2571
2547
2542
2461
2548
2545
2542
2539
2571
2593
2603
2545
2598
2558
2521
2593
2623
2611
2666
2609
2672
2652
2685
2713
2692
2695
2751
2723
2764
2671
2651
2668
2707
2709
2708
2636
2643
2629
2622
2637
2632
2631
2641
2667
2638
2595
2640
2630
2595
2589
2522
2517
2465
2454
2462
2458
2479
2539
2531
2618
2636
2644
2643
2637
2626
2613
2616
2662
2652
2682
2692
2687
2689
2683
2737
2762
2717
2734
2730
2739
2731
2751
2735
2730
2778
2814
2754
2798
2765
2820
2823
2816
2836
2804
2792
2769
2826
2798
2865
2843
2836
2843
2825
2821
2839
2845
2853
2829
2820
2875
2869
2883
2880
2860
2792
2793
2812
2879
2863
2838
2839
2806
2778
2757
2692
2779
2776
2775
2767
2828
2854
2838
2823
2821
2840
2860
2846
2858
2840
2830
2846
2930
2881
2805
2927
2784
2692
2807
2895
2850
2753
2905
2910
2909
2924
2923
2946
2922
2900
2932
2907
2796
2795
2789
2822
2834
2823
2823
2779
2794
2812
2773
2799
2723
2743
2728
2747
2700
2657
2639
2632
2619
2648
2597
2622
2610
2594
2614
2623
2601
2603
2560
2552
2554
2526
2547
2559
2550
2607
2606
2646
2713
2711
2707
2679
2654
2629
2667
2592
2609
2491
2504
2497
2484
2449
2482
2519
2515
2483
2374
2428
2416
2428
2406
2383
2330
2350
2383
2379
2358
2327
2357
2376
2356
2334
2333
2336
2365
2369
2381
2336
2323
2356
2337
2327
2320
2349
2361
2354
2293
2247
2398
2424
2407
2437
2418
2427
2398
2398
2426
2348
2371
2396
2398
2397
2375
2393
2403
2328
2344
2384
2395
2380
2434
2443
2438
2435
2415
2365
2381
2315
2344
2343
2357
2354
2368
2367
2364
2322
2331
2297
2279
2203
2160
2213
2236
2235
2237
2226
2236
2250
2230
2214
2214
2214
2222
2215
2221
2215
2220
2246
2201
2222
2183
2218
2190
2187
2187
2176
2162
2130
2133
2144
2118
2073
2099
2113
2153
2166
2176
2162
2166
2161
2118
2224
2247
2219
2214
2212
2192
2236
2227
2290
2262
2294
2276
2325
2334
2346
2342
2363
2289
2348
2318
2322
2320
2325
2328
2241
2243
2188
2195
2191
2204
2194
2196
2206
2213
2190
2180
2192
2185
2191
2177
2236
2235
2245
2235
2330
2389
2436
2447
2442
2479
2469
2459
2496
2381
2486
2455
2391
2499
2500
2551
2584
2576
2631
2574
2595
2513
2557
2497
2521
2500
2514
2482
2495
2485
2481
2500
2472
2451
2450
2447
2488
2476
2469
213
2259
2515
2518
2529
2545
2495
2489
2438
2475
2481
2488
2478
2484
2465
2488
2445
2460
2414
2432
2426
2466
2454
2438
2437
2439
2439
2465
2452
2481
2448
2430
2440
2474
2476
2457
2492
2468
2471
2490
2505
2502
2481
2463
2477
2462
2420
2479
2484
2433
2442
2460
2450
2438
2439
2465
2452
2433
2428
2438
2389
2392
2415
2443
2428
2417
2437
2426
2424
2395
2400
2389
2439
2513
2526
2483
2475
2452
2496
2514
2487
2393
2340
2335
2427
2420
2441
2346
2361
2365
2366
2399
2410
2429
2413
2416
2415
2387
2393
2467
2433
2458
2464
2490
2472
2546
2510
2536
2541
2417
2487
2481
2463
2420
2301
2315
2332
2336
2328
2427
2376
2375
2377
2358
2393
2363
2326
2360
2274
2282
2262
2231
2251
2227
2145
2109
2246
2254
2256
2258
2252
2244
2242
2292
2180
2243
2275
2297
2238
2266
2230
2184
2220
2247
2279
2265
2226
2235
2233
2265
2202
2222
2190
2196
2211
2193
2109
2168
2241
2231
2265
2288
2271
2297
2310
2306
2320
2320
2311
2310
2291
2321
2292
2299
2289
2273
2295
2282
2285
2280
2276
2226
2215
2224
2230
2220
2251
2315
2308
2301
2320
2324
2332
2323
2336
2333
2279
2275
2286
2287
2301
2292
2311
2289
2299
2297
2325
2334
2314
2313
2295
2317
2313
2286
2303
2254
2370
2370
2370
2356
2312
2337
2337
2319
2329
2218
2245
2236
2227
2237
2228
2242
2230
2236
2229
2230
2251
2217
2219
2227
2263
2250
2250
2195
2194
2187
2175
2172
2142
2144
2151
2124
2122
2122
2100
2122
2134
2158
2164
2087
2086
2085
2093
2086
2077
2098
2057
2040
2035
2018
2023
2023
2021
2022
1974
1977
1994
1973
1974
2024
2031
2084
2059
2056
2056
2054
2065
2078
2066
2041
2013
2055
2047
2037
2017
2001
1996
2037
2035
2028
2004
2001
2004
2013
2002
1974
2021
2031
2005
2011
1989
1980
1996
2011
1969
1963
1989
1995
1997
1992
1974
1959
1958
1980
1984
1956
1984
1922
2019
2000
1984
2021
1973
2009
2005
2019
2017
1994
1988
1983
1999
2017
2029
2026
2030
2010
2042
2044
2048
2034
2052
2052
2055
2054
2064
2046
2076
2049
2051
2089
2067
2079
2080
2129
2127
2076
2077
2026
2012
2002
2020
2049
2030
1996
2027
2042
2046
1996
2011
2021
2047
2059
2059
2047
2029
2035
2039
2041
2050
1997
1985
1981
1980
1970
1935
1905
1953
1984
1962
1976
2009
2032
2060
2054
2051
2048
2054
2078
2046
2036
2068
2032
2049
2062
2069
2092
2082
2105
2125
2128
2134
2223
2218
2267
2233
2205
2165
2229
2222
2271
2219
2140
2237
2260
2307
2295
2302
2324
2359
2365
2376
2341
2290
2380
2380
2400
2406
2387
2400
2412
2405
2412
2359
2370
2403
2395
2404
2373
2391
2385
2391
2383
2387
2355
2352
2359
2377
2360
2349
2360
2374
2340
2315
2313
2330
2332
2330
2340
2312
2270
2305
2314
2323
2296
2332
2327
2323
2326
2329
2320
2291
2266
2243
2269
2282
2266
2274
2273
2297
2279
2209
2226
2197
2210
2218
2205
2212
2192
2189
2185
2149
2195
2191
2147
2115
2129
2130
2151
2165
2151
2126
2114
2132
2128
2105
2013
2039
2041
2024
2092
2096
2086
2080
2051
2076
2042
2029
2048
2065
2058
2028
2074
1971
2079
2107
2076
2073
2006
2008
2039
2025
2028
1949
1877
1939
1874
1770
1776
1781
1745
1753
1733
1746
1898
1915
1910
1924
1892
1852
1868
1867
1865
1771
1702
1819
1817
1831
1815
1791
1808
1808
1807
1749
1579
1613
1637
1637
1625
1566
1493
1529
1546
1553
1545
1452
1423
1412
1431
1391
1437
1461
1460
1454
1449
1459
1461
1473
1483
1480
1489
1487
1523
1507
1495
1517
1558
1568
1552
1547
1564
1556
1575
1561
1584
1575
1569
1569
1574
1569
1589
1586
1564
1618
1633
1642
1633
1618
1623
1643
1699
1707
1680
1661
1700
1712
1701
1701
1701
1674
1686
1688
1763
1763
1761
1757
1732
1687
1713
1718
1759
1765
1760
1783
1794
1784
1831
1755
1845
1832
1842
1822
1833
1826
1822
1836
1830
1823
1815
1802
1800
1783
1797
1811
1802
1827
1821
1823
1819
1848
1864
1874
1867
1877
1871
1872
1878
1918
1906
1895
1871
1882
1890
1911
1899
1886
1897
1881
1879
1955
1944
1926
1921
1922
1918
1890
1890
1878
1904
1910
1900
1897
1909
1887
1931
1930
1850
1850
1844
1835
1825
1791
1835
1840
1844
1786
1831
1812
1805
1838
1856
1853
1878
1852
1879
1913
1838
1843
1927
1947
1936
1932
1912
1937
2044
2030
2046
2033
2012
2068
2059
2058
2037
1974
1991
1957
2035
2039
1987
1968
1982
1996
2003
1988
1964
2070
2068
2052
2065
2050
2056
2105
2100
2109
2037
2053
2052
2078
2063
2032
1997
2031
2029
2011
2036
2034
1997
1988
1998
2021
1951
1817
1959
1926
1926
1977
1960
1969
1938
1944
1992
1997
1926
1810
1929
1872
1954
1955
1949
1965
1910
1935
1963
1974
1985
1949
1802
1985
2014
1976
1933
1697
1892
1917
1920
1946
1947
1956
1922
1926
1961
1972
1945
1971
1947
1993
1984
1940
1862
1887
1899
1872
1907
1900
1930
1912
1943
1950
1995
1972
1988
1991
1996
1998
1972
2007
2001
1995
1921
1898
1912
1918
1943
1956
1941
1914
2007
2044
2074
2055
2059
2068
2065
2056
2080
2083
2040
2022
2069
2081
2092
2088
2037
2017
2019
2034
2040
2098
2098
2070
2054
2040
1940
1963
1992
1984
1991
1999
2018
1987
1944
1920
1923
1904
1935
1913
1915
1884
1887
1870
1901
1895
1898
1877
1900
1919
1916
1926
1918
1877
1897
1876
1877
1870
1880
1838
1868
1904
1911
1901
1896
1909
1853
1881
1889
1898
1861
1798
1809
1816
1781
1786
1789
1789
1832
1903
1919
1920
1971
1946
1970
1975
1999
2049
2066
2058
2067
2058
2049
2022
2050
2039
1999
2092
2077
2090
2060
2052
2111
2104
2120
2107
2126
2109
2105
2096
2081
2076
2070
2054
2110
2118
2121
2123
2137
2141
2091
2081
2084
2099
2108
2107
2095
2093
2074
2093
2049
1988
2035
2068
2042
1941
1928
1920
1800
1831
1819
1822
1823
1824
1840
1796
1806
1778
1778
1781
1879
1887
1930
1902
1963
1959
1959
1944
1972
1973
2058
2028
2030
1981
1969
1945
2009
2011
1964
2026
2031
2042
2016
2044
2064
2063
2043
2014
1992
2016
2052
2080
2079
2110
2064
2052
2096
2072
2073
2125
2142
2178
2194
2164
2136
2125
2157
2198
2215
2166
2115
2098
2156
2158
2097
2089
2077
2022
2023
2020
2029
2056
2043
2035
2047
2036
2099
2096
2076
2088
2055
2136
2142
2130
2080
2116
2150
2170
2165
2200
2171
2160
2148
2126
2091
2081
1875
1896
1893
1892
1900
1896
1874
1958
2004
2003
2000
1928
1972
2004
2031
2000
1998
1990
1998
2001
2003
1989
1965
1971
1987
1996
1994
1979
1975
1992
2003
2027
2023
1996
1964
1995
2004
2009
2006
2000
1997
2024
2073
2051
2082
2055
2076
2074
2037
2069
2071
2082
2086
2056
1958
2084
2085
2087
2119
2139
2132
2139
2111
2116
2157
2156
2165
2123
2138
2113
2127
2129
2159
2132
2131
2107
2120
2181
2183
2197
2185
2130
2141
2148
2151
2107
2071
2075
2046
2085
2075
2077
2087
2058
2058
2041
2027
2059
2033
1997
1988
1997
1964
2005
2009
2007
2006
1992
2015
2007
2013
2026
1955
2021
2014
2001
1988
1964
1955
1968
1973
2003
1981
1893
1980
2037
2071
2067
2090
2084
2050
2067
2171
2170
2191
2180
2128
2122
2148
2267
2223
2243
2257
2292
2281
2277
2168
2187
2196
2214
2239
2240
2208
2191
2248
2309
2294
2307
2297
2307
2304
2201
2239
2234
2230
2234
2252
2272
2291
2251
2262
2278
2261
2273
2287
2277
2272
2234
2237
2256
2257
2266
2198
2192
2178
2220
2266
2283
2285
2304
2301
2322
2259
2322
2301
2317
2340
2308
2307
2327
2334
2328
2349
2333
2346
2318
2274
2336
2326
2301
2269
2297
2304
2310
2312
2303
2289
2290
2226
2268
2265
2260
2270
2255
2270
2261
2241
2256
2239
2260
2246
2241
2227
2206
2169
2173
2183
2134
2169
2188
2220
2226
2224
2219
2222
2220
2219
2230
2211
2211
2205
2197
2179
2190
2250
2230
2241
2234
2220
2174
2055
2177
2199
2198
2135
2194
2190
2212
2236
2237
2215
2197
2221
2224
2211
2208
2121
2135
2102
2104
2117
2113
2130
2088
2087
2091
2085
2078
2069
2064
2042
2032
2007
1985
2052
2093
2128
2134
2132
2142
2131
2164
2154
2144
2078
2092
2074
2072
2100
2066
2079
2068
2058
2082
2098
2101
2124
2056
2133
2094
2144
2151
2148
2141
2144
2127
2139
2130
2142
2115
2128
2099
2217
2128
2168
2052
2105
2126
2132
2075
2037
2071
2085
2082
2121
2109
2089
2092
2067
2087
2079
2077
2084
2018
1984
2032
2046
2071
2057
2067
2064
2066
2043
2031
2068
2076
2052
2004
2093
2126
2103
2098
2090
2053
2004
2079
2059
2065
1988
2033
2039
2029
2026
1967
1995
2020
2069
2034
2032
2019
1972
1985
2045
2017
1954
1929
1916
1945
1984
1975
1939
1764
1746
1761
1785
1777
1754
1974
1999
2026
1971
2019
2048
2053
2038
2044
2041
2054
2052
2042
2052
2044
2027
2051
2067
2064
2066
1995
1997
2071
2069
2095
2068
2074
2064
2163
2169
2187
2160
2173
2194
2200
2180
2167
2109
2108
2031
2039
2047
2069
2111
2100
2116
2086
2174
2193
2195
2218
2144
2113
2168
2210
2207
2163
2134
2133
2038
2039
2060
2070
2082
2077
2082
2094
2064
2044
2123
2102
2089
2108
2076
2093
2091
2024
2054
2044
2055
2071
2063
2077
2055
2048
2046
2041
2037
2029
2027
2047
2066
1988
2075
2065
2052
2076
2037
2061
2062
2033
2128
2144
2171
2192
2153
2236
2229
2249
2258
2166
2244
2213
2245
2254
2204
2161
2110
2038
2245
2275
2290
2232
2302
2303
2256
2273
2261
2299
2150
2241
2335
2320
2318
2226
2256
2314
2316
2337
2322
2306
2323
2283
2305
2304
2290
2313
2292
2296
2292
2281
2315
2380
2398
2423
2403
2378
2388
2417
2427
2430
2417
2412
2413
2415
2406
2402
2402
2437
2444
2438
2452
2441
2437
2516
2523
2544
2539
2543
2479
2340
2467
2517
2475
2478
2458
2476
2497
2482
2464
2489
2421
2442
2433
2438
2424
2491
2366
2380
2434
2375
2341
2424
2428
2431
2359
2288
2359
2368
2381
2396
2409
2306
2341
2417
2378
2406
2444
2396
2418
2362
2376
2403
2384
2418
2407
2385
2288
2362
2351
2410
2397
2321
2415
2402
2416
2354
2365
2324
2354
2342
2286
2343
2392
2388
2381
2461
2484
2478
2474
2541
2412
2432
2461
2320
2312
2324
2379
2376
2361
2337
2257
2281
2338
2324
2232
2354
2297
2290
2327
2364
2276
2330
2364
2359
2369
2379
2354
2314
2322
2386
2383
2346
2357
2372
2350
2313
2303
2450
2474
2408
2360
2446
2527
2563
2617
2613
2537
2553
2552
2688
2687
2632
2606
2518
2538
2494
2510
2496
2393
2404
2405
2385
2402
2388
2396
2494
2526
2508
2543
2543
2579
2564
2495
2503
2506
2537
2535
2634
2621
2660
2665
2679
2667
2632
2648
2649
2495
2494
2508
2513
2512
2502
2714
2693
2686
2675
2751
2779
2770
2770
2737
2775
2763
2708
2786
2809
2788
2858
2821
2876
2867
2813
2953
2964
2936
2927
2908
2903
2906
2915
2920
2893
2860
2866
2865
2873
2880
2851
2860
2878
2862
2868
2895
2866
2812
2910
2910
2896
2892
2880
2926
2924
2920
2861
2981
2941
2912
2872
2845
2915
2875
2879
2844
2810
2783
2817
2817
2785
2758
2751
2758
2751
2745
2684
2717
2761
2744
2759
2785
2749
2743
2699
2664
2683
2712
2686
2669
2648
2660
2654
2679
2643
2648
2626
2625
2644
2634
2614
2532
2490
2478
2508
2540
2504
2492
2472
2493
2526
2543
2526
2432
2426
2420
2448
2482
2496
2439
2464
2501
2513
2545
2507
2560
2466
2381
2416
2420
2411
2455
2504
2542
2439
2497
2452
2458
2491
2496
2521
2362
2353
2329
2408
2263
2196
2399
2378
2364
2278
2403
2407
2393
2337
2379
2447
2128
2336
2435
2423
2358
2539
2546
2560
2493
2454
2364
2509
2499
2497
2342
2260
2353
2458
2401
2379
2351
2354
2347
2346
2336
2216
2151
2111
2378
2379
2368
2373
2350
2355
2346
2293
2326
2341
2279
2065
2062
2077
2081
2082
2035
2080
2094
2105
2100
2411
2430
2443
2403
2411
2455
2456
2466
2484
2478
2489
2493
2531
2535
2542
2511
2498
2523
2509
2520
2566
2561
2553
2547
2561
2528
2483
2500
2506
2494
2544
2536
2537
2514
2523
2322
2525
2532
2521
2533
2559
2564
2584
2540
2547
2530
2554
2521
2478
2524
2319
2309
2320
2290
2312
2328
2317
2315
2142
2145
2155
2144
2133
2222
2235
2227
2210
2198
2149
2185
2185
2213
2208
2213
2205
2202
2179
2190
2039
2182
2176
2156
2167
2148
2160
2148
2108
2099
2171
2182
2171
2170
2145
2133
2135
2166
2146
2126
1995
2002
2082
2091
2122
2110
2124
2107
2149
2032
2004
2001
2003
2006
1968
2020
1989
2026
2004
2018
2000
2009
1979
2019
2045
2014
2000
1889
1987
1973
1975
1996
1923
1929
1944
1904
1867
1914
1946
1894
1923
1950
1921
1899
1895
1870
1925
1908
1915
1858
1809
1901
1903
1856
1847
1855
1964
1954
1957
1940
1920
1986
2009
1972
1969
1914
1914
1916
1923
1942
1932
1933
1915
1951
2001
2020
2006
2024
2009
2054
2057
2068
2066
2030
2097
2096
2072
2056
2081
2077
2099
2107
2106
2092
2088
2074
2035
2033
2061
2054
2044
2088
2091
2082
2054
2064
2076
2113
2124
2104
2088
2083
2101
2098
2119
2023
2095
2077
2104
2140
2158
2165
2191
2171
2157
2088
2134
2147
2136
2139
2169
2159
2216
2207
2226
2249
2245
2243
2216
2212
2254
2243
2231
2211
2238
2174
2173
2192
2213
2252
2267
2234
2295
2288
2279
2273
2210
2232
2218
2235
2237
2236
2214
2222
2272
2285
2282
2296
2248
2247
2251
2233
2284
2225
2132
2177
2184
2158
2255
2258
2237
2277
2268
2275
2258
2241
2282
2225
2231
2184
2208
2232
2260
2281
2264
2233
2240
2222
2240
2213
2225
2188
2200
2195
2194
2177
2176
2164
2141
2110
2072
2128
2144
2152
2176
2167
2172
2217
2193
2222
2208
2235
2241
2232
2233
2189
2188
2246
2219
2218
2149
2131
2167
2172
2162
2135
2135
2136
2126
2138
2138
2135
2110
2128
2166
2192
2198
2209
2211
2216
2221
2226
2219
2250
2211
2224
2256
2249
2241
2236
2268
2248
2343
2296
2256
2293
2276
2287
2249
2304
2290
2265
2265
2235
2241
2253
2234
2271
2276
2233
2213
2208
2202
2207
2367
2272
2334
2340
2344
2339
2425
2417
2477
2461
2474
2474
2477
2481
2481
2479
2394
2339
2375
2377
2395
2471
2513
2518
2529
2533
2585
2557
2502
2520
2562
2507
2580
2522
2553
2571
2553
2561
2619
2605
2592
2548
2504
2535
2554
2542
2536
2524
2534
2540
2555
2401
2574
2560
2575
2584
2584
2583
2527
2558
2442
2570
2566
2573
2452
2530
2540
2467
2376
2532
2511
2545
2555
2558
2553
2547
2518
2498
2493
2476
2484
2516
2497
2499
2458
2452
2467
2493
2473
2450
2506
2493
2473
2448
2420
2474
2486
2481
2476
2434
2421
2434
2457
2459
2440
2436
2443
2481
2464
2510
2503
2479
2467
2371
2369
2399
2438
2488
2468
2451
2444
2423
2445
2461
2436
2434
2422
2399
2342
2369
2416
2446
2405
2407
2418
2421
2449
2447
2458
2446
2473
2469
2469
2470
2441
2433
2481
2480
2459
2348
2387
2350
2394
2354
2296
2329
2342
2304
2268
2171
2161
2178
2190
2186
2180
2188
2202
2170
2186
2147
2130
2110
2037
2070
2063
2058
2047
1968
1988
1979
1983
1795
1807
1770
1768
1781
1779
1734
1726
1722
1741
1822
1852
1857
1856
1854
1863
1889
1898
1880
1902
1850
1826
1909
1924
1971
1981
1973
1980
2005
2007
2069
2023
2104
2087
2090
2095
2077
2043
2044
1981
2028
2069
2104
2094
2099
2094
2108
2101
2132
2151
2116
2098
2139
2146
2147
2189
2183
2166
2176
2156
2194
2229
2215
2219
2193
2159
2145
2226
2218
2180
2184
2190
2192
2181
2157
2187
2181
2214
2240
2227
2196
2180
2129
2151
2184
2209
2137
2081
2087
2109
2136
2148
2210
2204
2233
2255
2224
2178
2245
2229
2230
2114
2171
2168
2189
2190
2157
2172
2181
2105
2153
2159
2154
2146
2176
2143
2096
2101
2123
2114
2066
2059
1978
1946
2037
2077
2062
2067
2060
2049
2038
2044
2053
2130
2108
2126
2049
2040
2006
1984
2012
1978
1972
2001
2027
2048
2019
2023
2035
2049
2051
2029
2033
2032
2064
2067
2082
2096
2089
2097
2118
2111
2110
2126
2089
2098
2130
2136
2125
2123
2120
2112
2075
2097
2073
2039
2031
2015
2030
2031
2011
1985
1964
1959
1986
1995
1943
1925
1999
1993
1946
1965
1952
1966
1950
1934
1960
1904
1883
1948
1953
1934
1917
1900
1909
1923
1893
1910
1883
1933
1900
1919
1924
1913
1922
1932
1900
1896
1850
1823
1847
1822
1814
1853
1846
1857
1839
1848
1832
1810
1796
1795
1803
1782
1830
1834
1864
1877
1829
1832
1846
1903
1901
1829
1838
1740
1769
1784
1762
1771
1741
1749
1773
1760
1769
1759
1728
1659
1779
1777
1766
1735
1725
1724
1741
1741
1670
1717
1709
1716
1716
1675
1695
1678
1707
1704
1696
1712
1710
1678
1705
1683
1691
1693
1649
1670
1669
1699
1694
1670
1667
1673
1648
1663
1648
61
7
45
230
1728
1718
1763
1766
1775
1689
1695
1688
1680
1669
1660
1670
1641
1663
1663
1650
1651
1632
1624
1635
1671
1672
1680
1686
1681
1724
1733
1776
1780
1735
1761
1772
1771
1799
1739
1739
1713
1725
1781
1759
1796
1797
1779
1766
1785
1784
1818
1801
1799
1769
1724
1736
1729
1716
1772
1786
1763
1730
1771
1747
1769
1773
1774
1783
1779
1804
1797
1854
1863
1856
1870
1843
1868
1867
1844
1848
1819
1849
1839
1862
1860
1848
1912
1889
1912
1887
1882
1879
1923
1940
1932
1821
1819
1825
1824
1882
1883
1904
1954
1965
1974
1975
1948
1925
1927
1934
1911
1927
1916
1896
1898
1902
1916
1913
1898
1929
1926
1942
1935
1969
1959
1922
1978
1990
1992
1971
1952
1950
1990
2015
2003
2010
1989
1975
2011
1960
1989
1988
1995
1997
1987
2018
2049
2015
2038
2038
2017
2006
1967
1998
1978
1978
2029
2044
1884
2016
2021
2010
2037
2031
2038
2049
2017
2059
2071
2075
2084
2026
2073
2058
2069
2043
2107
2129
2117
2141
2122
2111
2099
2091
2135
2100
2096
2097
2051
2073
2183
2185
2238
2173
2227
2209
2218
2209
2239
2203
2217
2158
2177
2172
2178
2184
2204
2168
2201
2212
2185
2173
2208
2207
2213
2184
2192
2179
2179
2186
2166
2157
2109
2134
2133
2127
2120
2133
2108
2132
2142
2125
2136
2141
2151
2173
2176
2155
2156
2161
2180
2234
2224
2177
2176
2160
2152
2155
2093
2108
2085
2183
2187
2134
2189
2163
2100
2103
2161
2187
2201
2186
2147
2151
2185
2191
2192
2184
2233
2201
2231
2210
2244
2205
2226
2231
2245
2223
2205
2142
2217
2185
2154
2168
2178
2160
2184
2177
2190
2165
2136
2148
2161
2178
2180
2185
2173
2199
2261
2269
2213
2256
2277
2281
2266
2274
2278
2237
2236
2194
2226
2183
2223
2258
2251
2247
2188
2176
2209
2218
2193
2151
2089
2100
2144
2151
2189
2170
2165
2177
2127
2150
2158
2159
2156
2129
2245
2280
2246
2272
2249
2192
2228
2183
2083
2094
2102
2139
2129
2115
2104
2121
2131
2131
2126
2116
2096
2051
2094
2187
2193
2184
2165
2203
2211
2171
2173
2159
2134
2149
2168
2165
2190
2179
2170
2275
2264
2292
2307
2305
2321
2309
2305
2241
2259
2283
2276
2258
2281
2300
2284
2228
2246
2240
2240
2240
2265
2255
2243
2246
2220
2234
2214
2207
2226
2161
2189
2194
2215
2228
2275
2271
2273
2279
2284
2309
2308
2290
2340
2315
2327
2327
2323
2304
2346
2355
2367
2328
2295
2335
2345
2355
2344
2327
2337
2308
2320
2331
2320
2283
2255
2249
2270
2247
2309
2315
2302
2314
2270
2256
2251
2264
2240
2239
2260
2275
2227
2278
2308
2307
2354
2331
2344
2319
2244
2254
2266
2253
2248
2284
2293
2325
2307
2314
2321
2300
2308
2275
2265
2261
2225
2235
2209
2231
2229
2247
2228
2183
2215
2221
2239
2245
2198
2190
2209
2217
2219
2207
2036
2163
2166
2157
2154
2147
2194
2199
2191
2178
2176
2188
2181
2193
2214
2202
2230
2255
2221
2220
2217
2210
2242
2247
2250
2220
2202
2170
2179
2173
2158
2109
2134
2141
2140
2141
2137
2139
2127
2142
2175
2121
2157
2163
2130
1940
2193
2195
2134
2107
2098
2124
2173
2216
2269
2259
2274
2262
2184
2159
2222
2201
2195
2078
2072
2060
2085
2134
2109
2085
2152
2047
2107
2065
2073
2110
2121
2084
2079
2067
1982
1978
1987
1991
2051
2057
2051
2073
2111
2119
2059
2096
2074
2095
2084
2102
2130
2119
2129
2137
2186
2166
2159
2076
2007
2006
2021
1983
2099
2113
2113
2097
2073
2043
2050
1989
2019
2044
2054
2065
2067
2053
2072
2072
2067
2086
2081
2054
2038
2072
2102
2109
2084
2073
2123
2125
2129
2118
2108
2120
2156
2135
2128
2120
2115
2134
2036
2130
2130
2113
2142
2164
2172
2160
2137
2166
2200
2168
2184
2146
2157
2146
2146
2149
2145
2158
2175
2148
2129
2118
2107
2127
2096
2116
2105
2022
2032
2036
2027
2015
2035
2040
2049
1994
2058
2036
2061
2106
2096
2103
2077
2061
2080
2069
2077
2062
1995
1954
1906
1880
1855
1850
1876
1866
1836
1850
1844
1844
1866
1861
1865
1846
1854
1831
1869
1851
1833
1831
1778
1791
1816
1812
1818
1807
1801
1770
1766
1774
1768
1812
1830
1810
1809
1810
1779
1768
1812
1836
1794
1760
1788
1791
1780
1821
1829
1820
1734
1731
1754
1803
1790
1773
1724
1690
1688
1654
1714
1724
1720
1718
1684
1682
1713
1649
1767
1761
1766
1775
1765
1768
1769
1792
1808
1774
1772
1770
1753
1769
1768
1754
1757
1728
1751
1744
1751
1738
1720
1697
1700
1716
1703
1642
1703
1696
1699
1709
1694
1734
1728
1733
1714
1631
1625
1615
1616
1612
1564
1527
1534
1551
1527
1460
1538
1475
1458
1462
1375
1439
1474
1478
1503
1509
1410
1492
1493
1481
1473
1485
1511
1510
1505
1496
1496
1502
1513
1522
1470
1525
1507
1507
1518
1517
1491
1497
1534
1521
1525
1527
1533
1527
1541
1541
1540
1478
1481
1479
1481
1471
1466
1459
1472
1461
1519
1513
1500
1411
1436
1418
1415
1425
1459
1449
1423
1465
1452
1426
1427
1447
1429
1431
1414
1399
1416
1413
1395
1406
1401
1407
1395
1304
1348
1360
1359
1362
1327
1302
1280
1280
1281
1319
1469
1470
1497
1497
1464
1565
1565
1504
1518
1532
1520
1516
1559
1591
1501
1462
1454
1512
1477
1509
1489
1444
1444
1407
1471
1470
1451
1449
1447
1442
1435
1436
1436
1434
1418
1422
1423
1433
1442
1463
1492
1489
1491
1458
1472
1469
1465
1502
1468
1463
1468
1491
1492
1495
1542
1537
1518
1501
1494
1478
1452
1498
1508
1461
1465
1492
1491
1483
1484
1501
1511
1497
1521
1510
1501
1498
1497
1486
1516
1512
1521
1520
1541
1536
1531
1525
1527
1496
1549
1538
1580
1592
1610
1607
1622
1616
1619
1635
1624
1601
1611
1576
1589
1605
1593
1593
1580
1574
1578
1592
1565
1586
1572
1563
1565
1561
1545
1566
1560
1568
1562
1522
1483
1553
1551
1583
1603
1591
1595
1628
1662
1661
1689
1693
1730
1747
1772
1733
1761
1752
1804
1787
1777
1730
1747
1744
1752
1697
1659
1721
1717
1746
1740
1669
1717
1694
1648
1661
1617
1612
1620
1615
1603
1585
1569
1571
1571
1567
1546
1545
1542
1555
1549
1537
1548
1544
1545
1552
1560
1573
1550
1564
1564
1571
1557
1577
1580
1567
1564
1547
1523
1626
1636
1699
1690
1691
1700
1642
1669
1688
1676
1727
1709
1717
1696
1683
1694
1745
1747
1720
1737
1743
1764
1784
1816
1820
1801
1798
1797
1792
1733
1737
1749
1749
1816
1817
1852
1842
1843
1832
1842
1861
1896
1884
1884
1884
1900
1898
1892
1864
1856
1779
1825
1828
1825
1852
1886
1891
1882
1886
1873
1855
1879
1875
1819
1771
1801
1800
1790
1788
1786
1769
1772
1776
1785
1794
1785
1805
1793
1797
1786
1789
1725
1794
1788
1774
1777
1765
1775
1762
1750
1729
1730
1709
1713
1690
1680
1672
1722
1697
1701
1685
1692
1700
1699
1678
1695
1698
1690
1692
1623
1653
1672
1673
1689
1676
1707
1691
1673
1669
1669
1598
1705
1708
1669
1707
1737
1727
1723
1683
1727
1741
1728
1722
1726
1722
1719
1741
1746
1755
1762
1741
1721
1749
1755
1760
1722
1691
1700
1679
1677
1687
1692
1675
1637
1627
1626
1648
1650
1637
1549
1521
1560
1546
1558
1559
1520
1522
1511
1511
1477
1460
1461
1480
1483
1470
1467
1431
1434
1460
1464
1471
1457
1409
1424
1444
1434
1423
1409
1412
1413
1426
1417
1395
1352
1353
1365
1394
1372
1379
1366
1330
1358
1355
1358
1358
1344
1334
1310
1318
1348
1342
1342
1252
1355
1371
1355
1361
1347
1318
1313
1325
1331
1281
1286
1286
1305
1302
1292
1301
1285
1238
1232
1233
1229
1252
1279
1282
1274
1270
1245
1345
1346
1380
1377
1405
1404
1437
1452
1354
1367
1341
1316
1311
1297
1297
1284
1251
1297
1263
1270
1292
1293
1297
1297
1273
1278
1257
1296
1274
1219
1222
1221
1213
1280
1311
1317
1282
1313
1306
1321
1322
1293
1288
1290
1278
1310
1312
1304
1273
1265
1286
1277
1275
1276
1254
1235
1249
1261
1257
1252
1261
1259
1250
1272
1277
1286
1269
1281
1285
1278
1297
1298
1305
1283
1303
1312
1331
1336
1254
1338
1340
1346
1379
1384
1418
1402
1376
1361
1400
1398
1395
1403
1389
1514
1525
1502
1508
1558
1574
1588
1592
1579
1584
1603
1616
1615
1600
1627
1630
1667
1662
1656
1656
1632
1633
1659
1674
1683
1683
1677
1666
1680
1682
1673
1637
1671
1665
1664
1659
1665
1675
1680
1687
1685
1694
1703
1681
1692
1701
1693
1693
1709
1724
1739
1736
1736
1732
1716
1740
1735
1719
1720
1701
1603
1585
1697
1711
1694
1699
1695
1688
1686
1663
1701
1695
1673
1726
1734
1710
1725
1721
1744
1730
1732
1740
1737
1754
1684
1811
1828
1815
1805
1788
1788
1822
1796
1652
1569
1652
1678
1677
1635
1661
1655
1659
1659
1702
1686
1721
1710
1710
1731
1727
1769
1761
1758
1780
1778
1798
1787
1794
1811
1795
1820
1802
1755
1772
1795
1815
1813
1821
1791
1801
1792
1955
1961
1979
1966
1958
1944
1994
1984
2124
2073
2135
2083
2104
2143
2147
2156
2156
2116
2068
2092
2092
2090
2072
2077
2071
2086
2196
2191
2190
2247
2245
2253
2241
2218
2223
2219
2206
2175
2206
2190
2208
2185
2182
2194
2171
2145
2199
2211
2199
2211
2217
2190
2203
2233
2237
2259
2261
2250
2266
2249
2272
2272
2273
2278
2267
2283
2275
2276
2280
2255
2206
2206
2176
2178
2194
2156
2163
2167
2155
2250
2271
2278
2266
2279
2279
2309
2316
2261
2314
2305
2308
2298
2303
2290
2285
2299
2319
2286
2298
2304
2309
2297
2325
2354
2345
2271
2299
2265
2288
2314
2335
2309
2302
2278
2259
2268
2330
2325
2325
2315
2307
2341
2365
2340
2340
2308
2283
2248
2315
2332
2289
2302
2328
2316
2310
2289
2238
2300
2374
2348
2327
2326
2336
2373
2299
2324
2337
2328
2307
2347
2361
2261
2255
2265
2249
2283
2287
2247
2290
2231
2258
2244
2204
2263
2262
2284
2291
2275
2200
2036
2274
2290
2237
2208
2167
2224
2216
2103
2076
2133
2090
2095
2096
2096
2081
2080
2063
2081
2098
2062
2100
2090
2100
2033
2090
2098
2110
2099
2118
2103
2099
2111
2119
2082
2075
2079
2115
2108
2105
2133
2082
2114
2120
2139
2133
2111
2123
2145
2127
2133
2136
2106
2094
2102
2111
2138
2148
2178
2176
2180
2133
2146
2070
2163
2147
2097
2041
2036
2040
2034
2027
2031
2023
2019
2027
2005
1996
1988
1952
1972
1979
1973
1975
1946
1927
1946
1946
1940
1945
1959
1976
1942
1956
1958
1982
1977
1959
1928
1909
1903
1893
1873
1887
1871
1901
1879
1863
1879
1875
1853
1842
1830
1833
1835
1823
1842
1772
1760
1696
1711
1724
1712
1730
1706
1657
1661
1665
1592
1618
1637
1620
1635
1659
1659
1643
1620
1584
1580
1582
1504
1484
1446
1446
1427
1419
1405
1342
1336
1304
1301
1336
1298
1308
1359
1353
1357
1332
1332
1352
1353
1363
1360
1332
1331
1346
1347
1371
1392
1375
1388
1359
1348
1352
1348
1390
1376
1393
1383
1378
1372
1375
1383
1382
1364
1335
1305
1265
1211
1256
1159
1206
1226
1233
1223
1221
1216
1185
1237
1215
1222
1214
1201
1193
1225
1220
1156
1118
1101
1142
1132
1108
1116
1090
1080
1113
1116
1106
1105
1111
1110
1101
1103
1088
1079
1091
1079
1085
1100
1095
1091
1103
1091
1084
1081
1060
1068
1068
1082
1088
1050
1036
1023
985
964
966
951
954
949
942
948
953
953
947
894
883
827
911
915
884
883
887
884
905
895
872
856
831
866
856
846
837
833
861
844
858
859
840
840
806
812
812
791
802
766
777
784
776
773
770
759
780
785
794
793
798
835
830
839
840
824
898
899
894
834
866
878
854
887
912
866
861
850
850
844
871
877
1007
988
993
994
991
1000
991
998
994
946
949
942
954
961
943
961
949
947
943
931
973
976
976
976
983
1023
1026
1035
1060
1056
1048
1096
1109
1125
1133
1153
1149
1136
1142
1188
1184
1200
1200
1211
1219
1222
1224
1208
1235
1240
1239
1242
1236
1243
1256
1248
1256
1247
1302
1310
1282
1301
1304
1319
1319
1314
1329
1316
1320
1322
1330
1322
1334
1336
1337
1341
1342
1346
1352
1351
1329
1342
1363
1386
1411
1419
1426
1426
1445
1462
1465
1460
1459
1454
1451
1481
1471
1482
1486
1501
1507
1528
1521
1532
1536
1552
1541
1545
1568
1562
1607
1591
1594
1616
1612
1606
1657
1692
1741
1733
1725
1746
1744
1775
1770
1739
1755
1746
1739
1741
1742
1771
1772
1768
1763
1730
1725
1729
1717
1703
1735
1726
1723
1705
1772
1752
1753
1779
1765
1810
1870
1787
1796
1780
1783
1799
1836
1846
1873
1826
1825
1819
1834
1864
1869
1866
1841
1812
1846
1858
1866
1862
1868
1863
1839
1831
1903
1903
1915
1889
1890
1924
1932
1922
1915
1909
1913
1905
1913
1943
1914
1912
1900
1893
2034
2052
2021
2032
2040
2044
2028
2039
2036
2046
2062
2073
2057
2060
2038
2043
2060
2077
2110
2115
2133
2124
2121
2105
2121
2161
2162
2114
2149
2161
2173
2167
2225
2227
2228
2160
2172
2194
2177
2299
2303
2278
2313
2293
2295
2302
2318
2298
2316
2359
2336
2340
2346
2346
2342
2353
2361
2360
2328
2317
2345
2365
2355
2377
2349
2328
2373
2348
2352
2344
2297
2365
2330
2267
2302
2275
2264
2271
2260
2292
2286
2309
2319
2319
2321
2344
2308
2322
2264
2276
2277
2287
2305
2280
2325
2366
2404
2433
2409
2430
2428
2390
2309
2333
2366
2371
2420
2398
2386
2458
2475
2449
2450
2414
2409
2389
2336
2416
2444
2448
2445
2440
2434
2484
2465
2489
2449
2449
2419
2478
2490
2489
2442
2411
2446
2461
2450
2451
2422
2427
2418
2450
2425
2366
2383
2386
2400
2422
2445
2452
2364
2387
2346
2394
2373
2413
2426
2382
2365
2381
2436
2448
2425
2447
2440
2452
2429
2414
2451
2460
2474
2466
2462
2440
2396
2497
2496
2443
2392
2357
2416
2428
2429
2381
2354
2231
2242
2254
2252
2217
2286
2271
2280
2252
2253
2267
2288
2268
2232
2316
2349
2363
2364
2358
2398
2404
2427
2418
2441
2455
2435
2441
2414
2450
2444
2480
2488
2437
2383
2388
2484
2496
2471
2463
2424
2421
2376
2339
2413
2436
2426
2440
2426
2372
2400
2407
2372
2419
2429
2438
2440
2441
2464
2461
2460
2425
2452
2364
2381
2367
2395
2417
2425
2424
2413
2399
2394
2225
2218
2202
2186
2191
2215
2200
2205
2194
2176
2184
2177
2163
2165
2144
2186
2197
2198
2192
2192
2216
2195
2195
2165
2140
2148
2243
2308
2316
2288
2274
2279
2365
2375
2362
2366
2335
2366
2344
2370
2369
2306
2263
2235
2331
2326
2355
2287
2329
2345
2346
2341
2324
2312
2292
2299
2291
2258
2279
2271
2274
2273
2226
2192
2236
2224
2261
2253
2238
2229
2218
2225
2262
2226
2254
2215
2234
2241
2259
2250
2243
2238
2216
2227
2243
2234
2263
2176
2283
2329
2321
2348
2313
2314
2325
2282
2178
2279
2308
2318
2315
2298
2276
2236
2262
2247
2278
2283
2253
2244
2287
2283
2288
2280
2271
2281
2276
2290
2306
2282
2294
2319
2327
2314
2324
2317
2237
2336
2324
2316
2321
2283
2304
2336
2349
2374
2292
2287
2342
2364
2361
2360
2322
2322
2301
2287
2323
2328
2322
2328
2283
2310
2320
2317
2309
2334
2311
2363
2337
2332
2351
2362
2345
2346
2357
2350
2329
2318
2400
2385
2348
2386
2387
2390
2416
2396
2393
2232
2162
2248
2277
2277
2239
2175
2250
2253
2311
2316
2314
2290
2265
2295
2376
2355
2338
2298
2279
2263
2334
2308
2275
2268
2294
2257
2292
2304
2314
2325
2307
2311
2314
2306
2328
2292
2278
2244
2246
2202
2264
2250
2236
2275
2265
2263
2234
2247
2282
2265
2230
2169
2247
2281
2261
2355
2335
2347
2245
2259
2347
2350
2302
2300
2342
2300
2244
2280
2363
2342
2354
2341
2301
2245
2204
2309
2290
2275
2241
2152
2195
2283
2238
2165
2232
2250
2231
2274
2250
2251
2223
2255
2252
2196
2171
2142
2164
2156
2123
2207
2246
2296
2293
2268
2336
2336
2280
2243
2283
2230
2203
2235
2262
2269
2268
2302
2283
2286
2259
2245
2255
2258
2254
2279
2289
2239
2253
2301
2221
2197
2287
2296
2294
2272
2216
2090
2222
2280
2220
2276
2260
2145
2266
2288
2346
2327
2330
2260
2303
2327
2291
2338
2299
2187
2238
2251
2269
2222
2188
2160
2192
2203
2187
2223
2216
2154
2149
2143
2126
2141
2119
2137
2139
2134
2132
2149
2157
2150
2139
2138
2105
2125
2068
2158
2189
2183
2190
2152
2187
2190
2207
2195
2197
2160
2158
2198
2185
2199
2145
2125
2131
2111
2099
1904
1825
1717
1685
1664
1697
1728
1767
1777
1779
1753
1749
1765
2049
2056
2048
2046
2037
2018
2054
2066
2041
2064
2028
1997
2073
2082
2059
2102
2077
2029
1997
2045
2049
2047
2039
2073
2060
2060
2162
2184
2248
2252
2236
2204
2208
2144
2149
2157
2115
1997
2068
2132
2131
2135
2119
2084
2120
2118
2145
2087
2068
2114
2102
2128
2128
2132
2139
2133
2083
2139
2141
2172
2185
2209
2132
2195
2185
2162
2172
2109
2121
2116
2133
2129
2117
2114
2275
2387
2335
2366
2317
2285
2318
2315
2297
2329
2274
2199
2239
2236
2253
2209
2241
2229
2217
2236
2238
2220
2235
2163
2193
2233
2220
2253
2240
2290
2292
2309
2292
2223
2251
2282
2340
2337
2324
2357
2332
2301
2362
2365
2372
2312
2313
2317
2405
2382
2310
2310
2315
2348
2356
2365
2350
2319
2275
2277
2250
2211
2279
2277
2254
2290
2309
2293
2323
2325
2254
2268
2302
2301
2284
2285
2275
2248
2278
2277
2195
2218
2190
2297
2275
2262
2249
2228
2280
2231
2248
2276
2255
2259
2241
2195
2274
2275
2306
2286
2306
2170
2144
2212
2223
2205
2182
2190
2147
2163
2167
2171
2134
2127
2119
2029
2036
2021
1994
2005
2014
2005
1995
2081
2103
2063
2127
2181
2146
2133
2136
2106
2103
2077
2205
2231
2175
2170
2077
2082
2073
2081
2135
2060
1966
2039
2071
2068
2100
2089
2085
2066
1983
1967
2034
2029
1992
2002
1997
2034
2016
2035
2061
2013
1983
2079
2132
2131
2091
2095
2108
2099
2118
2144
2103
2036
2046
2088
2014
2008
2009
1981
2003
2015
2036
2019
1974
2026
2028
2030
2022
1969
2061
2060
2068
2056
2078
2073
2060
1974
1974
1986
2004
2004
1996
2014
2001
2089
2081
2110
2130
2099
2111
2095
2079
2058
2038
2068
2077
2092
2092
2074
2093
2081
2105
2067
2041
2077
2073
2049
2046
2105
2097
2117
2090
2116
2095
2111
2093
1961
2045
2062
2063
2085
2117
2108
2123
2132
2128
2115
2075
2092
2099
2088
2091
2127
2111
2168
2148
2154
2139
2143
2140
2107
2118
2120
2114
2078
2193
2180
2180
2208
2187
2163
2214
2166
2194
2171
2074
2245
2223
2210
2195
2070
2082
2086
2095
2084
2131
2177
2174
2181
2143
2070
2054
1975
2045
2058
2086
2119
2104
2082
2104
2112
2112
2079
2100
2125
2105
2085
2069
2067
2131
2142
2142
2138
2086
2055
2089
2090
2137
2147
2061
2132
2136
2122
2146
2140
2167
2161
2176
2141
2152
2190
2230
2216
2212
2145
2158
2147
2176
2120
2124
2066
2089
2081
2087
2116
2153
2156
2135
2153
2171
2187
2193
2170
2165
2117
2139
2233
2216
2173
2154
2241
2281
2251
2294
2263
2240
2264
2253
2253
2258
2237
2196
2272
2265
2265
2319
2341
2308
2341
2348
2382
2367
2323
2288
2341
2340
2365
2279
2318
2333
2323
2344
2339
2307
2343
2294
2337
2324
2328
2320
2349
2322
2316
2329
2312
2269
2290
2285
2292
2276
2241
2159
2195
2171
2268
2283
2259
2250
2290
2242
2178
2224
2192
2200
2209
2211
2216
2220
2207
2182
2220
2217
2246
2244
2245
2264
2239
2236
2242
2240
2241
2239
2254
2244
2246
2290
2279
2260
2272
2283
2275
2235
2263
2291
2313
2289
2084
2205
2167
2164
2198
2184
2204
2170
2080
2096
2176
2162
2132
2037
2011
2018
2018
1989
2022
2026
2003
2021
2009
2025
1998
2018
1995
1994
1981
2002
2057
2088
2114
2078
2102
2097
2116
2128
2111
2059
1969
1983
2008
2012
2010
1947
1945
1950
1966
1971
1936
1870
1881
1745
1786
1785
1781
1862
1870
1888
1859
1880
1882
1896
1900
1897
1907
1946
1911
1908
1888
1881
1901
1913
1908
1864
1818
1826
1857
1861
1855
1871
1881
1863
1864
1864
1947
1939
1957
1953
1958
1959
1958
1955
1966
1929
1900
1929
1966
1962
1943
1956
1972
1908
1920
1924
1950
1948
1955
1985
1969
1985
1997
2005
2023
2030
2013
1992
2050
2028
1990
1992
1994
2000
2041
2043
2043
2038
2042
2059
2062
2055
2045
2040
2041
2049
2055
2019
2023
1981
2001
2020
2008
1997
1956
1953
1990
1983
1977
1965
1959
1974
1974
1975
1986
1967
1981
1982
1988
1972
1944
1926
1925
1935
1946
1944
1958
1963
1967
1977
1990
1984
2030
2027
2057
2071
2048
2052
2068
2072
2079
2027
2034
1944
1992
1966
1954
1975
1973
1976
1985
1941
1971
1974
2005
2010
1993
2001
1963
1998
1999
1980
1877
1977
1999
1967
1954
1864
1961
2012
2029
1991
1975
1987
1974
2015
1986
1987
1955
1936
1888
1950
1964
1972
1934
1912
1932
1913
1917
1855
1960
1941
1886
1885
1881
1889
1900
1874
1861
1788
1817
1821
1836
1847
1839
1828
1817
1796
1807
1785
1726
1758
1788
1815
1790
1792
1835
1792
1801
1792
1767
1762
1741
1762
1762
1724
1736
1727
1730
1718
1727
1706
1702
1709
1709
1703
1691
1700
1729
1717
1633
1703
1712
1742
1730
1732
1741
1697
1689
1706
1732
1654
1705
1742
1764
1757
1769
1744
1680
1798
1793
1791
1746
1746
1764
1770
1778
1765
1751
1789
1792
1783
1834
1797
1811
1774
1846
1864
1848
1808
1877
1799
1845
1816
1830
1805
1809
1795
1777
1729
1772
1789
1805
1788
1774
1787
1838
1841
1844
1851
1818
1825
1808
1869
1928
1926
1823
1919
1912
1978
1985
1968
1964
1907
1898
1888
1909
1909
1850
1850
1847
1833
1808
1811
1836
1812
1798
1808
1793
1790
1806
1793
1790
1788
1793
1797
1806
1800
1804
1811
1834
1804
1795
1777
1769
1788
1779
1792
1748
1757
1765
1742
1769
1760
1746
1752
1740
1753
1747
1733
1753
1741
1750
1741
1772
1774
1790
1796
1822
1811
1816
1813
1799
1818
1822
1822
1791
1792
1801
1813
1816
1787
1781
1779
1745
1822
1765
1817
1805
1733
1781
1782
1748
1785
1777
1781
1800
1803
1793
1772
1759
1729
1776
1760
1776
1763
1771
1764
1769
1760
1765
1768
1774
1752
1781
1749
1757
1765
1755
1777
1752
1736
1741
1716
1707
1686
1710
1703
1682
1691
1680
1576
1580
1557
1605
1628
1633
1632
1704
1733
1742
1753
1622
1728
1709
1621
1663
1655
1646
1626
1746
1743
1778
1784
1758
1745
1735
1744
1754
1677
1706
1668
1664
1660
1649
1632
1672
1661
1660
1653
1652
1651
1653
1633
1645
1670
1661
1661
1658
1568
1576
1577
1566
1580
1590
1589
1629
1639
1651
1670
1636
1668
1660
1700
1692
1691
1692
1684
1688
1687
1674
1715
1695
1773
1773
1759
1811
1794
1796
1759
1821
1853
1854
1855
1855
1849
1844
1812
1807
1797
1792
1768
1758
1767
1784
1779
1774
1764
1743
1745
1748
1768
1737
1731
1741
1767
1754
1742
1755
1782
1782
1767
1767
1767
1830
1837
1839
1828
1835
1855
1870
1859
1864
1821
1825
1810
1832
1815
1828
1774
1827
1880
1883
1884
1887
1881
1862
1882
1880
1857
1827
1830
1856
1877
1863
1858
1863
1886
1882
1877
1895
1880
1934
1902
1881
1937
1973
1991
2005
1956
1952
1956
2118
2106
2095
2114
2107
2184
2212
2187
2198
2137
2197
2173
2185
2183
2154
2164
2110
2143
2150
2121
2121
2117
2109
2084
2101
2179
2170
2181
2174
2116
2153
2164
2151
2167
2155
2153
2146
2175
2168
2172
2147
2385
2385
2370
2392
2413
2413
2385
2371
2366
2330
2332
2309
2319
2335
2310
2292
2318
2319
2306
2301
2301
2249
2262
2264
2256
2268
2236
2182
2214
2186
2186
2183
2189
2137
2258
2269
2273
2294
2314
2315
2371
2364
2365
2339
2345
2406
2410
2463
2465
2420
2453
2419
2492
2505
2493
2457
2467
2472
2506
2525
2501
2527
2495
2524
2550
2540
2377
2502
2528
2520
2529
2531
2538
2539
2524
2575
2560
2548
2531
2528
2536
2545
2572
2563
2569
2565
2559
2593
2578
2579
2552
2521
2519
2522
2544
2542
2561
2539
2540
2534
2537
2550
2511
2467
2377
2345
2363
2383
2446
2484
2452
2512
2496
2460
2407
2343
2379
2474
2353
2471
2431
2355
2429
2369
2421
2438
2445
2440
2445
2400
2420
2450
2444
2444
2408
2478
2480
2486
2489
2486
2493
2513
2516
2488
2496
2540
2548
2571
2542
2528
2508
2470
2486
2496
2481
2408
2414
2486
2487
2478
2476
2470
2475
2447
2456
2474
2545
2525
2546
2552
2544
2558
2575
2574
2559
2520
2455
2424
2519
2544
2492
2402
2373
2394
2385
2379
2448
2509
2475
2490
2463
2422
2423
2427
2456
2474
2457
2463
2430
2444
2439
2404
2389
2339
2372
2359
2384
2389
2361
2343
2367
2360
2360
2346
2357
2339
2347
2350
2352
2372
2372
2360
2353
2311
2316
2327
2295
2314
2274
2254
2239
2197
2200
2167
2157
2179
2161
2162
2158
2172
2155
2171
2156
2153
2150
2130
2147
2176
2173
2134
2141
2179
2130
2161
2151
2168
2124
2114
2125
2132
2122
2136
2117
2111
2113
2078
2135
2236
2228
2242
2269
2272
2297
2294
2229
2289
2284
2350
2357
2339
2343
2347
2358
2364
2380
2394
2323
2351
2338
2400
2410
2398
2363
2319
2296
2315
2360
2345
2277
2287
2261
2269
2296
2275
2283
2269
2261
2275
2293
2290
2305
2307
2308
2248
2304
2291
2270
2210
2192
2219
2305
2291
2324
2382
2403
2390
2323
2359
2356
2391
2386
2379
2340
2335
2323
2384
2358
2402
2323
2320
2271
2248
2240
2257
2292
2339
2267
2286
2298
2275
2271
2259
2296
2307
2312
2330
2332
2323
2389
2396
2417
2411
2379
2410
2376
2381
2432
2403
2415
2377
2373
2384
2392
2370
2399
2388
2405
2414
2409
2415
2382
2411
2422
2399
2418
2393
2392
2371
2374
2356
2230
2225
2225
2236
2236
2233
2187
2202
2190
2154
2169
2167
2171
2156
2166
2170
2191
2189
2191
2479
2497
2522
2528
2509
2511
2538
2496
2507
2349
2343
2327
2371
2373
2348
2370
2368
2332
2350
2326
2333
2313
2330
2340
2338
2346
2309
2355
2361
2342
2346
2300
2329
2316
2315
2317
2251
2312
2354
2308
2401
2389
2389
2384
2361
2371
2367
2355
2361
2283
2322
2319
2323
2304
2307
2298
2303
2310
2305
2335
2326
2308
2287
2315
2253
2216
2180
2186
2128
2150
2145
2108
2141
2144
2158
2168
2174
2125
2136
2081
2110
2107
2101
2092
2074
2056
2036
2053
2009
2062
2079
2090
2073
2057
2062
2042
1925
1908
2088
2108
2077
1941
1974
1975
1964
1966
1961
1920
1891
1903
1904
1918
1908
1908
1925
1906
1888
1905
1867
1798
1809
1944
1967
1940
1946
1932
1888
1864
1779
1831
1871
1868
1789
1812
1769
1777
1855
1902
1896
1899
1915
1922
1888
1886
1886
1890
1864
1835
1864
1863
1801
1812
1830
1668
1684
1710
1704
1712
1717
1738
1641
1628
1630
1606
1622
1641
1652
1684
1667
1767
1770
1726
1677
1674
1694
1715
1721
1690
1640
1643
1672
1655
1630
1670
1672
1667
1663
1672
1679
1621
1627
1579
1588
1631
1639
1643
1636
1632
1662
1673
1653
1652
1650
1673
1666
1665
1665
1655
1661
1655
1597
1601
1588
1576
1584
1576
1637
1655
1640
1652
1644
1635
1643
1630
1640
1625
1592
1636
1631
1634
1632
1645
1642
1643
1640
1632
1661
1650
1646
1648
1621
1614
1612
1614
1630
1579
1586
1594
1596
1580
1569
1569
1565
1568
1566
1560
1563
1567
1569
1580
1581
1602
1594
1594
1629
1657
1657
1657
1666
1651
1679
1674
1604
1632
1606
1608
1538
1618
1673
1622
1622
1597
1578
1587
1587
1601
1591
1554
1545
1540
1559
1566
1570
1560
1549
1552
1557
1518
1509
1491
1498
1503
1491
1495
1475
1462
1460
1439
1414
1472
1476
1463
1470
1469
1462
1436
1443
1441
1429
1457
1415
1395
1389
1358
1420
1405
1420
1407
1405
1410
1432
1444
1436
1440
1438
1425
1439
1452
1432
1408
1433
1429
1410
1406
1401
1394
1390
1389
1381
1336
1336
1333
1312
1320
1304
1323
1338
1350
1346
1340
1336
1334
1334
1327
1290
1273
1328
1337
1376
1375
1358
1362
1369
1354
1349
1350
1369
1353
1384
1381
1373
1363
1357
1381
1391
1375
1372
1359
1353
1355
1405
1408
1393
1391
1399
1396
1398
1421
1423
1426
1423
1422
1468
1468
1472
1488
1465
1521
1569
1559
1446
1439
1442
1450
1447
1434
1350
1401
1412
1419
1409
1405
1337
1375
1367
1368
1413
1526
1537
1480
1471
1464
1490
1519
1529
1533
1512
1481
1504
1505
1496
1494
1499
1490
1477
1532
1527
1526
1508
1468
1471
1514
1492
1504
1518
1529
1501
1510
1505
1529
1523
1535
1425
1435
1590
1628
1609
1645
1556
1581
1551
1673
1682
1655
1634
1596
1643
1639
1626
1555
1559
1542
1561
1569
1574
1588
1602
1608
1602
1606
1604
1594
1681
1676
1672
1684
1682
1701
1688
1694
1683
1698
1715
1685
1713
1731
1730
1729
1736
1726
1722
1742
1734
1778
1766
1761
1719
1704
1726
1726
1772
1776
1782
1786
1774
1792
1792
1776
1775
1702
1722
1750
1765
1774
1761
1775
1744
1774
1794
1772
1768
1707
1670
1669
1672
1665
1673
1674
1679
1687
1685
1663
1666
1669
1649
1728
1733
1754
1745
1676
1702
1720
1733
1764
1804
1777
1756
1766
1772
1817
1798
1791
1796
1785
1800
1842
1856
1848
1799
1841
1842
1842
1835
1768
1713
1726
1754
1756
1746
1678
1731
1725
1730
1692
1744
1745
1731
1744
1758
1739
1654
1766
1778
1773
1746
1737
1800
1777
1748
1820
1798
1768
1789
1742
1842
1784
1799
1743
1664
1675
1765
1782
1747
1674
1676
1636
1613
1680
1684
1700
1659
1684
1689
1666
1680
1660
1669
1674
1660
1662
1691
1674
1701
1699
1714
1712
1692
1712
1696
1663
1709
1722
1729
1726
1747
1761
1729
1742
1742
1735
1738
1732
1806
1833
1802
1802
1813
1809
1831
1807
1762
1768
1786
1816
1806
1841
1836
1820
1791
1774
1782
1786
1625
1632
1627
1615
1609
1599
1608
1623
1615
1607
1685
1754
1734
1775
1762
1765
1782
1754
1745
1750
1761
1754
1796
1838
1845
1841
1824
1812
1816
1806
1819
1823
1820
1815
1821
1836
1801
1836
1849
1866
1813
1864
1863
1829
1816
1785
1777
1811
1800
1811
1748
1807
1850
1871
1883
1890
1867
1856
1886
1907
1905
1918
1872
1891
1871
1927
1924
1844
1942
1945
1928
1967
1944
1924
1935
1900
1939
1916
1933
1938
1903
1824
1795
1900
1917
1919
1900
1872
1922
1950
1940
1956
1937
1920
1885
1915
1970
1993
1966
1961
1980
1956
1968
1966
1923
1947
1964
1945
1962
1860
1877
1876
1868
1900
1877
1898
1903
1772
1714
1756
1842
1875
1899
1900
1898
1872
1842
1864
1933
1952
1964
1916
1910
1904
1894
1915
1897
1843
1814
1812
1833
1835
1834
1837
1829
1817
1837
1847
1844
1844
1854
1852
1863
1856
1911
1925
1910
1904
1888
1872
1858
1873
1859
1828
1822
1823
1809
1655
1642
1653
1647
1657
1724
1804
1810
1830
1808
1840
1839
1842
1856
1836
1852
1854
1849
1874
1895
1895
1915
1909
1910
1923
1916
1913
1944
1955
1930
1928
1943
1961
1958
1943
1917
1960
1964
1983
1964
1965
1974
1965
1969
2031
2019
2003
1911
1906
1933
1944
1954
1922
1871
1875
1871
1861
1855
1854
1850
1812
1802
1785
1820
1818
1835
1827
1828
1820
1796
1782
1800
1845
1854
1876
1867
1852
1859
1836
1822
1852
1869
1867
1872
1834
1847
1846
1865
1864
1825
1839
1826
1772
1748
1715
1738
1766
1751
1739
1731
1738
1741
1755
1747
1745
1731
1708
1677
1670
1672
1685
1734
1746
1706
1784
1803
1774
1750
1724
1714
1700
1679
1727
1725
1740
1734
1749
1751
1746
1708
1706
1761
1744
1743
1756
1763
1759
1765
1745
1727
1719
1719
1726
1718
1716
1741
1696
1730
1745
1731
1703
1665
1714
1709
1677
1689
1721
1715
1719
1711
1725
1717
1730
1724
1724
1707
1710
1731
1741
1687
1725
1721
1717
1706
1700
1707
1714
1721
1721
1703
1711
1701
1620
1713
1676
1731
1737
1709
1687
1659
1669
1651
1642
1600
1603
1557
1592
1606
1595
1587
1548
1609
1586
1603
1615
1596
1600
1627
1647
1657
1643
1597
1622
1594
1422
1502
1508
1490
1510
1516
1496
1655
1641
1651
1589
1652
1684
1654
1641
1666
1672
1658
1595
1596
1605
1605
1589
1645
1597
1647
1646
1668
1619
1682
1659
1616
1669
1660
1669
1644
1600
1670
1637
1661
1647
1706
1620
1610
1656
1681
1613
1629
1660
1605
1498
1582
1565
1632
1627
1538
1607
1590
1614
1601
1557
1583
1549
1401
1491
1385
1496
1498
1482
1559
1544
1513
1531
1496
1566
1588
1541
1564
1564
1426
1511
1533
1523
1481
1561
1551
1543
1538
1597
1608
1620
1612
1608
1539
1620
1622
1610
1602
1611
1617
1622
1624
1620
1568
1567
1509
1487
1505
1515
1495
1504
1499
1548
1555
1561
1574
1559
1569
1585
1570
1570
1558
1554
1558
1553
1512
1498
1485
1518
1542
1534
1550
1538
1557
1531
1538
1532
1534
1530
1532
1534
1519
1550
1539
1561
1579
1570
1564
1564
1551
1533
1514
1534
1474
1455
1412
1376
1409
1437
1475
1490
1472
1444
1461
1474
1462
1477
1425
1447
1441
1452
1441
1477
1491
1501
1517
1519
1488
1487
1482
1469
1561
1561
1557
1556
1552
1582
1573
1574
1574
1567
1561
1552
1483
1544
1562
1560
1554
1549
1550
1566
1573
1565
1554
1549
1550
1549
1506
1522
1514
1512
1538
1524
1530
1536
1544
1528
1525
1533
1525
1515
1487
1501
1514
1523
1530
1524
1517
1512
1521
1521
1508
1534
1520
1479
1487
1480
1493
1494
1470
1476
1482
1483
1499
1490
1483
1425
1490
1526
1518
1520
1518
1522
1518
1459
1471
1470
1481
1459
1475
1477
1505
1477
1504
1502
1506
1519
1529
1542
1530
1519
1496
1491
1539
1527
1495
1434
1477
1483
1486
1475
1492
1469
1437
1419
1442
1427
1387
1432
1495
1495
1526
1518
1482
1514
1442
1458
1441
1464
1473
1444
1509
1510
1521
1517
1479
1476
1500
1425
1369
1378
1355
1358
1531
1546
1533
1579
1515
1498
1502
1444
1436
1442
1438
1440
1420
1476
1478
1559
1554
1549
1537
1536
1559
1560
1553
1565
1475
1485
1483
1487
1493
1503
1498
1484
1464
1511
1538
1526
1528
1524
1504
1545
1573
1589
1586
1559
1564
1570
1578
1584
1597
1589
1592
1610
1620
1623
1621
1611
1583
1602
1586
1584
1578
1587
1598
1547
1617
1647
1649
1658
1663
1654
1645
1686
1681
1724
1704
1692
1738
1713
1713
1709
1705
1699
1720
1693
1695
1726
1755
1751
1758
1752
1825
1827
1825
1827
1803
1813
1817
1772
1760
1738
1744
1759
1762
1763
1746
1745
1745
1742
1731
1787
1781
1764
1762
1742
1766
1738
1758
1790
1800
1797
1759
1830
1821
1818
1790
1777
1786
1807
1800
1804
1773
1777
1769
1814
1816
1828
1822
1735
1747
1736
1739
1758
1825
1798
1776
1828
1786
1797
1812
1825
1820
1798
1776
1784
1777
1772
1760
1759
1762
1761
1777
1768
1777
1761
1749
1726
1690
1646
1654
1699
1738
1759
1807
1802
1781
1844
1839
1836
1871
1860
1903
1909
1920
1935
1864
1844
1841
1885
1870
1815
1799
1754
1743
1768
1845
1833
1825
1847
1838
1811
1797
1797
1803
1788
1899
1890
1923
1920
1908
1934
1974
1979
1980
1942
1950
1920
1897
1967
1970
1989
1989
2021
1998
2031
2018
2000
2009
1970
1818
2011
2011
2024
1974
1989
2007
1997
1979
1973
1957
1971
1953
1980
1970
1952
1965
1962
1962
1966
1971
1962
1957
1966
1968
1971
1926
1928
1957
1922
1990
1968
1904
1936
1955
1969
1972
1980
1971
1977
1966
1957
1955
1921
1954
1953
1928
1948
1912
2001
2019
2022
2026
2029
2011
2016
1989
2036
2003
1971
1990
1991
1977
1982
2008
1986
1957
1990
1991
2010
2027
1987
2029
2038
2042
2016
2050
2086
2040
2052
2047
2083
2100
2090
2104
2037
2070
2095
2073
2060
2064
2066
2037
2043
2091
2014
1994
2068
2050
1999
1983
2075
2088
2026
1995
2010
2028
2051
2058
2058
2001
2007
2015
1986
1976
1996
2029
2012
2054
2027
1964
1958
1957
1940
2010
2007
2003
1961
1955
1944
1942
1953
1912
1851
1862
1852
1875
1880
1860
1861
1864
1820
1836
1803
1785
1798
1776
1788
1804
1817
1836
1819
1795
1801
1829
1816
1778
1834
1846
1845
1847
1857
1849
1852
1850
1874
1861
1856
1868
1862
1898
1882
1931
1935
1934
1928
1906
1927
1890
1829
1832
1871
1892
1878
1899
1882
1883
1890
1884
1842
1818
1867
1875
1879
1851
1852
1894
1938
1926
2008
1891
1909
1851
1846
1859
1902
1946
1940
1925
1950
1951
1925
1943
1948
2015
1994
2003
2012
2004
2013
2046
2013
2042
1985
1987
2020
2037
2035
2017
2054
2061
1916
2050
2019
2028
1953
1984
2013
2019
1982
2025
2021
2025
2019
1997
2058
2011
2049
2053
2033
2102
2083
2052
2060
2028
2048
2063
2059
2064
2047
2044
2048
2020
2042
2008
2049
1995
2024
2037
2023
2017
2054
2032
2109
2098
2113
2096
2112
2090
2126
2099
2160
2145
2125
2126
2181
2199
2197
2204
2184
2166
2218
2202
2207
2180
2195
2237
2231
2245
2255
2226
2214
2229
2192
2096
2162
2209
2232
2233
2237
2249
2241
2247
2295
2284
2259
2201
2199
2235
2212
2217
2144
2165
2167
2139
2137
2160
2162
2147
2148
2182
2160
2148
2160
2157
2148
2161
2122
2109
2170
2206
2203
2174
2178
2160
2156
2173
2141
2035
2050
2077
2107
2107
2108
2098
2093
2082
2072
2081
2053
2001
1955
1974
2079
2046
2043
2063
2061
2048
2043
2025
2001
2002
2007
1984
1957
1967
1966
1924
2006
2051
2064
2054
2042
2051
2041
2036
2000
2032
2033
2049
2043
2062
2055
2053
2034
2036
2029
2026
2048
2051
2036
2053
2035
2012
2030
2038
2053
2044
2042
2022
2009
2023
2026
1995
2004
1987
1997
1993
1988
1982
1996
1867
1861
1866
1910
1914
1909
1919
1891
1894
1886
1891
1900
1869
1893
1893
1897
1915
1900
1907
1887
1875
1880
1859
1853
1865
1874
1875
1876
1882
1855
1915
1909
1903
1903
1924
1892
1891
1926
1943
1902
1860
1889
1877
1903
1912
1912
1873
1845
1830
1827
1812
1703
1702
1728
1693
1693
1687
1675
1706
1791
1821
1850
1846
1844
1845
1859
1881
1874
1885
1894
1901
1898
1917
1908
1897
1902
1902
1899
1886
1886
1900
1905
1910
1916
1901
1910
1938
1939
1920
1836
1801
1812
1818
1812
1781
1732
1730
1722
1731
1756
1731
1722
1739
1730
1727
1720
1731
1716
1587
1617
1594
1604
1608
1605
1609
1595
1601
1589
1585
1562
1554
1561
1579
1574
1545
1542
1521
1557
1561
1542
1506
1478
1525
1533
1532
1530
1503
1508
1510
1544
1561
1533
1499
1547
1520
1550
1553
1548
1523
1533
1513
1503
1484
1478
1483
1465
1459
1533
1654
1642
1662
1600
1615
1572
1579
1572
1528
1538
1529
1663
1677
1684
1685
1685
1693
1732
1687
1664
1691
1677
1712
1653
1713
1707
1695
1675
1645
1678
1713
1631
1753
1729
1795
1802
1754
1584
1778
1782
1762
1417
1644
1623
1729
1760
1768
1542
1554
1711
1645
1798
1750
1645
1573
1672
1692
1658
1734
1789
1721
1842
1835
1738
1761
1744
1792
1781
1756
1767
1806
1786
1791
1755
1582
1556
1818
1828
1830
1829
1825
1830
1787
1844
1826
1838
1852
1827
1870
1870
1846
1832
1813
1720
1747
1866
1915
1936
2009
1992
2009
1992
2016
2031
2022
2085
2021
2093
2044
2064
2103
2107
2098
2057
2091
2063
2060
2103
2091
2100
2084
2137
2106
2095
2135
2164
2131
2133
2132
2183
2135
2196
2085
2157
2156
2031
2056
2157
2127
2184
2217
2176
2219
2223
2161
1993
1994
1962
1990
1967
2013
2040
2019
1952
1975
2016
2045
1975
2090
2169
2204
2192
2144
2219
2208
2280
2301
2267
2295
2264
2250
2250
2259
2286
2260
2290
2291
2309
2265
2295
2307
2260
2299
2321
2325
2292
2280
2294
2289
2268
2242
2251
2240
2223
2201
2172
2175
2167
2181
2193
2215
2212
2216
2231
2221
2223
2238
2236
2255
2211
2220
2239
2212
2220
2183
2222
2225
2191
2186
2220
2212
2141
2209
2211
2219
2234
2233
2236
2215
2245
2308
2336
2310
2307
2280
2300
2308
2329
2342
2299
2274
2270
2243
2255
2271
2254
2224
2147
2150
2124
2133
2115
2052
2037
2073
2083
2085
1993
2061
2066
2070
2079
2122
2095
2137
2122
2128
2164
2150
2159
2153
2151
2137
2124
2110
2125
2145
2157
2146
2139
2076
2077
2080
2096
2100
2085
1991
2048
2048
2026
2051
2039
2060
2072
2060
2060
1922
1929
1934
1940
1949
1950
1927
1922
1870
1986
1982
2019
1996
2027
2017
2004
1972
1930
1990
2017
1983
1973
1978
1986
2009
2019
2009
1986
1933
1917
1914
1927
1935
1929
1930
1943
1938
1921
1899
1922
1944
1873
1938
1961
1927
1941
1957
1962
1944
1956
1944
1808
1789
1835
1823
1809
1822
1821
1835
1829
1841
1827
1874
1885
1928
1939
1939
1945
1947
1915
2027
2017
2012
1999
1977
1958
1965
1903
1920
1912
1886
1949
1969
1954
1921
1903
1874
1879
1868
1847
1873
1873
1867
1910
1897
1910
1888
1867
1883
1920
1918
1957
1959
1956
1904
1807
1981
1962
1965
1918
1914
1914
1892
1870
1791
1888
1879
1751
1815
1808
1792
1822
1796
1805
1796
1806
1806
1810
1797
1794
1782
1762
1764
1762
1744
1738
1762
1766
1753
1771
1756
1753
1728
1717
1732
1691
1696
1600
1646
1640
1642
1629
1618
1627
1591
1555
1516
1577
1499
1501
1521
1516
1498
1506
1482
1469
1511
1494
1493
1435
1450
1453
1448
1402
1411
1424
1420
1412
1417
1412
1425
1423
1459
1460
1444
1438
1423
1427
1424
1407
1432
1365
1373
1368
1360
1344
1320
1306
1310
1375
1365
1368
1382
1368
1382
1397
1368
1380
1384
1393
1441
1439
1441
1450
1440
1444
1386
1379
1390
1315
1348
1298
1295
1285
1294
1307
1312
1305
1311
1294
1267
1285
1283
1261
1271
1337
1340
1327
1303
1306
1296
1155
1086
1087
1068
1058
1066
1061
1065
1064
1056
1067
1288
1291
1305
1332
1335
1344
1347
1318
1342
1348
1351
1357
1338
1358
1364
1388
1485
1472
1476
1488
1484
1496
1513
1548
1534
1564
1554
1550
1553
1586
1581
1591
1568
1563
1595
1584
1597
1591
1598
1596
1603
1589
1573
1602
1605
1598
1615
1609
1657
1684
1686
1691
1685
1688
1688
1743
1729
1717
1714
1706
1698
1711
1730
1746
1742
1727
1729
1789
1786
1784
1792
1829
1828
1850
1833
1899
1857
1867
1887
1852
1808
1825
1821
1836
1709
1732
1742
1754
1761
1763
1731
1706
1761
1749
1765
1764
1820
1828
1832
1832
1835
1844
1835
1829
1832
1813
1742
1812
1811
1792
1759
1784
1775
1786
1807
1818
1783
1806
1799
1784
1824
1836
1833
1850
1839
1846
1853
1860
1853
1847
1846
1817
1872
1903
1879
1883
1846
1842
1853
1844
1840
1837
1851
1841
1844
1848
1861
1839
1858
1850
1845
1806
1770
1814
1815
1815
1841
1849
1856
1839
1858
1858
1851
1829
1762
1778
1745
1761
1779
1805
1787
1810
1817
1816
1813
1764
1770
1813
1801
1821
1771
1726
1830
1816
1813
1809
1766
1796
1816
1806
1814
1769
1870
1853
1868
1904
1833
1865
1869
1774
1765
1755
1764
1752
1733
1741
1721
1674
1736
1725
1721
1748
1723
1732
1724
1695
1713
1718
1755
1730
1724
1706
1716
1748
1743
1709
1733
1713
1710
1671
1631
1736
1735
1741
1751
1744
1772
1760
1751
1742
1770
1775
1784
1777
1759
1762
1745
1731
1668
1674
1676
1644
1702
1719
1718
1749
1722
1722
1730
1715
1693
1827
1889
1901
1862
1810
1777
1810
1835
1815
1810
1747
1765
1758
1784
1725
1802
1812
1788
1783
1787
1684
1742
1743
1756
1772
1823
1885
1864
1895
1878
1901
1914
1891
1920
1872
1896
1841
1861
1856
1886
1930
1935
1931
1940
1927
1901
1948
1950
1967
1974
1996
1984
2016
2033
2042
2042
2026
2055
2083
2068
2086
2052
2028
2036
2032
2060
2058
2039
2030
2023
2031
2057
2009
2014
2008
2014
2021
2017
2015
2009
1947
1967
1935
1954
1967
1959
1968
1945
1978
2003
1999
2006
2016
2008
2024
2000
2009
2006
2000
1973
1977
1980
2004
1995
1974
1993
1988
1994
1984
1987
1978
1977
2029
2035
2034
1966
2024
2033
2016
2037
2026
1930
1866
1887
1877
1859
1861
1898
1913
1911
1956
1948
1953
1945
1934
1933
1930
1856
1850
1806
1824
1891
1893
1901
1937
1895
1864
1889
1869
1871
1847
1820
1797
1527
1511
1425
1424
1426
1423
1419
1432
1443
1446
1444
1432
1453
1443
1433
1678
1689
1681
1686
1658
1694
1715
1729
1751
1764
1772
1840
1862
1852
1849
1844
1842
1864
1861
1846
1781
1843
1883
1897
1942
1910
1926
1891
1937
1968
1921
1912
1894
1854
1898
1878
1839
1825
1776
1773
1766
1784
1791
1770
1776
1814
1811
1799
1802
1837
1831
1830
1816
1841
1797
1779
1851
1858
1854
1877
1868
1862
1856
1891
1938
1923
1942
1949
1909
1992
1992
1992
1962
1991
1981
1898
1966
2000
1985
1985
2017
2006
2012
1998
2021
2015
1998
1998
2016
2029
2054
2034
2025
2025
2042
1997
2066
2077
2062
2048
2065
2030
2056
2064
2100
2122
2093
2112
2115
2116
2087
2094
2142
2082
2061
2129
2129
2078
2172
2137
2161
2165
2115
2183
2189
2177
2175
2146
2194
2190
2240
2242
2193
2193
2224
2156
2139
2142
2140
2111
2127
2157
2185
2218
2222
2227
2212
2167
2216
2236
2249
2247
2250
2229
2231
2237
2188
2207
2191
2187
2207
2212
2188
2159
2202
2197
2190
2181
2175
2169
2157
2166
2156
2154
2108
2122
2133
2121
2116
2128
2103
2104
2100
2089
2089
2072
2077
2053
2039
2049
2056
2040
2029
2048
2037
2031
2034
2046
2041
2048
1997
2014
2029
1976
1991
2020
2051
2043
2047
2056
2045
2087
2018
2008
2021
1973
1930
2007
2025
2028
1959
1935
1921
1872
1933
1949
1926
1916
1874
1901
1910
1928
1903
1899
1885
1874
1906
1911
1962
1964
1941
1901
1861
1868
1907
1887
1842
1810
1764
1763
1870
1868
1904
1866
1882
1828
1854
1832
1856
1856
1832
1806
1862
1841
1819
1860
1841
1852
1857
1849
1935
1945
1964
1970
1981
1988
1998
2001
1807
1777
1790
1784
1853
1877
1882
1865
1770
1856
1835
1805
1794
1782
1770
1773
1762
1813
1893
1928
1914
1921
1887
1898
1886
1856
1909
1854
1886
1904
1897
1917
1902
1948
1950
1884
1927
1935
1958
1945
1925
1873
1979
1961
1931
1918
1995
2000
1968
2009
1944
1916
1939
1996
1982
1931
1908
1857
1860
1893
1907
1852
1853
1865
1860
1867
1847
1834
1796
1678
1673
1643
1656
1665
1662
1657
1684
1695
1689
1699
1668
1654
1662
1654
1609
1658
1663
1668
1667
2010
2006
1997
2021
2040
2013
2046
1999
2071
2081
2104
2087
2121
2116
2158
2191
2185
2134
2155
2169
2185
2169
2153
2053
2126
2146
2124
2145
2182
2199
2215
2199
2214
2217
2206
2218
2211
2210
2191
2202
2194
2176
2217
2177
2209
2163
2173
2194
2212
2222
2220
2178
2027
2026
2016
2034
2035
2108
2119
2110
2063
1999
2025
2047
2020
2043
2054
2032
2005
2031
2016
1996
2073
2079
2100
2094
2113
2146
2141
2128
2050
2106
2149
2160
2185
2151
2098
2133
2082
2130
2152
2124
2146
2108
2156
2113
2147
2157
2137
2106
2153
2142
2160
2131
2157
2145
2150
2140
2122
2093
2108
2108
2108
2072
2069
2088
2035
2032
2134
2139
2123
2135
2133
2128
2078
2164
2164
2161
2102
2095
2190
2177
2177
2164
1995
2056
2053
2051
2145
2199
2187
2180
2186
2210
2217
2212
2140
2152
2198
2205
2211
2162
2113
2179
2194
2194
2206
2198
2182
2185
2186
2171
2184
2145
2142
2107
1883
1893
1865
1811
1818
1968
1962
1942
1917
1914
1937
1990
1972
1874
1892
1940
2136
2153
2133
2172
2207
2220
2260
2225
2195
2202
2186
2235
2207
2192
2210
2161
2200
2231
2213
2219
2214
2219
2233
2181
2208
2241
2262
2280
2278
2277
2279
2293
2250
2318
2357
2326
2319
2305
2348
2362
2366
2366
2316
2248
2270
2235
2226
2197
2204
2194
2203
2195
2197
2172
2158
2135
2109
2158
2113
2157
2161
2133
2142
2101
2098
2109
2058
2086
2068
2061
2076
2074
2048
2127
2149
2115
2202
2209
2212
2209
2221
2296
2289
2325
2317
2307
2250
2217
2245
2252
2219
2236
2208
2244
2203
2213
2202
2189
2204
2198
2199
2230
2123
2036
2142
2195
2204
2203
2223
2230
2226
2246
2244
2256
2248
2229
2183
2173
2215
2179
2218
2179
2226
2199
2193
2318
2299
2318
2320
2277
2304
2309
2332
2310
2282
2282
2262
2254
2334
2297
2243
2181
2221
2141
2237
2236
2277
2253
2274
2194
2238
2231
2215
2210
2201
2190
2183
2139
2185
2173
2173
2131
2123
2131
2105
2197
2239
2223
2248
2217
2193
2242
2180
2124
2155
2148
2142
2138
2144
2152
2146
2138
2146
2147
2093
2067
2008
2102
2089
2085
2077
2087
2061
2096
2091
2099
2121
2081
2088
2147
2181
2188
2185
2198
2159
2173
2106
2241
2260
2230
2258
2228
2279
2293
2293
2309
2249
2247
2264
2286
2277
2243
2204
2209
2132
2267
2287
2244
2248
2223
2160
2186
2175
2138
2114
2142
2131
2142
2171
2152
2138
2163
2135
2197
2171
2152
2110
2148
2165
2159
2202
2262
2248
2254
2269
2296
2315
2296
2290
2266
2275
2301
2274
2237
2272
2270
2264
2271
2280
2276
2289
2277
2309
2259
2338
2365
2227
2292
2262
2223
2279
2273
2254
2258
2252
2203
2268
2323
2318
2357
2356
2341
2369
2375
2396
2376
2381
2344
2305
2297
2325
2304
2339
2342
2316
2351
2346
2354
2410
2403
2407
2394
2393
2377
2352
2383
2368
2423
2461
2460
2445
2439
2436
2408
2400
2446
2392
2419
2417
2425
2423
2401
2400
2430
2437
2496
2481
2515
2509
2520
2511
2525
2510
2512
2487
2518
2468
2495
2475
2441
2482
2486
2453
2465
2477
2509
2489
2536
2441
2410
2419
2442
2460
2421
2381
2439
2406
2356
2316
2366
2390
2403
2392
2371
2298
2304
2313
2324
2315
2305
2321
2300
2305
2325
2330
2327
2324
2293
2321
2323
2322
2295
2258
2353
2323
2397
2420
2357
2310
2347
2361
2326
2206
2223
2218
2217
2223
2225
2238
2223
2194
2207
2213
2230
2212
2215
2187
2205
2198
2188
2084
2200
2232
2185
2260
2244
2207
2250
2186
2284
2314
2311
2288
2286
2292
2330
2329
2328
2244
2191
2158
2202
2207
2175
2177
2182
2235
2269
2267
2336
2289
2384
2401
2336
2430
2361
2409
2394
2354
2367
2293
2254
2248
2285
2114
2289
2286
2283
2265
2261
2258
2260
2264
2267
2241
2257
2254
2260
2272
2270
2291
2294
2287
2283
2289
2288
2295
2295
2255
2290
2289
2289
2256
2234
2235
2261
2262
2294
2291
2296
2313
2305
2305
2225
2293
2291
2294
2354
2360
2341
2348
2419
2412
2369
2410
2411
2401
2441
2433
2422
2429
2422
2429
2422
2383
2369
2420
2440
2427
2442
2461
2457
2433
2440
2481
2481
2485
2499
2489
2527
2477
2482
2463
2449
2457
2418
2492
2469
2409
2506
2488
2485
2426
2391
2399
2406
2443
2455
2428
2453
2488
2465
2504
2483
2458
2496
2490
2460
2486
2415
2455
2489
2485
2490
2445
2426
2463
2431
2408
2367
2388
2330
2352
2350
2375
2342
2332
2295
2305
2306
2264
2247
2310
2350
2349
2336
2323
2255
2278
2210
2225
2232
2020
2109
2122
2125
2139
2151
2160
2146
2107
2124
2107
2093
2136
2127
2041
2068
2085
2110
2094
2154
2138
2122
2099
2169
2175
2144
2162
2190
2141
2160
2123
2115
2130
2128
2245
2254
2243
2226
2281
2265
2267
2195
2171
2193
2234
2229
2260
2205
2190
2152
2193
2188
2134
2114
2158
2105
2116
2118
2219
2155
2135
2094
2143
2101
2136
2115
2119
2100
2121
2133
2125
2130
2121
2133
2128
2140
2133
2116
2071
2128
2138
2143
2111
2071
2036
2068
2079
2079
1992
1991
1960
2018
2026
2058
2072
2032
2052
2054
2032
2056
2055
2046
2046
2018
2052
2044
2025
2028
1999
1999
1987
1939
1947
1959
1969
2005
2032
2036
2060
1976
2025
2003
2021
2037
2030
2026
1982
1983
2009
2030
2049
1993
1997
1979
1967
1958
1979
1978
1958
1968
1960
1933
1901
1705
1903
1912
1915
1897
1906
1918
1922
1869
1885
1896
1887
1886
1902
1892
1901
1887
1882
1916
1879
2012
1988
1974
2017
2006
2013
2004
1903
1854
1869
1897
1881
1963
1967
1988
1966
1979
1974
1974
1972
1862
1864
1850
1854
1850
1860
1838
1859
1861
1869
1867
1842
1841
1830
1822
1835
1799
1875
1902
1887
1904
1864
1876
1886
1868
1774
1854
1862
1858
1877
1861
1829
1823
1821
1771
1826
1791
1836
1816
1845
1851
1817
1819
1823
1836
1853
1841
1837
1852
1789
1778
1809
1833
1849
1845
1844
1563
1723
1742
1758
1768
1762
1725
1741
1807
1812
1807
1803
1820
1794
1788
1794
1786
1826
1815
1771
1779
1751
1761
1891
1933
1917
1974
1896
1863
1891
1871
1879
1814
1757
1700
1724
1724
1711
1710
1701
1690
1738
1761
1764
1761
1762
1779
1762
1767
1751
1784
1775
1754
1750
1756
1725
1729
1723
1730
1735
1694
1576
1572
1537
1531
1552
1536
1576
1583
1588
1573
1682
1696
1676
1721
1725
1723
1637
1723
1739
1786
1777
1775
1761
1785
1776
1760
1767
1775
1709
1742
1725
1754
1766
1755
1763
1745
1746
1764
1763
1778
1774
1771
1754
1623
1762
1797
1772
1772
1804
1809
1792
1771
1712
1701
1753
1720
1676
1718
1693
1767
1716
1707
1709
1714
1734
1722
1719
1722
1719
1722
1697
1688
1701
1715
1707
1684
1695
1686
1638
1672
1690
1687
1676
1688
1633
1712
1723
1711
1716
1767
1789
1786
1742
1699
1733
1767
1733
1776
1734
1703
1745
1707
1691
1699
1716
1767
1783
1813
1761
1700
1733
1744
1781
1760
1775
1781
1689
1653
1641
1702
1647
1678
1690
1692
1685
1685
1674
1610
1626
1705
1632
1707
1741
1744
1718
1695
1739
1756
1714
1726
1691
1700
1686
1688
1669
1756
1750
1699
1735
1753
1760
1756
1776
1768
1754
1771
1767
1792
1777
1819
1837
1831
1823
1532
1516
1809
1816
1833
1815
1864
1613
1600
1901
1824
1679
1576
1742
1500
1765
1796
1856
1871
1879
1632
1891
1625
1677
1589
1736
1880
1661
1649
1626
1831
1865
1715
1887
1735
1616
1741
1916
1772
1796
1752
1788
1749
1859
1837
1791
1811
1720
1733
1691
1826
1878
1803
1721
1783
1745
1798
1834
1786
1756
1653
1607
1635
1689
1669
1634
1695
1687
1610
1588
1586
1378
1353
1259
1356
1368
1364
1345
1343
1333
1376
1350
1336
1368
1388
1460
1665
1696
1698
1694
1703
1702
1694
1760
1750
1746
1742
1714
1729
1725
1749
1730
1690
1671
1658
1693
1691
1680
1694
1663
1658
1654
1669
1652
1749
1738
1762
1737
1711
1690
1765
1691
1679
1683
1710
1693
1651
1750
1792
1696
1657
1659
1677
1717
1727
1721
1748
1719
1760
1733
1712
1793
1776
1780
1795
1744
1683
1719
1782
1818
1827
1830
1822
1807
1803
1785
1791
1731
1683
1714
1714
1752
1740
1816
1823
1816
1790
1807
1797
1828
1811
1751
1828
1839
1806
1833
1828
1836
1872
1830
1853
1827
1793
1926
1926
1895
1943
1927
1904
1947
1963
1960
1943
1927
1983
1964
2003
1998
1970
1981
1980
1980
1989
1974
1988
1962
1943
1982
1964
1983
1981
1986
1984
1980
1959
1881
1891
1910
1903
1900
1912
1887
1968
2109
2112
2115
2090
2067
2112
2156
2128
2137
2133
2140
2119
2116
2108
2092
2098
2095
2084
2163
2153
2150
2136
2125
2157
2146
2125
2167
2154
2171
2248
2265
2246
2274
2252
2324
2303
2324
2269
2228
2300
2376
2369
2332
2336
2308
2278
2265
2296
2305
2275
2303
2300
2300
2285
2181
2040
2052
2039
2066
2116
2120
2121
2134
2181
2164
2173
2215
2255
2327
2312
2330
2306
2278
2376
2358
2345
2344
2333
2345
2333
2324
2333
2353
2375
2428
2446
2428
2440
2399
2458
2451
2347
2312
2314
2307
2255
2362
2354
2270
2260
2273
2210
2274
2227
2276
2267
2173
1935
2312
2291
2267
2304
2268
2373
2384
2332
2370
2371
2288
2305
2355
2437
2392
2380
2362
2400
2414
2329
2413
2384
2415
2416
2386
2500
2503
2503
2425
2453
2492
2426
2504
2443
2471
2458
2554
2528
2552
2548
2545
2533
2499
2490
2491
2390
2398
2448
2459
2458
2470
2460
2457
2429
2429
2449
2459
2427
2403
2414
2416
2441
2429
2456
2438
2436
2437
2390
2399
2373
2356
2360
2327
2373
2430
2448
2472
2441
2405
2408
2425
2458
2448
2421
2449
2439
2419
2418
2404
2440
2454
2467
2484
2532
2587
2577
2590
2573
2559
2617
2643
2637
2529
2482
2486
2516
2512
2502
2483
2459
2483
2496
2486
2524
2509
2488
2501
2510
2469
2506
2520
2539
2541
2552
2502
2457
2440
2492
2514
2517
2520
2523
2420
2535
2525
2538
2514
2549
2533
2551
2549
2550
2545
2488
2468
2470
2546
2534
2557
2534
2550
2522
2470
2509
2492
2491
2434
2409
2401
2430
2392
2452
2446
2422
2455
2482
2468
2460
2464
2475
2441
2426
2447
2480
2464
2434
2446
2455
2429
2479
2485
2468
2468
2445
2460
2417
2391
2320
2377
2376
2342
2295
2328
2351
2327
2325
2301
2343
2276
2294
2324
2327
2318
2329
2302
2192
2193
2284
2310
2143
2199
2249
2302
2317
2405
2472
2173
2490
2048
2152
2054
2056
2437
2439
2427
2469
2429
2433
2434
2180
2461
2160
2261
2507
2506
2340
2478
2481
2274
2283
2488
2250
2469
2420
2238
2390
2305
2150
2187
2322
2237
2179
2250
2353
2289
2306
2327
2354
2444
2363
2306
2439
2340
2397
2409
2390
2402
2240
2363
2198
2383
2372
2361
2196
2307
2300
2226
2218
2223
2238
2264
2251
2247
2226
2161
2271
2252
2303
2298
2305
2322
2309
2341
2382
2368
2384
2298
2299
2294
2297
2276
2320
2312
2334
2314
2301
2296
2323
2217
2197
2136
2143
2158
2165
2174
2173
2188
2268
2208
2312
2315
2306
2309
2275
2307
2333
2278
2210
2246
2283
2211
2198
2180
2210
2186
2198
2216
2193
2250
2174
2234
2233
2240
2247
2168
2031
1998
2036
2047
2136
2133
2111
2115
2138
2104
2085
2135
2134
2154
2107
2084
2166
2195
2204
2251
2119
2085
2123
2109
2114
2022
2138
2124
2092
2103
2060
2026
2003
2018
2043
1986
1888
1889
1876
1851
1891
1904
1862
1929
1863
1707
1679
1711
1884
1887
1875
1832
2019
2013
2039
2003
2010
2016
2018
2065
1973
1949
2044
2006
2048
2015
2049
2017
2132
2046
1987
2000
2016
2010
2057
2022
1984
2018
1964
1952
2046
2162
2139
2117
2219
2270
2252
2236
2174
2271
2356
2356
2359
2300
2286
2404
2385
2468
2415
2341
2341
2364
2384
2454
2423
2355
2330
2405
2339
2286
2417
2398
2396
2380
2356
2412
2395
2400
2398
2348
2336
2357
2366
2372
2382
2362
2361
2371
2375
2313
2359
2394
2389
2451
2444
2467
2474
2426
2442
2450
2453
2374
2401
2401
2377
2409
2441
2449
2449
2444
2464
2412
2452
2480
2479
2452
2460
2425
2459
2464
2544
2526
2439
2499
2396
2406
2417
2436
2448
2426
2412
2457
2435
2505
2469
2436
2451
2409
2386
2431
2431
2405
2170
2359
2425
2446
2461
2499
2501
2485
2541
2571
2582
2523
2498
2565
2529
2594
2565
2462
2521
2598
2572
2554
2539
2477
2529
2539
2526
2541
2505
2466
2471
2464
2465
2473
2393
2421
2508
2471
2475
2480
2489
2477
2484
2449
2445
2573
2493
2577
2547
2569
2558
2562
2608
2612
2519
2514
2509
2496
2461
2387
2419
2387
2418
2381
2393
2393
2301
2253
2309
2302
2346
2344
2413
2393
2408
2430
2410
2373
2442
2415
2424
2392
2332
2374
2390
2393
2353
2443
2418
2402
2449
2454
2397
2431
2380
2474
2459
2450
2387
2485
2491
2452
2561
2541
2556
2561
2559
2517
2634
2602
2644
2593
2582
2615
2675
2618
2607
2577
2503
2707
2781
2806
2756
2764
2783
2791
2567
2640
2636
2670
2627
2530
2667
2641
2723
2687
2703
2530
2628
2711
2741
2707
2625
2621
2610
2613
2698
2663
2737
2745
2774
2721
2610
2639
2600
2775
2568
2701
2668
2660
2730
2865
2858
2827
2848
2778
2859
2839
2806
2829
2771
2717
2750
2791
2873
2815
2706
2775
2641
2693
2686
2777
2762
2841
2874
2798
2881
2799
2729
2856
2713
2859
2848
2798
2750
2686
2741
2661
2719
2790
2788
2399
2720
2737
2735
2596
2737
2730
2746
2741
2460
2580
2653
2703
2697
2675
2641
2555
2733
2695
2701
2677
2650
2446
2606
2588
2427
2415
2511
2583
2609
2565
2344
2413
2566
2570
2541
2544
2362
2496
2543
2625
2470
2475
2452
2492
2508
2565
2413
2460
2458
2448
2224
2353
2236
2393
2366
2156
2005
2198
2228
2260
2155
2243
2107
2061
1839
1678
1648
1642
1643
1670
1718
1710
1715
1579
1623
726
1682
1671
1693
1703
1708
1716
1716
1704
1549
1721
1749
1735
1729
1760
1774
1806
1786
1783
1758
1763
1750
1816
1846
1834
1857
1858
1861
1819
1870
1869
1834
1831
1894
1908
1980
2013
2017
2004
2002
2014
2022
1968
1960
1818
1831
1831
1867
1858
1842
1871
1870
1874
1856
1878
1850
1835
1845
1858
1834
1829
1836
1888
2005
1999
2006
2051
2089
2073
2115
2120
2092
2129
2148
2169
2199
2189
2187
2165
2109
2176
2182
2182
2151
2107
2087
2099
2079
2059
1821
1811
1798
1810
1811
1803
1802
1790
1778
1786
1752
1755
1747
1873
2232
2251
2234
2303
2356
2351
2364
2364
2346
2427
2452
2473
2432
2407
2389
2395
2466
2476
2438
2462
2509
2614
2597
2634
2643
2627
2596
2613
2600
2636
2623
2593
2606
2619
2669
2722
2718
2727
2739
2728
2743
2740
2728
2704
2736
2734
2719
2728
2728
2690
2653
2745
2703
2803
2823
2830
2812
2784
2766
2790
2730
2813
2815
2784
2614
2815
2870
2868
2875
2878
2824
2846
2822
2879
2847
2693
2870
2885
2857
2888
2887
2780
2789
2822
2812
2792
2800
2808
2786
2753
2798
2787
2755
2791
2802
2780
2788
2863
2820
2835
2796
2748
2814
2797
2839
2879
2870
2868
2853
2807
2783
2749
2728
2718
2571
2450
2440
2460
2524
2563
2536
2654
2664
2702
2714
2726
2717
2644
2650
2653
2625
2628
2593
2609
2656
2655
2642
2620
2610
2607
2617
2637
2624
2598
2588
2585
2283
2271
2283
2297
2306
2305
2298
2314
2272
2310
2307
2306
2641
2650
2706
2717
2717
2728
2750
2759
2731
2637
314
308
310
300
2618
2669
2660
2749
2750
2766
2781
2771
2787
2752
2784
2808
2790
2808
2731
2817
2844
2840
2897
2919
3037
3035
3085
3101
3078
3088
3071
3104
3111
3131
3172
3140
3115
3035
3105
3076
3109
3042
2932
3150
3175
3167
3155
3154
3201
3202
3194
3192
3231
3264
3243
3266
3288
3174
3150
3157
3166
3208
3234
3271
3264
3252
3243
3194
3186
3278
3259
3251
3251
3199
3133
3058
3084
2796
2796
2769
2795
2772
2692
2729
2742
2725
2802
2808
2792
2802
2843
2859
2829
2763
2844
3199
3234
3269
3253
3189
3336
3363
3335
3315
3333
3310
3271
3299
3312
3335
3323
3336
3250
3210
3333
3400
3412
3374
3362
3365
3360
3372
3197
3374
3357
3304
3359
3374
3342
3344
3387
3345
3279
3314
3363
3374
3369
3338
3338
3424
3355
3341
3283
3307
3259
3248
3375
3351
3348
3389
3326
3384
3394
3399
3398
3390
3363
3390
3317
3322
3274
3280
3286
3283
3319
3397
3378
3385
3290
3352
3370
3353
3257
3230
3123
2843
2830
2839
2841
2822
2829
3033
3109
3123
3090
3198
3197
3205
3210
3166
3186
3200
3188
3085
3093
3100
3083
3109
3105
3068
3041
3020
2956
3074
3084
3073
3071
3090
3141
3019
2900
3079
3109
3125
3179
3182
3181
3073
3058
3141
3090
3115
3055
2996
2931
2942
2934
2943
2910
2922
2903
2884
2926
2791
2837
2864
2859
2844
2897
2889
2836
2818
2872
2896
2873
2887
2905
2869
2880
2894
2898
2883
2889
2840
2944
2909
2904
2918
2878
2869
2845
2887
2921
2863
2866
2875
2867
2837
2832
2818
2835
2839
2874
2957
2892
2862
2907
2890
2875
2742
2754
2751
2708
2796
2874
2889
2880
2861
2921
2888
2961
2948
2868
2798
2855
2935
2899
2812
2854
2758
2853
2878
2855
2934
2894
2971
2987
2914
2955
2939
626
332
249
172
7
6
88
2384
2384
2557
2629
2666
2688
2759
2757
2760
2753
2764
2866
2801
2817
2800
2745
2819
2770
2795
2805
2759
2865
2934
2922
2959
2934
2936
2947
2896
2910
2928
2943
2942
2959
2967
2932
2939
2883
2868
2858
2869
2874
2861
2845
2857
2859
2878
2894
2870
2820
2822
2844
2841
2847
2812
2808
2756
2742
2826
2769
2792
2780
2831
2833
2807
2802
2791
2801
2801
2820
2821
2828
2834
2778
2809
2805
2839
2832
2910
2968
2961
2916
2933
2893
2904
2891
2927
2950
2987
2963
2967
2986
2955
2964
2987
2932
2969
2912
2922
2956
2970
2968
2978
2940
2998
3019
3014
3021
2935
2936
2956
3026
3020
2865
2993
2995
2982
2956
2964
2915
2904
2944
2933
2965
2984
2818
2856
2835
2850
2877
2847
2909
2881
2840
2877
2806
2813
2828
2814
2821
2739
2724
2724
2717
2680
2673
2671
2651
2665
2669
2660
2663
2671
2680
2633
2644
2673
2574
2635
2657
2740
2753
2709
2716
2696
2687
2658
2660
2668
2604
2571
2574
2585
2546
2575
2536
2532
2520
2519
2516
2529
2513
2511
2523
2497
2465
2483
2558
2548
2568
2587
2593
2562
2410
2598
2607
2496
2539
2550
2485
2504
2512
2544
2545
2551
2535
2477
2602
2512
2592
2559
2611
2633
2457
2610
2543
2608
2568
2607
2600
2752
2637
2744
2742
2722
2666
2614
2670
2694
2629
2491
2450
2697
2645
2664
2657
2642
2695
2667
2556
2573
2627
2616
2573
2635
2658
2665
2694
2635
2686
2713
2653
2796
2901
2963
2735
2864
2828
2882
2818
2844
2875
2741
2773
2791
2818
2817
2763
2793
2772
2844
2831
2828
2854
2884
2858
2841
2832
2835
2870
2776
2880
2811
2824
2846
2812
2823
2796
2825
2699
2761
2837
2804
2820
2829
2796
2761
2759
2798
2806
2836
2766
2811
2782
2844
2813
2826
2736
2691
2790
2805
2755
2772
2765
2743
2859
2869
2713
2891
2917
2929
2881
2918
2940
2961
2960
2954
2741
2655
2587
2824
2909
2896
2873
2960
2956
2865
2889
2959
2965
2969
2962
2927
2934
2955
2892
2842
2862
2868
2849
2830
2834
2847
2853
2826
2850
2805
2801
2726
2786
2818
2779
2801
2816
2826
2797
2788
2768
2795
2757
2735
2679
2625
2710
2663
2695
2674
2684
2691
2713
2652
2536
2527
2605
2627
2617
2630
2650
2617
2624
2567
2560
2630
2622
2551
2501
2566
2613
2595
2595
2544
2452
2299
2373
2337
2370
2331
2370
2373
2385
2376
2241
2346
2357
2298
2278
2310
2272
2275
2309
2287
2227
2217
2231
2185
2182
2190
2159
2152
2053
2153
2263
2236
2283
2289
2340
2345
2311
2290
2225
2285
2205
2240
2278
2318
2337
2360
2345
2388
2396
2383
2342
2357
2301
2289
2303
2379
2484
2497
2550
2475
2556
2524
2528
2510
2500
2336
2242
2254
2286
2265
2345
2380
2431
2401
2432
2393
2398
2419
2346
2376
2349
2414
2403
2430
2418
2365
2423
2338
2352
2463
2451
2569
2558
2594
2581
2565
2635
2656
2602
2626
2584
2568
2535
2556
2578
2568
2575
2598
2595
2612
2570
2524
2582
2539
2555
2555
2548
2578
2576
2559
2503
2477
2462
2448
2491
2494
2463
2431
2461
2439
2434
2410
2422
2415
2369
2322
2375
2333
2366
2385
2394
2364
2361
2334
2302
2205
2248
2311
2316
2324
2319
2325
2320
2316
2256
2290
2314
2312
2323
2336
2328
2360
2361
2329
2290
2299
2310
2317
2312
2297
2313
2328
2336
2312
2306
2319
2331
2365
2279
2294
2232
2194
2167
2145
2128
2057
2085
2056
2059
2074
2045
2037
1957
1929
1864
1860
1818
1812
1804
1771
1732
1724
1696
360
292
255
239
67
523
531
537
788
795
799
868
861
852
872
871
862
852
824
856
859
860
831
817
817
819
816
806
796
776
796
803
741
742
732
729
739
745
741
741
713
712
718
683
699
684
725
726
723
717
723
718
712
712
707
709
703
708
703
695
696
696
691
683
9
9
9
0
0
0
0
0
0
0
0
2
2
2
2
2
2
2
2
2
1
1
1
1
