80
113
178
189
202
197
199
198
206
227
230
232
245
260
290
287
289
287
2
2
10
318
321
346
347
357
367
386
486
509
509
522
523
561
556
565
573
580
673
688
653
668
665
671
656
670
677
675
674
684
690
686
686
684
690
692
914
950
954
979
988
1131
1128
1126
1141
1128
1162
1201
1235
1246
1252
1267
1244
1273
1297
1337
1344
1329
1335
1353
1345
1470
1483
1474
1490
1505
1534
1563
1568
1575
1558
1591
1604
1600
1616
1582
1610
1639
1642
1640
1632
1667
1751
1771
1773
1774
1793
1817
1939
2006
2026
2015
2027
2086
2075
2102
2095
2133
2117
2118
2163
2175
2151
2187
2199
2209
2230
2254
2265
2272
2290
2295
2269
2332
2366
2357
2381
2415
2402
2463
2447
2461
2446
2485
2480
2534
2550
2560
2586
2586
2611
2609
2606
2599
2576
2715
2702
2743
2726
2722
2789
2776
2741
2775
2782
2739
2683
2764
2785
2863
2836
2871
2799
2819
2830
2878
2902
2849
2878
2813
2844
2883
2821
2735
2832
2864
2864
2891
2909
2878
2818
2912
2878
2971
2973
3097
3043
3090
3072
3116
3154
3109
3053
3059
3074
3049
3040
3035
3032
3004
3020
3073
3004
3047
3061
3005
3023
3064
3050
3020
3044
2987
3160
3236
3244
3235
3205
3243
3258
3443
3444
3424
3420
3495
3417
3543
3514
3522
3529
3523
3426
3561
3556
3673
3637
3700
3718
3699
3768
3684
3696
3889
3763
3786
3776
3934
3963
3955
3889
3788
3777
3828
3792
3788
3756
3707
3752
3793
3805
3941
3919
3927
3905
3876
3889
3879
3939
3938
3852
3899
3918
3901
3783
3804
3956
3985
3963
3986
3892
3870
3932
3925
3952
3973
3979
4001
3956
3971
3968
3964
3939
3914
3950
3927
3975
4005
3911
3918
3850
3879
3975
3987
3959
3953
3922
3959
3934
3951
3886
3920
3891
3937
3923
3931
3500
3928
3897
3875
3957
3973
4076
4023
4078
4083
4091
4108
4171
4149
4139
4101
4066
4077
4029
4055
3992
4038
3954
3882
3868
3883
3921
3889
3992
4111
4044
4022
4090
4085
4141
4122
4110
4098
4068
4154
4106
4131
4049
4096
4072
4112
4298
4279
4331
4203
4234
4279
4296
4199
4252
4346
4230
4224
4263
4325
4331
4264
4366
4379
4395
4391
4411
4377
4351
4373
4297
4278
4254
4209
4247
4233
4306
4170
4186
4201
4195
4170
4108
4087
4086
4126
4155
4061
4153
4144
4195
4210
4239
4233
4207
4211
4076
4085
4156
4177
4159
4174
4171
4225
4220
4218
4201
4184
4222
4234
4194
4168
4188
4231
4300
4294
4264
4291
4269
4273
4258
4203
4216
4163
4197
4293
4213
4286
4319
4325
4347
4271
4254
4225
4228
4193
4200
4368
4346
4375
4338
4208
4365
4379
4425
4438
4319
4336
4346
4320
4359
4389
4242
4337
4331
4303
4304
4248
4261
4227
4142
4158
4180
4163
4120
4151
4266
4273
4289
4158
4236
4316
4257
4299
4236
4343
4353
4374
4408
4330
4303
4287
4092
4125
4300
4174
4294
4306
4387
4336
4206
4229
4289
4312
4327
4267
4241
4218
4175
4244
4364
4391
4446
4347
4291
4357
4416
4355
4284
4180
4161
4228
4194
4147
4154
4161
4127
4148
4169
4205
4181
4131
4114
4164
4163
4145
4135
4126
4142
4162
4215
4231
4271
4330
4382
4334
4344
4394
4402
4365
4399
4333
4338
4299
4286
4247
4231
4206
4207
4268
4259
4338
4331
4312
4296
4327
4187
4351
4292
4301
4372
4432
4418
4376
4392
4328
4345
4334
4229
4341
4530
4496
4547
4542
4516
4533
4465
4433
4466
4561
4537
4549
4508
4378
4458
4640
4672
4594
4400
4437
4372
4510
4551
4577
4531
4549
4439
4539
4547
4569
4559
4616
4626
4549
4499
4684
4651
4654
4652
4755
4757
4736
4698
4895
4846
4851
4884
4901
4960
4937
4969
4934
5039
4983
5107
5126
5093
5089
5078
5015
4973
4998
4993
4988
4927
4920
4950
4921
4906
4918
4903
4901
4987
5020
5079
5041
4956
4912
4883
4922
4867
4819
4674
4701
4674
4659
4629
4558
4144
4632
4629
4591
4436
4480
4503
4501
4458
4482
4443
4381
4477
4482
4519
4577
4609
4609
4565
4585
4615
4511
4459
4359
4479
4408
4383
4381
4337
4291
4254
4290
4285
4277
4341
4302
4339
4389
4399
4416
4339
4453
4395
4454
4277
4407
4413
4417
4189
4397
4293
4290
4336
4434
4258
4347
4337
4298
4347
4390
4320
4366
4093
4142
4078
4170
4174
4196
4306
4283
4208
4169
4227
4281
4265
4236
4308
4215
4248
4227
4349
4384
4395
4315
4450
4273
4407
4423
4453
4450
4328
4415
4418
4414
4320
4446
4525
4538
4573
4492
4666
4733
4819
4815
4602
4653
4794
4789
4770
4797
4527
4410
4505
4582
4656
4480
4130
4380
4386
4401
4386
4302
4449
4458
4396
4298
4398
4474
4453
4464
4440
4461
4463
4477
4495
4354
4344
4313
4393
4368
4340
4320
4459
4451
4378
4443
4409
4424
4498
4515
4561
4490
4457
4474
4495
4561
4495
4517
4524
4518
4452
4467
4488
4481
4562
4516
4498
4498
4483
4555
4497
4395
4484
4431
4465
4468
4554
4547
4506
4602
4589
4623
4614
4565
4552
4536
4501
4471
4479
4514
4535
4422
4467
4484
4510
4488
4519
4498
4592
4567
4570
4595
4630
4656
4533
4573
4535
4603
4599
4627
4669
4665
4618
4695
4701
4635
4653
4619
4572
4605
4580
4794
4754
4703
4746
4663
4696
4674
4632
4587
4464
4544
4576
4570
4576
4504
4535
4530
4618
4593
4635
4527
4918
4924
4923
4895
4845
4785
4735
4723
4768
4642
4580
4583
4594
4571
4628
4513
4587
4559
4621
4598
4623
4573
4762
4701
4654
4731
4674
4732
4570
4416
4635
4620
4621
4616
4634
4628
4536
4444
4418
55
42
7
2
465
4583
4568
4605
4676
4665
4885
4749
4796
4754
4759
4745
4776
4882
4775
4826
4835
4803
4843
4698
4776
4865
4827
5004
5011
5022
4986
5051
5071
5181
5142
5150
5114
5103
5136
5138
5144
5067
4932
5226
5199
5254
5259
5153
5215
5169
5260
5189
5253
5401
5444
5469
5348
5299
5631
5616
5738
5754
5786
5808
5766
5790
5796
5736
5485
5721
5789
5792
5750
5828
5784
5776
5774
5769
5710
5665
198
132
73
83
105
170
308
682
5686
5751
5708
5925
5989
6021
5896
5848
5894
6044
5880
6142
5991
6028
6061
5751
5927
6019
5964
5953
5895
6007
5948
6004
5927
5933
5904
5849
5712
5739
5660
5780
5792
5798
5778
5923
5778
5831
5710
5828
5737
5689
5718
5647
5632
5574
5650
5669
5730
5712
5554
5666
5609
5661
5680
5634
5763
5626
5743
5622
5667
5665
5676
5622
5693
5390
5640
5523
5407
5498
5537
5567
5498
5291
5582
5518
5439
5558
5500
5474
5519
5481
5493
5538
5515
5309
5596
5463
5604
5466
5621
5567
5583
5438
5502
5388
5492
5661
5626
5428
5532
5572
5304
5723
5434
5726
5731
5690
5638
5736
5726
5501
5814
5832
5913
6003
6159
5954
5822
5885
6162
6115
6181
6354
6146
6134
6076
5999
5988
6017
6134
6104
5973
5840
5912
5958
6034
6044
5965
5921
6026
6023
6024
6029
6004
6110
6201
6182
6064
6054
6177
6337
6374
6220
6181
6013
6041
6053
5989
5961
5846
5708
5844
5926
5947
5805
5875
5838
5940
5911
5955
5857
5959
5927
5959
5870
5607
5855
5937
5910
5940
5917
5911
5959
5993
5767
5878
5970
5940
5956
6032
6005
6036
5982
6086
6091
6072
6082
6270
6269
6308
6187
6158
6119
6319
6195
6319
6181
5875
6156
6439
6464
6418
6566
6610
6548
6594
6623
6635
6601
6597
6541
6458
6506
6539
6590
6514
6554
6462
5956
6587
6603
6607
6559
6589
6729
6775
6633
6516
6599
6663
6529
6349
6706
6451
6524
6631
6584
6517
6528
6608
6693
6586
6613
6597
6536
6871
6845
6924
6610
6701
6843
6733
6842
6829
6650
6497
6322
6329
6309
6255
6262
6286
6245
6123
6008
6040
6104
6116
6099
6044
6021
6071
5995
6023
5989
5879
6099
6101
6026
6004
5807
5851
6038
5993
5909
5862
5767
5835
5813
5520
5547
5582
5618
5666
5632
5685
5489
5598
5607
5593
5536
5554
5421
5344
5483
5469
5385
5408
5195
5300
5415
5370
5403
5459
5483
5413
5496
5681
5639
5590
5461
5315
5497
5573
5531
5589
5585
5562
4657
5384
5561
5082
5168
5602
5287
5541
5447
5481
5330
5252
5384
5435
5425
5398
5460
5537
5552
5559
5595
5637
5317
5372
5228
5239
5222
5114
5267
5248
5265
5355
5350
5381
5371
5378
5278
5370
5307
5319
5282
5279
5333
5288
5226
5401
5500
5255
5359
5298
5335
5388
5471
5553
5531
5541
5578
5646
5582
5682
5681
5714
5656
5624
5662
5498
5431
5457
5139
5213
5194
5055
5161
5176
5162
5117
5085
5119
5116
5190
5116
5170
5324
5337
5358
5356
5345
5329
5302
5375
5360
5421
5488
5507
5510
5441
5496
5533
5455
5362
5362
5410
5361
5477
5519
5446
5480
5447
5424
5389
5424
5541
5417
5491
5463
5476
5579
5481
5619
5616
5586
5532
5615
5631
5589
5646
5665
5587
5742
5764
5708
5707
5657
5650
5712
5654
5670
5582
5442
5503
5619
5650
5616
5574
5517
5505
5437
5586
5564
5338
5550
5735
5810
5736
5796
5745
5770
5715
5726
5575
5803
5665
5718
5652
5489
5503
5521
5530
5425
5221
5330
5278
5325
5393
5132
5306
5352
5387
5382
5376
5360
5280
5384
5377
5551
5620
5599
5593
5522
5345
5349
5620
5611
5597
5513
5657
5650
5571
5689
5654
5572
5571
5509
5357
5226
5230
5242
5321
5217
5278
5208
5360
5305
5385
5418
5419
5394
5478
5512
5571
5438
5104
5536
5725
5662
5648
5679
5633
5631
5621
5606
5581
5417
5336
5495
5581
5711
5727
5721
5726
5668
5656
5528
5622
5582
5653
5657
5633
5674
5653
5693
5509
5587
5641
5660
5465
5693
5681
5697
5638
5728
5784
5720
5715
5704
5733
5733
5714
5739
5646
5712
5736
5738
5669
5697
5677
5706
5726
5838
5736
5785
5877
5970
5982
6054
6035
5971
5972
6006
5956
5914
5773
5884
5871
5947
5919
6006
5983
5872
5835
5836
5823
5736
5648
5543
5660
5688
5703
5728
5680
5599
7
5549
5493
5503
5499
5589
5621
5579
5567
5443
5446
5549
5444
5442
5859
5782
5749
5915
5697
5861
5906
5892
5928
5802
5976
5782
5849
5819
5926
5934
6087
6112
6084
5983
5917
5973
5919
5949
5815
5963
5932
5960
5932
6118
6071
6291
6278
6296
6089
6123
6143
5841
6106
5988
6133
5996
6004
5941
5957
5928
6002
6064
6013
6065
5837
5936
5904
5897
5965
5995
6003
5948
6039
5954
5954
5900
5799
5723
5831
5843
5791
5806
5792
5803
5826
5761
5717
5681
5691
5739
5760
5721
5693
5804
5796
5755
5869
5834
5847
5834
5798
5788
5759
5729
5780
5671
5664
5617
5599
5842
5834
5863
5839
5874
5929
5982
6062
5869
5737
5684
5805
5830
5754
5752
5633
5606
5675
5712
5707
5741
5677
5673
5718
5672
5575
5518
5476
5709
5697
5624
5710
5701
5737
5768
5635
5713
5641
5609
5593
5405
5636
5595
5551
5605
5653
5695
5767
5669
5870
5725
5653
5745
5868
5898
5975
5858
5958
5912
6043
6121
6098
6082
6148
5997
6128
5996
5946
5989
6072
6064
6069
5946
5943
5955
5861
5937
5891
5911
5960
6009
5930
5856
5936
5907
5708
5686
5591
5543
5424
5469
5428
5436
5399
5543
5454
5698
5743
5780
5784
5827
5765
5749
5768
5871
5800
5913
5950
5924
5905
5804
5900
5877
5843
5898
5854
5934
5922
5898
5841
5803
5904
6022
5823
5962
5817
5925
5935
5893
5963
5917
5845
5721
5985
5854
5971
5929
5823
5913
5847
5832
5875
5892
5922
5893
5872
5999
6053
6062
6058
5991
5795
5795
5853
5995
5950
5887
5917
5774
5728
5667
5569
5861
5796
5744
5695
5901
6020
5972
5912
5925
6007
6018
5998
6000
5941
5929
5932
6171
5961
5828
6124
5634
5457
5729
6045
5885
5588
6044
6012
6074
6106
6150
6232
6172
6085
6202
6142
5944
6011
6007
6062
6107
6006
6048
5930
5936
5914
5788
5866
5692
5790
5712
5776
5670
5611
5538
5526
5532
5526
5379
5488
5469
5457
5546
5564
5499
5566
5496
5486
5531
5465
5496
5532
5453
5609
5627
5750
5907
5929
5919
5852
5808
5746
5934
5772
5781
5568
5630
5641
5596
5511
5621
5713
5670
5600
5419
5495
5465
5461
5472
5413
5282
5347
5429
5373
5309
5183
5361
5393
5400
5380
5335
5397
5440
5457
5475
5367
5308
5447
5401
5420
5391
5453
5463
5454
5340
5266
5579
5641
5599
5683
5680
5677
5596
5592
5569
5452
5506
5572
5567
5508
5479
5538
5514
5395
5436
5504
5555
5521
5631
5592
5595
5541
5510
5403
5431
5278
5329
5339
5390
5349
5363
5368
5384
5337
5343
5243
5244
5046
4911
5080
5110
5076
5096
5006
5098
5104
4998
4974
4952
4929
4940
4922
4954
4951
4949
4972
4886
4911
4819
4931
4857
4861
4855
4847
4787
4715
4685
4763
4715
4632
4720
4728
4866
4840
4890
4872
4904
5043
5022
5139
5154
5060
5068
4977
4981
5048
4991
5162
5081
5137
5120
5218
5245
5276
5284
5316
5118
5250
5171
5234
5178
5183
5159
4955
4968
4887
4893
4852
4886
4887
4843
4888
4885
4851
4867
4871
4846
4843
4838
5000
5011
5064
5048
5219
5370
5455
5489
5476
5567
5551
5519
5589
5337
5608
5513
5278
5599
5649
5761
5876
5827
6004
5869
5947
5765
5854
5694
5727
5640
5702
5572
5664
5637
5575
5613
5524
5502
5409
5486
5522
5509
5485
5479
9
5357
5335
5393
5663
5566
5599
5538
5613
5618
5665
5691
5700
5629
5666
5611
5600
5477
5542
5541
5674
5634
5577
5617
5544
5589
5679
5696
5703
5699
5642
5711
5785
5764
5723
5783
5721
5719
5762
5821
5805
5759
5654
5658
5630
5602
5726
5732
5580
5583
5635
5630
5650
5674
5753
5714
5721
5708
5640
5521
5625
5675
5707
5630
5664
5728
5661
5622
5510
5483
5507
5660
5827
5813
5749
5679
5584
5720
5779
5735
5554
5437
5412
5640
5541
5627
5467
5543
5560
5516
5609
5662
5722
5662
5673
5641
5477
5512
5747
5761
5846
5886
5940
5915
6045
5977
6064
6047
5813
5971
5954
5893
5811
5600
5640
5718
5697
5609
5845
5730
5755
5692
5697
5751
5695
5581
5681
5515
5625
5591
5487
5517
5475
5240
5284
5560
5605
5596
5622
5608
5579
5597
5727
5503
5650
5715
5799
5672
5771
5708
5626
5730
5756
5850
5809
5711
5744
5691
5818
5728
5765
5732
5702
5789
5705
5430
5666
5832
5807
5835
5848
5821
5874
5895
5930
5936
5936
5887
5884
5843
5899
5850
5883
5794
5771
5895
5863
5843
5815
5863
5745
5725
5733
5766
5708
5841
5988
5914
5901
6014
5976
6016
6025
6007
6020
5922
5899
5922
5934
5919
5834
5921
5852
5910
5894
5913
5908
5879
5884
5808
5893
5876
5764
5814
5681
5980
5988
5963
5899
5782
5866
5851
5809
5827
5603
5674
5644
5597
5648
5614
5607
5606
5660
5626
5577
5715
5633
5572
5600
5655
5563
5565
5417
5411
5443
5407
5332
5294
5331
5341
5235
5223
5237
5166
5202
5187
5228
5262
5084
5102
5120
5036
5061
5044
5070
4985
4966
4944
4911
4864
4932
4948
4925
4823
4821
4844
4788
4747
4851
4846
4992
4898
4863
4902
4856
4894
4887
4839
4785
4706
4817
4809
4783
4731
4710
4643
4811
4792
4782
4677
4693
4694
4707
4677
4584
4680
4696
4626
4695
4642
4620
4693
4712
4667
4659
4664
4716
4726
4689
4655
4667
4673
4677
4664
4639
4663
4479
4724
4656
4621
4676
4600
4677
4639
4652
4626
4580
4564
4519
4613
4643
4660
4646
4694
4592
4659
4708
4739
4697
4748
4728
4764
4739
4791
4731
4772
4721
4696
4780
4704
4763
4793
4866
4897
4788
4735
4635
4524
4490
4551
4638
4597
4522
4631
4740
4775
4622
4723
4716
4755
4758
4751
4719
4676
4708
4751
4740
4775
4666
4637
4628
4630
4614
4535
4419
4487
4594
4505
4540
4606
4676
4768
4739
4772
4799
4829
4891
4841
4847
4874
4728
4797
4869
4856
4935
4921
4991
5053
5099
5052
5353
5283
5442
5372
5245
5161
5351
5335
5488
5393
5186
5456
5559
5708
5720
5739
5744
5815
5861
5866
5760
5581
5744
5769
5840
5843
5797
5801
5812
5827
5851
5655
5681
5808
5770
5821
5772
5812
5748
5831
5779
5820
5686
5687
5700
5753
5776
5736
5810
5847
5666
5655
5727
5786
5781
5811
5792
5668
5594
5714
5808
5778
5709
5806
5779
5744
5773
5778
5776
5725
5705
5586
5587
5668
5617
5613
5594
5679
5656
5518
5580
5549
5561
5601
5542
5572
5515
5373
5284
5213
5513
5490
5352
5333
5357
5358
5454
5427
5484
5449
5324
5462
5473
5388
5170
5275
5292
5388
5367
5313
5297
5155
5022
5166
5097
5037
5049
5066
5007
4880
5045
5067
5024
5049
4980
5003
4884
4639
4510
4608
4665
4648
4351
4585
4323
3819
3778
3798
3829
3795
3669
3794
4668
4683
4694
4715
4637
4745
4805
4857
4824
4666
4574
4847
4843
4894
4825
4782
4834
4829
4857
4614
4272
4254
4230
4273
4202
4146
4139
4057
3884
3964
4029
4005
3944
3863
3959
3891
4037
4111
4110
4137
4070
4122
4119
4178
4188
4159
4308
4334
4449
4424
4355
4343
4487
4532
4486
4311
4378
4366
4411
4387
4448
4348
4322
4344
4359
4331
4371
4339
4296
4407
4330
4365
4372
4392
4427
4552
4594
4627
4555
4564
4702
4753
4659
4545
4640
4473
4442
4633
4727
4817
4783
4774
4664
4568
4625
4638
4700
4715
4711
4737
4792
4742
4800
4614
4930
4840
4757
4693
4796
4726
4755
4752
4758
4568
4623
4655
4629
4549
4687
4696
4671
4688
4692
4604
4659
4761
4788
4873
4785
4852
4738
4638
4705
4677
4512
4538
4487
4514
4520
4636
4583
4611
4564
4576
4548
4614
4604
4572
4570
4561
4566
4404
4417
4394
4552
4521
4619
4634
4657
4583
4645
4651
4429
4390
4352
4363
4319
4168
4338
4344
4297
4217
4286
4292
4278
4365
4301
4211
4398
4346
4421
4527
4383
4332
4605
4674
4637
4514
4304
4458
4638
4603
4628
4625
4538
4633
4618
4545
4549
4359
4408
4292
4468
4486
4333
4226
4303
4343
4390
4323
4212
4478
4452
4413
4493
4396
4370
4460
4413
4512
4349
4329
4431
4441
4408
4378
4179
4367
4358
4226
4295
4256
4075
3911
4187
4183
3853
3430
3738
3315
3306
3324
3274
3292
3422
3515
3583
3625
3118
2855
3109
3207
3290
3361
3424
3522
2629
3417
3599
3673
3274
3284
2622
3409
3768
3696
3342
2594
3301
3477
3594
3758
3780
3832
3189
3661
3795
3908
3584
3776
3649
3889
3979
3471
3998
3806
3826
3816
3968
3470
4020
3764
3940
3966
4208
3653
4011
4076
3657
4051
3592
3895
4129
4228
3744
3862
4051
4013
4116
4273
4076
4034
4215
3979
4376
4093
4218
4340
4370
3905
4229
4302
3931
4323
4185
4326
4499
4203
3964
3993
4028
4118
3981
4185
4311
4285
4240
4026
4064
4196
4116
4320
4178
4237
4494
4269
4155
4132
4084
4061
4179
4186
4180
4229
4162
4105
4197
4129
4234
4064
4156
4108
3761
4062
4064
4133
4190
4207
4125
4115
4205
4113
4160
4271
4275
4290
4252
4311
4241
4256
4249
4291
4271
4322
4260
4268
4231
4158
4135
4133
4239
4352
4375
4389
4507
4439
4512
4488
4555
4606
4626
4620
4659
4637
4577
4527
4669
4543
4356
4708
4759
4736
4846
4771
4818
4783
4846
4849
4848
4793
4816
4743
4781
4738
4741
4719
4886
4848
4834
4858
4912
4868
4675
4670
4705
4789
4820
4787
4771
4745
4676
4728
4591
4325
4591
4658
4604
4472
4479
4470
4419
4401
4546
4518
4389
4444
4435
4306
4287
4343
4283
4306
4345
4320
4302
4274
4419
4469
4461
4377
4496
4514
4698
4623
4653
4525
4432
4465
4621
4635
4553
4759
4738
4819
4739
4794
4798
4789
4791
4619
4612
4602
4528
4602
4557
4664
4663
4714
4824
4833
4784
5064
5069
5099
5136
4997
4897
4875
4890
5188
5165
5022
5041
4877
5136
5184
4966
4975
5035
4874
4883
4880
4848
4977
4989
4939
5015
4999
5041
5024
4937
5021
4914
5093
5099
5068
4970
5046
5151
5196
5178
5236
5176
5200
5161
5206
5115
5081
4831
4948
4964
4944
5006
5149
5037
5153
5217
5147
5145
4952
4923
5034
5040
4885
4966
4956
4999
5013
5020
4953
4893
4892
4921
4932
4910
4834
4833
4864
4895
4930
4960
4873
4698
4869
4911
4914
4921
4936
4894
4923
5041
4935
5086
5010
5047
5046
4928
5019
5017
5013
5056
5066
5169
5115
5118
5073
5190
5198
5127
5230
5171
5183
5236
5236
5262
5228
5212
5127
5192
5185
5312
5190
5176
5114
5119
5290
5312
5370
5323
5202
5242
5256
5215
5132
5015
5111
5033
5095
5066
5078
5115
5025
5010
5011
4910
4957
4944
4803
4775
4798
4685
4790
4739
4749
4797
4751
4790
4710
4829
4802
4647
4793
4762
4729
4680
4573
4621
4627
4614
4679
4631
4429
4656
4716
4751
4705
4753
4695
4605
4664
4883
4867
4881
4888
4718
4684
4711
4897
4846
4852
4896
4917
4882
4863
4583
4607
4648
4691
4712
4757
4618
4597
4722
4847
4784
4884
4800
4846
4847
4868
4869
4840
4771
4739
4695
4781
4846
4733
4719
4783
4746
4704
4803
4793
4787
4661
4660
4750
4739
4772
4597
4589
4503
4635
4799
4935
4829
4913
4899
4994
4865
4958
4916
4912
4995
4879
4879
4946
4978
4935
5073
5050
5011
4946
4783
4975
4964
4898
4807
4908
4894
4924
4917
4897
4888
4885
4804
4864
4840
4833
4866
4730
4828
4805
4718
4738
4677
4795
4756
4768
4735
4682
4615
4694
4672
4746
4673
4717
4700
4723
4705
4661
4718
4717
4715
4731
4663
4549
4469
4564
4555
4576
4788
4746
4746
4736
4720
4633
4600
4683
4643
4653
4627
4673
4670
4710
4685
4750
4670
4630
4678
4704
4655
4681
4565
4590
4571
4579
4497
4512
4564
4445
4452
4477
4432
4437
4451
4434
4372
4362
4336
4287
4411
4469
4505
4567
4516
4617
4581
4584
4511
4355
4474
4491
4455
4491
4536
4487
4528
4523
4476
4452
4430
4400
4355
3966
4466
4446
4680
4709
4708
4698
4819
4784
5002
4920
5035
4912
4789
4795
5054
4844
4928
4723
4729
4813
4916
4859
4898
4833
4897
4785
4948
4899
4918
4834
4756
4799
4837
4798
4778
4632
4606
4643
4642
4750
4715
4735
4712
4698
4621
4602
4771
4783
4713
4624
4851
5008
4941
4957
4985
4839
4804
4955
4903
4969
4775
4889
4862
4834
4855
4697
4737
4837
4918
4848
4869
4792
4603
4611
4930
4910
4700
4638
4752
4788
4901
4859
4770
4589
4463
4591
4535
4587
4510
4818
4893
4980
4786
4932
4959
4977
4907
4954
4894
4990
4969
4980
4992
4927
4918
5003
5013
5051
5000
4829
4881
5038
5052
5120
5099
5180
5136
5364
5370
5417
5385
5441
5499
5459
5463
5401
5254
5286
5098
5203
5189
5201
5293
5243
5245
5228
5391
5445
5442
5457
5287
5221
5293
5434
5463
5333
5253
5253
5225
5262
5243
5194
5278
5241
5287
5279
5116
5040
5279
5260
5236
5237
5166
5154
5213
5080
5152
5068
5064
5181
5150
5166
5048
5055
5035
5040
4974
4953
4934
5010
5049
4775
5042
5042
5039
5059
4968
5038
5090
4980
5150
5219
5311
5374
5219
5369
5360
5376
5420
5171
5309
5179
5161
5272
5069
4943
4696
4625
5162
5192
5289
5086
5282
5273
5087
5058
5106
5203
4874
4963
5021
4952
4776
4766
4942
5033
5048
5048
5047
4989
5013
5030
5018
5021
5021
5081
5030
5040
5045
5000
5045
5154
5137
5221
5175
5119
5115
5262
5279
5260
5208
5201
5233
5249
5189
5168
5134
5197
5197
5158
5238
5216
5156
5252
5304
5362
5273
5301
5123
4641
5043
5135
5018
5044
4996
5048
5081
5014
4981
5051
4901
4956
4874
4925
4897
4987
4767
4694
4803
4568
4509
4747
4784
4810
4677
4410
4639
4704
4717
4720
4762
4500
4565
4774
4729
4721
4808
4706
4752
4558
4617
4724
4710
4754
4710
4700
4484
4506
4565
4727
4682
4452
4690
4651
4708
4562
4563
4478
4509
4479
4408
4354
4542
4705
4740
4802
4829
4782
4742
4877
4608
4622
4694
4416
4422
4418
4548
4537
4492
4456
4286
4347
4411
4394
4200
4427
4302
4264
4371
4414
4226
4330
4423
4399
4439
4441
4358
4266
4320
4443
4415
4382
4414
4457
4387
4408
4378
4595
4705
4610
4691
4537
4679
4715
4772
4778
4571
4552
4562
4946
4895
4869
4809
4694
4761
4704
4647
4637
4378
4406
4398
4362
4401
4328
4384
4609
4630
4531
4613
4607
4720
4698
4587
4594
4595
4638
4616
4794
4722
4821
4798
4821
4773
4705
4699
4680
4292
4235
4305
4325
4310
4296
4670
4588
4593
4538
4761
4844
4812
4783
4719
4800
4777
4646
4817
4909
4847
5018
4973
5058
5041
4910
5185
5200
5135
5094
5088
5065
5047
5074
5070
4768
4813
4900
4898
4946
4970
4899
4914
4933
4956
4925
4935
4901
4809
5024
4980
4996
4932
4932
5004
4976
4960
4874
5125
5034
4996
4879
4918
5009
4919
4884
4911
4926
4782
4878
4901
4858
4828
4814
4827
4777
4823
4719
4747
4845
4780
4866
4953
4916
4880
4818
4754
4809
4811
4780
4758
4698
4761
4739
4744
4693
4722
4680
4659
4721
4686
4659
4544
4477
4522
4539
4626
4587
4546
4510
4529
4602
4675
4657
4426
4447
4458
4503
4531
4568
4445
4509
4647
4622
4793
4783
4863
4670
4607
4814
4878
4883
4861
4868
4898
4792
4816
4734
4739
4814
4807
4859
4517
4505
4440
4657
4277
4143
4691
4638
4647
4437
4743
4731
4760
4614
4692
4977
4302
4656
4907
4929
4827
5146
5187
5224
5075
5014
4857
5167
5189
5189
4829
4665
4737
5061
4910
4869
4857
4827
4826
4824
4835
4693
4626
4562
5002
5099
5079
5108
5053
5146
5016
4973
5075
5093
4984
4468
4498
4553
4541
4564
4477
4536
4560
4568
4561
4981
5021
5045
4951
4891
5088
5139
5145
5202
5141
5121
5175
5311
5360
5347
4888
5362
5441
5468
5523
5520
5531
5505
5458
5529
5373
5287
5354
5381
5328
5471
5459
5455
5488
5471
5006
5551
5546
5505
5547
5592
5609
5671
5582
5603
5518
5642
5461
5319
5409
5187
5183
5187
5194
5184
5229
5215
5371
5367
5405
5371
5236
5121
5235
5245
5204
4890
4876
4733
4823
4782
4770
4749
4727
4755
4746
4684
4625
4180
4616
4619
4567
4611
4527
4632
4578
4650
4650
4680
4694
4673
4745
4679
4523
4490
4518
4544
4476
4344
4281
4298
4290
4560
4579
4562
4642
4727
4575
4477
4525
4532
4558
4406
4518
4442
4540
4448
4549
4485
4518
4424
4513
4693
4649
4650
4442
4598
4532
4529
4583
4421
4240
4272
4265
4267
4404
4528
4434
4586
4641
4604
4503
4517
4524
4670
4649
4649
4529
4414
4639
4691
4574
4560
4587
4804
4752
4783
4719
4716
4939
5055
5028
5041
4916
4898
4979
5033
5053
4937
4938
4989
4984
5050
5084
5011
5090
5062
5117
5040
4948
5020
5035
5132
5152
5038
5012
5101
5091
5123
5116
5128
5042
5060
4937
4807
4777
5058
4982
4968
4969
5012
5023
4985
4917
4981
5059
5071
4971
4865
4830
4869
4893
4929
4809
4766
4745
4977
5007
5035
5039
5029
5024
4987
4861
4963
5030
4982
5007
5110
5090
5169
5171
5169
5167
5174
5164
5029
5102
5211
5187
5141
5169
5091
5077
5193
5227
5054
5157
5180
5090
5191
5107
5109
5072
4899
4950
4927
4927
4912
4904
4862
4843
4987
5072
5043
5094
5032
4970
4961
4960
5073
4872
4545
4721
4765
4715
4979
5017
5040
5170
5114
5162
5123
5028
5153
4990
4972
4883
4914
4997
5046
5075
5066
4956
5014
4927
5040
5023
4983
4879
4907
4949
4905
4816
4852
4763
4720
4663
4558
4641
4676
4641
4646
4671
4655
4724
4654
4713
4723
4671
4655
4589
4539
4508
4532
4605
4514
4542
4451
4391
4475
4506
4496
4425
4444
4407
4443
4446
4464
4415
4358
4404
4480
4506
4457
4442
4652
4649
4625
4684
4662
4807
4697
4724
4811
4764
4734
4755
4851
4794
4972
4910
4792
4853
4854
4842
4784
4895
4839
4832
4848
4750
4851
4865
4867
4936
4955
4912
4818
4856
5044
5046
5085
4878
5041
5047
5101
5052
5275
5180
5327
5281
5166
5304
5295
5295
5291
5251
5086
4888
5036
5005
5091
5254
5347
5347
5374
5367
5518
5446
5270
5346
5440
5229
5477
5318
5285
5299
5321
5336
5469
5554
5454
5233
5170
5281
5381
5345
5302
5272
5282
5306
5359
4979
5400
5371
5394
5430
5465
5489
5305
5415
5097
5429
5434
5461
5161
5395
5391
5233
4999
5358
5356
5419
5472
5494
5424
5495
5431
5366
5329
5295
5399
5413
5440
5373
5232
5152
5274
5309
5338
5306
5437
5401
5383
5279
5240
5330
5385
5372
5309
5250
5261
5270
5329
5345
5334
5342
5293
5463
5415
5507
5504
5511
5414
5226
5109
5200
5399
5487
5465
5418
5423
5297
5365
5407
5378
5376
5382
5215
5120
5186
5230
5135
5119
5258
4945
5407
5497
5433
5556
5489
5538
5472
5481
5553
5482
5476
5614
5674
5591
5470
5489
5467
5535
5446
5347
5447
5504
5387
5351
5302
5197
5251
5310
5298
5287
5225
5283
5197
5187
4896
4894
4904
4835
5052
5081
5081
5082
4928
4981
5028
4925
4996
5021
4689
4615
4644
4647
4609
4629
4738
4733
4691
4789
4485
4557
4687
4742
4784
4867
4833
4877
4684
4673
4941
4952
5006
5052
4935
4909
5012
4879
4987
4752
5050
4895
4889
4995
4919
4817
4830
5033
5020
4942
5045
4955
4900
4950
4972
4988
5027
5113
4998
4849
5035
5073
5163
5183
5091
5005
5135
5246
5160
5069
5177
5198
5154
5036
5036
5315
5273
5169
4900
5204
5270
5135
5068
5284
5204
5283
5294
5261
5175
5090
5071
5030
5102
5159
5057
4930
4895
4899
5016
5043
5093
5114
5187
5254
5090
5014
5227
5178
5243
5032
4695
5046
5260
5204
4981
5086
5149
4858
4965
5072
5069
5044
5094
4994
4877
4869
4979
4946
4824
4759
4539
4384
4745
4791
4747
4761
4766
4750
4664
4691
4685
4971
4842
4965
4746
4793
4683
4627
4714
4653
4639
4706
4810
4846
4710
4736
4798
4884
4871
4827
4830
4808
4973
4960
4949
4998
4997
4923
5080
4996
4956
5028
4907
4949
5053
5005
4962
4944
5037
4959
4874
4897
4820
4814
4801
4771
4770
4785
4804
4804
4705
4675
4807
4803
4651
4576
4838
4849
4793
4824
4738
4833
4795
4756
4843
4754
4743
4861
4939
4885
4814
4828
4848
4915
4820
4875
4771
4927
4788
4846
4817
4805
4889
4864
4751
4728
4632
4602
4643
4594
4547
4649
4648
4703
4595
4649
4619
4574
4507
4552
4600
4567
4688
4685
4788
4806
4615
4653
4678
4886
4904
4786
4820
4599
4716
4755
4642
4641
4583
4593
4650
4636
4584
4481
4401
4258
4614
4615
4655
4574
4499
4612
4567
4598
4445
4504
4510
4535
4502
4456
4458
4326
4481
4487
4466
4475
4504
4393
4537
4468
4470
4451
4365
4429
4411
4498
4398
4353
4415
4440
4348
4418
4361
135
16
134
421
4567
4512
4690
4676
4769
4566
4621
4598
4555
4554
4562
4627
4544
4583
4576
4551
4543
4469
4487
4561
4590
4680
4640
4656
4684
4766
4810
4923
4880
4797
4822
4846
4876
4922
4777
4781
4733
4758
4914
4820
4910
4931
4879
4828
4917
4927
4998
5012
4947
4877
4783
4816
4759
4748
4923
4947
4827
4770
4943
4749
4819
4898
4941
4905
4906
5014
5023
5155
5154
5153
5178
5109
5113
5174
5058
5105
5026
5086
5056
5077
5073
5053
5188
5142
5222
5096
5054
5003
5113
5115
5105
4747
4750
4805
4814
4974
5026
5067
5180
5183
5203
5212
5107
4999
5045
5081
5080
5089
5048
4976
4980
5004
5043
5006
4943
5096
5052
5116
5061
5166
5099
5022
5197
5284
5281
5159
5107
5079
5253
5356
5254
5341
5207
5151
5312
5163
5193
5219
5249
5256
5177
5295
5315
5188
5230
5198
5177
5097
5017
5097
5084
5032
5202
5227
4731
5155
5156
5183
5253
5221
5260
5260
5212
5325
5333
5373
5403
5477
5529
5484
5365
5283
5362
5444
5424
5548
5473
5443
5411
5386
5497
5406
5408
5382
5268
5294
5517
5521
5566
5325
5478
5442
5469
5440
5510
5392
5476
5324
5383
5337
5378
5392
5472
5358
5383
5434
5328
5270
5398
5392
5451
5339
5393
5348
5383
5354
5298
5240
5117
5216
5179
5190
5118
5165
5123
5187
5218
5139
5201
5212
5222
5325
5310
5238
5200
5228
5203
5377
5373
5271
5311
5243
5198
5251
5124
5105
5031
5345
5342
5114
5369
5199
5035
5115
5239
5291
5392
5236
5228
5266
5330
5350
5406
5408
5496
5436
5499
5417
5516
5414
5492
5478
5525
5480
5394
5224
5443
5411
5386
5387
5433
5375
5420
5427
5442
5420
5363
5345
5411
5474
5459
5467
5423
5455
5606
5635
5455
5561
5625
5649
5573
5630
5631
5461
5455
5208
5460
5375
5486
5586
5592
5572
5478
5434
5397
5446
5402
5326
5073
5108
5244
5238
5326
5198
5248
5331
5170
5274
5282
5256
5270
5185
5444
5529
5390
5543
5402
5366
5404
5316
5059
5138
4832
5023
5174
5106
4987
5014
4989
4948
4873
5003
4992
4809
5073
5279
5322
5199
5143
5312
5357
5277
5270
5264
5184
5230
5264
5305
5326
5330
5306
5546
5553
5563
5641
5655
5660
5623
5575
5429
5546
5548
5513
5477
5522
5621
5537
5458
5517
5532
5523
5524
5576
5544
5519
5530
5485
5470
5459
5442
5459
5281
5435
5434
5453
5466
5554
5466
5458
5475
5426
5525
5505
5403
5537
5531
5533
5542
5570
5458
5493
5539
5573
5446
5376
5542
5504
5546
5518
5463
5463
5377
5475
5497
5522
5422
5313
5297
5335
5298
5414
5493
5515
5465
5420
5292
5372
5465
5424
5325
5427
5490
5355
5557
5657
5661
5717
5694
5760
5672
5617
5649
5610
5579
5525
5644
5652
5751
5676
5734
5722
5681
5717
5664
5546
5617
5539
5544
5454
5525
5505
5522
5479
5304
5360
5399
5412
5424
5263
5175
5265
5277
5319
5306
4850
5185
5195
5168
5189
5108
5198
5179
5167
5042
5131
5074
5077
5083
5252
5177
5182
5296
5160
5202
5152
5070
5245
5288
5247
5210
5252
5071
5167
5001
5036
4874
5022
5076
5086
5055
5024
5021
5009
4980
4959
4930
4985
5094
4948
4528
5197
5223
5155
4994
5016
5259
5271
5326
5308
5265
5284
5255
5110
5130
5127
5144
5157
5021
5126
4994
5059
5205
5153
5159
5254
5036
5138
5037
5042
5103
5120
4997
5007
4940
4726
4736
4730
4739
5025
5000
5024
5044
5109
5118
4965
5084
4982
5044
5085
5091
5174
5169
5145
5171
5319
5264
5282
5014
4854
4856
4868
4807
5277
5296
5326
5216
5151
5122
5147
4911
4950
5101
5131
5137
5122
5135
5159
5113
5128
5209
5175
5082
5026
5150
5261
5261
5229
5150
5266
5294
5280
5288
5217
5255
5377
5364
5304
5315
5285
5364
5263
5347
5291
5267
5381
5424
5434
5425
5310
5486
5523
5473
5519
5419
5434
5408
5413
5507
5495
5501
5550
5436
5436
5394
5356
5498
5243
5407
5428
5184
5139
5133
5142
5130
5163
5206
5186
5009
5252
5207
5304
5421
5423
5402
5376
5322
5337
5337
5432
5438
5263
5229
5301
5277
5256
5104
5123
5088
4926
5117
5133
5165
5199
5238
5190
5136
5211
5192
5105
4927
4968
4974
4944
4931
5108
5088
5114
5103
5133
4993
5039
5019
5085
5131
5170
5121
5021
4996
4882
4866
4979
5056
4979
4926
4991
5052
4920
5075
5114
5030
4865
4905
4903
5046
5040
4928
4860
4656
4643
4567
4743
4753
4791
4742
4625
4589
4781
4597
4982
4990
4990
5041
4981
4893
4949
5110
5166
5106
5068
5068
5088
5153
5154
5141
5146
5024
5124
5046
5071
5092
5030
4987
4992
5075
5066
4884
5131
5100
5093
5121
5061
5198
5156
5168
5135
4978
4982
4952
4955
4992
4862
4670
4693
4807
4708
4547
4831
4872
4769
4842
4687
4766
4716
4731
4736
4720
4569
4646
4709
4544
4588
4667
4695
4694
4668
4648
4603
4652
4701
4711
4462
4658
4640
4612
4692
4640
4438
4484
4563
4595
4571
4610
4684
4659
4700
4686
4680
4586
4600
4679
4767
4675
4730
4611
4671
4632
4730
4720
4640
4594
4542
4473
4519
4512
4610
4605
4556
4614
4583
4316
4366
4395
4458
4535
4512
4474
4498
4517
4490
4562
4514
4556
4510
4172
4337
4389
4377
4379
4246
4191
4107
4095
4072
4292
4837
4870
4946
4990
4903
5147
5110
4960
5047
5145
5097
5102
5259
5347
5156
4996
4913
5187
5015
5158
5082
4913
4926
4772
4969
5017
4928
4957
4919
4854
4845
4837
4813
4817
4822
4762
4812
4813
4840
4867
4917
4886
4894
4774
4789
4776
4765
4867
4674
4573
4731
4815
4823
4826
4924
4889
4892
4825
4825
4755
4642
4845
4867
4748
4749
4890
4911
4855
4846
4936
4989
4884
5030
4996
4968
5015
4902
4814
4878
4910
5049
5059
5050
5055
5013
4950
5027
4936
5155
5101
5249
5270
5342
5261
5357
5252
5308
5315
5294
5219
5231
5110
5209
5249
5223
5243
5112
5017
5093
5141
5081
5124
5097
5092
5054
5048
5001
5071
5056
5064
5081
4955
4789
5005
4986
5053
5118
5093
5028
5201
5348
5310
5323
5378
5410
5526
5603
5419
5459
5509
5561
5528
5509
5350
5399
5417
5409
5208
5117
5272
5258
5350
5351
5166
5288
5239
5065
5104
4961
4887
4950
4945
4952
4844
4702
4819
4806
4812
4727
4729
4670
4754
4729
4693
4717
4758
4766
4715
4806
4833
4736
4789
4819
4833
4792
4873
4868
4832
4824
4745
4616
4986
5008
5179
5152
5151
5153
4967
5095
5153
5106
5205
5118
5169
5090
5073
5126
5248
5286
5189
5250
5333
5395
5428
5485
5448
5387
5404
5412
5343
5136
5192
5221
5235
5415
5434
5476
5478
5463
5438
5430
5470
5580
5563
5514
5530
5573
5604
5576
5468
5481
5239
5309
5323
5301
5399
5437
5434
5363
5368
5374
5215
5342
5332
5153
5138
5119
5137
5156
5147
5156
5107
5119
5157
5194
5273
5232
5293
5282
5253
5264
5275
5033
5273
5296
5276
5229
5214
5248
5225
5207
5068
5056
5034
5049
4972
4953
4908
5100
5027
5024
5018
5014
5077
5084
5027
5033
5081
5017
5028
4748
4860
4955
4929
4984
4890
4980
4935
4829
4834
4836
4613
4998
4965
4807
4995
5121
5099
4971
4926
5101
5229
5185
5175
5204
5196
5157
5263
5257
5319
5291
5167
5120
5253
5332
5363
5241
5199
5257
5214
5210
5220
5220
5153
5100
5048
4989
5101
5063
5073
4801
4788
4864
4872
4932
4933
4646
4797
4757
4762
4735
4768
4645
4617
4648
4534
4606
4195
4107
4294
4267
4259
4264
4239
4465
4570
4581
4644
4587
4600
4602
4646
4601
4582
4451
4478
4493
4536
4532
4562
4538
4367
4432
4383
4357
4470
4519
4502
4389
4407
4533
4507
4546
4182
4638
4704
4671
4689
4603
4660
4665
4631
4568
4338
4388
4419
4442
4458
4441
4491
4377
4262
4261
4243
4232
4385
4476
4493
4435
4444
4369
4635
4664
4803
4744
4870
4870
4917
4882
4675
4689
4600
4546
4544
4493
4497
4469
4370
4502
4303
4416
4472
4476
4434
4502
4423
4369
4446
4482
4414
4236
4219
4204
4160
4425
4576
4592
4455
4494
4508
4584
4570
4543
4510
4515
4471
4561
4535
4547
4470
4435
4538
4584
4570
4575
4445
4481
4568
4511
4410
4459
4544
4552
4542
4529
4525
4583
4441
4582
4594
4543
4592
4497
4642
4585
4699
4726
4821
4815
4407
4803
4811
4837
4953
4914
5079
5005
4866
4746
5041
5036
4941
5089
4979
5164
5176
5141
5128
5061
5205
5165
5228
5051
5067
5092
5264
5291
5259
5384
5301
5355
5344
5261
5332
5169
5177
5270
5245
5252
5187
5175
5159
5178
5116
5159
4975
5106
5118
5049
5075
5028
5077
5142
5102
5155
5160
5192
5119
5179
5154
5139
5011
5035
5119
5190
5181
5164
5123
5138
5195
5146
5072
5033
4922
4679
4718
4912
4952
4912
4902
4833
4874
4791
4722
4869
4908
4704
4902
4900
4839
4859
4776
4889
4774
4751
4879
4811
4880
4674
4987
5018
4960
4930
4864
4774
4778
4716
4153
4037
4069
4140
4121
3985
4090
4090
4063
3997
4072
4051
4680
4681
4689
4749
4706
4832
4795
4768
4784
4822
4876
4906
4872
4900
4756
4858
4865
4828
4712
4753
4871
4872
4934
4884
4883
4823
5100
5062
5043
5029
4981
4954
5108
5043
5220
5062
5116
4994
5045
5083
5102
5079
5022
4944
4886
4949
4927
4922
4884
4732
4605
4868
4973
5012
4963
4956
4898
4912
4857
4730
4721
4776
4756
4753
4794
4764
4812
4816
4760
4822
4752
4659
4832
4839
4804
4837
4776
4763
4790
4857
4829
4838
4825
4815
4836
4763
4823
4788
4815
4822
4768
4733
4711
4664
4627
4576
4187
4179
4201
4133
4181
4188
4177
4193
4211
4426
4455
4481
4481
4479
4468
4586
4644
4346
4728
4727
4698
4655
4724
4710
4674
4710
4732
4695
4718
4697
4677
4626
4623
4730
4694
4479
4501
4425
4535
4628
4602
4544
4539
4450
4411
4435
4519
4458
4502
4474
4445
4508
4508
4409
4488
4371
4304
4206
4374
4420
4305
4343
4358
4305
4288
4211
4144
4242
4442
4388
4262
4275
4341
4351
4130
4234
4241
4205
4075
3842
4261
4031
3943
4005
3972
4024
4045
3899
4025
3945
4012
3981
3869
4052
4048
4140
4145
4110
3938
3510
4073
4144
4063
3938
3872
4019
4046
3905
3805
3902
3870
3894
3865
3866
3853
3820
3793
3851
3856
3785
3872
3851
3884
3724
3879
3891
3929
3899
3959
3934
3920
3961
3958
3908
3849
3948
3983
3963
4046
4074
3961
4097
4136
4187
4225
4161
4190
4256
4235
4274
4262
4206
4212
4225
4225
4347
4356
4450
4415
4444
4410
4380
4315
4401
4429
4337
4213
4202
4214
4191
4194
4214
4205
4186
4213
4151
4142
4149
4067
4129
4193
4209
4217
4170
4131
4153
4187
4149
4199
4250
4327
4286
4344
4310
4374
4399
4414
4305
4278
4238
4196
4200
4205
4102
4240
4228
4188
4280
4274
4257
4208
4244
4239
4265
4222
4286
4156
4115
4020
4039
4057
4042
4049
3984
3950
3970
4013
4101
4072
4039
4024
4069
4121
4152
4127
4068
4078
4075
4080
3944
3909
3867
3890
3840
3765
3771
3697
3675
3726
3663
3655
3625
3597
3737
3653
3677
3589
3572
3616
3617
3946
3944
3977
4020
4005
3976
4070
4125
4068
4112
4075
4035
4084
4068
4247
4231
4342
4336
4304
4372
4313
4386
4397
4316
4360
4258
4150
4122
4180
4067
4061
4065
4086
4065
4081
4020
3879
4123
4105
4182
4196
4106
4102
4241
4232
4082
3908
3835
3985
3982
3914
3924
3877
3859
4017
3986
3972
3981
3994
3979
3961
3992
3940
3965
3974
3940
4013
4008
4002
4021
4043
3982
4035
4011
3940
3938
3948
4060
4050
3965
3968
3891
3764
3731
3794
3750
3777
3743
3740
3787
3778
3785
3805
3737
3634
3341
3749
3793
3667
3640
3681
3656
3731
3716
3686
3607
3569
3572
3656
3616
3625
3644
3748
3725
3760
3773
3721
3749
3657
3682
3641
3616
3635
3514
3565
3653
3616
3615
3569
3553
3678
3684
3694
3701
3704
3900
3892
3895
3941
3830
4072
4080
4033
3855
3977
3959
3801
3967
4027
3890
3833
3777
3844
3779
3852
3858
4216
4163
4168
4197
4149
4177
4136
4150
4107
3906
3906
3848
3898
3891
3926
3913
3865
3849
3855
3775
3851
3902
3892
3901
3932
4001
4027
4034
4103
4102
3978
4061
4098
4093
4054
4119
4125
4114
4143
4271
4231
4263
4313
4331
4347
4326
4316
4301
4328
4308
4314
4330
4304
4340
4360
4304
4302
4310
4404
4427
4305
4405
4414
4443
4414
4384
4399
4331
4311
4208
4212
4238
4248
4314
4307
4289
4274
4284
4303
4266
4146
4245
4274
4302
4332
4339
4370
4329
4318
4539
4572
4574
4541
4509
4504
4637
4592
4594
4637
4639
4656
4690
4674
4652
4665
4658
4559
4607
4701
4655
4769
4708
4744
4796
4774
4703
4812
4915
5043
4995
4950
4941
4964
5056
5091
4963
4956
4855
4814
4846
4720
4799
4775
4746
4778
4669
4655
4677
4628
4669
4660
4614
4646
4619
4699
4662
4682
4731
4723
4796
4787
4426
4577
4587
4599
4605
4785
4763
4888
4755
4728
4697
4671
4759
4747
4711
4693
4649
4710
4789
4786
4808
4839
4809
4735
4666
4886
4926
4889
4853
4863
4972
4960
4998
4977
4929
4930
4915
4922
5007
4846
4840
4775
4717
4912
5011
4911
4940
4924
4840
4890
4915
4950
4962
4978
5011
4967
4955
4908
4908
4867
4854
4963
5093
5137
5091
5119
5038
5103
5153
5098
4919
5075
5055
5206
5233
5293
5295
5509
5632
5548
5479
5472
5511
5530
5487
5542
5526
5293
5456
5415
5289
5557
5714
5626
5646
5665
5607
5604
5649
5657
5627
5538
5514
5592
5675
5632
5712
5622
5511
5637
5605
5619
5610
5424
5681
5534
5350
5459
5411
5406
5399
5354
5404
5401
5495
5485
5458
5513
5523
5459
5544
5395
5493
5500
5475
5456
5434
5481
5539
5647
5698
5623
5718
5708
5627
5578
5624
5662
5626
5779
5754
5710
5825
5831
5754
5726
5672
5658
5620
5473
5741
5815
5793
5809
5768
5731
5842
5818
5848
5757
5752
5658
5812
5821
5864
5768
5638
5693
5748
5547
5550
5562
5586
5645
5658
5583
5430
5495
5490
5533
5591
5628
5567
5508
5414
5377
5492
5389
5449
5563
5416
5275
5489
5646
5706
5565
5650
5654
5641
5565
5621
5703
5683
5712
5673
5712
5586
5479
5734
5748
5688
5517
5504
5583
5624
5645
5569
5469
4895
4933
4957
4920
4918
5035
4994
5014
4961
4919
4936
5011
4953
4795
4714
4965
5076
5099
5139
5225
5243
5242
5222
5319
5331
5322
5309
5149
5276
5363
5444
5482
5302
5189
5201
5438
5465
5378
5435
5350
5312
5278
5192
5276
5335
5321
5358
5355
5264
5363
5392
5263
5426
5416
5461
5450
5419
5484
5454
5507
5440
5484
5343
5377
5400
5476
5495
5523
5497
5509
5450
5456
5079
5115
5041
5049
5077
5113
5138
5138
5129
5095
5124
5073
4996
5026
5013
5180
5234
5234
5209
5219
5260
5217
5168
5114
4793
4792
4809
4809
4849
4813
4832
5291
5460
5497
5538
5505
5467
5523
5381
5575
5556
5475
5363
5300
5539
5561
5664
5483
5588
5642
5664
5638
5620
5579
5500
5533
5496
5405
5491
5496
5497
5474
5451
5328
5486
5471
5499
5447
5415
5333
5332
5385
5498
5417
5445
5381
5384
5421
5415
5439
5414
5363
5365
5368
5420
5409
5431
5181
5481
5586
5532
5563
5496
5506
5515
5444
5208
5629
5692
5799
5800
5747
5644
5563
5549
5455
5604
5581
5411
5456
5518
5550
5589
5541
5527
5602
5558
5586
5619
5560
5638
5679
5719
5703
5738
5739
5659
5721
5765
5762
5786
5683
5696
5663
5699
5748
5655
5572
5702
5758
5725
5719
5613
5544
5522
5515
5580
5625
5602
5627
5524
5537
5564
5549
5452
5530
5527
5667
5687
5678
5704
5711
5678
5547
5640
5604
5451
5457
5627
5595
5582
5671
5695
5671
5750
5649
5628
5301
4959
5343
5384
5368
5280
5100
5159
5234
5260
5321
5363
5271
5225
5257
5406
5313
5285
5268
5195
5214
5368
5345
5203
5140
5260
5114
5239
5320
5310
5354
5273
5327
5343
5289
5345
5218
5164
5210
5141
5042
5264
5196
5204
5268
5229
5221
5115
5130
5255
5133
5108
4769
5157
5266
5180
5434
5385
5528
5442
5572
5686
5378
5179
5150
5286
5213
5097
5256
5433
5439
5452
5374
5211
5193
5135
5332
5285
5288
5188
4939
5038
5340
5199
4966
5179
5261
5245
5262
5193
4894
4965
5054
5082
4896
4860
4788
4878
4844
4702
5033
5040
5238
5266
5164
5371
5445
5326
5197
5227
5220
5111
5188
5330
5320
5263
5365
5227
5278
5192
5110
5163
5208
5195
5230
5277
5181
5203
5335
5177
5051
5242
5223
5238
5228
5065
4914
5294
5302
5034
5282
5214
4921
5080
4773
5169
5134
5209
5111
5186
5264
5235
5340
5300
5016
5173
5216
5269
5198
5087
5035
5131
5196
5152
5213
5186
5065
5042
5070
4996
5016
4967
4865
4950
4862
4913
4894
4976
4977
4962
4952
4896
4900
4773
5017
5094
5048
5100
4982
5007
5062
5090
5078
5118
4989
4975
5136
5092
5318
5174
5125
5244
5227
4815
4971
4871
4865
4697
4841
4910
4841
4986
4998
4976
4783
4714
4852
4979
4943
4866
4571
4490
4452
4582
4640
4583
4628
4535
4405
4681
4581
4528
4697
4549
4454
4366
4533
4563
4568
4514
4644
4526
4491
4594
4785
5014
5028
4935
4886
4976
4776
4733
4881
4719
4314
4449
4687
4633
4670
4649
4546
4669
4599
4708
4535
4460
4659
4596
4656
4791
4756
4779
4797
4626
4781
4829
4936
4981
5002
4917
4962
4976
4904
5032
4912
5028
5008
5025
4955
4864
4851
5132
5430
5305
5327
5208
5123
5267
5239
5220
5252
5153
4959
5057
5064
5140
4935
5035
5025
5001
5020
5049
4995
5009
4868
4993
5090
5057
5112
5122
5244
5319
5315
5316
5198
5199
5262
5371
5364
5130
5151
5252
5189
5412
5413
5484
5331
5335
5468
5580
5565
5485
5449
5455
5588
5514
5595
5549
5518
5335
5348
5271
5140
5323
5254
5192
5349
5472
5382
5525
5495
5326
5252
5322
5319
5328
5284
5290
5232
5302
5350
5179
5157
5148
5359
5365
5323
5295
5229
5317
5163
5168
5295
5224
5265
5160
5004
5220
5217
5325
5263
5232
4990
4927
5108
5129
5018
4913
4826
4954
5061
5117
5121
5039
5050
5064
5131
5087
5054
4985
4883
4957
4957
4940
5148
5164
5072
5206
5367
5290
5194
5252
5098
4932
4838
5100
5053
4943
4848
4832
4892
4887
4978
5139
5034
4857
5083
5187
5139
5279
5198
5236
5196
4932
4861
5097
5060
4894
4960
4912
4999
4977
4945
5076
4923
4811
5102
5228
5186
5078
5080
5121
5092
5093
5208
5107
4932
4920
5025
4867
4853
4903
4804
4829
4892
4890
4729
4444
4355
4429
4485
4467
4486
4968
4971
4957
5012
5054
5066
5041
4776
4890
4913
4920
4951
4941
5067
5053
5133
5022
5071
5163
5089
5122
5113
5064
4900
4972
5075
5142
5152
5143
5082
5153
5150
5170
5023
4948
5102
5135
5015
4887
5159
5137
5141
5005
5100
4970
5021
5004
4578
4657
4703
4692
4910
5054
5074
5100
5096
5050
5172
5162
5204
5216
5197
5123
5274
5239
5418
5374
5374
5289
5400
5233
5198
5167
5240
5203
4963
5412
5391
5342
5343
5139
5094
5258
5081
5208
5130
4865
5267
5196
5205
5239
4860
4880
4861
4889
4800
4923
5041
5047
5063
4973
4805
4875
4549
4731
4829
4830
4872
4779
4715
4786
4855
4845
4699
4790
4871
4766
4753
4752
4727
4835
4898
4919
4931
4771
4717
4822
4829
4962
4936
4757
4895
4898
4901
4656
4851
4866
4912
5004
4908
4946
5010
5118
5080
5067
4888
4911
4903
4960
4854
4882
4701
4747
4764
4788
4889
4918
4873
4829
4894
4976
4995
5021
4962
4956
4845
4894
5112
5077
4982
4888
5058
5173
5071
5189
5114
5034
5074
5041
4833
4870
4864
4857
5069
5141
5142
5269
5274
5164
5106
5285
5415
5422
5280
5324
5383
5357
5422
5315
5272
5355
5312
5397
5290
5213
5356
5215
5312
5299
5338
5287
5381
5289
5227
5264
5207
5056
5087
5065
5108
5049
4884
4694
4765
4671
5012
5075
5021
5033
5100
4990
4820
4901
4795
4873
4886
4923
4932
4957
4875
4803
4944
4930
5069
5075
5017
5086
4997
5011
5082
5094
5126
5099
5142
5101
5050
5218
5225
5173
5198
5240
5203
5058
5167
5227
5298
5202
4881
5133
5007
5086
5118
5048
5155
5061
4853
4923
5247
5198
5128
5069
5047
5163
5099
5052
5084
5043
4994
4982
4898
4909
4856
4908
4866
4906
4871
4904
4987
4960
5004
4933
4940
4881
5068
5085
5044
4906
4961
4974
4963
4968
4964
4845
4801
4689
4808
4907
4932
4882
4900
4921
4935
4873
4705
4820
4837
4843
4831
4770
4710
4876
4948
4891
5024
5079
5031
5023
4940
4846
4888
4975
4990
4870
4749
4806
4816
4819
4798
4841
4905
4804
4784
4789
4924
4866
5008
5021
4991
4989
4927
4946
5061
4927
4849
4945
5034
5015
4937
5002
5049
4866
4917
4898
4972
4930
5012
5094
5007
5085
5153
5199
5220
5276
5185
5035
5292
5307
5200
5180
5295
5336
5295
5241
5305
5176
5176
5234
5290
5276
5222
5230
5200
5206
5227
5143
5160
5056
5092
5161
5140
5093
4960
4809
5046
5017
5009
4971
4947
4969
4980
4921
4950
4922
4989
4987
5001
4921
4829
4697
4703
4728
4755
4754
4801
4855
4859
4881
4931
4917
4967
4915
4775
5030
4972
4955
5048
5022
5046
4918
5043
4827
4974
4988
4879
4898
4872
4904
4933
4799
4832
4821
4932
4914
4885
4990
4912
5002
4964
4920
4805
4929
4939
4883
4840
4653
4875
5064
5089
4945
4944
4993
4956
5085
4962
5004
4913
4815
4637
4882
4937
4930
4772
4712
4815
4770
4735
4597
4887
4914
4713
4727
4763
4808
4853
4768
4792
4580
4674
4668
4777
4806
4792
4764
4733
4635
4753
4697
4649
4822
4797
4828
4672
4760
4859
4722
4788
4761
4652
4673
4601
4686
4686
4613
4597
4545
4554
4553
4581
4540
4577
4536
4501
4466
4424
4474
4574
4530
4395
4324
4344
4642
4619
4634
4639
4461
4425
4497
4591
4368
4484
4578
4638
4627
4649
4550
4472
4729
4735
4709
4616
4597
4668
4669
4742
4757
4714
4853
4850
4731
4569
4625
4659
4623
4918
4940
4862
4810
4996
4794
4888
4811
4881
4851
4841
4799
4772
4709
4731
4798
4818
4793
4734
4732
4886
4922
4931
5074
4992
4971
5010
5023
5143
5084
4720
5040
4998
5184
5186
5149
5106
4983
4932
4820
4954
5007
4851
4851
4883
4827
4885
4795
4822
4814
4732
4763
4690
4658
4731
4686
4635
4653
4654
4708
4683
4631
4714
4685
4739
4669
4628
4571
4532
4617
4602
4604
4510
4500
4537
4513
4567
4549
4518
4530
4520
4536
4521
4491
4491
4539
4552
4506
4574
4569
4571
4555
4649
4618
4640
4600
4625
4680
4662
4683
4575
4555
4630
4660
4669
4638
4631
4624
4520
4768
4581
4771
4745
4596
4687
4740
4597
4743
4586
4553
4689
4719
4732
4632
4613
4530
4730
4674
4790
4721
4789
4759
4833
4811
4823
4869
4922
4851
4944
4844
4837
4916
4828
4951
4818
4740
4765
4795
4661
4621
4782
4824
4747
4827
4751
4613
4663
4764
5030
5011
5132
5037
4940
4961
5054
5131
5054
5094
5076
4711
4752
4776
4801
4833
5120
5048
5210
5357
5265
5211
5223
5261
5323
5067
5189
5081
5127
5131
5140
5116
5117
5143
5167
5144
5153
5163
5168
5112
5202
5296
5193
5208
5273
5161
5205
5236
5260
5301
5140
5177
5132
5202
5213
5287
5247
5420
5373
5518
5475
5466
5515
5515
5521
5509
5441
5603
5508
5633
5724
5665
5757
5672
5781
5803
5737
5780
5826
5835
5795
5798
5771
5733
5656
5652
5562
5541
5432
5507
5590
5540
5592
5586
5407
5462
5413
5577
5505
5406
5462
5529
5490
5431
5363
5501
5581
5485
5475
5510
5602
5579
5640
5525
5491
5635
5672
5602
5685
5529
5601
5531
5622
5516
5592
5339
5544
5633
5631
5657
5677
5601
5551
5640
5631
5578
5447
5475
5579
5664
5636
5751
5614
5585
5650
5571
5651
5528
5709
5487
5357
5496
5547
5610
5662
5606
5568
5598
5818
5840
5766
5810
5857
5995
6041
5967
5991
5793
5880
5754
5797
5820
5707
5732
5515
5642
5652
5540
5532
5510
5527
5413
5447
5693
5647
5661
5629
5441
5511
5578
5519
5547
5488
5479
5458
5524
5486
5503
5442
5923
5911
5846
5913
6017
5996
5915
5865
5827
5673
5699
5628
5631
5674
5548
5492
5629
5668
5579
5509
5536
5426
5427
5436
5502
5507
5406
5254
5414
5249
5235
5250
5203
4893
5448
5522
5516
5583
5632
5618
5779
5746
5747
5612
5609
5802
5741
5933
5933
5793
5868
5773
6038
6061
6031
6000
5933
5993
6135
6121
6108
6138
6036
6128
6226
6161
5750
6107
6190
6172
6213
6218
6278
6197
6158
6356
6281
6274
6271
6271
6274
6280
6322
6334
6368
6348
6328
6367
6339
6293
6195
6132
6056
6059
6128
6135
6148
6073
6056
6035
6005
6104
6025
5845
5867
5847
5782
5957
6103
6108
5826
5997
5893
5765
5643
5477
5570
5749
5454
5729
5659
5499
5666
5479
5592
5712
5666
5674
5696
5517
5642
5711
5699
5752
5559
5839
5835
5869
5867
5874
5895
5987
6045
6011
6023
6143
6165
6230
6170
6109
6022
5954
5951
5995
5905
5780
5783
5954
5926
5936
5872
5907
5923
5887
5924
5933
6108
6053
6075
6140
6141
6151
6213
6174
6152
6068
5873
5806
6127
6111
6062
5824
5723
5823
5815
5808
6117
6232
6227
6289
6257
6148
6125
6245
6308
6366
6384
6404
6334
6352
6325
6240
6190
6091
6131
6108
6206
6209
6112
6064
6098
6086
6055
6050
6028
5969
5987
5956
6079
6052
6034
6006
5991
5912
5888
5871
5849
5837
5761
5705
5673
5626
5590
5473
5386
5528
5424
5403
5444
5450
5357
5471
5434
5399
5406
5332
5412
5441
5416
5332
5343
5421
5363
5332
5286
5341
5243
5216
5231
5252
5277
5307
5304
5302
5278
5320
5368
5468
5594
5644
5718
5769
5768
5776
5654
5770
5809
5867
5865
5853
5847
5841
5835
5826
5789
5844
5576
5689
5654
5797
5834
5685
5577
5501
5348
5425
5522
5476
5319
5287
5284
5263
5365
5258
5276
5237
5181
5198
5156
5100
5214
5184
5328
5277
5239
4989
5086
5020
4963
5153
5283
5194
5311
5408
5453
5372
5248
5345
5274
5351
5308
5309
5217
5191
5130
5193
5110
5230
5053
5015
4850
4775
4768
4783
4842
5012
4812
4876
4928
4886
4882
4832
5029
4990
5025
5082
5080
5080
5150
5178
5218
5172
5139
5200
5051
5143
5382
5336
5336
5201
5222
5257
5275
5196
5283
5210
5265
5316
5288
5274
5150
5239
5379
5320
5400
5305
5392
5327
5446
5393
5325
5319
5423
5443
5497
5422
5279
5349
5359
5189
5255
5244
5291
5245
5301
5287
5584
5608
5638
5725
5765
5784
5841
5693
5709
5833
5697
5761
5474
5485
5424
5460
5481
5444
5496
5432
5381
5432
5319
5343
5297
5371
5352
5314
5305
5255
5418
5485
5391
5368
5258
5380
5332
5362
5386
5213
5338
5405
5307
5538
5507
5511
5471
5412
5476
5459
5423
5401
5218
5288
5286
5319
5244
5277
5164
5236
5243
5226
5292
5296
5284
5239
5263
5107
4770
4803
4844
4816
4853
4864
4804
4984
4972
5051
5082
5129
4982
5025
4820
4939
4939
4937
4916
5018
4938
4899
5062
4999
5062
5156
5061
5033
4884
4878
4858
4557
4534
4923
5053
5004
4607
4721
4736
4752
4725
4754
4662
4594
4619
4653
4682
4644
4670
4761
4711
4623
4717
4530
4360
4462
4826
4899
4879
4878
4676
4494
4484
4424
4415
4453
4562
4488
4732
4774
4900
4931
5052
4958
5019
5138
5179
5134
5109
5052
5083
4639
4929
5112
5104
4941
5008
4992
5019
4972
4998
5025
4981
5078
5142
5047
5081
5103
4967
5052
5069
4969
5062
4880
5242
5247
5206
5087
5126
5092
5218
5233
5125
4993
5033
5063
4972
4943
5021
5078
5038
5025
5071
5040
5066
5118
5083
5084
5119
5156
5176
5160
5136
5192
5234
5252
5259
5252
5382
5318
5328
5353
5340
5348
5322
5156
5192
5181
5162
5158
5169
5329
5361
5278
5347
5357
5346
5339
5319
5282
5254
5170
5278
5245
5229
5270
5294
5267
5235
5252
5182
5322
5253
5239
5233
5200
5112
5101
5060
5057
4959
5029
4994
5014
4984
4968
4946
4906
4960
4939
4943
4986
5021
5024
5066
5065
5125
5140
5176
5243
5368
5344
5360
5390
5385
5461
5409
5089
5132
5125
5069
5163
5191
5426
5311
5341
5281
5240
5282
5286
5334
5311
5158
5102
5117
5126
5119
5159
5135
5029
5102
5165
5045
5064
5002
5073
5052
5037
5057
4986
4909
4959
4829
4724
5015
5037
4989
5054
5020
4991
4900
4916
4936
4871
4970
4823
4763
4757
4650
4935
4896
4934
4919
4890
4968
5011
5084
5058
5094
5086
5112
5161
5211
5115
5118
5176
5173
5131
5082
5047
5006
5092
5079
5111
5028
5005
4966
4901
4897
4766
4888
4954
4932
4828
4924
4920
4907
4843
4813
4739
4674
4740
4730
4790
4788
4788
4788
4845
4810
4773
4829
4840
4813
4862
4847
4900
4825
4842
4883
4898
4838
4813
4724
4738
4726
4904
4956
4900
4893
4920
4892
4949
4929
4958
4939
4951
4931
5125
5053
5060
5155
5019
5090
5239
5275
5247
5097
5040
5073
4981
4923
4523
4608
4619
4677
4637
4630
4583
4636
4556
4398
4643
4732
4741
4546
4560
4356
4552
4614
4608
4616
4616
4513
4474
4518
4564
4604
4496
4379
4239
4558
4527
4553
4428
4180
4325
4463
4317
4420
4506
4529
4404
4446
4376
4410
4376
4412
4381
4355
4598
4665
4683
4704
4501
4492
4604
4726
4747
4677
4467
4187
4047
4098
4075
4024
4069
4036
4042
4115
4466
4495
4546
4613
4656
4439
4632
4593
4565
4586
4514
4579
4540
4584
4497
4533
4467
4544
4563
4456
4551
4601
4584
4601
4619
4598
4566
4635
4640
4750
4757
4743
4487
4470
4589
4594
4593
4606
4765
4834
4791
4845
4808
4801
4817
4777
4778
4720
4840
4926
4871
4941
4808
4891
4944
4842
4876
4679
4514
4537
4546
4499
4526
4521
4552
4548
4511
4465
4473
4485
4416
4654
4596
4677
4644
4427
4509
4593
4645
4714
4881
4707
4615
4686
4729
4874
4766
4742
4865
4736
4805
4965
5066
4950
4859
5014
4950
4933
4991
4807
4625
4687
4774
4803
4691
4506
4616
4605
4587
4493
4718
4757
4719
4669
4677
4710
4606
4805
4861
4795
4649
4588
4699
4615
4413
4557
4690
4722
4677
4790
4985
4773
4858
4742
4558
4662
4812
4812
4620
4485
4591
4436
4225
4461
4543
4603
4463
4572
4574
4539
4634
4547
4642
4613
4560
4559
4439
4488
4566
4641
4640
4552
4563
4612
4572
4524
4780
4756
4788
4814
4869
4962
4802
4922
4863
4851
4814
4825
5021
5138
4965
4953
5023
4942
4995
4984
4893
4932
5038
5096
5042
5094
5082
5044
4994
4924
4913
4907
4363
4400
4398
4360
4339
4348
4332
4328
4369
4352
4510
4716
4676
4779
4762
4795
4810
4762
4735
4701
4728
4661
4851
4962
5023
4994
4943
4931
4920
4926
4931
4874
4830
4810
4784
4929
4913
4805
4833
4862
4757
4907
4889
4741
4777
4623
4595
4661
4654
4699
4488
4654
4791
4823
4867
4917
4858
4808
4928
4885
4778
4861
4873
4835
4806
5114
5135
5044
5150
5192
5155
5218
5104
4992
5093
5118
5125
5049
5079
5085
4947
4702
4633
4955
5043
5016
4907
4824
4896
5049
4998
5151
5127
5077
5213
5137
5116
5236
5123
5086
5115
5037
5115
5104
5049
5044
5157
5136
5176
5011
5111
5124
5117
5158
5086
5182
5126
4600
4595
4704
4890
5027
5054
5080
5056
4940
4875
4906
5024
5109
5144
4986
4932
5042
5005
5093
5019
4851
4739
4727
4816
4783
4831
4776
4701
4706
4758
4822
4831
4870
4908
4865
4908
4866
4988
5085
4986
5022
4956
4895
4909
4937
4951
4867
4851
4846
4826
4653
4648
4578
4604
4627
4500
4632
4475
4804
4743
4817
4858
4818
4840
4767
4809
4838
4769
4800
4873
4830
4820
4851
4834
4886
4792
4799
4901
4915
4906
4914
4942
5000
4865
4753
4886
4975
5024
5108
4987
5032
5016
4987
4928
5120
5067
5058
4847
4759
4910
4933
4988
4956
4805
4834
4872
4925
4867
4913
4867
4818
4784
4699
4826
4847
4896
4929
4894
4873
4841
4758
4811
5033
5002
5072
5035
4959
4998
4890
4828
4909
4961
4986
4991
4938
4915
4891
4988
5046
4970
4974
4955
4831
4856
4662
4650
4748
4731
4661
4660
4669
4721
4778
4748
4739
4702
4587
4457
4530
4456
4561
4682
4636
4581
4790
4893
4801
4753
4612
4639
4657
4564
4737
4701
4783
4718
4779
4820
4804
4681
4662
4827
4732
4728
4755
4773
4739
4774
4681
4674
4652
4729
4745
4721
4681
4774
4640
4719
4769
4756
4669
4533
4710
4693
4507
4593
4726
4710
4741
4704
4789
4776
4808
4792
4834
4749
4731
4804
4842
4765
4817
4848
4836
4811
4830
4768
4894
4911
4850
4759
4798
4719
4439
4745
4669
4829
4920
4822
4803
4751
4809
4753
4771
4625
4626
4500
4607
4588
4571
4542
4485
4606
4602
4606
4658
4585
4622
4654
4734
4718
4682
4658
4759
4757
4577
4693
4923
4887
4833
4882
4773
4810
4846
4815
4640
4896
4984
4929
4890
4996
5075
5067
4981
4919
4857
4949
4962
4874
4900
4884
4787
4892
4916
5011
4901
4708
4916
4875
4900
4843
4743
5087
5049
5030
5068
5168
4954
4704
4960
5096
4915
4999
5058
4898
4593
4828
4791
4859
4901
4759
4832
4777
4820
4711
4514
4764
4556
4555
4659
4560
4637
4581
4713
4841
4789
4634
4749
4676
4786
4771
4639
4687
4648
4282
4535
4696
4575
4489
4763
4714
4713
4678
4816
4926
4963
4913
4924
4688
4890
4899
4961
4900
4882
4900
4795
4953
4986
4825
4843
4456
4437
4571
4601
4562
4472
4527
4776
4778
4800
4853
4751
4827
4843
4746
4787
4712
4664
4648
4732
4577
4537
4604
4647
4706
4694
4708
4704
4695
4682
4661
4636
4629
4644
4699
4673
4654
4744
4721
4762
4841
4764
4627
4645
4592
4451
4596
4730
4639
4673
4617
4607
4684
4736
4905
4856
4736
4647
4677
4730
4695
4705
4529
4625
4589
4599
4572
4674
4710
4779
4836
4830
4717
4724
4645
4656
4964
4962
4949
4975
4943
4991
4993
4999
4999
4967
4929
4869
4697
4604
4706
4796
4776
4781
4782
4880
4871
4844
4902
4819
4835
4816
4728
4749
4709
4694
4842
4774
4817
4817
4812
4796
4737
4740
4682
4715
4683
4765
4752
4678
4719
4691
4598
4599
4668
4589
4630
4745
4677
4610
4584
4577
4658
4658
4648
4548
4589
4629
4657
4655
4664
4702
4663
4655
4702
4726
4707
4696
4694
4620
4677
4657
4704
4658
4696
4736
4804
4659
4800
4816
4875
4997
5015
5054
4968
4801
4652
4755
5020
4970
4933
4666
4758
4889
4886
4854
4915
4798
4639
4548
4725
4599
4336
4676
4942
4929
5003
5020
4845
4960
4710
4730
4747
4839
4877
4835
4993
4934
4910
4892
4808
4761
4832
4547
4357
4427
4374
4366
4837
4895
4916
5060
4878
4795
4838
4895
4897
4775
4716
4571
4603
4729
4760
4916
4813
4785
4756
4719
4764
4782
4733
4758
4624
4634
4591
4626
4664
4677
4613
4478
4277
4533
4695
4571
4676
4663
4680
4866
5013
5039
5039
5021
4919
4983
5008
5011
5070
5056
5023
5059
5094
5103
5091
5032
4864
5043
4873
4770
4814
4813
4762
4744
4596
4797
5100
5072
5123
5129
5040
5208
5176
5245
5233
5168
5267
5169
5204
5172
5167
5176
5210
5096
5135
5190
5260
5235
5237
5348
5489
5506
5501
5453
5413
5437
5452
5290
5261
5314
5264
5308
5320
5224
5133
5106
5126
5139
5086
5237
5238
5200
5156
5084
5133
5060
5091
5211
5246
5189
5085
5322
5292
5238
5142
5002
5155
5184
5194
5134
5104
5054
5002
5142
5109
5159
5118
4887
4896
4875
4876
4925
5044
5015
4881
5057
4867
4874
4891
4963
4902
4867
4797
4821
4737
4729
4608
4686
4693
4668
4684
4590
4664
4593
4694
4724
4621
4511
4705
4661
4660
4622
4755
4759
4722
4903
4901
4907
4990
4893
4990
5041
5061
5096
4945
4849
4881
5073
5001
4867
4839
4647
4683
4721
4966
4919
4912
4987
4950
4946
4932
4878
4890
4848
5205
5180
5258
5257
5257
5316
5399
5459
5413
5301
5340
5252
5204
5288
5280
5494
5527
5571
5495
5554
5507
5466
5496
5443
5367
5326
5371
5416
5437
5422
5358
5349
5082
5292
5300
5349
5153
5094
5055
5126
5184
5204
5160
5158
5199
5140
5118
5153
5220
5150
5154
5218
5265
5213
5326
5220
5076
5197
5255
5366
5339
5320
5231
5142
5210
5328
5316
5205
5293
5235
5223
5295
5239
5481
5531
5599
5639
5660
5629
5608
5567
5602
5510
5401
5473
5494
5441
5431
5553
5504
5440
5562
5540
5621
5672
5549
5641
5671
5653
5551
5615
5749
5499
5604
5566
5689
5795
5738
5793
5616
5716
5792
5738
5625
5692
5682
5632
5581
5760
5543
5403
5670
5560
5366
5290
5606
5600
5380
5336
5417
5413
5461
5533
5495
5355
5388
5400
5269
5293
5384
5433
5396
5522
5437
5306
5294
5308
5280
5457
5447
5453
5319
5350
5310
5295
5313
5225
5184
5154
5159
5211
5215
5130
5171
5162
5118
5214
5184
5194
5196
5119
5145
5195
5178
5274
5221
5098
5115
5209
5156
5023
5212
5253
5267
5249
5255
5329
5323
5325
5359
5390
5302
5305
5120
5192
5198
5491
5553
5501
5650
5574
5664
5589
5458
5502
5568
5562
5525
5480
5392
5388
5400
5357
5350
5259
5403
5358
5423
5364
5358
5484
5571
5564
5687
5386
5423
5297
5278
5301
5425
5503
5465
5423
5526
5501
5418
5369
5376
5424
5345
5507
5453
5479
5519
5668
5560
5666
5441
5398
5634
5636
5634
5550
5622
5593
4887
5550
5316
5456
5217
5296
5447
5473
5334
5466
5549
5512
5502
5282
5523
5188
5429
5527
5398
5549
5495
5412
5403
5375
5339
5233
5238
5316
5355
5308
5300
5234
5289
5181
5288
5056
5182
5265
5194
5141
5261
5137
5350
5269
5268
5254
5246
5111
5147
5170
5331
5318
5406
5539
5460
5477
5424
5385
5337
5301
5467
5361
5276
5163
5180
5278
5303
5271
5335
5182
5166
5188
5057
4796
5043
5167
5166
5207
5183
5209
5210
5148
5271
5343
5250
5132
5103
5261
5222
5201
4924
4951
4923
4771
4755
4846
4801
4784
4769
4973
4922
4878
4901
4923
4854
4924
4754
4729
4876
5036
5030
4943
4964
4899
4905
4956
4890
4673
4697
4765
4765
4760
4764
4725
4663
4648
4652
4696
4644
4530
4398
4449
4706
4659
4655
4720
4709
4646
4636
4606
4592
4557
4564
4536
4437
4507
4440
4348
4603
4749
4778
4703
4649
4730
4732
4746
4761
4636
4673
4694
4714
4782
4693
4749
4710
4709
4690
4654
4733
4707
4706
4666
4697
4606
4700
4626
4684
4611
4660
4604
4624
4570
4627
4512
4591
4556
4578
4620
4590
4590
4621
4375
4332
4338
4457
4471
4465
4518
4510
4524
4500
4484
4550
4360
4367
4360
4350
4418
4379
4419
4348
4359
4331
4330
4326
4348
4330
4362
4362
4382
4213
4474
4464
4425
4439
4502
4342
4380
4501
4555
4473
4399
4434
4419
4505
4513
4497
4508
4409
4415
4399
4381
4355
4318
4323
3776
3817
3850
3854
4319
4320
4372
4472
4484
4466
4454
4504
4571
4581
4632
4582
4644
4624
4687
4626
4516
4667
4681
4620
4572
4631
4695
4767
4810
4804
4776
4811
4850
4865
4861
4717
4625
4608
4694
4635
4603
4480
4463
4422
4498
4574
4558
4524
4551
4542
4543
4554
4564
4513
4187
4286
4240
4268
4278
4313
4304
4280
4317
4327
4288
4245
4204
4244
4264
4264
4258
4209
4132
4195
4259
4207
4179
4148
4196
4243
4193
4227
4198
4159
4212
4256
4277
4153
4081
4227
4163
4258
4235
4255
4196
4169
4099
4040
4054
3991
4065
3962
3950
4157
4386
4369
4454
4344
4246
4226
4233
4314
4115
4210
4140
4350
4454
4493
4461
4456
4422
4627
4495
4173
4529
4481
4633
4433
4763
4701
4690
4713
4311
4490
4673
4399
4721
4535
4680
4656
4537
3996
4592
4638
4110
2644
3431
3336
3604
3712
3710
2970
3014
3304
2473
3211
2959
3079
3407
3416
3327
3394
3586
3765
3350
3778
3743
3294
3057
3253
3621
3573
3104
3142
3307
3254
3340
3539
3712
3668
3668
3619
3614
3749
3786
3773
3886
3712
3947
3941
4060
4047
3837
3847
4085
3936
3675
3965
4237
4002
4386
4471
4596
4361
4402
4224
4249
4623
4416
4737
4599
4792
4468
4519
4528
4512
4521
4433
4709
4698
4648
4724
4611
4614
4247
4566
4739
4807
4850
4700
4677
4795
4614
4955
4850
4900
4786
4785
4677
4259
4555
4787
4697
4864
4805
4683
4850
4775
4807
4654
4655
4636
4742
4639
5027
5146
4967
4943
5083
5039
5060
4579
4853
5090
5110
4966
4901
5029
4975
5214
5292
5212
5248
5031
5112
5114
5096
5163
5088
5105
5060
5137
4876
5015
4979
4914
4767
4720
4944
4965
4937
5047
4979
5014
4871
4986
4898
4834
4758
4671
4599
4577
4665
4692
4705
4643
4691
4714
4715
4631
4647
4666
4749
4625
4560
4605
4543
4626
4466
4565
4562
4516
4463
4567
4529
4346
4546
4581
4537
4599
4600
4623
4561
4515
4634
4819
4782
4723
4677
4643
4718
4753
4753
4664
4701
4684
4653
4632
4692
4650
4603
4384
4393
4333
4368
4338
4077
4055
4004
4049
4016
4182
4153
4277
4254
4236
4252
4214
4272
4226
4242
4323
4308
4347
4302
4318
4312
4263
4262
4314
4378
4401
4365
4335
4186
4197
4239
4250
4257
4241
4139
4301
4307
4283
4325
4332
4389
4445
4381
4387
4117
4087
4112
4116
4146
4164
4066
4089
3984
4283
4297
4421
4383
4394
4423
4308
4266
4144
4302
4318
4321
4255
4278
4300
4428
4429
4351
4261
4071
3994
4028
4054
4141
4087
4208
4241
4293
4314
4328
4280
4415
4423
4355
4450
4426
4422
4455
4506
4478
4486
4483
4370
4247
4458
4479
4614
4597
4615
4547
4584
4640
4530
4542
4347
4593
4634
4634
4579
4674
4558
4743
4708
4656
4664
4272
4229
4247
4259
4332
4394
4343
4289
4302
4198
4155
4147
4141
4196
4190
4183
4606
4621
4612
4819
4843
4797
4776
4757
4820
4939
5049
5147
5174
5152
5068
4775
5248
5212
5255
5124
5092
5138
5173
5194
4970
5235
5240
5078
5215
5191
5149
5258
5221
5264
5259
5279
5321
5323
5322
5333
5295
5285
5278
5270
5247
5179
5279
5264
5087
5290
5245
5175
5000
4962
5113
5034
5043
4748
4925
4930
4937
4935
4877
4916
4820
4657
4554
4741
4547
4528
4643
4656
4572
4595
4466
4251
4673
4639
4650
4452
4548
4571
4542
4387
4411
4457
4446
4429
4437
4407
4467
4398
4538
4516
4420
4164
4147
4141
4092
4129
4260
4276
4298
4293
4251
4069
3976
3923
3950
4273
4255
4279
4227
4239
4245
4275
4158
4228
4218
4175
4289
4390
4374
4412
4377
4411
4268
4307
4325
4165
4186
4109
4123
4076
4083
4156
4130
4119
4115
4010
4033
4017
3926
3876
3906
4010
4008
4000
3993
3980
4082
4099
4021
3978
3571
3358
3390
3368
3256
3270
3236
3257
3621
3647
3667
3728
3661
3690
3700
3636
3604
3617
3619
3638
3598
3634
3642
3683
3707
3626
3724
3823
3777
3808
3778
3873
3792
3801
3707
3727
3735
3813
3835
3843
3734
3697
3817
3823
3843
3796
3808
3835
3845
3746
3666
3879
3874
3845
3874
3866
3984
4021
3991
4018
3941
3954
4053
4146
4132
4074
4054
4011
3958
3938
4073
4183
4067
3940
3929
4135
4122
4105
4073
4161
4138
4179
4106
4279
4169
4125
4263
4095
4020
3913
3887
3810
3812
3704
3609
3733
3772
3850
3701
3821
3855
3984
4002
3949
3917
3910
3923
3920
3911
3915
3920
3889
3917
3850
3643
3816
3824
3840
3726
3789
3787
3832
3896
3855
3798
3803
3784
3789
3967
3994
4008
4016
3991
4014
4095
4087
4138
4110
4109
3984
4052
4143
4090
4089
3963
3981
4025
3947
3910
3890
3920
3904
3948
4021
3969
3902
4007
4012
4015
3914
3756
3985
4000
4047
4023
4041
3980
3910
4132
4141
4126
4136
3978
4033
3847
3785
3860
3901
3863
3941
3974
3963
3950
3853
3854
4001
3930
3983
3877
3793
3941
3873
3915
3901
3761
3849
3884
3875
4080
4059
3990
3952
3967
4051
3962
3966
4014
3830
3838
3855
3843
3849
3760
3774
3680
3461
3661
3587
3507
3553
3586
3578
3531
3342
3411
3349
3253
3301
3336
3310
3482
3603
3516
3327
3575
3608
3639
3546
3750
3768
3746
3733
3769
3563
3519
3503
3562
3533
3621
3666
3727
3675
3686
3743
3679
3564
3564
3627
3651
3523
3755
3842
3851
3919
3985
3886
3961
3895
3830
3981
4093
4124
4071
3928
3912
3964
4085
4064
4037
3839
3833
3849
3939
3882
3886
3712
3608
3631
3651
3613
3771
3822
3794
3867
3977
4079
3992
4074
3596
4089
4212
4151
4215
4014
3905
3798
3958
3994
4273
4350
4314
4377
4363
4342
4295
4415
4373
4399
4479
4486
4497
4592
4647
4675
4685
4726
4817
4859
4823
4895
4779
4703
4798
4635
4739
4782
4735
4714
4690
4681
4803
4701
4729
4742
4746
4750
4740
4746
4722
4618
4599
4413
4600
4655
4615
4669
4607
4675
4781
4752
4777
4776
4788
4847
4712
4779
4792
4757
4676
4723
4710
4782
4760
4716
4737
4747
4786
4827
4827
4857
4839
4862
4820
4780
4765
4680
4752
4741
4656
4656
4621
4625
4570
4490
4454
4391
4457
4479
4460
4456
4445
4428
4416
4395
4332
4331
3233
3221
3135
3191
3222
3218
3213
3230
3128
2966
2955
2990
3038
2977
2911
2841
2800
2841
2820
2822
2828
2827
2841
2873
2913
2912
2880
2869
2905
2908
2895
3844
3874
3868
3924
3863
4009
3996
4045
4054
3997
4072
4167
4203
4107
4136
4123
4101
4102
4112
4058
3953
4093
4154
4155
4252
4191
4217
4091
4230
4257
4162
4120
4051
3998
4108
3999
3930
3885
3775
3769
3714
3744
3744
3712
3696
3703
3693
3659
3683
3733
3727
3723
3708
3730
3605
3566
3720
3739
3723
3757
3734
3707
3689
3741
3845
3780
3849
3848
3688
3915
3928
3917
3895
3960
3940
3822
3950
3988
3939
3966
4003
3950
3970
3979
4067
4028
3995
3980
4019
4071
4084
4079
3965
3940
4016
3996
4131
4151
4138
4129
4127
4072
4139
4161
4151
4050
4154
4249
4229
4242
4167
4169
4310
4117
4087
4292
4293
4212
4224
4205
4303
4374
4332
4427
4457
4386
4426
4420
4560
4633
4723
4747
4669
4640
4714
4686
4720
4760
4645
4671
4540
4664
4649
4673
4691
4738
4688
4805
4751
4805
4782
4813
4823
4815
4840
4887
4687
4840
4783
4798
4768
4764
4659
4608
4750
4740
4668
4683
4655
4670
4606
4601
4536
4579
4538
4513
4509
4516
4488
4507
4452
4454
4445
4396
4384
4414
4438
4407
4425
4433
4414
4352
4298
4400
4369
4293
4413
4423
4438
4451
4344
4395
4408
4269
4325
4394
4418
4408
4417
4431
4393
4507
4407
4361
4399
4226
4163
4274
4313
4295
4234
4145
4119
3999
4208
4216
4193
4101
4087
4143
4155
4189
4209
4160
4153
4070
4047
4072
4268
4293
4279
4124
4056
4120
4184
4140
4116
3989
3965
3953
4073
4094
4215
4189
4220
4035
4156
4071
4120
4177
4148
3953
4161
4171
4085
4201
4159
4147
4188
4129
4395
4334
4397
4208
3988
3917
4077
4232
4256
3867
3928
3996
3957
3954
3954
3844
3917
3918
3883
3863
3774
3708
3587
3562
3628
3700
3885
3926
3856
3865
3780
3763
3738
3680
3775
3600
3666
3687
3637
3764
3694
3853
3855
3645
3750
3841
3859
3736
3436
3434
3873
3658
3626
3699
3701
3744
3698
3784
3364
3449
3427
3960
3982
3904
3873
3522
3393
3566
3552
3447
3431
3553
3698
3338
3354
3336
3253
3481
3310
3154
3367
3523
3556
3296
3878
3925
3720
3935
3699
3883
3819
3803
3553
3761
3753
3783
3688
3921
3705
3643
3599
3743
3895
4019
3854
4105
4117
4164
4147
4025
3971
4264
4309
4180
4183
4141
4109
4270
4267
4067
3852
4195
4263
3944
4058
4403
4366
4494
4330
4459
4481
4303
4387
4308
4187
3997
4129
4138
4156
4204
4129
4173
4102
4147
4285
4313
4345
4348
4449
4449
4225
4062
4123
4013
4165
4255
4216
4204
4150
4168
4247
4077
4214
4286
4118
4003
4080
4075
3955
4317
4303
4431
4433
4391
4560
4548
4426
4277
4442
4628
4676
4722
4608
4445
4556
4534
4611
4674
4568
4727
4596
4688
4566
4639
4629
4513
4473
4672
4596
4608
4604
4605
4581
4622
4512
4569
4378
4425
4401
4418
4268
4162
4235
4191
3839
3861
3856
3792
3764
3746
3815
3772
3813
3778
3698
3746
3839
4405
4384
4427
4524
4521
4534
4561
4639
4709
4679
4683
4664
4601
4689
4655
4668
4478
4494
4583
4625
4590
4364
4185
4471
4554
4562
4589
4527
4469
4486
4455
4450
4486
4448
4303
4299
3894
3966
3843
3681
3688
4057
4020
3999
4012
4134
4196
4372
4326
4011
3990
4318
4412
4401
4292
4227
4248
4329
4509
4357
4152
4055
4040
4400
4394
4253
4379
4090
4196
4388
4323
4333
4221
4209
4211
4074
4103
4262
4354
4320
4335
4309
4269
4367
4115
4224
4196
4119
4144
4248
4455
4494
4522
4546
4460
4263
4409
4340
4303
4243
4301
4288
4270
4254
4189
4200
4176
4188
4235
4265
4139
4263
4272
4212
4248
4134
4174
4109
3972
3971
3921
3821
3764
3893
3899
4190
4193
4133
4283
4311
4240
4270
4317
4525
4543
4523
4601
4502
4328
4254
4475
4559
4470
4515
4426
4476
4466
4519
4508
4437
4498
4510
4548
4597
4490
4228
4392
4526
4509
4494
4511
4586
4562
4643
4633
4700
4671
4525
4451
4387
4527
4561
4574
4596
4673
4655
4526
4864
4775
4923
4927
4790
4910
4901
5019
4939
4919
4833
4676
4646
4839
4626
4506
4336
4383
4481
4665
4759
4844
4858
4906
4101
4841
4735
4612
4827
4799
4789
4797
4679
4770
4759
4747
4642
4612
4630
4629
4844
4881
4819
4974
4819
4766
4908
4799
4680
4733
4717
4743
4717
4723
4770
4737
4778
4714
4792
4586
4396
4305
4591
4522
4467
4574
4589
4525
4619
4637
4533
4683
4738
4673
4811
4890
4741
4881
4889
4774
4801
4614
4825
4831
4812
4898
4791
4953
4978
4948
5003
4885
4896
4953
4934
4823
4539
4545
4594
4563
4800
4857
4800
4874
4797
4695
4744
4743
4650
4539
4651
4617
4650
4686
4642
4596
4658
4655
4746
4688
4562
4459
4606
4687
4664
4669
4831
4837
4893
4925
4900
4730
4748
4837
4871
4930
4938
4861
4829
4867
4887
4821
4852
4946
4899
4957
4957
5007
4893
5029
5113
4875
4947
4839
4789
4888
4902
4850
4766
4624
4325
4739
4953
5009
5043
5042
5044
5081
5109
5135
5088
5107
5031
4929
4959
5039
4940
5070
5075
4934
5139
5102
5114
5365
5329
5272
5288
5237
5244
5096
5200
5118
5222
5350
5328
5306
5303
5253
5162
5194
5309
5212
5271
5225
5325
5271
5223
5256
5353
5386
5504
5504
5587
5545
5586
5567
5581
5542
5577
5497
5573
5473
5456
5389
5297
5421
5401
5351
5384
5363
5497
5398
5510
5327
5151
5222
5355
5347
5157
5136
5306
5176
5079
5010
5152
5207
5202
5184
5097
5031
5005
5063
5103
5056
5069
5053
5031
5033
5082
5058
5068
5082
5000
5077
5065
5046
5052
5064
5236
5247
5233
5287
5183
5072
5118
5124
5064
4865
4879
4875
4835
4846
4866
4855
4848
4778
4794
4825
4881
4833
4839
4772
4810
4742
4655
4476
4695
4799
4746
4812
4784
4709
4812
4695
4879
4956
4975
4901
4910
4909
5005
4977
5012
4819
4749
4658
4825
4838
4838
4765
4734
4720
4983
4966
5212
4990
5271
5388
5239
5375
5200
5311
5272
5176
5257
5133
4859
4924
4945
4951
5042
5170
5116
5090
5009
4982
5158
5196
5162
5033
5117
5188
5200
5219
5149
5217
5268
5187
5207
5180
5190
5172
5179
5142
5156
5084
5144
4965
5003
5027
5071
5116
5165
5137
5202
5185
5089
5123
4989
5117
5099
5133
5293
5286
5247
5250
5374
5383
5288
5369
5389
5292
5432
5378
5390
5415
5350
5316
5382
5331
5290
5445
5458
5373
5422
5518
5508
5460
5433
5598
5594
5554
5623
5605
5605
5409
5604
5497
5441
5471
5167
5599
5371
5383
5569
5491
5431
5321
5283
5407
5347
5390
5558
5463
5529
5628
5540
5660
5629
5604
5667
5609
5494
5587
5455
5622
5620
5515
5320
5354
5541
5596
5537
5488
5327
5424
5373
5320
5395
5401
5311
5313
5269
5278
5272
5025
4932
5221
5323
5333
5190
5032
5153
5138
5153
5036
5005
4464
4676
4698
4715
4632
4707
4707
4661
4589
4572
4586
4579
4582
4552
4410
4455
4451
4525
4441
4592
4537
4506
4455
4687
4717
4667
4697
4788
4622
4674
4567
4515
4567
4590
4818
4802
4768
4735
4861
4821
4803
4714
4621
4689
4815
4805
4880
4789
4703
4662
4510
4432
4393
4343
4390
4608
4577
4707
4849
4870
4843
4754
4858
4834
4918
4885
4864
4789
4892
4932
4944
4929
4918
4911
4958
4995
4966
4966
4847
4983
5018
5019
4983
4881
4804
4868
4907
4939
4759
4786
4719
4806
4870
4942
4942
4888
4896
4918
4865
4862
4859
4888
4884
4810
4903
4908
4847
4884
4834
4818
4825
4739
4757
4732
4660
4737
4851
4834
4895
4715
4864
4766
4799
4898
4872
4862
4867
4717
4762
4861
4923
4874
4930
4925
4874
4834
4917
4923
4868
4844
4805
4716
4574
4083
4582
4640
4644
4634
4603
4646
4644
4506
4533
4578
4510
4541
4566
4545
4542
4520
4514
4579
4480
4771
4687
4727
4797
4757
4817
4813
4560
4430
4541
4591
4630
4655
4644
4691
4637
4664
4651
4617
4626
4465
4416
4424
4400
4459
4471
4411
4442
4462
4449
4431
4362
4340
4367
4355
4384
4321
4457
4536
4493
4511
4374
4442
4559
4552
4521
4378
4278
4267
4364
4011
4041
4018
4021
4016
4028
4006
4279
4282
4309
4333
4258
4202
4209
4236
4347
4347
4317
4364
4213
4104
4237
4320
4336
4300
4321
3661
4003
4105
4085
4130
4089
4032
4073
4265
4304
4314
4297
4330
4313
4267
4314
4300
4369
4355
4254
4289
4276
4206
4522
4683
4567
4815
4627
4503
4638
4584
4667
4510
4404
4317
4561
4498
4471
4479
4360
4336
4181
4322
4383
4356
4291
4331
4353
4370
4272
4478
4497
4442
4452
4409
4344
4363
4377
4421
4345
4408
4410
4352
4298
4418
4331
4098
4329
4392
4374
4121
4197
4157
4100
4083
4149
4115
3828
4132
4158
4234
4212
4220
4183
4257
4254
4222
4229
4223
4056
4136
4112
4160
4177
4144
4197
4197
4174
4203
4211
4231
4192
4203
4161
3864
4178
4259
4211
4204
4295
4269
4257
4142
3974
3987
4108
3968
3904
4006
3939
4079
3966
3924
3886
3906
3950
3887
3898
3882
3895
3912
3848
3838
3889
3931
3870
3847
3853
3861
3756
3831
3820
3819
3813
3841
3693
3937
3934
3941
3960
4125
4151
4165
4032
3986
4021
4093
3995
4121
3974
3930
4024
3896
4036
3859
3862
4016
4127
4159
4117
3944
4061
4014
4074
4017
4036
4054
3778
3730
3611
3793
3708
3741
3778
3767
3725
3775
3732
3586
3620
3829
3613
3820
3918
3912
3800
3792
3928
3982
3931
3927
3822
3835
3785
3827
3683
3966
4012
3899
3987
4051
4047
4034
4103
4121
4074
4163
4087
4213
4154
4273
4283
4282
4282
3528
3375
4185
4275
4384
4361
4443
3722
3974
4480
3676
3943
3791
4153
3622
4289
4348
4474
4492
4581
4033
4583
3936
3933
3759
4030
4468
3928
3880
3842
4437
4489
4137
4472
4153
3790
4069
4514
4066
4088
3996
4031
4054
4312
4233
4183
4357
3974
3957
3896
4197
4349
4235
3910
4119
3990
4056
4145
4038
4060
3857
3673
3902
4057
4055
3938
4072
4078
3901
3782
3835
3611
3553
3270
3466
3586
3569
3441
3438
3433
3635
3932
3907
3844
3953
3988
4054
4082
4097
4092
4131
4113
3986
4168
4126
4073
4051
4016
4087
4109
4103
4111
4010
3867
3911
3933
3959
3904
3929
3863
3887
3911
3954
3879
4044
4001
4073
4015
3956
3896
4042
3867
3846
3828
3916
3829
3697
4015
4084
3867
3727
3693
3760
3894
3959
3945
4018
3947
4058
3958
3899
4142
4027
4065
4135
4026
3922
4005
4099
4249
4221
4267
4232
4136
4134
4090
4102
4004
3837
3898
3915
3972
3919
4081
4002
3937
3885
3990
3973
4048
3846
3778
4043
4144
4077
4104
4097
4104
4194
4058
4141
4050
4071
4161
4268
4208
4246
4165
4095
4169
4182
4180
4093
4015
4217
4169
4063
4122
4191
4202
4211
4174
4211
4159
4188
4140
4146
4189
4190
4173
4159
4233
4218
4306
4289
4197
4181
4228
4205
4218
4358
4463
4376
4541
4543
4557
4513
4403
4569
4630
4547
4557
4545
4599
4544
4518
4492
4438
4468
4479
4378
4564
4547
4573
4395
4453
4515
4482
4480
4490
4464
4492
4499
4512
4499
4514
4493
4397
4486
4527
4510
4366
4438
4633
4604
4536
4566
4511
4417
4328
4431
4437
4401
4451
4426
4427
4400
4154
3690
3704
3669
3748
3901
3883
3921
3945
4030
4019
4029
4118
4184
4392
4344
4402
4353
4305
4505
4389
4356
4352
4312
4340
4285
4219
4299
4315
4324
4374
4406
4374
4366
4350
4381
4377
4209
4100
4097
4154
3909
4246
4235
4073
4079
4121
3971
4111
3999
4078
4036
3931
3617
4078
4052
3958
4030
3955
4106
4098
4089
4125
4147
3965
4014
4099
4177
4123
4023
4024
4061
4112
4069
4132
4106
4121
4116
4128
4174
4178
4148
4105
4132
4203
4163
4209
4060
4174
4126
4212
4222
4174
4150
4115
4151
4105
4044
3972
3813
3824
3926
3981
4004
4002
4000
4004
3923
3874
3895
3950
3890
3856
3844
3879
3921
3875
3954
3931
3911
3952
3873
3868
3843
3817
3825
3828
3858
3906
3916
3961
3926
3841
3845
3893
3923
3882
3871
3867
3896
3815
3821
3771
3788
3822
3816
3837
3936
3982
3991
3979
3949
3992
3971
4039
3973
3750
3666
3639
3528
3343
3404
3414
3406
3554
3577
3548
3606
3580
3531
3540
3598
3504
3579
3566
3610
3622
3633
3543
3493
3437
3538
3589
3562
3568
3541
3462
3518
3516
3496
3460
3521
3527
3550
3560
3536
3484
3406
3346
3403
3491
3457
3483
3427
3459
3453
3341
3391
3411
3410
3326
3274
3302
3328
3266
3384
3365
3328
3383
3478
3487
3466
3487
3475
3443
3355
3388
3490
3445
3332
3418
3394
3347
3426
3496
3438
3432
3424
3405
3336
3304
3224
3266
3276
3178
3168
3173
3218
3173
3192
3135
3238
3084
3144
3170
3168
3145
3172
3100
2887
3119
3051
3156
2912
2919
2987
3062
3158
3331
3471
2974
3352
2814
2891
2800
2805
3062
3073
3079
3111
3096
3079
3132
3012
3138
2938
3043
3226
3279
3229
3245
3248
3159
3070
3282
3027
3245
3208
2995
3173
3060
2956
2972
3032
3055
2861
3013
3092
3068
3081
3151
3146
3280
3215
3047
3300
3155
3261
3280
3197
3248
3046
3230
2870
3230
3243
3252
3088
3177
3145
3076
3080
3135
3149
3190
3169
3156
3115
3064
3284
3212
3312
3347
3302
3327
3321
3348
3402
3410
3392
3314
3321
3266
3328
3280
3315
3219
3300
3227
3202
3179
3227
3135
3158
3039
3031
3030
3099
3077
3017
2912
3050
2922
3034
3025
2925
3024
2924
2921
2984
2918
2858
2976
2987
2909
2890
2751
2866
2836
2852
2744
2679
2820
2735
2749
2690
2716
2758
1682
1351
1328
1340
1343
1372
1403
1399
1417
1451
1432
1438
1442
1441
1513
1477
1436
1492
1518
1508
1989
1997
1985
2063
2070
2077
1964
2191
2206
2184
2183
2147
2011
2087
2096
2178
2125
2092
2045
2077
2057
2114
2093
2033
2141
2057
1953
1905
1852
2138
2159
2204
2272
2308
2330
2384
2178
2227
2200
2200
2394
2182
2168
2362
2220
2391
2372
2415
2299
2517
2335
2287
2165
2242
2167
2234
2202
2179
2270
2149
2140
2302
2373
2347
2326
2571
2694
2755
2779
2563
2679
2884
2895
2935
2750
2698
2947
2790
3001
2969
2822
2739
2834
2876
2990
3000
2842
2785
2969
2803
2761
3032
3018
3028
2994
2896
3091
2997
3026
3077
2885
2881
2969
2953
2951
3024
2969
2993
3022
3082
2923
3031
3153
3135
3207
3223
3237
3170
3160
3171
3230
3252
3147
3154
3180
3150
3210
3312
3246
3311
3288
3265
3215
3261
3343
3316
3349
3363
3284
3343
3270
3444
3448
3335
3358
3255
3199
3215
3197
3182
3202
3144
3229
3170
3204
3168
3126
3131
2948
2943
2901
2969
2894
2571
2905
2945
2948
2946
3283
3277
3283
3331
3367
3406
3330
3339
3418
3372
3444
3404
3275
3342
3441
3385
3397
3360
3292
3373
3355
3303
3331
3052
2991
3073
3105
3083
3121
3021
3048
3181
3192
3187
3170
3183
3143
3171
3068
3102
3366
3233
3295
3261
3219
3332
3342
3400
3370
3202
3178
3207
3205
3130
3051
3080
3044
3134
3069
3155
3163
3122
3108
3160
3098
3203
3146
3222
3181
3208
3241
3193
3047
3154
3123
3142
3109
3018
3087
3107
3117
3032
3175
3101
3064
3148
3144
3023
3091
3034
3168
3123
3096
3005
3120
3095
3044
3180
3130
3124
3170
3166
2968
3163
3147
3192
3135
3151
3191
3220
3166
3143
3128
3007
3209
3290
3314
3226
3245
3243
3259
3046
3066
3049
3087
3064
2905
3072
3045
3105
3080
3082
2830
2928
3078
3128
3096
2932
2987
2965
2976
3106
3065
3137
3145
3175
3123
3036
3033
3100
3195
2914
3084
2988
3048
3126
3228
3234
3171
3152
3189
3123
3122
3063
3082
2974
2937
3092
3009
3142
3042
2847
2967
2837
2861
2832
2948
2894
3068
3124
3019
3126
2969
2927
3102
2878
3078
3099
3002
2885
2831
2867
2786
2869
2992
2994
2532
2902
2949
2937
2753
2939
2919
2914
2957
2552
2711
2844
2861
2829
2818
2777
2654
2882
2775
2830
2778
2715
2512
2638
2605
2428
2400
2521
2602
2638
2608
2335
2346
2536
2582
2520
2513
2309
2479
2501
2619
2380
2421
2417
2431
2449
2498
2290
2353
2431
2432
2066
2272
1991
2303
2249
1948
1795
2021
2091
2130
2043
2140
1905
1813
1595
1170
1149
1149
1175
1217
1252
1267
1276
1467
1390
1037
1677
1674
1705
1718
1728
1761
1755
1785
1639
1845
1832
1859
1866
1889
1888
1930
1918
1893
1898
1927
1902
1990
2046
2019
2080
2094
2093
2071
2094
2063
2062
2103
2182
2220
2346
2405
2390
2371
2393
2439
2434
2363
2362
2240
2242
2280
2326
2316
2322
2359
2378
2391
2357
2420
2393
2415
2437
2449
2463
2425
2462
2681
2869
2868
2916
2952
2947
2859
2926
3022
2936
3029
2990
2928
3166
3130
3169
3140
3117
3350
3407
3400
3372
3331
3375
3386
3392
3390
3256
3268
3287
3258
3277
3203
3230
3159
3184
3177
3040
3067
3051
3050
3491
3489
3430
3528
3659
3688
3708
3706
3675
3850
3874
3930
3905
3865
3864
3888
3984
3978
3942
3991
4050
4176
4154
4203
4227
4195
4123
4185
4203
4209
4170
4140
4255
4276
4292
4343
4331
4359
4357
4298
4319
4197
4199
4202
4307
4367
4372
4381
4353
4284
4302
4449
4377
4480
4521
4525
4432
4364
4279
4379
4306
4425
4423
4407
4168
4551
4642
4666
4672
4635
4584
4636
4621
4657
4617
4445
4648
4715
4637
4731
4706
4513
4484
4547
4599
4594
4596
4600
4550
4420
4660
4649
4573
4616
4619
4485
4528
4680
4595
4652
4632
4589
4617
4565
4672
4687
4644
4652
4631
4541
4503
4442
4450
4433
4321
4414
4416
4358
4365
4482
4251
4385
4285
4277
4290
4302
4322
4097
4101
4152
4191
4167
4102
4103
4162
4202
4169
4169
4126
4101
4124
4096
4105
4088
4060
4056
3883
3865
3875
3987
4031
4033
4053
4170
4157
4105
4112
3983
4168
4202
4190
4158
4143
4193
4194
4188
4167
3883
3819
3951
3950
3996
3985
4062
3986
4080
4017
3929
3921
4068
4002
4026
4078
4097
4077
4105
4060
4129
4144
3692
4133
4195
4379
4417
4458
4482
4437
4519
4492
4504
4508
4471
4489
4466
4368
4373
4364
4380
4358
4203
4068
4344
4366
4353
4325
4309
4398
4377
4412
4387
4433
4468
4405
4471
4504
4304
4255
4243
4293
4347
4394
4433
4435
4413
4378
4288
4279
4289
4288
4282
4325
4163
4097
4050
4024
3288
3289
3260
3301
3245
3160
3167
3230
3219
3306
3329
3290
3275
3377
3404
3326
3280
3381
3457
3525
3611
3590
3621
4489
4585
4519
4555
4612
4648
4641
4697
4712
4752
4711
4720
4580
4517
4715
4827
4850
4716
4787
4813
4812
4807
4549
4816
4805
4740
4826
4839
4811
4793
4887
4732
4629
4744
4874
4859
4798
4855
4837
4921
4870
4765
4783
4853
4785
4768
4922
4890
4914
5049
4949
5024
4955
5038
5049
5053
4915
5037
4962
5035
4973
4982
5004
5028
4997
5155
5159
5174
4997
5098
5201
5171
5008
5030
4883
4646
4635
4657
4842
4845
4980
4946
4970
4955
4886
5036
5024
5074
5088
5032
5018
5100
5067
5025
5007
5045
5039
5019
5059
4968
4929
4908
4843
5024
5041
4956
4957
4956
5061
4877
4678
4954
5004
5062
5145
5149
5148
4959
4917
5029
4949
4954
4868
4795
4686
4749
4705
4710
4653
4690
4590
4542
4682
4464
4492
4594
4558
4555
4610
4549
4464
4447
4539
4564
4535
4564
4563
4509
4508
4547
4556
4567
4584
4477
4710
4629
4622
4646
4541
4532
4552
4652
4742
4595
4666
4680
4695
4648
4642
4591
4650
4618
4681
4828
4744
4718
4768
4753
4730
4544
4572
4569
4511
4662
4855
4838
4848
4812
4903
4862
4912
4882
4769
4599
4748
4826
4785
4685
4763
4562
4709
4737
4712
4798
4712
4860
4812
4729
4754
4747
821
605
409
270
7
9
212
3870
3868
4220
4359
4399
4429
4546
4571
4555
4542
4565
4730
4659
4667
4626
4491
4672
4505
4624
4636
4544
4839
4923
4900
4956
4941
4962
4957
4867
4872
4917
5018
5009
5001
5016
4960
4960
4906
4894
4911
4894
4923
4940
4880
4926
4943
4983
5017
4959
4856
4808
4887
4874
4860
4748
4780
4706
4754
4862
4719
4741
4717
4864
4882
4852
4812
4835
4825
4861
4871
4860
4887
4912
4854
4885
4889
4945
4900
5061
5207
5141
5089
5135
5027
5059
4976
5027
5045
5066
5053
5056
5100
5018
5050
5076
4968
5043
4919
4925
4986
4948
4960
4983
4896
5003
5014
5015
5019
4911
4936
4977
5178
5165
4855
5150
5108
5080
5053
5067
4962
4936
5011
4983
4995
5041
4848
4940
4930
4916
4979
4953
5053
5008
4911
4960
4835
4851
4883
4857
4854
4684
4663
4697
4642
4596
4571
4595
4515
4539
4558
4481
4535
4536
4549
4435
4458
4492
4343
4393
4416
4537
4531
4444
4446
4447
4399
4359
4270
4301
4169
4127
4106
4134
4119
4166
4128
4126
4065
4072
4071
4075
4028
4006
4011
3977
3965
3982
4057
4074
4106
4137
4107
4037
3899
4096
4109
3975
3977
3924
3887
3900
3905
3920
3948
3920
3926
3836
3970
3907
3976
3914
3978
4007
3833
3957
3843
3944
3892
3917
3905
4075
3935
4058
4054
4047
3963
3927
3971
4025
3863
3653
3516
3867
3814
3815
3795
3801
3862
3790
3643
3654
3716
3718
3622
3695
3739
3742
3742
3644
3689
3688
3571
3739
3813
3931
3652
3779
3729
3752
3684
3677
3655
3441
3435
3468
3487
3480
3369
3421
3404
3524
3468
3473
3496
3545
3510
3465
3441
3422
3473
3314
3462
3322
3320
3336
3318
3330
3304
3358
3176
3267
3368
3338
3368
3377
3300
3245
3258
3304
3312
3371
3197
3303
3250
3362
3310
3351
3172
3093
3268
3272
3200
3215
3228
3155
3246
3240
3089
3317
3345
3314
3279
3261
3337
3320
3329
3351
3245
3207
3141
3152
3124
3102
3083
3168
3303
3113
3232
3317
3342
3338
3338
3322
3315
3313
3314
3226
3271
3280
3255
3252
3254
3272
3262
3232
3278
3191
3202
3131
3197
3290
3254
3233
3280
3265
3242
3233
3220
3222
3199
3157
3139
3054
3170
3102
3164
3119
3092
3121
3155
3114
3018
2957
3048
3096
3105
3114
3130
3094
3090
3010
2999
3075
3061
2982
2920
3000
3092
3090
3105
3046
2962
2747
2829
2788
2868
2794
2846
2868
2870
2862
2740
2838
2826
2783
2762
2770
2757
2761
2832
2796
2679
2641
2684
2640
2648
2670
2629
2638
2507
2703
2851
2807
2874
2920
2994
3004
2958
2947
2844
2933
2853
2922
2957
2947
3033
3030
2934
3006
3011
2957
2913
2946
2841
2844
2845
2850
2927
2941
2977
2843
2942
2921
2893
2889
2913
2414
2166
2242
2019
2204
2242
2242
2321
2486
2477
2467
2532
2560
2529
2520
2555
2517
2557
2661
2713
2698
2803
2656
2727
2841
2783
3024
3067
3124
3135
3126
3251
3271
3215
3196
3160
3170
3126
3099
3152
3206
3207
3266
3223
3273
3193
3119
3225
3151
3186
3199
3165
3226
3204
3191
3108
3050
3056
3073
3112
3098
3089
3060
3080
3052
3018
2984
2978
2999
2949
2876
2956
2922
2929
2977
2976
2927
2961
2942
2817
2741
2821
2928
2925
2926
2917
2923
2893
2914
2810
2923
3004
3032
2926
3157
3203
3218
3253
3288
3262
3294
3150
3214
3291
3269
3293
3339
3366
3332
3316
3297
3373
3390
3280
3365
3260
3233
3238
3196
3132
3032
3102
3077
3057
3090
3055
3069
2987
2977
2920
2854
2801
2856
2834
2867
2740
2778
2800
281
196
180
127
55
40
2
72
2563
2781
2812
2828
2733
2693
2772
2821
2821
2713
2479
2733
2754
2773
2810
2783
2797
2737
2736
2704
2615
2589
2583
2616
2235
2173
2187
2195
2137
2163
2157
2105
2007
1986
2008
1952
1919
1937
2017
2007
1959
1888
1944
1977
1911
1958
1938
1950
1870
1986
1970
1978
1969
1966
1961
1958
8
10
11
2
2
0
