86
239
653
791
908
1040
1161
1393
1597
1728
1854
1955
2049
2155
2269
2356
2443
2544
2628
2719
2788
2862
2957
3039
3120
3201
3282
3407
3500
3578
3675
3749
3875
3991
4032
4120
4206
4261
4345
4391
4454
4529
4577
4652
4629
4561
4512
4489
4464
4438
4344
4198
4070
2851
3386
2942
4015
4115
4196
4169
4115
4096
4059
4095
4195
4371
4362
4373
4352
4356
4363
4367
4366
4370
4386
4367
4263
4359
4306
4188
3946
4381
4504
4585
4631
4765
4832
4840
4836
4910
4997
4986
4957
5097
5144
5236
5254
5346
5360
5386
5379
5359
5323
5319
5413
5453
5516
5512
5593
5618
5693
5715
5793
5819
5856
5883
5957
5961
6043
6072
6103
6114
6180
6256
6300
6281
6306
6338
6425
6483
6456
6411
6435
6462
6490
6463
6486
6569
6659
6744
6755
6774
6822
6863
6909
6921
6907
6838
6816
6834
6898
6908
6982
7045
7081
7069
7036
6961
7537
7537
7534
7571
7565
7499
7518
7440
7431
7379
7339
7250
7275
7279
7243
7205
7153
7228
7268
7334
7306
6924
7091
7227
7320
7378
7378
7433
7517
7567
7642
7704
7740
7735
7706
7640
7633
7563
7522
7521
7459
7390
7276
7239
7265
7209
7209
7033
7101
7197
7293
7298
7296
7312
7306
7318
7290
7335
7338
7284
7286
7298
7287
7202
7178
7199
7129
7047
6946
6907
6859
6731
6556
6422
6408
6486
8385
8398
8383
8797
9002
9123
9174
9146
9146
9153
9205
9315
9339
9433
9553
9558
9599
9633
9612
9628
9619
9638
9669
9609
9625
9590
9582
9610
9615
9551
9531
9537
9521
9441
9433
9356
9308
9237
9138
9011
8868
8751
8676
8388
7674
8248
8393
8280
8324
8255
8214
8170
8131
8138
7947
7881
7904
7865
7929
7980
8054
8051
7983
7950
7974
7962
7783
8029
8072
8149
8116
8307
8466
8559
8626
8726
8822
8834
8810
8812
8864
8888
8978
9030
9030
8981
9089
9079
9074
9046
9077
9194
9139
9224
9432
9570
9619
9557
9562
9451
9516
9522
9487
9531
9449
9512
9589
9640
9615
9428
9559
9461
9532
9577
9561
9463
9453
9352
9140
9090
9073
9062
8847
8873
8839
8814
8735
8635
8629
8681
8566
8578
8489
8448
8333
8330
8192
8182
8210
8237
8364
8354
8355
8457
8454
8515
8442
8447
8469
8511
8595
8590
8520
8451
8348
8417
8456
8521
8543
8596
8639
8596
8712
8728
8759
8843
8919
8931
8951
9024
9072
9124
9170
9252
9306
9300
9319
9342
9295
9295
9327
9398
9409
9336
9290
9389
9462
9557
9360
9370
9317
9171
9148
9088
8978
8875
8968
8968
8959
8921
8945
8920
8482
8897
8953
8974
8950
8931
8912
8949
9027
9048
8985
9068
9118
9075
9024
9040
8991
8998
9089
9107
9131
9165
9190
9240
9331
9305
9278
9368
9274
9280
9291
9300
9352
9314
9322
9344
9530
9554
9496
9619
9615
9544
9544
9633
9597
9579
9603
9619
9601
9606
9596
9603
9495
9461
9337
9403
9372
9343
9296
9256
9159
8998
8866
8662
8736
8738
8646
8543
8475
8458
8413
8397
8440
8377
7314
8319
8619
8697
8625
8676
8670
8745
8735
8785
8977
8935
8835
8528
8543
9085
9114
9175
9290
9427
9429
9488
9436
9536
9489
9626
9707
9618
9495
9660
9564
9615
9601
9600
9661
9587
9599
9619
9640
9609
9563
9507
9433
9394
9372
9301
9280
9298
9251
9180
9099
8932
8807
8688
8673
8618
8590
8480
8429
8307
8238
8217
8423
8434
8320
8131
8079
8102
8102
8060
8074
8045
8001
7933
7991
8113
8203
8236
8289
8359
8309
8342
8316
8298
8294
8264
8229
8177
8124
8085
8065
8000
7960
7871
7801
7701
7681
7640
7586
7540
7501
7269
6453
7024
7178
7382
7438
7410
7511
7540
7595
7683
7709
7660
7651
7750
7933
7932
7952
7948
7946
7875
8015
8058
8087
8301
8485
8451
8729
8572
9034
9142
9270
9255
9146
9452
9477
9525
9595
9660
9670
9724
9708
9657
9666
9679
9647
9492
9521
9553
9468
9554
9592
9657
9469
9394
9407
9427
9466
9463
9562
9559
9573
9489
9521
9528
9317
9380
9388
9480
9469
9322
9286
9165
9078
8906
8841
8738
8616
8537
8368
6467
8211
8328
8527
8585
8475
8483
8529
8462
8549
8540
8560
8610
8625
8566
8580
8571
8633
8691
8620
8641
8734
8742
8710
8797
8748
8889
8835
8791
8695
8583
8837
8873
8856
8733
9577
9502
9315
9172
9482
9512
9500
9526
9429
9607
9648
9640
9664
9573
9566
9417
9348
9409
9495
9586
9524
9639
9617
9576
9544
9462
9458
9467
9412
9388
9402
9351
9289
9256
9189
9090
8986
8943
8896
8775
8672
8568
8561
8534
8556
8584
8520
8507
8499
8435
8445
8500
8584
8696
8727
8711
8700
8786
8865
8942
8969
8944
8999
9064
8920
8673
9014
9003
9004
9036
9075
9070
9177
9226
9282
9300
9250
9301
9310
9209
9232
9191
9218
9188
9236
9465
9516
9501
9434
9421
9376
9331
9213
9147
9065
9025
8912
8868
8891
8850
8850
8752
8626
8637
8626
8608
8572
8523
8219
7595
7948
8192
8330
8371
8399
8447
8533
8363
8318
8395
8355
8431
8371
8303
8356
8360
8324
8177
7971
5945
6930
6887
8171
8242
8531
8491
8488
8613
8714
8832
8918
9065
9187
9167
9269
9317
9416
9485
9460
9405
9468
9546
9446
9480
9532
9571
9631
9589
9620
9641
9618
9418
9579
9567
9614
9510
9412
9343
9564
9631
9549
9614
9667
9640
9494
9326
9474
9423
9419
9409
9400
9427
9473
9566
9588
9366
9272
9346
9350
9227
9083
9086
8664
8470
8368
7667
8958
9115
9289
9488
9522
9579
9622
9626
9604
9562
9555
9553
9484
9617
9562
9478
9562
9587
9547
9440
9370
9373
9183
9428
9425
9456
9559
9603
9603
9654
9628
9517
9456
9322
9300
9269
9080
8911
8615
8429
8267
831
535
75
17
951
7080
7253
7447
7581
7693
7819
7646
7460
8141
8502
8705
8703
8702
8721
8683
8650
8648
8529
6162
8197
8494
8729
8808
8857
8829
8837
8836
8885
8973
9003
8999
9140
9224
9318
9429
9433
9480
9473
9530
9523
9426
9407
9466
9547
9539
9528
9564
9544
9529
9572
9583
9553
9542
9543
9588
9638
9652
9598
9504
9423
9246
9432
9524
9560
9569
9659
9672
9689
9587
9474
9383
9195
8989
8777
8675
2073
1831
1633
1170
693
650
867
1354
7843
8060
8332
8548
8781
8987
9198
9635
9585
9605
9632
9558
9492
9452
9336
7320
9537
9599
9632
9589
9609
9601
9631
9582
9526
9441
9450
9388
9387
9432
9364
9369
9306
9291
9402
9382
9354
9405
9468
9551
9577
9605
9645
9651
9627
9576
9486
9529
9399
9418
9509
9447
9486
9441
9497
9407
9376
9279
8990
9125
9260
9363
9355
9384
9483
9482
9504
9573
9606
9649
9705
9671
9680
9616
9595
9628
9655
9651
9560
9573
9496
9526
9483
9458
9309
9173
9418
9448
9470
9469
9394
9468
9434
9487
9471
9459
9464
9514
9451
9434
9355
9402
9499
9486
9527
9490
9459
9452
9461
9536
9302
9324
9393
9437
9337
9418
9389
9390
9347
9416
9473
9436
9585
9639
9610
9558
9543
9516
9534
9546
9579
9528
9524
9492
9503
9572
9635
9524
9475
9367
9421
9431
9426
9383
9260
9191
9329
9384
9430
9487
9444
9562
9532
9421
9356
9398
9386
9543
9490
9542
9594
9597
9548
9569
9595
9589
9591
9582
9635
9652
9651
9630
9400
9129
6967
9379
9630
9654
9641
9665
9648
9580
9482
9519
9581
9554
9473
9501
9574
9572
9639
9612
9636
9455
9522
9544
9534
9551
9411
9350
9238
9266
9422
9393
9473
9470
9462
9471
9483
9501
9582
9561
9533
9649
9572
9572
9529
9579
9550
9578
9548
9547
9549
9574
9641
9520
9470
9479
9506
9581
9591
9561
9520
9475
9540
9519
9555
9475
9468
9460
9482
9492
9531
9580
9548
9502
9488
9429
9345
9275
9224
9224
8806
6566
8805
8915
8856
8789
8668
8996
8990
9046
9182
9178
9216
9202
9134
9181
9223
9283
9340
9458
9550
9556
9480
9462
9417
9276
9352
9461
9531
9518
9558
9620
9585
9556
9579
9607
9536
9559
9518
9486
9484
9306
9421
9394
9379
9388
9308
9341
9280
9229
9204
9118
9005
8769
6439
8835
8974
9008
9039
9052
9064
9084
9011
8992
9045
9041
8837
8180
6099
8640
8753
8919
9550
9526
9549
9418
9501
9405
9275
9459
9503
9505
9513
9537
9580
9585
9611
9559
9511
9426
9455
9453
9415
9594
9546
9595
9597
9661
9583
9584
9497
9467
9440
9203
8446
9148
9345
9500
9596
9608
9573
9571
9520
9515
9491
9424
9296
8846
8751
9089
9163
9114
8962
9087
9216
9287
9296
9314
9323
9388
9346
9374
9417
9585
9520
9545
9454
9286
9288
9285
9433
9451
9552
9571
9567
9493
9496
9488
9374
9377
9223
9216
9283
9324
9325
9300
9241
9315
9311
9383
9296
9318
9328
9326
9288
9220
9185
9202
9283
9228
9179
9146
9152
9204
9156
9043
8843
8917
8976
9083
9235
9202
9244
9180
9107
9068
9082
9136
9159
9129
9039
9030
8983
8871
8915
8899
8942
9050
9139
9098
9070
9169
9247
9221
9210
9163
9143
9045
9060
9060
9041
9086
9071
9155
9102
9066
9014
8928
8767
8822
8844
8838
8829
8810
8845
8792
8703
8730
8548
8473
8533
8508
8560
8638
8817
8970
9164
9302
9333
9454
9487
9573
9517
9565
9647
9577
9625
9568
9424
9027
9278
9322
9383
9324
9372
9383
9390
9308
9392
9451
9486
9499
9438
9507
9632
9670
9648
9621
9719
9737
9663
9646
9624
9526
9438
9501
9401
9377
8385
8415
8357
8510
8684
8858
8859
8842
8795
8810
8841
8893
8840
8763
8836
8832
8888
8944
8989
9044
9054
9066
9209
9220
9188
9173
9184
9149
9117
9061
9032
9007
9034
8928
8919
8883
8960
8894
9088
9162
9281
9280
9346
9364
9345
9307
9241
9196
9105
8985
8861
8661
8465
8403
8205
8162
8138
8118
8137
8098
8064
8032
8200
8044
8261
8210
8218
8211
8220
8196
8287
8328
8345
8486
8591
8553
8490
8472
8429
8443
8401
8392
8395
8404
8431
8423
8350
8223
8284
8204
8187
8237
8376
8391
8412
8527
8619
8735
8803
8851
8936
8957
8940
9002
8994
9014
9023
9094
9096
9083
9082
9104
9069
8958
8935
8975
8964
8891
8649
8429
36
8403
8553
8692
8811
8893
8964
8910
8607
8438
8519
9175
9215
9213
9233
9200
9100
9083
9097
9101
9077
9054
8975
8978
8870
8757
8733
8724
8772
8829
8824
8776
8745
8747
8768
8803
8807
8784
8785
8636
8856
9040
9066
9086
9176
9230
9094
9277
9321
9430
9371
9430
9382
9333
9386
9439
9495
9557
9490
9503
9573
9568
9566
9540
9521
9544
9509
9456
9459
9463
9474
9432
9362
9423
9450
9441
9534
9516
9557
9510
9544
9509
9512
9422
9346
9171
9172
8996
9099
9239
9202
8988
8978
8974
8840
8792
8920
9016
9013
9173
9185
9234
9243
9221
9312
9280
9285
9299
9324
9344
9376
9342
9410
9412
9320
9169
8965
8570
6794
8975
9190
9448
9486
9496
9446
9411
9410
9335
9315
9404
9440
9406
9286
9255
9259
8891
5860
8878
9000
9088
8986
9275
9341
9449
9475
9432
9315
9436
9247
6019
9024
9353
9587
9695
9768
9591
9561
9586
9582
9543
9589
9590
9544
9488
9497
9573
9534
9633
9664
9620
9623
9544
9591
9667
9653
9618
9588
9590
9531
9521
9496
9484
9424
9421
9409
9349
9180
8952
9269
9347
9263
9318
9152
9238
9257
9312
9415
9443
9329
9382
9437
9450
9377
9373
9470
9572
9576
9522
9546
9571
9527
9488
9598
9638
9603
9534
9482
9533
9513
9521
9433
9383
9475
9475
9470
9505
9518
9490
9496
9554
9593
9600
9548
9502
9397
9357
9385
9435
9492
9418
9408
9418
9387
9257
9194
9125
9122
9060
9052
9043
9003
9089
9204
9092
9060
9259
9303
9434
9457
9497
9597
9623
9632
9594
9565
9630
9572
9609
9593
9585
9580
9625
9543
9590
9490
9425
9449
9317
9358
9293
9269
9298
9303
9256
9298
9314
9309
9240
9185
9157
9091
8883
8627
7900
8625
8811
9027
8995
9207
9232
9212
9137
9160
9202
9348
9416
9414
9464
9455
9478
9543
9534
9522
9481
9586
9497
9468
9478
9410
9512
9420
9595
9604
9612
9591
9658
9596
9608
9601
9592
9635
9678
9626
9568
9583
9508
9478
9474
9604
9649
9527
9492
9444
9537
9650
9626
9583
9517
9516
9313
9329
9318
9284
9233
9191
9178
9238
9322
9285
9261
9222
9257
9315
9372
9456
9409
9430
9432
9437
9476
9507
9549
9518
9540
9458
9535
9525
9554
9578
9521
9543
9457
9191
9498
9535
9488
9513
9526
9456
9397
9355
9510
9505
9476
9116
8828
8160
9141
9321
9414
9512
9504
9368
9361
9311
9306
9379
9390
9406
9507
9523
9576
9488
9405
9396
9373
9329
9347
9292
9280
9325
9282
9280
9276
9321
9391
9456
9538
9510
9455
9458
9505
9478
9493
9413
9253
9394
9404
9507
9494
9447
9272
9213
9271
9325
9432
9432
9400
9477
9548
9551
9558
9605
9546
9601
9441
9326
9241
9172
9267
9408
9431
9524
9520
9546
9532
9483
9555
9622
9582
9490
9410
9423
9325
9430
9607
9592
9632
9415
8954
9464
9557
9601
9579
9536
9553
9573
9611
9555
9520
9519
9611
9614
9548
9555
9624
9246
9221
8851
9075
9069
9145
9296
9397
9494
9584
9603
9628
9600
9629
9567
9588
9600
9618
9552
9521
9523
9549
9517
9530
9489
9529
9425
9462
9375
9293
8914
8932
9342
9454
9593
9604
9585
9531
9533
9510
9445
9386
9443
9369
9354
9268
9168
9144
9044
9144
9218
9583
9114
9256
9272
9260
9264
9246
9111
9064
9026
8942
8913
8830
8695
8487
8003
12
7936
8481
8649
8670
8713
8738
8744
8661
8605
8656
8626
8481
8625
8619
8643
8614
8591
8643
8560
8516
8487
8481
8492
8536
8543
8533
8454
8492
8606
8708
8854
8950
9017
8937
8902
8869
9002
8975
8913
8979
9087
9067
9139
9123
9174
9221
9179
9250
9305
9281
9268
9296
9211
9162
9054
9053
8670
8515
8358
8057
8493
8763
9257
9437
9538
9594
9576
9501
9335
9416
9485
9507
9502
9409
9358
9316
9337
9311
9296
9125
9125
9186
9146
9149
9253
9286
9221
9280
9303
9280
9225
9197
9155
9142
9134
9161
9186
9425
9526
9615
9596
9655
9610
9545
9599
9606
9544
9557
9634
9546
9472
9439
9204
9429
9505
9509
9384
9376
9242
9491
9533
9550
9571
9619
9532
9566
9489
9428
9422
9441
9457
9429
9306
9312
9337
9318
9518
9556
9438
9418
9449
9503
9527
9586
9638
9553
9526
9457
9021
9033
9369
9250
9416
9363
9468
9550
9567
9590
9575
9569
9638
9647
9596
9689
9539
9488
9333
9590
9410
9557
9431
9342
9208
9447
9428
9520
9565
9626
9643
9612
9562
9426
9507
9494
9557
9486
9445
9370
9285
9108
7718
7297
7640
7842
6498
8889
9565
9643
9603
9678
9505
9477
9493
9582
9568
9497
9425
9391
9475
9517
9553
9625
9654
9628
9602
9633
9610
9631
9645
9540
9609
9667
9618
9672
9627
9558
9504
9291
9369
9386
9417
9383
9296
9362
9353
9363
9401
9487
9443
9377
9316
9294
9232
9263
9147
8940
8968
9141
9400
9180
9331
9452
9534
9473
9437
9400
9470
9567
9566
9515
9528
9501
9550
9522
9583
9598
9551
9540
9584
9576
9603
9558
9513
9480
9442
9477
9406
9377
9433
9365
9277
9251
9294
9345
9326
9351
9336
9264
9345
9397
9533
9564
9484
9540
9446
9498
9512
9510
9487
9341
9468
9477
9538
9578
9623
9638
9567
9479
9381
9350
9446
9427
9526
9476
9542
9607
9566
9618
9594
9579
9544
9524
9555
9552
9484
9499
9463
9406
9486
9534
9629
9651
9569
9611
9527
9492
9478
9487
9440
9327
9220
9259
9344
9477
9458
9408
9452
9445
9406
9322
9410
9398
9383
9318
9377
9418
9474
9527
9579
9593
9552
9538
9484
9511
9594
9548
9561
9545
9406
9463
9513
9526
9555
9476
9444
9379
9234
8940
6829
9156
9692
9661
9636
9657
9674
9552
9564
9558
9571
9449
9472
9280
9452
9415
9490
9519
9552
9495
9350
9357
9319
9276
9000
8812
8058
8747
8777
8989
9041
8977
9020
9076
9088
9133
9083
9082
9094
9072
9133
9173
9151
9128
9130
9169
9268
9332
9423
9341
9319
9279
9270
9295
9237
9114
8791
6532
9304
9625
9685
9660
9499
9498
9374
9540
9526
9446
9457
9567
9593
9566
9536
9491
9546
9544
9634
9637
9600
9585
9405
9342
9292
9238
9160
9105
9025
8918
9040
9134
9159
9034
8991
8998
9061
9010
8982
9039
8980
9066
9215
9349
9386
9389
9438
9519
9519
9518
9528
9466
9465
9475
9448
9571
9536
9468
9422
9428
9463
9459
9419
9391
9335
9379
9360
9412
9510
9544
9589
9592
9529
9485
9392
9509
9372
9458
9469
9470
9375
9318
9312
9086
9301
9265
9139
9066
9015
8928
8781
8655
8515
8457
8433
8430
8298
7837
7086
7129
7164
5880
8311
8547
8824
8862
8932
9011
8798
8411
9240
9487
9606
9611
9692
9615
9476
9529
9476
9186
9457
9479
9575
9581
9484
9478
9319
9091
8780
5933
7191
7161
6907
6940
6955
5972
9179
9339
9525
9777
9699
9686
9687
9700
9541
9310
9281
9220
9096
9091
9032
9029
8940
8943
8794
8748
8678
8647
8527
8237
7720
7454
5442
7611
7741
7742
7814
7976
7753
7611
7482
6589
7445
7662
7662
7697
7759
7661
7626
7586
7459
7489
7394
7359
7325
7146
6606
7233
7403
7446
7435
7989
8259
8099
8430
8610
8689
8627
8642
8502
8459
5106
8090
8197
8355
8455
8562
8488
8294
8223
8317
8308
8268
8239
8153
8117
8146
8166
8182
8273
8278
8323
8193
5656
7957
8226
8193
8329
7154
6822
6639
6477
6695
6721
6607
7120
7375
8214
8260
8278
8428
8225
8440
8327
8245
8315
8310
8282
8381
8363
8344
8348
8424
8417
8405
8418
8445
8475
8648
8771
8821
8816
8810
8843
8901
8891
8900
8839
8687
8531
8323
8350
8272
8310
8274
8074
7903
7679
7387
6489
7481
7697
7863
7912
7902
8055
8003
8036
7835
5588
7867
8080
8085
8025
8071
8116
8036
8022
8042
8026
7965
7910
7677
5416
7885
7936
7953
7784
7607
6631
6898
7678
7596
7751
7344
8411
8497
8662
8708
8720
7923
8487
8661
8721
8671
8714
8761
8788
8866
8928
8928
8803
8813
8653
8511
8485
8460
8484
8453
8542
8566
8655
8704
8790
8818
8922
8704
8553
6357
8245
8348
8524
8553
8548
8555
8596
8692
8676
8634
8670
8597
8387
8181
8095
7950
7840
7724
7619
7585
7428
7271
7204
7041
6868
6450
5579
5547
5566
5422
5318
6253
6317
6335
6247
6101
5952
5379
3987
5545
5481
5350
5262
4848
4603
4979
5056
5239
5248
5257
5208
5241
5121
4842
3964
3626
3361
3635
3809
3827
3821
4114
3727
4765
5203
5221
5209
5175
5144
5087
4813
3136
3996
3980
3989
5084
5239
5381
5634
5740
5963
6069
6119
6167
6164
6150
6133
6118
6041
6014
5878
5558
4121
5480
5657
5746
5787
5507
4907
5485
5755
5924
6023
6151
6133
6150
6124
6114
5998
6105
6079
6135
6148
6182
6030
5921
5589
5988
6274
6410
6702
6823
6866
6891
6614
6042
6374
6838
6958
7068
7186
7226
7236
7215
7175
7249
7271
7282
7290
7281
7251
7227
7069
6923
6808
6531
4885
6456
6511
6531
6447
6347
6247
6174
6170
6111
6003
5781
5007
5180
5265
5219
5051
4934
4727
4576
4207
2095
2036
2071
2007
2108
2110
1998
1905
1957
1852
4706
5078
5354
5517
5669
5864
5937
6044
6181
6197
6367
6434
6457
6493
6526
6544
6581
6628
6610
6515
6459
6218
6026
5331
5810
5961
6018
6152
6113
6122
6056
5944
5807
5576
5347
3771
5668
5705
5629
5616
5636
5653
5792
5786
5844
5911
5903
5839
5720
5702
5678
5579
5351
3255
4825
4909
5006
4975
4949
4612
2817
3060
3065
3185
3549
3823
4031
3955
4020
4009
4027
3580
6765
7027
7178
7334
7490
7616
7747
7953
8102
8235
8336
8370
8301
8891
9099
9352
9427
9662
9589
9478
9314
9049
9255
9286
9259
9189
9189
9148
9031
8970
8919
8797
8667
8634
8499
8346
8199
7741
6932
7517
7530
7584
7284
7690
7669
7732
7630
7625
7564
7493
7307
7131
6930
6809
6543
6284
5950
4066
4650
4630
4723
5601
5732
5770
5787
5811
5918
5996
6295
6336
6387
6429
6611
6484
4289
6346
6599
6866
7090
7245
7314
7355
7401
7366
7337
7318
5118
7171
7307
7448
7421
7293
6459
7302
7469
7610
7759
8170
8352
8470
8571
8563
8720
8826
8998
9040
9042
9114
9099
9095
9119
8950
8507
8009
8220
8511
8564
8476
8501
8736
8751
8709
8700
8656
8627
8566
8514
8412
8472
8387
8335
8366
8263
8323
8310
8203
8154
8140
8032
7893
5650
8004
8159
8199
8215
8241
8263
8252
8186
8217
8142
8311
8384
8304
8217
8213
8062
8226
8296
8343
8291
8331
8357
8407
8445
8358
8450
8497
8585
8563
8565
8677
8664
8694
8643
8605
8595
8636
8592
8604
8689
8754
8767
8795
8772
8543
8370
8170
6069
8192
8327
8411
8560
8675
8687
8736
8746
8782
8739
8740
8641
8631
8628
8703
8715
8669
8681
8709
8569
8568
8552
8613
8610
8627
8634
8628
8559
8546
8480
8457
8355
8365
8185
8154
8175
8129
8181
8226
8288
8129
7989
7816
7293
7110
7708
7746
7739
7591
7396
6722
7448
7599
7613
7492
7513
7516
7491
6820
5161
6494
6414
6330
7116
7541
7559
7593
7645
7674
7651
7611
7517
7312
7357
7363
7328
7293
7158
6645
6910
5092
4477
5504
5652
6241
6352
6533
6622
6762
7110
7356
7306
7296
7415
7594
7684
7754
7833
7901
7936
7917
7849
7795
7804
7744
7588
7396
5297
7220
7528
7714
7753
7785
7653
7494
7498
7519
7656
7672
7641
7550
7689
7814
7855
7856
7683
7448
7407
7236
7057
6792
5864
5855
5849
5011
6307
6395
6844
6891
6962
6863
6966
6937
6941
6891
6816
6674
6390
6134
5580
5915
6592
6809
6941
7082
7132
7191
7044
7176
7109
6503
6164
6305
6605
6835
6808
7039
6786
7080
7034
7066
7176
6691
5597
5937
5942
5926
7935
8093
8198
8354
8527
8709
8833
8817
8863
8945
8974
9008
8971
8988
9107
9130
9111
9181
9171
9071
6509
8869
9015
9054
9103
9043
8929
8922
8866
8760
8737
8665
8608
8578
8494
8473
8365
8253
6723
8156
8085
7897
7784
7520
6751
6418
6091
5653
6182
6476
7447
7434
7580
7566
7621
7550
7515
7474
7421
6949
4919
6825
7155
7219
7292
7285
7256
7288
7279
7270
7279
7235
7210
6951
6398
6916
7073
7251
7342
7358
7321
7299
7168
4968
6683
6763
6956
7052
7101
7071
6858
6781
6767
6773
6669
6592
6437
6337
6181
6002
5886
5741
5549
5349
4137
4195
4174
4145
4176
4038
3911
3885
3821
3685
3487
3349
3242
3044
2883
2750
2435
256
246
245
351
348
349
3595
3812
3984
4132
4294
4486
4704
4908
5082
5293
5412
5541
5765
5813
5808
5769
6226
6571
6747
6921
7088
7208
7333
7627
7734
7752
7728
7706
7675
7759
7805
7786
7900
7908
7926
7912
7864
7887
7871
7825
7810
7742
7699
7668
7654
7601
7518
7480
7397
7557
7618
7614
7634
7610
7598
7535
7425
7297
7196
4950
7121
7177
7279
7218
7248
7225
7196
7169
7127
7089
7137
7118
7101
7153
7131
7017
6489
6983
7167
7243
7315
7401
7488
7476
7511
7549
7567
7544
7603
7595
7669
7687
7711
7711
7727
7796
7789
7778
7726
7638
7577
7576
7541
7533
7428
7410
7415
7480
7572
7660
7749
7895
7985
8018
8100
8111
8178
8188
8233
8060
8144
7982
8213
8164
8101
8044
8103
8081
8018
8188
8240
8291
8312
8422
8561
8782
8849
8927
8936
8942
8957
8881
8845
8807
8826
8788
8742
8625
8607
8615
8703
8704
8271
8436
8566
8612
8729
8805
8868
8918
8994
9134
9206
9182
9216
9202
9194
9184
9192
9136
9189
9110
9129
8915
9064
9235
9280
9193
9067
9073
9082
9101
9107
9128
8812
8779
9424
9458
9456
9496
9551
9556
9569
9554
9508
9558
9579
9527
9525
9464
9412
9392
9248
9102
8619
8484
8882
8865
8774
8658
8560
8480
8293
5840
8477
8646
8743
8729
8703
8694
8625
8577
8408
8265
7919
7683
7607
7939
7912
7837
7731
7686
7609
7606
7571
7548
7426
7310
7208
7008
6411
6814
6974
7102
7061
7072
6928
6843
6808
6756
6787
6781
6660
6605
6248
5859
6187
6424
6441
6511
6429
4488
6262
6507
6664
6733
6744
6466
4680
6163
6415
6458
6486
6592
6547
6517
6494
6500
6421
6447
6423
6433
6408
6475
6493
6546
6618
6519
6387
6256
6041
4685
6218
6482
6569
6633
6624
6638
6652
6514
6406
6298
6163
5975
5891
5742
5567
5380
4398
2907
2884
2896
2801
2796
2792
2771
4405
4715
4864
5027
5048
5023
5092
5025
5026
5402
5560
5834
6009
6227
6237
6171
6218
6088
5913
5766
5227
3897
4175
4016
4186
4193
4175
5697
5965
6156
6276
6335
6572
6658
6694
6685
7145
7268
7401
7516
7676
7788
7862
7816
7914
7835
7588
7716
7612
7537
7563
7656
8403
8530
8702
8630
8589
8554
8339
7808
8341
8483
8577
8609
8713
8766
8742
8737
8737
8734
8659
8600
8521
8433
6658
8367
8507
8446
8483
8437
8362
8278
8162
8182
8125
8164
8103
8005
7977
7929
7881
7780
7825
7892
7696
7375
7642
6555
7636
7605
7616
7619
7564
7417
7284
7177
7119
7049
7016
7035
7057
7047
7081
7133
7140
7149
7166
7165
7245
7236
7408
7488
7545
7646
7682
7809
7869
7913
7911
7962
8041
8158
8190
8238
8199
8231
8325
8444
8405
8408
8393
8336
8295
8204
7935
7963
7979
7881
7644
5345
6367
6270
6236
7399
7855
7974
7993
7930
5689
8178
8220
8321
8281
8420
8478
8510
8503
8461
8143
8477
8415
8216
8283
8184
8143
8071
8118
8107
7896
7967
7960
7779
7769
7724
7661
7509
7370
7150
6993
6825
6688
6533
6265
5872
5376
5345
5396
5254
5109
4955
4745
4603
4440
4184
3542
3492
3525
3441
3317
3202
3047
2883
1663
1666
1663
1654
1651
1502
2
76
65
1
56
55
1
3
1
2
456
474
642
641
643
404
1107
1364
1462
1550
1652
1766
1773
1785
1772
1781
1777
1333
1787
1785
1783
1787
1782
1788
1783
1785
1778
1785
1775
1780
1923
1915
1916
1911
1922
1609
2346
2504
2578
2663
2703
2859
2943
2923
2833
2715
2647
2482
2354
2200
1004
1206
1198
1172
1203
1205
1206
1205
1206
1199
1204
1197
1194
2935
3104
3218
3213
3233
3233
4369
4672
4834
5060
5278
5548
5775
5935
6070
6260
6393
6489
6505
6519
6521
6487
6432
4803
6584
6841
7021
7151
7060
5425
6983
7185
7484
7507
7476
6998
7145
7532
7667
7887
8077
8125
8183
8060
8239
8292
8287
8285
8366
8517
8726
8784
8894
8867
8900
8816
8723
8555
8374
8362
8169
7999
8125
7874
7878
7644
7522
7337
7090
6978
6752
6185
6684
6760
6646
6523
6466
6374
6166
6014
5820
5686
5512
3477
5398
5401
5244
5184
4664
4345
4606
4769
4580
4369
4337
2607
4224
4242
4103
3982
3786
3093
3724
3832
3938
3953
3954
3595
4466
4747
4865
4978
5052
5032
5122
5235
5297
5343
5195
5102
5024
5029
3553
5232
5404
5566
5704
5821
5860
5861
5861
5894
5910
5583
5240
5515
6036
6196
6417
6543
6634
6640
6707
6711
6560
6424
5727
6227
6660
6566
6555
6520
5860
6421
6718
6797
6873
6998
7000
7070
7065
7072
7106
7229
7263
7252
7239
7295
7193
7057
6910
6706
6415
4776
6091
6062
5978
5865
5723
5485
4490
4482
4433
6466
6828
6913
6978
6923
6894
6820
6802
6817
6846
6863
6822
6544
6387
5737
6473
6796
6954
7022
7013
7152
7161
7194
7165
7066
6768
4223
5576
5590
5597
6642
7222
7890
8128
8357
8595
8780
8809
8832
8620
8462
7683
8295
8472
8570
8750
9129
9257
9364
9394
9428
9456
9517
9573
9610
9653
9659
9672
9671
9624
9573
8957
8430
9095
9399
9490
9483
9512
9443
9481
9460
9500
9463
9374
9368
9335
9311
9334
9325
9288
9186
8984
9127
9095
9122
9112
9034
8992
9020
9055
9074
9100
9233
9269
9335
9422
9436
9385
9343
9312
9299
9340
9335
9375
9399
9344
9302
9381
9395
9434
9352
9314
9280
9205
9137
9115
9156
9196
9198
9171
9133
9132
9040
8894
8872
8789
8716
8593
6150
8310
8593
8317
8157
7977
7531
7803
8715
9060
9029
9253
9328
9436
9488
9447
9504
9496
9503
9515
9465
9463
9435
9355
9343
9326
8684
8309
8424
8722
8841
8932
8981
9008
8946
8912
8900
8811
8781
8558
8554
8505
8381
8348
8312
8281
8225
8172
8072
8079
8038
8060
8032
8021
7811
7637
7672
7299
7402
7187
7091
6788
6682
6656
6761
6763
6804
6858
6880
6855
6886
6765
4509
6213
6711
7087
7183
7263
7328
7381
7373
7388
7402
7420
7272
7133
7029
6586
7387
7582
7626
7681
7663
7665
7690
7669
7713
7665
7704
7689
7599
7626
7639
7703
7785
7925
7878
7893
8037
8050
7983
7958
7998
7952
7915
7774
7803
7787
7836
7790
7722
7692
7656
7633
7554
7508
7384
7275
7213
7386
7417
7398
7407
7419
7367
7395
7303
7352
7328
7243
7193
6959
6579
6866
6663
7101
7073
7040
6973
6970
6936
6950
6892
6824
6780
6625
6476
6572
6722
6727
6778
6810
6811
6825
6767
6664
6534
6285
5884
6639
6892
6926
6990
7020
6962
6903
6782
6691
6595
6416
5845
5885
5832
5758
5669
5548
5390
5251
5073
3340
3429
3404
3265
3306
3308
3005
5280
5451
5695
5810
5834
5996
6118
6191
6301
6293
6166
5988
5595
5350
4419
5843
5994
6151
6349
6644
6719
7018
7173
7334
7383
7444
7469
7485
7464
7546
7597
7512
5579
7294
7395
7464
7595
7578
6035
7375
7475
7595
7918
8123
8314
8425
8532
8597
8623
8669
8692
8643
6583
8147
8428
8544
8700
8836
8838
8905
8908
8890
8885
8795
8898
8895
8862
8847
8705
8704
8528
8663
8595
9022
9114
9034
9037
8888
8647
8403
6186
7600
8045
8905
9108
9299
9408
9480
9517
9521
9509
9441
9280
8997
9120
8990
9093
9012
8938
8774
8738
8652
8430
8435
8337
7150
8220
8197
8001
7959
7881
7865
7807
7646
7595
6958
4873
6649
6660
6562
6388
6149
5765
5206
7051
7254
7458
7385
7425
7130
6586
5678
5629
5677
5668
6733
7576
7706
7641
7750
7742
7740
7778
7840
7886
7758
7820
7778
7794
7811
7925
8045
8053
8126
8172
8210
8271
8198
8204
8177
8092
7980
7894
7784
7724
7599
7455
7280
7206
7151
7098
7034
7009
6899
6735
6627
6463
6388
6330
6261
6229
6182
6176
6099
6086
6046
6080
6120
6157
6156
6129
6093
5981
5853
5665
5349
5136
5814
6063
6118
6121
6114
5945
6155
6120
6132
6085
6063
6096
6081
6067
6078
6059
6075
6024
4469
5866
6088
6166
6231
6253
6236
6271
6224
6242
6292
6305
6261
6413
6347
6209
4314
5908
6074
6255
6387
6493
6398
6878
7133
7229
7329
7419
7536
7498
7495
7623
7710
7773
7812
7841
7973
8003
8132
8166
8180
8198
8160
8126
8028
7849
7976
8160
8216
8225
8234
8248
8260
8272
8284
8240
8210
8217
8257
8283
8270
8200
8168
8059
8084
8053
8002
7924
7725
7616
7483
7308
7079
967
188
1834
2176
7398
7701
7900
8074
8270
8376
8562
8673
8739
8844
8928
9091
9123
9114
9129
9159
9306
9357
9388
9369
9319
9402
9561
9630
9649
9661
9643
9625
9553
9537
9530
9573
9467
9523
9536
9505
9457
9371
9282
9153
9123
9098
9015
8966
8966
8959
8970
8959
8671
8386
7966
8529
8630
8608
8591
8517
7996
7298
7883
8133
8221
8314
8316
8300
8218
8126
8160
8154
8137
8092
8175
8308
8273
8287
8285
8322
8402
8355
8277
8180
8240
9288
9394
9554
9589
9585
9553
9477
9524
9531
9305
5793
8301
8279
8065
9095
9394
9386
9665
9698
9655
9583
9446
9443
9415
9494
9584
9550
9572
9558
9531
9512
9499
9577
9566
9478
9442
9322
9265
9147
9079
9069
9014
8898
8795
8614
5591
8221
8283
8451
8423
8325
8167
7820
7276
6291
7251
7667
7965
8193
8112
8418
8502
8520
8570
8634
8665
8766
8917
8968
9041
9126
9269
9280
9295
9256
9085
8498
9006
9136
9375
9341
9270
9277
9166
9149
8831
8194
8731
8903
9101
9292
9491
9563
9609
9584
9599
9565
9513
9571
9566
9513
9424
9471
9487
9385
9296
9215
9121
9102
9126
9186
9051
9073
9121
9129
9138
9174
9195
9212
9232
9276
9203
9270
9280
9323
9238
9330
9335
9372
9296
9391
9451
9618
9593
9566
9645
9603
9575
9578
9567
9506
9593
9553
9458
9492
9466
9381
9435
9457
9437
9437
9347
9334
9260
9223
9213
9142
9110
8962
8963
8919
8887
8437
7967
8537
8748
8854
8889
8897
8974
9080
9086
9069
9071
9139
9102
9238
9303
9263
9297
9496
9617
9609
9604
9624
9549
9525
9561
9647
9612
9602
9517
9435
9472
9588
9585
9626
9594
9519
9509
9541
9561
9607
9663
9565
9569
9537
9482
9473
9522
9479
9304
9396
9529
9600
9532
9545
9554
9581
9567
9417
9344
9467
9561
9552
9524
9612
9408
9381
9279
9182
8963
8470
9147
9345
9379
9215
8904
6696
9061
9380
9479
9546
9534
9432
9333
9448
9559
9584
9608
9622
9635
9581
9569
9553
9376
9159
8846
8663
6571
9299
9263
9104
8720
8428
7861
9237
9579
9659
9624
9354
9028
6291
9031
9528
9599
9607
9534
9437
9425
9590
9630
9634
9640
9570
9581
9553
9514
9075
8068
8897
9078
9303
9459
9628
9601
9620
9484
6663
9062
9321
9598
9767
9767
9589
9463
9457
9477
9462
9387
9331
9362
9251
9235
9211
9261
9404
9422
9355
9413
9412
9417
9467
9487
9468
9367
9313
9347
9408
9380
9342
9347
9341
9357
9371
9331
9252
9271
9275
9169
8944
8789
8666
8231
8979
9107
9121
9109
9043
9011
9050
8963
8928
8791
8664
5456
7036
6952
6834
8061
8370
8693
8833
9148
9320
9384
9362
9381
9403
9543
9558
9582
9622
9599
9603
9598
9570
9541
9318
6617
8138
7950
7767
8122
8305
9025
9147
9251
9336
9420
9513
9461
9499
9533
9454
9462
9546
9687
9681
9671
9518
9433
9381
9470
9465
9453
9412
9364
9327
9310
9245
9193
9251
9237
9151
9175
9179
9211
9256
9231
9327
9363
9368
9344
9375
9423
9469
9524
9538
9485
9442
9349
9334
9316
9293
9354
9366
9351
9308
9260
9177
9181
9179
9102
9163
9060
9015
8924
8842
8799
8758
8748
8772
8766
8684
8695
8596
8495
8464
8194
7918
6854
6588
6103
6681
6921
7242
7334
7422
7590
7579
7608
7542
7455
7585
7315
7089
6588
6277
6752
7124
7457
7418
7484
7424
7181
7363
7339
7203
7271
7251
7107
6823
4698
5479
5487
4372
6786
6965
7203
7443
7652
7788
7862
7876
7845
7788
7639
7704
7752
7804
7789
7866
7801
7663
7577
7200
4995
6464
6501
5144
7056
7165
7739
7718
7747
7784
7719
7499
4961
7772
8004
8187
8321
8422
8379
8428
8525
8533
8528
8333
5687
8010
8327
8498
8701
8866
8921
8976
9049
9075
9096
9242
9359
9519
9532
9507
9481
9370
9461
9464
9473
9489
9409
9330
9131
9155
9094
9024
9039
9058
8994
8916
8833
8715
8697
8592
8548
8407
8326
8152
7998
7903
7666
7542
7303
7138
6912
6573
4500
4525
4512
4271
4782
4917
5075
4987
4883
4478
5024
5210
5533
5566
5639
5735
5744
5753
5708
5733
5756
5710
5370
5253
4943
5575
6400
6575
6623
6516
6162
6628
6791
6995
7093
7236
7370
7481
7603
7830
7969
7897
6368
8363
8478
8642
8765
8838
8913
8964
8945
8966
8956
8977
9040
8952
8915
8957
8979
9003
9029
8774
8554
7779
8210
8506
8726
8834
8826
8623
7881
8340
8749
8745
8697
8520
8507
8596
8553
8585
8545
8518
8432
8361
8316
8254
8058
5603
7673
7678
7775
7806
8270
8392
8505
8463
8490
8462
8592
8634
8730
8806
8873
8919
8945
9007
9102
9082
9021
8939
8824
8818
8865
8833
8851
8775
8753
8608
8327
8263
8175
8151
8089
7930
7724
7796
7681
6087
7271
7073
6700
6427
4764
6102
6034
5925
5775
4954
4288
4292
4249
3420
4485
5274
5751
5962
6099
6007
5870
5626
4449
5248
5320
5181
5082
5019
3532
5256
5785
5943
6066
6012
5869
5632
5317
4999
5651
5848
6030
6150
6256
6229
6279
6328
6437
6494
6407
6225
6098
6005
5894
5769
5566
4769
4756
4747
4732
4725
4593
3320
3323
3306
3329
3839
4050
4227
4414
4509
4569
4642
4635
4599
4320
4225
1941
3891
4008
4156
4258
4336
4331
4243
4129
2228
3369
3613
3682
3672
3663
3443
3249
3324
2747
3747
6104
6226
6379
6514
6772
7042
7052
7058
7982
8368
8583
8798
8918
8995
9057
9152
9224
9269
9313
9303
9259
9616
9634
9664
9667
9677
9609
9559
9579
9606
9534
9402
9328
9264
9339
9359
9406
9400
9435
9322
9183
9150
9001
9295
9324
9234
9235
9109
9069
8953
8892
8842
8874
8867
8847
8651
8553
8840
8837
8872
8781
8727
8671
8423
7856
8382
8498
8527
8600
8727
8779
8812
8798
8848
8588
8532
6294
8538
9156
9179
9188
9154
9164
9133
8891
9133
9061
8947
9037
8841
9033
9034
9014
9166
9117
9126
9080
9099
9060
9033
9018
8912
8894
8938
8996
8990
9180
9284
9344
9359
9325
9318
9279
9314
9317
9336
9455
9423
9421
9274
9027
7501
7465
7481
7512
8563
8927
9001
9012
9059
9066
9107
9088
9086
8996
9117
9199
9229
9222
9159
9147
9226
9240
9202
9124
9103
9106
8670
7821
8496
8700
8887
9055
9089
9118
9161
9110
9019
9096
9061
9017
9036
9065
9104
9136
9063
8992
8902
8810
8784
8823
8986
8948
9018
9014
8985
8941
8963
8983
8977
8978
8981
8936
9006
8981
9008
8858
8689
8493
8381
6046
8555
8705
8833
8966
9033
8976
8984
8940
9036
8937
8925
8857
8805
8820
8779
8843
8931
8941
8940
8973
9031
9212
9177
9177
9222
9178
9188
9352
8789
6558
8060
8070
6678
9387
9759
9668
9671
9703
9638
9625
9548
9489
9505
9407
9368
9364
9362
9245
9032
8859
8222
9091
9283
9295
9373
9330
9395
9426
9495
9545
9576
9615
9631
9567
9515
9462
9414
9384
9279
9145
8198
7784
8041
8192
8410
8404
8343
8247
7937
7842
7769
7678
7570
7520
7477
7518
7587
7571
7559
7633
7606
7604
7565
7538
7501
7412
7311
7302
7227
7145
7053
6954
6947
6865
6866
6851
6806
6672
6372
5899
4380
5741
5927
5925
6056
6121
6250
6107
6050
4363
6143
6725
6871
7014
7020
7102
7211
7339
7467
7621
7631
7797
7909
8016
7967
7955
7854
8116
8119
8166
8346
8476
8573
8569
8532
8595
8627
8627
8626
8606
8617
8433
8572
8478
8511
8486
8401
8471
8276
8385
8326
8237
8132
8076
6765
7769
7599
7514
7374
7231
7084
6934
6788
6646
6324
6119
4079
5887
5909
5743
5286
5046
4431
5132
5458
5732
5771
5749
5678
5674
5574
5311
4876
4886
4569
4991
5450
5373
5243
5109
4804
5461
5558
5626
5750
5790
5811
5864
5904
5929
5985
6003
6019
6045
6048
6049
6022
5964
5508
5845
6116
6268
6334
6401
6410
6295
6253
6140
6080
5740
3505
3546
3575
3266
4209
4300
4326
4318
4324
4307
4895
4965
5033
5089
5120
5191
5156
5174
5186
5173
5112
5179
5177
5157
5065
4980
5043
5004
4948
4896
4842
4837
4839
4783
4735
4629
4593
4518
4137
3317
3315
3304
3281
4104
4466
4712
4881
4985
5077
5130
5265
5410
5610
5674
5777
5844
5984
6098
6167
6281
6319
6400
6422
6457
6559
6352
5258
6509
6693
6702
6788
6902
6952
6979
7084
7108
7122
7080
7139
7083
7065
7054
7002
7166
7177
7209
7256
7292
7211
7181
7189
7114
6995
6959
6964
6946
6942
6857
6770
6701
6474
6006
5565
5994
6516
6772
6767
6789
6812
6790
6788
6818
6815
6817
6759
6658
6722
6765
6769
6810
6794
6746
6760
6777
6814
6763
6756
6743
6490
6249
6873
6978
7027
7044
7028
6980
6957
6766
6279
6804
6962
7220
7306
7394
7421
7403
7454
7616
7575
7625
7705
7740
7762
7794
7782
7707
7857
7935
8011
8164
8229
8257
8314
8072
8347
8424
8485
8437
8499
8516
8609
8533
8593
8620
8647
8631
8679
8682
8714
8808
8920
8977
9053
9054
9125
9086
9122
9142
9131
9145
9114
9097
9166
9325
9521
9278
7666
7804
7983
7880
7856
6288
7616
7669
6058
9552
9674
9631
9657
9620
9535
9573
9510
9541
9529
9468
9576
9677
9605
9583
9503
9486
9494
9534
9603
9551
9499
9516
9534
9553
9497
9504
9564
9605
9585
9587
9498
9341
9436
9402
9410
9370
9245
9038
8662
9186
9222
9325
9339
9298
9329
9350
9430
9364
9345
9280
9232
9280
9418
9372
9287
9277
9327
9231
9418
9337
9542
9442
9388
9416
9453
9462
9452
9348
9225
9289
9305
9305
9241
9216
9172
9177
9056
8935
8911
8848
8766
8802
8745
8585
8502
8389
8315
8399
8406
8478
8276
8244
8092
8051
7944
7850
7816
7624
6376
6395
6339
6233
6079
5434
5507
5520
5529
7363
7485
7660
7629
7705
7789
7841
7773
7748
7759
7573
7644
7658
7580
7478
7469
7453
7374
7441
7442
7533
7560
7593
7577
7552
7584
7449
7718
7814
7904
7902
7994
7986
7874
7458
7047
7571
8539
8705
8746
8807
8762
8827
8919
8962
8928
8845
8672
6947
8526
8650
8597
8597
8720
8702
8619
8556
8512
8454
8428
8221
8203
7628
8055
8251
8383
8455
8604
8615
8647
8608
8640
8548
8369
8280
7993
8094
8005
8002
7869
7780
7652
7450
7156
7019
6828
6460
6325
6389
7258
7741
7757
7833
7812
7875
7980
8035
8322
8405
8622
8757
8940
9022
9069
9165
9222
9254
9285
9248
9188
9166
9147
9213
9108
9101
9032
9062
9080
9085
9034
9037
8972
8963
8909
8289
6798
8308
8544
8539
8541
8546
8597
8531
8579
8572
8640
8668
8673
8648
8731
8694
8653
8665
8696
8715
8716
8580
8416
8055
7963
8140
9281
9432
9393
9546
9421
9431
9377
9327
9387
9397
9351
9286
9324
9290
9314
9339
9291
9213
9199
9174
9185
9158
9098
8950
8930
8866
8868
8804
8757
8652
8488
8309
8083
8119
8001
7833
7749
7631
7232
7232
7103
6966
6748
6553
6424
6339
6239
6165
6118
6063
5821
5759
5663
5567
5423
5474
5478
5533
5557
5540
5590
5661
5735
5759
5767
5807
5718
5290
5592
5889
5908
6008
5997
6000
5995
5953
5978
5962
5939
5864
5863
5919
5897
5867
5861
5833
5735
5558
5349
5983
6109
6188
6266
6366
6336
6387
6390
6356
6279
6310
6310
6259
5623
5445
5764
5850
5883
6003
5894
5758
5741
5633
5537
5443
5365
5272
5104
5050
4960
4949
4979
4955
4924
4936
4865
4817
4727
4425
4092
4142
4200
4302
4267
4233
4118
4040
3894
3884
3764
3614
3527
3467
3368
3301
3193
3107
3069
2976
2901
2783
2579
2481
1789
2513
2689
2793
2882
3019
3141
3297
3397
3443
3579
3635
3674
3685
3632
3470
3907
4001
4086
4215
4183
4544
4629
4591
3083
4918
5037
5379
5517
5690
5722
5742
5951
6042
6100
6114
6322
6462
6507
6676
6753
6876
6916
7030
7041
7131
7177
7199
7240
7334
7372
7416
7410
7409
7625
7602
7196
6952
6715
6934
7507
7455
7476
7460
7406
7454
7431
7405
7490
7445
7428
7400
7328
7251
7199
7155
7082
7074
7020
6955
6983
7112
7137
7146
7169
7146
7154
7104
7077
6942
6780
6261
6928
7204
7294
7297
7356
7292
7240
7188
7030
6886
6438
7114
7300
7326
7336
7364
7377
7365
7375
7353
7338
7334
7338
7379
7404
7339
7383
7237
7109
7012
6868
6438
7337
7463
7506
7504
7549
7620
7618
7501
7290
7010
6268
7262
7606
7661
7705
7754
7559
6986
7485
7809
7901
7954
7996
7994
7988
8000
7929
7990
8055
8209
8276
8364
8441
8598
8683
8869
8984
9090
9379
9512
9564
9561
9539
9587
9544
9551
9557
9533
9525
9535
9542
9435
9373
9406
9348
9323
9286
9297
9299
9115
8273
8973
9168
9378
9380
9304
9345
9380
9469
9459
9477
9518
9326
9152
8523
9347
9491
9545
9601
9558
9410
9315
9403
9426
9395
9371
9296
9447
9426
9098
9040
9372
9548
9665
9582
9579
9617
9639
9591
9492
9558
9598
9658
9546
9523
9589
9562
9497
9472
9545
9448
9393
9458
9544
9584
9603
9622
9639
9404
8728
9353
9561
9693
9573
9596
9548
9502
9364
9359
9396
9437
9449
9559
9413
9470
9515
9486
9459
9360
9389
9484
9481
9362
9128
9323
9285
9306
9296
9217
9230
9211
9022
8917
8701
8529
6530
8763
8995
9085
9096
9210
9226
9188
9223
9211
9170
9220
9245
9316
9287
9266
8949
8763
8160
9288
9572
9639
9688
9655
9593
9498
9541
9530
9312
9404
9385
9202
9037
8167
9061
9298
9470
9662
9761
9536
9451
9351
9246
9204
9086
8988
8819
8713
8656
8536
8381
8234
8063
7333
4500
5075
5057
4801
4875
4836
4498
4738
4819
4232
7414
8012
8307
8460
8692
8843
8830
8963
9146
9262
9397
9386
9372
9061
8381
9351
9547
9576
9582
9622
9547
9411
9598
9675
9648
9672
9741
9671
9650
9632
9653
9604
9577
9608
9587
9544
9489
9446
9492
9462
9402
9358
9309
9270
9225
9252
9181
9065
9020
8927
8854
8771
8640
8478
8248
8053
7795
6902
7897
8077
8260
8276
8209
8157
8000
8081
8106
8015
7832
7742
7507
5320
8247
8370
8422
8508
8498
8654
8700
8626
8477
8279
8133
5577
8573
8777
8887
9012
9035
8988
8986
8973
9012
8978
8922
8905
8805
8362
7418
8239
8460
8699
9042
9207
9283
9475
9570
9563
9514
9622
9631
9539
9370
6683
8872
9201
9440
9663
9770
9618
9637
9626
9509
9446
9487
9450
9384
9334
9430
9457
9518
9495
9402
9276
9239
9242
9103
8942
8685
8486
5936
8682
8836
8912
8962
8991
8752
8441
8237
7496
8638
9038
9210
9194
9188
9181
9010
8978
9144
9177
9293
9390
9488
9583
9598
9442
9217
5832
9549
9738
9832
9736
9650
9635
9614
9603
9556
9328
8854
7158
7305
7278
6457
8625
8829
8995
9287
9556
9698
9722
9640
9538
9577
9573
9492
9576
9521
9214
9275
9348
9482
9512
9598
9471
9425
9413
9381
9354
9235
9027
9100
9157
9264
9273
9158
9161
9205
9204
9150
9072
8995
9006
9088
9145
9259
9309
9349
9398
9400
9370
9449
9471
9530
9546
9511
9359
7123
9316
9427
9371
9185
9062
8659
8978
9427
9314
9187
8969
7778
8600
8756
8972
8765
8494
8015
8354
9197
9289
9254
9414
9535
9337
9411
9442
9538
9549
9542
9584
9583
9576
9650
9641
9543
9393
9258
9355
9403
9370
9287
9228
9318
9262
9257
9227
9145
9076
9035
8999
8994
8985
9057
9093
9112
9100
8979
8956
8960
8934
8834
8824
8787
8693
8599
8519
8564
8401
8278
8071
5702
8137
8317
8312
8271
8216
7797
7314
7909
8077
8098
8148
8087
8060
8047
8194
8295
8299
8287
8533
8555
8605
8641
8694
8732
8804
8784
8842
8789
8795
8795
8554
8361
7869
8207
8852
8938
8958
8984
8951
9012
9027
9016
9009
9066
9155
9234
9336
9317
9471
9539
9613
9610
9635
9602
9595
9609
9642
9628
9614
9611
9371
9579
9525
9486
9250
8639
9234
9457
9545
9314
9302
9295
9202
9167
9230
9232
9267
9101
9107
9143
9157
9224
9202
9182
9117
8673
8354
8808
9118
9291
9341
9376
9394
9457
9459
9425
9302
9038
9320
9342
9351
9378
9422
9411
9460
9540
9536
9566
9608
9552
9538
9504
9485
9515
9539
9452
9402
9160
9059
8998
9025
8952
8924
8914
8853
8789
8807
8807
8743
8611
8599
8335
5923
8141
8295
8399
8407
8348
8305
8400
8387
8370
8372
8376
8341
8350
8180
5849
8193
8310
8304
8269
8245
8108
7890
5810
7712
7874
7819
7986
8006
8098
8326
8380
8525
8631
8492
8695
8873
8849
8843
9047
9165
9289
9106
7997
7553
7522
7553
7393
9334
9337
9432
9554
9521
9530
9540
9444
9386
9424
9413
9339
9343
9406
9151
9200
9231
9157
9077
8794
7060
8367
8264
8252
9241
9370
9406
9451
9500
9447
9380
9250
9099
8756
8681
8618
8426
5017
8664
8651
8737
8796
8456
8513
8435
8148
8219
8023
9579
9627
9637
9615
9721
9710
9592
9603
9565
9538
9520
9413
9523
9545
9560
9561
9592
9513
9418
9362
9216
8436
8708
8772
8562
7146
8954
9048
9111
9196
9182
9128
9007
8927
8893
8756
8574
8453
8220
8076
7914
7794
7657
7532
7322
7189
7141
7093
7196
6897
6739
6574
5998
6132
6111
5996
4407
3702
3356
3344
3346
2961
3254
3323
3257
3200
3176
2788
3109
6664
6928
7113
7210
7370
7438
7406
7468
7530
7601
7684
7750
7780
7812
7908
7959
7990
7630
7611
5926
7655
7821
8252
8362
8446
8459
8730
8682
8765
8769
8744
8786
8779
8739
8585
8467
8280
7180
8331
8523
8770
8794
9346
9439
9531
9610
9610
9577
9513
9495
9342
9272
9410
9477
9541
9547
9572
9491
9611
9451
9342
9242
9100
8904
8790
8589
8231
6587
6618
6845
6843
6841
6586
6334
7375
7409
7236
6804
6575
4710
7022
8135
8041
8013
7949
7848
7838
7797
7625
7647
7648
7471
5191
6723
6816
6800
6711
6456
7085
7357
7758
7951
8119
8205
8245
8239
8334
8410
8497
8524
8498
8501
8438
8365
7595
5543
7526
7881
8117
8249
8427
8387
8336
8273
8250
8302
8276
8434
8531
8572
8588
8669
8727
8834
8900
8863
8900
8899
8939
8954
8964
8987
8943
8981
9003
9096
9166
9202
9282
9299
9312
9166
9016
9154
9140
9086
8977
8981
8982
8857
8847
8752
8692
8636
8578
8452
8061
7813
7349
6896
7410
7440
7426
7269
7050
6343
7551
7643
7797
7736
7694
7640
7496
7599
7478
7450
7357
7229
6964
5749
6212
6360
6208
5864
6472
6709
6880
6993
7024
7094
7091
7150
7241
7338
7148
6957
5172
5447
5623
5660
5669
4867
5634
5651
5674
6583
7001
7370
8600
8750
9005
9080
9181
9233
8977
9080
9583
9541
9658
9688
9511
9637
9662
9734
9577
9482
9526
9416
9332
9278
9233
9077
8952
8903
8860
8840
8761
8569
8365
8160
8060
7857
6921
5740
5842
5817
5803
6886
7505
7758
7961
7972
7895
7559
7332
4970
7459
7906
8001
8008
8078
8074
8085
8092
8116
8198
8235
8142
8160
8007
6236
8183
8362
8548
8658
8705
8815
8883
8932
8994
9037
9194
9265
9381
9541
9585
9576
9614
9644
9659
9528
9461
9366
9249
9194
9167
8954
8579
8366
8274
7946
7692
7437
5248
5797
5824
5276
6271
7461
7383
7240
7109
5332
7742
7841
7843
7861
7753
7779
7668
7565
7389
7312
7228
7169
7108
7058
6914
6710
6679
5834
6705
6791
6868
6772
6733
6987
7023
6901
6681
6400
6250
3719
6656
6976
6967
6947
6524
5978
6769
7004
7509
7682
7893
7808
7770
7956
8000
8031
7676
5260
7671
7839
8112
8294
8419
8416
8550
8579
8645
8713
8746
8748
8747
8446
7574
8049
8252
8468
8554
8531
7676
8276
8487
8613
8806
8946
8848
8898
8911
8920
8805
8624
8573
8573
9348
9443
9430
9570
9479
9442
9324
5873
8980
9664
9720
9741
9676
9621
9504
9420
9382
9325
9295
9310
9249
9195
9164
9103
9029
8941
9098
9099
9048
8868
8469
5983
8681
8794
8928
9020
8887
8792
8612
8648
8524
8333
8086
5076
6681
6579
6416
7821
8073
8306
8465
8440
8434
8335
8152
5718
8282
8355
8440
8527
8446
8526
8466
8467
8578
8513
8482
8461
8420
8334
8300
8304
8273
8233
8203
8122
7748
6958
7114
7222
7204
7036
6408
5468
5524
4452
7601
8007
8250
8401
8522
8723
8577
8353
7660
8508
8618
8695
8697
8744
8558
6646
8760
8877
8953
9000
8993
8993
8961
8877
8848
8837
8912
8938
8938
8935
8968
8946
8874
8823
8742
8634
8461
8083
5562
8045
8318
8336
7944
7774
7059
7188
7714
7848
7741
7516
6533
7003
7173
7337
7147
6873
5735
5930
5903
5788
7968
8673
8946
9121
9285
9467
9535
9665
9681
9711
9717
9705
9765
9753
9690
9742
9744
9719
9725
9691
9660
9562
9551
9559
9490
9374
9182
9260
9212
9210
9172
9141
9099
8903
8654
6900
7151
7223
5561
8212
8498
8625
8650
8781
8949
8979
8879
8794
8842
8842
8759
8597
8771
8778
8846
8904
8913
8919
8947
9042
9140
9214
9256
9332
9303
9303
9329
9345
9408
9503
9455
9473
9415
9433
9497
9533
9495
9486
9186
7054
9428
9537
9524
9558
9460
7177
9474
9519
9539
9511
9482
9428
9438
9478
9452
9416
9328
9339
9315
9260
9316
8927
6441
7814
7826
6728
8821
9064
9193
9339
9452
9603
9695
9634
9596
9626
9684
9649
9635
9465
9475
9476
9500
9472
9309
9157
9324
9495
9445
9458
9533
9535
9525
9587
9608
9597
9556
9531
9522
9131
9485
8377
8331
7891
7628
8294
8486
8662
8880
8969
9320
9353
9417
9336
9282
9495
9500
9429
9494
9564
9585
9587
9520
9452
9632
9572
9407
8993
8561
9378
9625
9649
9506
9454
9460
9492
9374
9350
9305
9500
9384
9474
9516
9556
9435
9593
9613
9423
9332
6670
9181
9401
9379
9410
9420
9452
9296
9272
9244
9183
9162
9162
9322
9211
9166
9113
8851
6548
9062
9540
9611
9620
9633
9630
9594
9606
9629
9584
9683
9688
9570
9571
9672
9654
9567
9544
9481
9435
9311
9013
8608
7889
7160
6057
8087
8324
8840
9052
9084
9248
9266
9185
9315
9087
8243
8879
9073
9104
9187
9255
9273
9366
9359
9341
9462
9484
9505
9450
9288
9343
9298
9258
9177
9094
9088
9071
8910
8729
8454
7788
7372
8121
8761
8960
9016
9078
9058
9029
9042
9044
9009
8878
8764
8543
8010
5958
8298
8635
8956
8942
8979
8930
9029
8763
8652
8559
8395
5579
8613
8687
8911
9034
9037
9096
9056
9146
9176
9188
9181
9177
9139
9116
9135
9060
9172
8753
6096
7934
8416
8586
8847
8830
8635
8480
7534
8530
8825
9071
9207
9316
9349
9365
9335
9229
9108
9163
9170
9140
9106
9188
9183
9221
9298
9251
9332
9370
9380
9359
9308
9424
9523
9610
9629
9353
8277
9563
9603
9582
9555
9512
9478
9441
9437
9408
9380
9304
9285
9099
9270
9269
9261
9067
8969
8941
8922
8972
8884
8866
8814
8783
8860
8945
8784
8632
6450
8649
8774
9020
9040
9000
9046
8947
8904
8907
8938
8938
8987
8839
8840
8959
8949
8940
8742
8659
8550
8571
9101
9236
9229
9273
9260
9126
9088
8801
8196
9146
9273
9318
9469
9614
9623
9511
9462
6317
9698
9695
9702
9707
9744
9677
9564
9498
9101
8982
8917
9200
9075
9176
9184
9111
9082
9066
9022
8963
8875
8668
8437
8258
7959
7829
7504
7266
6923
4596
4920
4880
4449
4736
4733
4667
6807
7431
7707
7929
7835
7726
7496
6574
6454
7262
7513
7820
8090
8791
8905
8946
9058
9088
9106
9102
9072
9005
8993
8984
8895
8675
7723
7989
8387
8501
8598
8700
8543
4643
7995
8116
8230
8337
8314
8185
7902
3854
4165
4249
4244
4635
4691
4112
7408
7594
7758
7983
8139
8304
8449
8615
8742
8727
8763
8830
8881
8965
8971
9014
8968
8929
8950
8792
8660
8633
8545
6598
8626
8736
8834
8883
8935
9027
9093
9122
9187
9187
9119
9049
9078
9118
9064
9064
9094
9015
9001
8957
8867
8801
8669
8464
8499
8527
8564
8623
8616
8620
8573
8594
8609
8668
8684
8634
8637
8542
8520
8550
8540
8533
8517
8460
8455
8400
8409
8398
8329
8424
8456
8614
8585
8525
8503
8459
8487
8281
8570
8617
8644
8660
8655
8707
8576
6001
8564
8688
8896
8909
8950
8938
8936
8212
7712
8106
8502
8796
8826
8432
7844
8370
8878
8967
9030
9061
9106
9181
9192
9238
9292
9311
9310
9357
9341
9363
9408
9473
9454
9486
8823
8526
8185
7894
7714
8191
8442
9614
9585
9556
9548
9442
9499
9560
9220
9409
9346
9437
9405
9381
9213
9156
6433
9283
9533
9609
9703
9595
9550
9466
9505
9446
9434
9417
9309
9286
9232
9157
9170
9091
9097
9044
8940
8923
8849
8938
8949
8856
8705
8679
8579
7854
6785
6891
7177
5468
8363
8523
8676
8705
8757
8815
8841
8966
8975
8764
8339
5784
8582
8917
8980
8883
8953
8873
8850
8881
8909
8820
8873
8933
8971
9034
9116
9151
9177
9229
9285
9304
9352
9336
9293
9308
9223
9231
9106
9157
9187
9273
9278
9439
9437
9383
9378
9425
9303
9024
8964
8951
8837
8904
8914
8896
8883
8780
8598
8636
8623
8356
7886
8489
8698
8738
8660
8717
8631
8575
8249
6799
6754
6735
6784
8064
8251
8579
8630
8640
8704
8803
8862
8871
8857
8836
8851
8848
8770
8824
8960
8940
8963
8711
8953
8979
8985
8939
8928
9002
8982
9042
9109
9074
9094
9047
8959
9026
9035
8956
8876
8859
8935
8962
8971
8991
8940
8925
9026
9033
9062
9037
9041
8969
8899
8928
8830
8936
8961
9006
9005
8954
8927
8832
8817
8864
8886
8915
8923
8902
8831
8748
8527
6056
8156
8312
8265
8100
7460
6101
7058
7155
5913
8136
8389
8567
8581
8685
8720
8792
8825
8852
8841
8828
8891
8885
8962
9059
9087
9105
9074
9158
9112
9182
9228
9196
9164
9106
9061
8980
8931
8887
8867
8864
8855
8835
8810
8836
8867
8865
8907
8909
8930
8908
8917
8949
8917
8916
8970
8950
8963
8972
8969
9007
8985
9018
8974
8962
9002
8931
8910
8879
8912
8873
8824
8680
8618
8617
8587
8658
8703
8777
8749
8679
8571
8646
8668
8775
8763
8746
8465
8267
7568
8514
8712
8954
9207
9313
9475
9570
9568
9531
9554
9606
9637
9597
9536
9631
9641
9623
9661
9614
9515
9598
9556
9386
9421
9393
9282
9151
9257
9235
9142
9131
9138
9117
9133
9072
8979
9014
8992
8908
8812
8797
8828
8755
8713
8624
8611
8519
8440
8243
8044
7669
6673
6264
6783
7207
7579
7580
7660
7680
6119
7649
7613
7444
7361
7038
6999
6909
6793
6478
6275
5948
3158
3497
3491
3378
3441
3167
5773
6397
6707
6833
6938
7005
7010
6911
6954
7494
7643
7855
8040
8158
8327
8317
8363
8408
8202
5717
7973
8266
8391
8498
8562
8485
8678
8693
8857
8688
8598
8519
8433
8330
8287
8342
8262
8215
8200
8124
7996
7890
7615
7381
7090
6786
6406
2656
2693
2680
2505
2688
2672
2642
2524
2310
2214
2220
2223
2105
2249
2249
2160
2404
2450
2048
6510
6597
6837
6970
7140
7312
7395
7672
7799
7944
8021
7877
7933
8027
8119
8094
8306
8448
8511
8514
8404
8348
8330
8324
8333
8270
8260
8195
8196
8153
8199
8143
8107
8055
8053
8076
8068
8053
8045
8058
8056
8043
8067
8076
8171
8176
8341
8337
8283
8189
8280
8236
8273
8191
8137
7963
7884
7772
7697
7642
7626
7579
7289
7139
6942
6909
6745
6495
5253
5451
5464
5297
6181
6618
6926
7094
7187
7293
7357
7421
7437
7519
7396
7255
6585
6207
4059
5165
5147
5120
5472
5644
5823
5659
5544
5423
3969
5814
7047
7212
7376
7772
8060
8194
8398
8298
8570
8576
8630
8642
8632
8668
8743
8764
8801
8810
8783
8840
8833
8834
8923
8988
8952
8726
8501
8357
8201
7833
6076
7902
7906
7864
7572
7265
6508
6717
6856
6783
6543
4941
7293
7486
7583
7565
7621
7409
7434
7497
7380
7183
7123
6985
6755
5292
5628
5912
6025
6133
6248
6278
5250
4854
4933
4963
3854
5323
5706
6147
6470
6623
6736
6975
7516
7767
7721
7892
7888
7831
7872
7895
7958
8033
7996
8034
8021
7976
8030
7957
7928
7905
7871
7643
7113
7675
7829
7877
7899
7904
7932
7967
8036
8111
8141
8164
8167
8093
8105
8134
8107
8119
8079
8081
8079
8090
7937
7922
7925
7875
7840
7812
7839
7797
7778
7748
7714
7715
7670
7711
7735
7864
7867
7994
8125
8118
8139
8124
8245
8249
8182
8142
8143
8205
8264
8274
8239
8284
8281
8275
8267
8339
8309
8302
8302
8186
8226
8174
8224
8213
8205
8221
8228
8247
8216
8135
8174
8205
8149
8087
8066
8002
7959
7826
7265
7716
7943
7971
8056
8072
7944
7864
7636
8087
8171
8313
8353
8409
8406
8323
8275
8248
8217
8151
8104
8016
8033
8055
7960
7933
7898
7935
7893
7851
7821
7742
7829
7748
7604
7452
5910
7812
8000
8030
8081
8159
8078
8296
8410
8519
8486
8510
8616
8413
8118
5970
8053
8147
8274
8262
8245
8340
8287
8398
8283
8132
8290
8311
8340
8261
8384
8411
8409
8467
8512
8443
8375
8315
8374
8304
8221
8119
7982
7901
7854
7791
7760
7692
7645
7593
7477
7504
7513
7290
7067
6875
6150
5556
6100
6372
6423
6371
6171
6054
5912
5597
5177
5815
5987
5867
5685
5335
5074
4766
5352
5660
5636
5504
5403
5274
5161
3422
4842
4830
4762
4709
4633
4496
4366
4207
4102
4044
3894
3245
3386
3409
3588
3609
3579
3472
3340
3212
999
2426
2432
2435
2396
2376
1934
2939
3113
3256
3398
3159
1801
2475
2464
2470
4327
4772
5061
5268
5300
4328
5655
5937
6180
6324
6427
6573
6659
6534
6499
6673
6970
7076
7228
7331
7431
7522
7724
7816
7870
7939
7871
7920
7954
7784
7707
7721
7639
7432
7376
7212
6930
6867
5479
5773
6129
5345
2678
5462
5402
4657
5111
4738
4496
4200
3982
3761
3590
1685
1660
1664
1643
1650
1639
1627
1624
1582
1100
1346
1315
1053
3914
4082
4226
4493
4480
4448
4382
4264
4032
4562
4890
4981
5119
5196
5245
5290
5374
5327
5270
5260
5213
5107
5076
5021
3543
3781
3802
3900
3968
3983
4021
4040
4093
4152
4126
4017
3838
3779
1004
3756
3886
3959
4129
4237
4236
4177
4189
4164
3829
3121
1981
2084
2084
2090
2223
2445
2585
2721
2777
2767
2767
2778
2773
5418
5608
5733
5867
5869
5852
6029
6969
7210
7331
7502
7629
7818
7897
7983
8120
8233
8378
8493
8544
8500
8543
8522
8498
8503
8352
8169
8096
7970
7891
7776
7648
7524
7449
7158
6965
6827
6605
4423
5209
5208
5157
5086
4086
5600
5623
5627
5564
5416
5302
5201
4870
4800
4627
4482
3734
4076
4188
4207
4140
4287
4191
4011
3908
3686
3391
3435
3246
2398
2388
2388
1924
3131
3445
3607
3667
3784
3839
3863
3892
3851
3828
3812
3862
3783
3746
3717
3594
2559
4031
4079
4089
4100
4063
2633
4207
4400
4516
4675
4710
4611
4552
4489
4397
4342
4138
3818
3787
3795
3789
3785
3768
3719
3637
3386
3051
3050
3030
3042
3013
2974
2863
2719
2599
2454
2347
2210
10
6
3
2
3
3
2
112
150
24
1463
1922
2027
2169
2349
2449
2546
2547
2532
2676
2806
1199
3711
3924
4055
4196
4291
4437
4585
4709
4829
4976
5091
5198
5384
5489
4436
6174
6383
6600
6808
7060
7279
7435
7488
7641
7675
7620
7643
7662
7659
7626
7573
7676
7692
7580
7604
7584
7495
7367
7192
6718
6499
6234
6526
6854
6909
6936
6839
6808
6854
6813
6759
6802
6535
4340
6644
6689
6533
6529
6577
6575
6473
6520
6367
6238
5720
5044
5508
5739
5826
5745
5644
5571
4243
5395
5974
6135
6271
6424
6411
6549
6543
6612
6634
6671
6696
6739
6782
6881
7011
7027
7098
7220
7141
7018
7305
6744
3680
7369
7490
7404
7456
7313
7310
7148
6449
7368
7599
7709
7876
7806
7842
7857
7908
7959
7948
8044
8089
8162
8196
8257
8344
8337
8398
8516
8628
8635
8782
8731
8481
8644
8543
8555
8569
8513
8522
8368
8224
8034
7886
7716
7593
7310
7028
6752
6397
2579
2547
2525
2525
2535
4654
6235
6485
6689
6816
6922
7029
7135
4541
7499
7861
8028
8171
8292
8457
8641
8642
8699
8753
8856
8905
8938
8930
8902
8909
8991
9106
9171
9298
9477
9472
9466
9398
9394
9465
9504
9477
9470
9445
9375
9260
9048
9212
9159
9165
9051
9037
8968
8866
8876
8814
8865
8784
8708
8793
8305
6262
8297
8472
8879
8935
8989
8976
9012
8685
6647
8536
8927
9211
9385
9425
9439
9524
9521
9438
9463
9385
9199
9001
9284
9342
9514
9514
9542
9533
9516
9453
9380
9287
9186
9161
9153
9142
8982
8882
8809
8820
8858
8918
8877
8844
8842
8808
7890
7455
7726
8189
8603
8704
8685
8655
8619
8618
8602
8458
8156
5333
8091
8306
8349
8292
8313
8299
8103
7894
7490
8597
8792
8915
9054
8955
8792
8675
8688
8690
8638
8637
8667
8758
8774
8800
8846
8889
8861
8870
8643
8430
8151
7918
6140
8076
8267
8227
8279
8331
8351
8207
8026
7755
7542
7354
6748
7384
7513
7455
7361
7445
7309
7250
7169
7083
7008
6972
6819
6661
6363
6130
5508
6350
6518
6506
6493
6606
6553
6509
6470
6417
6383
6283
6248
6080
5962
5710
5487
4707
5026
5177
4307
5343
5393
5259
5120
4975
4852
4705
4557
4334
4248
4063
2031
2148
2148
2155
2152
2141
2157
4067
4283
4438
4578
4685
4795
4873
4964
5082
5095
4901
4482
3389
3976
3992
5322
5968
6124
6344
6489
6631
6809
6926
6994
7074
7148
7153
6949
7025
6479
7091
7302
7468
7534
7711
7823
7906
7907
7943
7858
7813
7767
7791
7762
7805
7814
7721
7877
7786
7539
7567
7397
7224
7021
6883
6631
4319
5287
5226
5118
6215
6638
6715
6706
6609
6672
6634
6536
6503
6418
6245
6115
5953
5607
5301
5680
5723
5659
5512
5115
4710
5081
5210
5260
5301
5210
4998
4697
4866
4679
2799
4319
4511
4613
4692
4607
4412
4269
2170
2678
2682
2655
2681
2706
2725
5467
5668
5766
5886
6197
6399
6468
6742
6927
7045
7085
7202
7236
6932
6619
6925
7012
7345
7443
7522
7674
7744
7818
8031
8103
8149
8316
8434
8453
8431
8422
8308
8354
8424
9256
9323
9446
9482
9495
9443
9549
9535
9380
9347
9249
9161
8987
8877
8752
8759
8693
8637
8652
8623
8621
8468
8246
8069
7814
5790
8082
8146
8091
8092
7955
7828
7478
7231
5160
7163
7284
7240
7148
7104
7009
6935
6759
6551
6433
6411
6619
6658
6547
6426
6246
5757
5199
6219
6539
6608
6625
6629
6607
6621
6409
4375
5321
5346
4132
6258
6455
6658
6921
6990
7314
7530
7562
7529
7498
7255
5702
7337
7716
7832
7828
8150
8321
8375
8460
8519
8493
8515
8476
7526
7755
8252
8595
8975
9086
9239
9191
8961
9029
8989
5747
9057
9298
9556
9612
9547
9563
9571
9632
9612
9640
9602
9652
9609
9648
9554
9417
9424
9413
9162
9311
9441
9354
9308
9395
9299
9363
9339
9280
9011
9164
9106
9011
8852
8628
8495
8299
7693
6965
6176
6150
6038
4733
6660
6792
6886
6846
6770
6796
6524
6073
5367
6040
6393
6753
6812
6828
6784
6743
6733
6728
6498
6125
5041
5183
5383
4234
6708
6970
7055
7177
7207
7303
7408
7083
6759
7501
7741
8650
8878
9014
9182
9318
9373
9486
9537
9625
9590
9580
9629
9532
9427
9428
9510
9523
9398
9332
9242
9186
9103
9030
9009
8900
8790
8245
6558
8338
8590
8617
8569
8508
8554
8549
8476
8437
8429
8204
7236
7597
7783
7905
7909
7850
7649
7413
6033
5552
5513
6134
7271
7440
7616
7720
7747
7930
7929
7989
8078
8214
8305
8414
8589
8739
8859
8947
9060
9299
9320
9285
9272
9277
9225
9203
9159
9248
9237
9274
9268
9331
9417
9370
9162
8917
8784
8463
6340
8333
8352
8322
8255
8160
8060
7948
7819
7655
7468
7383
7280
6978
6552
5128
5406
5441
3918
6455
6828
7000
7141
7083
7016
6884
6589
5929
6897
7117
7214
7264
6630
6180
6424
6540
6710
6794
6781
5314
5850
5935
5915
7470
8403
8684
8847
8999
9188
9310
9385
9463
9578
9634
9676
9700
9731
9721
9618
9603
9650
9574
9523
9417
9298
9086
8900
8596
8360
6919
6728
7946
8878
9032
9003
9292
9372
9212
9091
9125
9077
9087
9067
9145
9071
8956
8855
8699
8695
8646
8447
8137
7855
5397
5487
7069
8558
8759
8971
9034
9254
9149
9110
8966
8703
8200
9232
9489
9673
9672
9566
9520
9461
9515
9502
9397
9005
6185
8784
9210
9258
9213
9391
9391
9380
9379
9426
9349
9483
9459
8320
9654
9554
8988
9528
9516
9530
9489
9430
9310
9251
9421
9258
9345
9271
9035
9055
9320
9220
9326
9274
9211
9135
9115
9084
8901
8249
8902
9073
9168
9193
9301
9261
9201
9187
9185
9155
9046
9095
9100
9171
9251
9322
9384
9400
9364
9414
9377
9398
9364
9296
9346
9426
9554
9531
9485
9454
9393
9124
7673
7819
7776
7676
8555
8955
9183
9255
9106
6767
9230
9323
9442
9446
9420
9470
9491
9453
9444
9453
9431
9505
9542
9635
9581
9634
9569
9465
9454
9462
9252
9237
9299
9263
9313
9346
9468
9451
9475
9488
9391
9348
9424
9221
8810
6559
8955
9253
9291
9293
9317
9255
9246
9199
9012
8397
8953
9200
9206
9173
8932
8904
8770
8599
8269
8745
9038
9138
9181
9324
9344
9287
9044
8915
9202
9258
9251
9215
9315
9388
9417
9475
9495
9517
9473
9472
9511
9176
9104
9255
9447
9517
9512
9494
9542
9542
9455
9503
9503
9462
9460
9449
9426
9375
9300
9295
9235
9197
9124
9049
9133
9071
8904
8721
8615
8468
8331
8116
7942
7063
5702
6538
6876
7805
8260
8421
8437
8470
8476
8562
8559
8483
8606
8601
8191
6052
8166
8594
8675
8927
8996
8929
8993
8731
8588
7976
9241
9598
9611
9601
9608
9508
9445
9566
9594
9638
9565
9607
9580
9602
9623
9651
9607
9639
9594
9509
9542
9446
9481
9474
9586
9565
9582
9621
9557
8426
8861
6274
9011
9039
9328
9309
9212
8943
8805
8841
8523
8620
8753
8780
8694
8744
8793
8805
8878
8997
9099
9174
9297
9398
9485
9527
9591
9534
9574
9550
9594
9555
9547
9583
9637
9537
9641
9531
9516
9523
9558
9580
9526
9485
9463
9342
9304
9102
8505
6526
8765
8989
8932
8926
8882
8798
8723
8651
8648
8545
8410
8309
8155
8073
8004
8000
7829
7654
7474
6830
5368
7513
7572
7661
7938
7909
7933
7977
7997
8014
8012
8050
8057
7906
8047
7938
7813
7607
7373
5468
7696
8121
8229
8277
8294
8300
8199
8033
8195
8074
7926
7800
7483
4714
7497
7542
7650
7684
7771
7643
7379
7377
7050
5879
6789
6884
7079
7188
7329
7441
7442
7435
7398
7294
7161
6722
5900
6229
6844
7220
7373
7604
7676
7696
7785
7802
7861
7866
7981
7497
6895
7275
7920
8081
8257
8377
8438
8477
8521
8473
8533
8434
6122
8200
8532
8734
8960
9117
9181
9162
9116
9121
9161
9142
9162
9229
9266
9332
9397
9358
9396
9409
9406
9311
9267
9042
8285
8829
8991
8941
8701
8645
8572
8603
8485
8385
8113
6186
5910
5022
7460
7660
7795
8053
8102
8103
8307
8427
8761
8928
9103
9285
9547
9677
9696
9716
9699
9699
9659
9577
9612
9614
9604
9610
9697
9702
9669
9583
9505
9418
9366
9322
9276
9211
9144
9046
8978
8887
8839
8831
8790
8629
8415
8269
8006
7802
7647
7492
2627
2575
2601
2549
2601
2735
2786
2670
3808
5638
5758
5921
5926
5935
6467
6774
6974
7230
7949
8274
8436
8570
8611
8655
8703
8745
8708
8699
8740
8786
8904
8919
8845
8814
8759
8694
8691
8698
8707
8723
8694
8690
8588
8452
8384
8346
8188
8211
8251
8264
8208
8197
8157
8129
8140
8212
8183
8143
8055
7943
7826
7796
7717
7571
7591
7581
7576
7507
7462
7431
7430
7468
7534
7556
7564
7684
7723
7727
7796
7768
7787
7783
8002
8060
8138
8112
8090
8040
8053
7993
8009
8028
8015
8146
8208
8152
7988
7857
7530
7394
7003
6260
6266
6240
6098
4977
7664
8080
8199
8233
8188
8264
8316
8206
8098
7920
7738
7261
8322
8481
8532
8522
8494
8479
8466
8456
8373
8312
8234
8232
8111
7910
7670
7265
7064
6333
7035
7088
7227
7282
7385
7228
7019
7011
6936
6943
6770
6329
6323
4910
4596
5195
5526
5596
6184
6265
6252
3411
5004
5031
5352
5406
3259
5619
5869
6023
6214
6517
6644
6699
6913
6811
6867
6722
6192
6937
7119
7370
7341
7220
6870
7648
7768
7799
7995
8118
8185
8259
8361
8370
8460
8451
8384
8340
8220
8096
7973
7804
7611
7144
5504
5481
6743
7158
7991
8254
8303
8359
8317
8318
8289
8221
8108
8063
8012
7754
5637
7847
7957
8014
8013
7922
7876
7854
7838
7717
7639
7544
7432
7304
7198
7208
7145
7113
7067
6976
6821
6736
6580
6419
6234
6089
5409
3424
5648
5583
5547
5542
5442
5260
5059
4804
2785
2767
2762
2777
2426
2482
2585
2568
2401
2047
2351
2364
1908
3942
4124
4247
4315
4308
2626
4499
4886
4994
5201
5316
5464
5598
5783
5956
6035
6115
6193
6321
6433
6513
6567
6453
4991
6290
6608
6865
7039
7266
7288
7372
7443
7475
7522
7601
7580
7639
7701
7783
7895
7933
8063
8123
8038
8053
8048
7953
8215
8343
8388
8409
8453
8463
8391
8330
8096
7598
8365
8530
8562
8499
8531
8448
6114
8637
8790
8999
9051
9097
8917
8935
9119
9158
9160
9122
9132
9076
9062
9009
8924
8584
8782
8683
8629
8527
8390
8204
8042
7875
7601
7410
7223
4582
5136
5108
4973
5656
5765
6038
5705
5545
5436
5617
5858
6274
6311
6209
5761
6366
6701
6766
6812
7005
6878
6787
6691
4610
7051
7238
7340
7299
7049
5233
7059
7501
7708
7903
8025
8072
8130
8217
8286
8310
8403
8427
8472
8501
8529
8614
8614
8656
8713
8530
8315
8155
7893
7335
8153
8369
8420
8436
8269
8079
7901
7695
6853
7537
7936
7864
7813
7712
7726
7753
7657
7484
7246
6897
6637
5888
7075
7328
7402
7324
7238
7064
6811
6122
6816
6940
6563
7125
7261
6609
7115
6959
6817
6663
6337
6083
4266
4137
3551
3666
3669
3669
3673
3667
3670
3794
4158
4598
5747
5876
6021
6111
6209
6329
6374
6389
6306
6251
6217
6001
5760
5325
4138
4604
4655
3875
5908
6273
6428
6641
6846
7037
7175
7017
4563
7062
7223
7368
7484
7632
7656
7698
7499
7074
7504
7826
8110
8262
8445
8509
8600
8630
8642
8661
8717
8822
9021
9067
9121
9174
9195
9335
9352
9354
9174
8914
8647
8693
8658
8710
8680
8718
8735
8736
8781
8747
8784
8827
8817
8834
8885
8946
8798
7380
8909
8749
8723
8728
8580
8711
8726
8626
8591
8501
8462
8373
8355
8343
8362
8267
8227
8225
8039
7441
8004
8188
8343
8409
8466
8530
8540
8644
8693
8711
8748
8650
8604
8283
7558
8191
8647
8760
8862
8911
8966
9018
9040
9016
9043
9086
9114
9135
9135
9145
9135
9118
9130
9093
8905
8744
7926
7553
7048
7078
8478
8709
8868
9022
9216
9301
9350
9305
9385
9393
9476
9362
9337
9318
9291
9240
9206
9171
9114
8901
8992
8776
8738
8512
8636
8612
8602
8464
8498
8523
8399
4765
8233
8314
8307
8315
8351
8265
8077
7905
7725
7407
6669
4197
4771
4572
4215
4428
4436
4396
4615
4655
4205
7231
7532
7756
7892
8111
8243
8299
8412
8655
8907
8988
8969
9081
9134
9189
9326
9313
9400
9406
9447
9371
9371
9436
9493
9432
9422
9452
9335
9316
9458
9494
9520
9508
9480
9431
9513
9482
9485
9468
9449
9405
9369
9315
9182
9293
9149
9096
8965
8898
8745
8651
8639
8652
8613
8437
8060
7249
6954
6617
7205
7326
7701
7726
7692
7624
7508
7416
7460
7314
7200
6697
4498
6799
6877
7061
7090
7055
6900
6859
7032
7042
6761
6573
6194
3898
4487
4064
4706
4811
4834
4346
6588
7010
7147
7312
7436
7547
7661
7805
7936
7918
7931
7929
7929
7964
7979
8037
8145
8132
8051
6081
8032
8226
8480
8676
8752
8778
8831
8856
8917
8918
9090
9111
9130
9211
9204
9180
9067
8848
8603
8093
7301
8788
9010
9116
9168
8843
8816
9145
9149
9175
8971
9283
9307
9321
9199
9218
9241
9175
9121
9049
8012
5034
7767
7884
5283
8345
8472
8796
8803
8618
8413
7957
7561
6326
6419
6743
4980
8620
9190
9178
9433
9570
9565
9486
9481
9478
9522
9485
9512
9573
9420
9473
9509
9476
9579
9561
9521
9535
9420
9191
7065
8964
9149
9191
9166
9189
9073
9021
9032
8980
8930
8714
8676
8688
8496
8261
8094
7856
7626
7445
7283
7119
6902
6708
4975
5912
5885
5718
5550
5050
4658
4651
4635
4561
4432
4240
4053
3799
3503
2025
2267
2270
1916
2212
2199
2086
2026
1934
809
2073
2040
1936
1843
1755
1558
1413
1276
190
293
290
185
286
288
288
281
284
284
288
285
284
2844
3227
3353
3591
4044
4298
4474
4679
4861
4982
5235
5355
5473
5521
4435
6115
6219
6346
6373
6525
5176
7141
7277
7427
7535
7896
7984
8142
8174
8106
8116
8161
8106
8131
8045
8023
7791
7635
6681
7225
7383
7609
7764
7863
7881
7821
7805
7829
7855
7868
7914
7985
7980
7948
7892
7968
8022
8026
7986
7942
7920
7735
7676
7632
7646
7584
7637
7565
7528
7538
7400
7375
7297
7317
7326
7351
7304
7343
7481
7310
5475
7500
7625
7731
7842
7875
7821
7836
7850
7891
7850
7909
7925
7944
8027
8019
8017
8023
8040
8055
8146
8165
8119
8135
8096
8056
8002
7959
7919
7887
7832
7743
7704
7668
7666
7618
7449
7301
7158
7039
6880
6483
4547
5394
5370
5268
6751
6974
6973
6740
6642
6505
6312
6161
5996
5834
5724
4412
4405
4380
3545
4391
4396
4292
4270
4197
4045
3976
3812
3526
3390
3250
3135
1550
1134
12
6
4
3
142
240
345
341
347
149
344
347
352
3108
3213
3353
3436
3499
1961
4691
4928
5161
5357
5503
5700
5877
6023
6176
6402
6541
6716
6877
6889
6870
7502
7702
7926
8096
8219
8418
8571
8701
8663
8542
8538
8505
8597
8617
8651
8640
8581
8582
8513
8613
8605
8638
8563
8461
8432
8164
5885
8266
8359
8402
8328
8251
8254
7988
7314
8080
8249
8233
8224
8136
7940
7212
8005
8312
8486
8680
8764
8822
8836
8927
9002
9072
9108
9091
9145
9150
9208
9302
9352
9380
9534
9419
9410
9432
9272
6971
9169
9393
9521
9607
9535
9567
9438
9500
9458
9506
9446
9468
9471
9530
9562
9581
9607
9595
9543
9460
9373
9329
9356
9379
9389
9423
9395
9296
9302
9227
9221
9168
9200
9210
9198
9097
9128
9032
9105
9008
8992
8988
8966
8952
8853
8697
8695
8597
7548
7071
6524
6674
6688
6695
7422
8218
8401
8555
8493
8383
6002
8521
8792
8852
8855
8888
8957
9033
9076
9116
9159
9161
9123
9115
9044
9046
9067
9041
9056
9065
9119
9093
9112
9090
9053
9067
9043
8973
8890
8856
8791
8717
8539
8485
8440
8427
8369
8170
7998
7852
7646
5770
7921
8009
8048
8109
8039
8022
8015
7938
7883
7880
7748
7559
7406
7197
6282
6971
7219
7353
7520
7536
7571
7551
7347
7166
6831
6660
5984
7018
7178
7238
7285
7337
7349
7375
7458
7511
7531
7574
7582
7688
7766
7865
7919
7650
7386
5511
7071
7586
7739
7818
7957
7992
8198
8301
8401
8288
8171
8047
7871
7495
6840
7718
8209
8347
8509
8587
8546
8570
8559
8586
8622
8648
8625
8664
8759
8694
8764
8721
8579
8672
8719
8771
8857
8878
8904
8946
9049
9064
9051
9082
8915
8551
5857
8769
9257
9562
9612
9513
9522
9457
9159
8862
7798
7742
7758
7620
8412
8696
8718
8813
8848
8812
8834
8804
8794
8767
8580
8028
8297
8183
8018
7829
7620
7383
7000
5070
6698
6615
6509
6190
4849
4448
4421
4410
2654
4418
4426
4413
4287
4196
3968
3710
3535
3192
2671
2368
1102
1780
1764
1632
1531
1458
605
1037
1029
966
896
653
255
246
240
240
237
229
32
106
187
318
317
324
323
344
412
115
529
621
649
308
3249
3658
3830
3977
4149
4290
4495
4629
4977
5209
5490
5670
5819
6038
6191
6330
6331
6327
6991
7256
7424
7573
7775
7956
7969
7967
7995
7929
7975
7917
7798
7854
7783
7747
7772
7794
7868
7825
7757
7575
7150
6629
6935
7107
7177
7068
5060
7149
7215
7281
7144
6635
4637
5608
5559
5504
6639
7068
7173
6949
6788
4753
7606
7883
7966
8179
8282
8232
8256
8268
8278
8317
8270
8246
8168
8259
8821
8923
8993
9254
9333
9351
9339
9314
9294
9072
8874
8676
8120
9058
9204
9252
8974
9309
9248
9230
9262
9342
9311
9208
9069
8808
8579
8395
8223
8010
7853
7629
7513
7276
7101
6945
6651
6382
6230
5997
5745
1674
1651
1654
1390
1222
1366
1365
1254
1397
1519
1545
1227
1576
1836
1957
2063
1920
1262
1951
1960
1993
4855
5120
5500
5646
5846
5877
5783
5726
3070
5999
6317
6247
6217
6337
6237
6308
6352
6325
6336
6342
6337
6337
6346
6330
6224
5611
5401
4753
538
534
526
343
111
144
107
106
107
106
259
261
261
191
266
282
5673
5914
6248
6553
6816
7075
7244
7392
7558
7706
7835
7787
8093
8460
8453
8957
9106
9281
9364
9312
9276
9248
9171
6612
9100
9164
9342
9276
9276
9225
9096
9143
9068
9007
8960
8906
9038
8996
8968
8731
8972
8973
9015
8872
8663
8504
8332
7704
8433
8511
8545
8530
8421
8347
8212
8100
5480
8200
8433
8488
8618
8565
8613
8580
8493
8338
8155
7850
6703
7006
7089
6941
6773
8363
8706
8932
9021
9212
9313
9419
9427
9418
9407
9470
9446
9449
9440
9532
9482
9422
9381
9343
9366
9415
9462
9476
9405
9486
9549
9596
9573
9589
9554
9553
9529
9479
9439
9403
9370
9218
9075
9028
9036
8938
8877
8858
8880
8868
8881
8891
8904
8921
8948
8867
8813
8770
8710
8673
8547
8616
8697
8738
8788
8736
8741
8771
8803
8870
8939
8897
8841
8801
8693
8648
8679
8895
8877
8811
8666
8719
8733
8795
8838
5798
8661
8834
8860
8734
8745
8740
8248
5831
7498
7461
7136
7987
8301
8624
8688
8682
8649
8521
8458
7963
8633
8862
9045
9159
9269
9390
9274
9304
9322
9448
9530
9591
9541
9599
9602
9422
9514
9488
9472
9265
9114
8783
8307
6572
8905
9025
9382
9319
9223
9230
9059
9020
8889
8713
8830
8629
8306
6575
8591
8703
8710
8758
8811
8787
8779
8774
8715
8490
8340
8101
3784
3871
3852
3790
4054
4071
4061
6766
6921
7014
7035
7066
6978
7804
7749
7792
8299
8471
8280
8781
8841
8917
8970
9044
8810
9061
9141
9228
9271
9340
9404
9465
9439
9417
9250
9400
9357
9445
9468
9383
9470
9513
9419
9391
9428
9415
9361
9362
9323
9245
9235
9235
9275
9122
9012
8984
8746
8439
6324
8187
8569
8544
8658
8768
8831
8825
8754
8694
8729
8741
8783
8808
8662
8674
8568
8508
8490
8428
8414
8426
8477
8476
8535
8567
8630
8687
8497
7977
7754
7443
7121
7343
8399
9618
9636
9628
9540
9555
9561
9554
9571
9332
8629
9036
9219
9320
9332
9264
7084
9317
9447
9396
9450
9377
9217
9224
9299
9385
9439
9468
9484
9497
9516
9552
9581
9495
9402
8942
8501
7796
8529
8764
8673
8567
8627
8749
8768
8699
8669
8738
8768
8678
8613
8046
6026
8065
8318
8465
8525
8554
8548
8451
8495
8524
8587
8658
8689
8693
8746
8836
8848
8839
8902
9050
9116
9211
9022
8322
7824
8263
8910
9086
9185
9152
9162
8830
9210
9230
9245
9246
9230
9146
9198
9245
9224
9226
9284
9384
9386
9419
9355
9358
9410
9438
9441
9564
9588
9544
9587
9501
9469
9534
9436
9355
9339
9068
9102
9315
9330
9306
9289
9210
9215
9261
9335
9275
9352
9463
9490
9394
9380
9323
9240
9206
9166
8999
8909
8835
8779
8684
8631
8561
8522
8329
8122
7979
7675
6017
7896
7572
8095
8072
8058
7960
7871
7844
7818
7774
7845
7549
7377
7216
7027
6279
7185
7261
7407
7389
7314
7217
7094
6865
6711
6403
4135
6346
6334
6197
5933
5687
5116
5741
5884
6234
6347
6510
6509
6587
6522
6423
6349
6149
5516
6360
6524
6666
6786
6842
6869
6889
6844
6875
6820
6920
6904
6849
6689
6509
6409
6021
5472
6018
6392
6529
6632
6725
6676
6642
6622
6547
6469
6462
6309
6166
6018
5914
5874
5610
4093
4162
4283
3347
5502
4475
6041
6213
6209
6051
6232
5894
5609
6210
6559
6786
6983
7156
7253
7342
7477
7532
7483
7664
7723
7739
7630
6925
7361
7629
7764
7925
8065
8122
8173
8221
8203
8246
8210
8276
8345
8492
8509
8513
8604
8629
8034
7865
7630
7927
8094
8760
8745
8726
8561
8387
8081
6752
7319
7421
5736
8557
8968
9088
9100
9144
9052
9012
8864
8850
8787
8723
8675
8627
8486
8439
8385
8264
8181
8045
7494
7268
7715
7983
7959
7965
7899
7864
7804
7614
6251
6302
6464
4463
7677
7902
8153
8228
8275
8261
8222
7981
7211
7422
7598
7715
7899
7977
7973
8113
7831
7529
6876
7409
8355
8635
8952
9123
9246
9372
9439
9479
9505
9590
9617
9728
9669
9686
9683
9699
9647
9687
9544
9475
9492
9352
9195
8985
8050
8998
9238
9386
9239
8956
8028
8858
8985
8863
8846
8660
6240
8665
8966
9022
8951
8796
8697
8605
8538
8445
8332
8320
8167
8154
8024
7850
7746
7581
7439
7253
6902
6610
7127
7248
7326
7276
7230
7254
7227
7201
7197
7160
6982
6911
6656
6303
4509
6404
6473
6423
6271
6095
6023
5947
5815
5691
5626
5613
5515
5385
5194
5024
4867
4401
3309
4561
4633
4813
4891
4849
4677
4152
5028
5193
5411
5684
5863
5909
5985
6079
6120
5937
5178
5721
6127
6437
6411
6746
6685
6651
6475
4859
5920
5962
5958
7211
7352
7496
7672
7903
8051
8238
8363
8475
8585
8736
8815
8868
8906
8931
8918
8956
8968
8866
8890
8863
8783
8754
8611
8537
8468
8312
8129
7771
7703
7474
7245
7073
4819
6943
7040
7011
7004
6871
6603
6467
6231
6087
5906
4972
5686
5781
5887
5997
6011
5673
5863
5813
5737
5648
5405
5263
4828
4690
3348
4718
4861
4762
4690
4134
3373
4263
4268
4276
4256
4221
2222
4292
4443
4629
4745
4804
4741
4651
4526
4392
4280
4210
2937
2925
2918
2634
4033
4292
4384
4495
4586
4692
4592
4814
4771
4639
4519
4401
4269
4074
3206
3202
3211
3207
4013
4105
4230
4293
4345
4398
4468
4477
4459
4412
4320
4224
4128
3742
3307
3297
3543
3630
3709
3262
2345
2680
2710
2303
4325
4731
4899
5323
5352
4179
5726
5986
6117
6188
6372
6489
6413
6543
6510
6489
6449
6460
6550
6594
6662
6722
6716
5473
6526
6735
6831
6989
7041
7099
7090
7101
7153
7184
7181
7205
7154
7150
7192
7204
7245
7274
7245
6930
6976
6808
6490
6457
7685
7669
7682
7771
7660
7706
7710
7706
7616
7604
7586
7490
7436
7358
7299
7287
7236
7171
7141
7071
6988
6970
6873
6699
6505
6457
6059
6533
6519
6440
6323
6150
4859
6062
6086
6005
5908
5800
5714
5623
5641
5531
5483
5443
5391
5343
5259
5087
4994
4685
3499
4719
4800
4843
4826
4829
4883
4984
5098
5161
5272
5341
5420
5487
5778
6053
6042
5923
5460
6460
6632
6727
6856
6908
7138
7235
7189
7567
7733
7910
8058
7971
7839
8005
7962
8438
8488
8380
8584
8477
8323
7781
6087
8339
8500
8540
8577
8235
8599
8680
8503
8755
8681
8694
8554
8576
8466
8387
8172
8279
8231
8117
7992
7826
7656
7179
7145
7082
7920
7980
7873
7931
7909
7718
7449
4276
7288
7615
7550
7649
7842
9505
9604
9534
9551
9555
9547
9574
9529
9548
9574
9579
9525
9475
9448
9465
9488
9471
9442
9430
9378
9370
9313
9263
9176
9065
8936
8832
8713
8544
8368
8217
7989
7757
7560
7369
7070
6755
6477
6163
5843
5506
4784
2999
4345
4295
4099
3987
3838
3690
3544
3206
448
440
435
403
426
423
396
400
401
399
397
398
399
398
3018
3238
3298
3568
3858
3976
4100
4217
4258
4209
4223
4217
4149
4021
4531
4727
4818
4908
5075
5218
5308
5327
5328
5316
4950
4589
4980
5168
5313
5406
5474
5415
5356
5205
5123
5057
4851
4483
4870
5107
5192
5264
5379
5373
5260
5025
3155
4879
5000
5155
5351
5482
5575
5462
5477
3464
5917
6095
6231
6389
6230
5749
6391
6591
6775
6855
6882
7037
7203
7282
7409
7507
7386
6903
7241
7578
7665
7772
7885
7874
7939
7977
8112
8103
8112
8098
8130
8120
8132
7849
8090
7981
7147
7722
7624
6812
7126
7355
7317
7234
5598
7698
7976
7972
8017
7966
7911
7833
7842
7872
7848
7895
7915
7781
7753
7586
7463
7295
7087
6683
6476
6300
6116
6049
5908
5783
5596
5409
5255
4983
2525
2807
2747
2608
2427
2432
2413
2892
3144
3151
3148
2986
2810
3218
3416
3407
3410
3285
3152
2950
2843
2244
2232
2241
1445
2836
3728
3713
3644
3532
3421
3329
3227
2123
2970
3001
2133
4380
4478
4586
4681
4757
4860
4950
5041
5233
5384
5506
5619
5721
5810
5738
5699
5612
2991
5256
5416
5655
5884
5880
5774
5675
4810
2820
2875
3283
3441
3603
3597
3585
3744
3820
3837
3835
4736
5516
6332
6487
6619
6838
7023
7075
7206
7302
7268
7192
7232
7242
7243
7249
7244
7236
7241
7213
7217
7183
6981
6835
6709
6495
4322
6563
6847
6875
6858
6832
6713
6532
6354
6146
5998
5205
6065
6332
6477
6415
6531
6519
6475
6461
6434
6334
6309
6196
6076
6033
4250
5967
6124
6585
6638
6658
6709
6712
6642
4333
6454
6623
6753
6904
7025
6990
6997
6771
5363
5582
5837
5952
5958
5977
6798
6940
7118
7201
7338
7317
7459
7542
7575
7557
7531
7671
7696
7719
7760
7765
7817
7870
7867
7816
7832
7807
7979
8036
7991
8062
8137
8228
8254
8257
8327
8362
8357
8349
8368
8439
8370
8301
8364
8395
8387
8414
8426
8435
8414
8503
8537
8595
8739
8850
8851
8940
9028
9101
9093
9084
9078
8966
8886
8809
8751
8646
8624
8563
8616
8666
8740
8765
8669
8595
8578
7610
6702
6797
6880
5450
7849
8355
8445
8376
8419
8471
8489
8549
8592
8541
8559
8616
8546
8432
8077
7453
6985
7489
8087
8151
8205
8286
8326
8353
8337
8418
8448
8476
8484
8529
8651
8652
8727
8769
8830
8880
8886
8786
8700
8583
8590
8602
8660
8660
8627
8631
8635
8704
8739
8752
8857
8979
9051
9175
9239
9279
9247
9214
9144
9114
9124
9135
9162
9336
9416
9400
9414
9098
9112
9127
9160
9056
9142
9084
9104
9083
9065
9043
9036
8966
8982
8998
8978
9146
9151
9100
9027
8673
8335
8635
8838
8793
8745
8740
8756
8744
8700
8670
8460
8462
8221
8018
7875
7739
7761
7877
8166
8228
8291
8346
8300
8446
8524
8506
8275
8227
8231
8609
8704
8654
8633
8601
8600
8546
8443
8421
8405
8299
8373
8399
8494
8538
8596
8633
8757
8886
9075
9070
8851
8495
8825
8997
9020
9036
8782
6613
8877
8971
8933
8927
8863
8816
8792
8699
8774
7821
8434
8297
8357
8105
8268
8197
8046
8262
8289
8332
8357
8340
8217
8108
8182
8088
8023
7843
5416
8035
8168
8158
8199
8098
7944
7827
7880
8029
7959
7964
7943
8017
8070
8056
8189
7990
7758
7653
7314
7377
7223
7113
4493
4175
4100
4161
4166
4355
4378
4350
7482
7588
7968
8166
8320
8833
9106
9510
9702
9614
9619
9569
9566
9598
9470
9434
9467
9403
9323
9202
9216
9102
8889
5587
8354
8397
8341
7969
7559
5673
5662
5582
7164
7388
7497
7244
7101
6995
6829
6510
6918
7025
7101
7017
5073
8226
8343
8366
8374
8451
8397
8326
8239
8065
7951
7969
7900
7815
7829
8174
9242
9408
9463
9401
9412
8943
9491
9661
9683
9679
9633
9540
9574
9187
8976
8551
6663
7853
8037
7742
6436
8494
8580
8695
9079
9094
9155
9066
9024
8927
8961
8924
8863
8838
8757
8693
8556
8467
7906
7260
5379
6937
6957
6804
6668
6485
6349
4808
5986
6136
6701
6747
5029
6984
7008
6942
7172
7960
7980
8043
7999
7984
7756
4515
8086
8351
8440
8541
8730
8925
9013
8992
9036
9043
9049
9054
9107
9117
9086
9132
9056
8987
9048
9346
9387
9339
9239
9115
8910
8209
8661
8804
8945
8976
8976
8898
8896
8713
5568
7911
8117
8221
8197
8425
8453
8458
8473
8376
8044
7873
5301
6714
6697
6462
7452
7667
7709
7812
7847
7918
7995
7982
7986
8041
8011
7951
7989
7914
7991
8056
8128
8212
8163
7587
7380
7581
7773
7847
7926
7729
5461
7435
7599
7557
7352
7076
6775
7010
7717
7944
8017
7173
5288
7152
7373
7509
7616
7780
8155
8233
8228
8268
8248
8337
8351
8226
8300
8341
8378
8340
8514
8489
8500
8621
8603
8539
8588
8558
8537
8470
8494
8425
8349
8298
8086
6396
8042
8261
8488
8486
8512
8548
8679
8749
8734
8771
8829
8919
8964
8972
8721
8907
9400
9353
9409
9412
9475
9441
9455
9465
9384
9218
9358
9401
9254
9172
9090
8348
7906
8241
8422
8571
8743
8647
8690
8698
8736
8778
8802
8644
8673
8581
8571
8571
8557
8591
8551
8538
8502
8462
8418
8396
8308
8071
8057
7967
7867
7787
7590
7536
7516
7484
7306
7177
7086
7040
7130
7604
7834
7878
7857
7732
7686
7626
7484
7430
7317
7206
6758
5363
6889
7136
7297
7228
7221
7166
7135
7039
6583
6793
6896
6916
6878
6456
5991
6385
6488
6519
6545
6549
6456
6297
5933
3422
4480
4366
4242
5279
5429
5548
5653
5705
5730
5754
5666
3945
5651
5865
6020
6197
6323
6326
6335
6263
6246
6274
6226
6233
6208
6235
6189
6233
6194
6209
6230
6225
6192
6201
6198
6217
6186
6135
6127
6150
6056
6042
5916
5847
5836
5797
5760
5762
5747
5531
5141
4461
4540
4577
3135
4689
4976
5038
4977
4936
5015
4900
4892
4850
4752
4713
4725
4782
4768
4858
4925
4899
4939
4944
5017
5290
5531
5869
6117
6261
6386
6561
6712
6825
6921
7085
7062
7401
7547
7737
7876
8035
8097
8071
8062
8065
8054
8067
8062
8112
8150
8150
8110
8128
8075
8167
8178
8031
7910
7861
7743
7792
7766
7741
7714
7658
7395
7416
7430
7421
7173
7016
6977
6587
5260
5254
4800
4435
4281
4046
3914
3826
3448
3463
627
3150
3201
3363
3550
3730
3904
4066
4516
6639
6965
6927
7281
7352
7418
7436
7521
7346
7601
7619
7859
8093
8381
8816
8944
9166
9188
9200
9227
9140
9236
9225
9222
9126
9195
9130
9109
8982
8960
8908
8739
8687
8541
8465
8447
9185
9224
9086
8931
8692
8523
8354
8259
8191
8107
8218
8127
7973
8100
8032
7977
7789
7522
7351
7127
6952
6607
6376
5938
5937
5966
5829
5741
5591
5289
5158
5026
4860
4729
4065
4057
4039
3928
3764
3584
3359
3087
2871
2673
349
154
114
154
154
155
153
135
91
53
38
49
57
173
783
4021
4281
4551
4689
4865
5019
5156
5290
5436
5601
5691
5767
5875
5898
5887
6012
6254
6310
5588
7326
7458
7737
7864
7993
8138
8272
8436
8554
8556
8505
8562
8512
8495
8495
8532
8876
8733
8805
9036
9049
9061
9048
8982
9054
9073
9068
9014
9059
9118
9125
9067
9081
9104
9145
9112
9066
9016
8848
8693
8170
7154
7608
7668
7631
6211
8441
8651
8767
9082
9263
9355
9381
9360
9287
9294
9257
9184
9161
9058
9016
9031
8961
8935
8969
9012
8987
8997
9074
9032
9038
8976
8972
8991
9031
8944
8956
8940
8928
8923
8854
9134
9181
9123
9180
9179
9212
9222
9182
8980
8773
8554
8263
8154
7870
6876
5395
5057
5406
6754
6959
7476
8774
9010
9264
9564
9734
9656
9605
9519
9697
9665
9502
9540
9506
9453
9413
8369
9185
9156
8956
8785
8587
8367
8157
7870
7646
6443
6098
5415
8242
8405
8582
8721
8555
8455
8374
8256
4657
8860
8971
8958
8946
8995
9051
8837
7245
6929
6824
6678
6880
6889
7094
9180
9459
9605
9594
9686
9748
9663
9613
9672
9664
9648
9635
9568
9162
6889
9162
9594
9741
9750
9792
9581
9561
9450
9454
9486
9565
9448
9524
9561
9559
9456
9371
9295
9444
9412
9491
9428
9490
9409
9439
9438
9291
9216
9134
9200
9144
9022
8796
8746
8752
8631
8396
8232
7919
7778
7609
5809
7570
7862
7871
7904
7926
7850
7760
7752
7651
7233
6926
6601
6718
6608
6332
6134
1693
1709
1464
1696
1689
1581
1830
1984
1973
1983
1986
1813
1716
2133
2253
2410
2411
2410
6851
7054
7287
7485
7650
7836
8043
8207
8215
8681
8870
9115
9299
9455
9599
9628
9679
9613
9572
9392
9340
9190
9185
9082
9171
9154
9192
9067
9032
8847
8823
8873
8880
8943
8964
8916
8546
6080
8449
8985
9177
9264
9429
9529
9505
9541
9455
9558
9472
9534
9582
9604
9539
9460
9489
9388
9370
9451
9522
9609
9570
9562
9444
9371
9328
9474
9488
9514
9595
9590
9549
9366
9194
5571
8575
8729
8378
8315
7938
7135
5095
5090
5095
5304
5385
4846
7705
8776
8958
9307
9507
9523
9683
9689
9685
9673
9633
9635
9526
9579
9585
9568
9572
9592
9594
9428
8973
8579
9291
9447
9442
9474
9491
9555
9536
9466
9347
9368
9253
9073
9035
9087
9241
9380
9491
9315
9390
9296
8923
9282
9203
9028
9106
9039
9035
9106
9088
9152
9222
9347
9230
8990
8551
8821
9482
9501
9536
9629
9546
9546
9497
9475
9406
9507
9386
9373
9365
9394
9384
9334
9126
9045
9094
9085
9037
8983
8864
8954
8907
8677
8836
8994
8951
8827
8775
8785
8762
8798
8857
8905
8861
8894
8785
8236
7063
7241
7227
7096
8252
8634
8895
9148
9232
9208
9303
9389
9576
9477
9528
9568
9502
9543
9469
9521
9390
9342
9228
9024
8834
8657
8666
8515
8377
8149
7953
1817
1542
1171
639
9
3
198
3534
3570
6233
6644
7158
7367
7556
7747
7915
8106
8238
8251
8240
8060
7898
6343
7903
8024
7892
7589
8559
8746
8928
9086
9093
9207
9268
9512
9629
9639
9633
9587
9537
9499
9488
9538
9620
9623
9618
9556
9445
9263
9288
9318
9348
9363
9346
9404
9281
9252
9182
9152
9272
9230
9054
8895
8971
8979
8960
9046
9015
8982
8992
8993
8967
8934
8944
8930
8955
8779
8900
9002
9047
9167
9160
9137
9085
9101
9165
9141
9154
9244
9371
9519
9559
9583
9540
9453
9444
9441
9388
9314
7888
7851
9208
9237
9219
9271
9302
9260
9269
9316
9224
9265
9307
9357
9342
9358
9305
9246
9179
9151
9076
9009
8992
8939
8900
8825
8817
8891
8894
8921
8693
8785
8850
9027
9086
9136
9131
9180
9241
9200
9246
9214
9034
9089
9125
9157
9148
9162
9183
9205
9196
9153
9139
9150
9179
9115
9030
9127
9053
9030
9004
9041
9017
9109
9123
9065
9046
9020
9049
9079
9131
9186
9164
9184
9180
9121
9089
9001
8819
9001
8994
9140
9146
9089
9077
9306
9355
9262
9458
9524
9521
9484
9522
9555
9562
9425
9515
9579
9604
9488
9484
9500
9574
9552
9450
9448
9509
9462
9440
9431
9457
9504
9477
9541
9495
9479
9535
9589
9548
9519
9460
9406
9327
9345
9316
9255
9257
9210
9193
9130
8982
8891
8924
8865
8857
8713
8284
8170
8751
8777
8742
8781
8823
8805
8758
8843
8977
8846
8990
9067
9106
9112
9007
8871
8845
8909
9129
9184
9247
9227
9222
9114
9160
9332
9389
9437
9336
9254
9253
9317
9404
9410
9381
9251
8944
6653
8778
8999
9068
9007
8999
8896
8954
8914
8873
8824
8842
8896
8832
8929
8846
8977
8833
9014
9070
8932
8830
8904
8893
8773
8642
8493
8353
7983
5709
8169
8687
8812
8946
9171
9107
9050
8979
8959
8666
8048
8625
8799
8971
8907
8876
8899
8867
9037
9075
9102
9055
9073
9097
9046
9051
9044
8950
8887
8862
8780
8711
8630
7395
7641
7265
7784
8366
8345
8349
8334
8304
8279
8323
8235
8235
8036
7630
7523
8526
8539
8586
8563
8527
8540
8586
8660
8469
8817
8825
8616
8777
8777
8766
8627
8807
8764
8727
8682
8728
8524
8782
8768
8761
8749
8592
8647
8617
8416
8423
8377
8283
8192
8099
8113
8093
7975
7861
7770
7704
7568
7456
7350
7281
7095
6905
6748
6577
4910
6338
6925
6858
6771
6697
6028
5651
6075
6335
6485
6669
6709
6504
6365
6197
5716
6336
6458
6480
6550
6572
6561
6586
6605
6594
6602
6653
6661
6684
6642
6640
6676
6558
5895
6150
6334
6437
6543
6649
6678
6647
6617
6584
6527
6518
6394
6442
6393
6387
6393
6335
6303
6247
6231
6172
6058
5925
5154
4655
4626
5310
5440
5716
5849
5935
6034
6077
5971
5831
5574
5075
3654
4513
5076
5471
5603
5850
5876
5875
6030
6069
6053
6058
6075
6035
6051
6030
6135
6098
6116
6060
5984
5974
5966
5943
5910
5845
5875
5911
5903
5949
5913
5908
5782
5563
5146
5423
5792
5884
5879
5908
5908
5853
5819
5745
5729
5685
5689
5684
5612
5596
5553
5550
5545
5546
5469
5384
5271
5280
5231
5228
5258
4915
4720
4556
4305
4378
4476
4816
4727
4618
4954
5049
5062
5152
5174
5171
5175
5121
5077
4879
4864
4862
4774
4748
4683
4669
4701
4738
4783
4782
4849
4823
4807
4816
4826
4776
4745
4690
4657
4605
4632
4517
4398
4379
4309
4260
4176
4139
4100
4108
4122
4083
4077
4068
4058
4022
3996
3967
3953
3843
3708
3600
3505
3410
3319
3206
3102
2942
1742
2587
2560
2486
2414
2369
2265
2147
2042
611
494
425
267
138
8
2
7
4
2
6
107
145
157
170
176
183
190
202
211
215
219
219
218
218
267
302
304
303
306
306
304
305
306
299
300
303
304
300
303
300
301
302
301
300
291
300
307
307
307
304
307
306
303
298
276
243
226
196
156
132
116
102
95
16
5
5
4
4
2
0
0
0
0
0
1
1
1
1
1
1
1
1
1
1
1
1
1
