2
7
28
38
49
61
71
83
96
105
122
135
143
162
183
192
207
216
222
226
226
226
235
241
243
248
263
273
277
286
297
302
311
316
318
325
333
334
342
347
350
359
365
368
366
369
374
378
379
385
382
381
361
263
314
255
344
354
361
367
376
377
375
373
374
371
367
371
371
374
380
386
387
400
406
408
406
400
390
383
345
374
382
381
379
386
395
401
396
395
402
404
400
407
395
398
396
395
392
390
385
382
384
383
399
413
415
406
410
417
415
420
418
419
425
430
433
439
436
444
450
448
455
460
458
458
454
460
462
463
460
467
466
464
474
475
475
474
471
468
462
448
443
447
447
451
450
450
453
460
457
455
463
458
454
456
452
446
451
455
456
438
440
437
436
427
428
412
406
408
402
398
397
390
391
391
381
390
381
382
385
388
382
379
374
374
374
371
373
371
376
370
370
372
365
357
346
351
349
346
346
348
350
343
341
336
330
336
334
335
333
332
333
336
336
323
325
322
323
324
331
319
314
323
324
323
328
340
343
348
347
345
342
339
358
356
352
361
358
367
373
373
377
375
384
392
393
394
390
388
392
401
393
402
410
412
414
417
414
420
416
426
431
432
430
434
434
433
433
433
436
446
442
450
460
455
468
447
432
460
463
457
455
455
456
461
452
466
467
472
475
481
483
494
489
493
480
479
489
491
486
488
485
479
496
496
506
503
515
511
514
520
526
517
507
506
508
502
513
517
520
513
526
514
513
519
514
527
530
526
528
528
530
544
536
534
540
536
540
528
529
542
533
526
528
534
549
544
549
532
539
543
545
533
539
520
509
523
512
516
522
509
508
506
509
521
512
524
531
538
536
529
519
515
517
520
516
525
533
538
533
534
541
547
537
540
542
548
539
562
562
559
562
567
568
574
567
579
585
581
590
588
599
624
633
637
635
643
635
633
647
658
652
644
641
643
646
639
631
642
644
639
650
652
654
662
672
671
659
652
668
674
667
666
658
667
668
669
671
682
669
677
676
668
676
674
679
683
686
687
675
675
668
654
663
653
651
645
653
656
640
641
616
624
613
604
618
618
620
614
612
619
615
615
603
610
617
597
619
617
620
608
620
613
622
625
609
613
603
602
596
584
583
583
582
579
574
560
562
550
548
554
542
529
521
526
525
512
514
483
402
477
488
486
475
461
451
446
442
435
436
440
417
421
411
421
418
405
414
413
403
412
403
405
408
407
406
410
408
421
418
419
424
426
429
424
422
426
424
418
418
425
419
423
427
423
415
408
409
403
401
401
399
405
395
388
391
391
390
380
380
378
370
367
367
365
357
363
354
342
349
344
338
333
334
328
331
324
320
324
315
315
318
317
314
308
312
308
302
297
297
293
297
291
281
280
273
277
273
270
268
264
220
243
248
260
254
255
250
251
266
268
272
274
277
286
298
308
318
334
334
329
347
348
356
360
357
372
375
371
393
394
410
409
401
411
403
415
417
423
428
431
438
440
444
465
468
469
473
472
470
466
477
477
481
485
485
483
490
504
503
502
495
500
505
506
499
492
498
488
479
486
490
486
483
483
485
483
484
477
460
356
458
466
483
484
484
487
487
482
482
484
480
474
477
469
470
464
461
456
456
454
454
454
456
452
448
438
426
428
418
417
418
420
426
419
425
427
426
423
429
437
446
443
437
441
447
437
445
438
455
434
437
450
443
440
437
446
445
449
443
446
448
445
447
444
446
449
447
440
445
442
444
456
459
458
452
455
473
467
463
468
462
462
448
449
455
456
456
445
462
459
459
463
468
470
471
474
480
487
482
477
488
497
492
498
502
510
517
517
518
514
520
523
523
524
525
520
529
524
527
533
537
535
537
539
539
545
540
530
538
553
554
556
554
550
558
539
547
548
539
545
541
534
516
487
504
523
520
518
526
532
526
531
526
523
516
516
519
514
506
506
495
495
484
362
417
418
448
456
460
459
456
458
456
456
465
464
466
463
466
464
458
451
445
442
455
460
456
459
455
441
440
436
441
444
435
415
429
421
432
423
418
414
405
397
397
397
396
388
385
371
367
363
360
350
348
354
364
366
358
363
361
364
363
356
356
352
334
331
324
294
336
333
347
357
357
349
357
350
350
358
367
370
370
382
378
379
388
393
395
407
416
414
407
414
418
427
431
438
460
461
469
468
463
468
473
471
457
455
436
433
421
37
24
2
0
40
381
390
398
410
416
425
415
416
450
459
462
470
464
469
459
464
459
460
331
463
481
490
503
501
504
506
493
488
494
486
474
473
478
483
482
479
491
494
487
485
503
502
505
501
509
509
498
500
498
485
489
497
491
487
490
487
484
499
501
493
494
494
491
488
491
496
489
480
467
464
458
445
434
428
426
85
72
65
64
50
53
67
116
440
449
465
483
487
494
502
517
529
537
552
548
539
536
541
428
582
594
594
597
605
612
611
616
623
607
617
621
623
622
615
614
634
634
649
640
632
633
644
642
642
651
647
653
664
665
664
667
659
661
657
657
648
645
636
635
630
631
632
625
618
606
599
600
597
597
595
592
589
589
596
601
601
594
597
602
609
599
595
604
601
605
610
604
598
599
601
600
609
609
605
609
601
603
604
592
605
597
606
605
614
609
611
602
607
600
593
599
612
611
600
597
595
589
580
586
584
570
561
568
573
561
565
571
569
573
562
567
568
572
567
557
561
554
552
545
542
541
540
515
512
527
517
518
530
523
527
535
529
529
538
540
527
542
532
549
546
557
546
556
561
565
578
572
567
568
565
573
579
583
579
569
568
548
416
571
581
576
589
602
607
616
619
624
639
632
641
640
644
642
640
642
652
655
647
625
642
652
651
666
676
681
686
691
688
707
714
725
746
748
755
757
740
750
759
765
775
767
776
774
758
764
769
754
755
764
773
774
776
783
781
771
753
770
773
768
764
748
754
741
747
748
747
758
754
743
746
747
745
744
729
732
698
425
685
690
687
681
665
640
616
626
630
630
641
643
629
624
638
648
643
643
652
649
650
648
651
662
667
670
691
681
680
688
695
697
694
707
695
695
693
705
709
707
706
704
709
705
705
704
700
690
696
682
670
661
490
663
656
648
652
656
661
661
663
655
659
666
653
607
418
603
612
613
640
632
621
619
609
598
587
588
596
593
597
590
587
588
587
572
584
574
573
568
565
582
580
572
564
573
578
559
562
550
545
523
472
507
518
522
530
540
539
522
519
510
510
509
498
497
511
528
524
521
516
539
550
557
563
567
557
558
549
544
530
535
522
530
517
517
514
516
527
523
518
525
528
510
516
511
508
500
503
506
511
507
512
512
520
523
526
525
513
513
525
530
526
517
516
513
522
510
506
517
514
524
516
510
495
503
512
524
529
529
531
535
531
533
526
519
531
524
513
518
526
520
517
527
527
547
548
550
556
556
558
563
566
559
563
548
536
536
544
544
534
541
547
550
546
544
544
549
546
553
558
553
554
544
536
548
549
550
574
569
577
572
572
564
561
563
565
568
570
575
566
576
577
573
570
571
571
563
581
576
580
576
577
573
581
578
585
579
581
590
585
591
602
604
604
608
606
606
602
602
600
593
590
608
607
600
600
607
601
623
621
619
624
618
621
614
614
611
598
599
605
614
610
626
640
653
659
664
657
657
656
663
655
659
661
660
661
641
642
620
617
617
641
635
659
672
674
672
679
681
678
673
667
664
665
659
660
663
644
643
634
645
621
632
622
623
637
632
641
627
641
631
635
644
648
642
643
628
619
621
624
614
610
597
593
589
586
579
583
589
589
588
586
582
596
582
584
585
590
576
577
578
578
568
562
569
560
557
547
538
531
518
524
529
534
540
535
525
519
512
507
498
496
490
476
464
3
457
475
478
486
495
499
496
461
456
463
477
483
486
500
488
489
488
477
478
475
472
455
475
462
457
463
445
443
441
437
423
428
430
435
451
451
455
454
441
443
455
456
455
458
465
459
461
464
468
467
464
461
458
461
464
466
460
466
465
473
472
476
475
480
469
463
468
471
475
471
475
465
470
473
464
464
459
456
465
464
462
461
458
460
445
438
429
431
438
443
425
447
448
447
447
449
444
445
464
469
469
469
466
475
471
476
476
480
475
479
478
478
479
476
460
446
427
315
446
450
469
479
485
483
476
486
486
476
486
497
493
493
493
494
477
361
505
520
522
521
522
523
517
514
516
509
511
502
369
504
522
527
527
544
551
544
543
541
536
525
530
524
527
521
522
523
515
521
518
541
557
559
561
563
563
551
548
543
535
535
533
539
557
565
570
567
566
567
560
553
557
556
568
578
580
580
582
580
582
580
592
594
593
600
605
629
642
642
650
646
653
653
645
650
641
653
648
656
645
648
639
628
641
626
647
656
665
671
673
663
657
663
655
644
644
654
653
649
645
649
639
634
620
606
588
593
590
582
580
584
580
577
571
564
567
575
587
567
562
552
543
544
565
562
556
558
562
561
564
560
550
561
539
551
549
546
541
535
526
526
523
530
522
520
524
524
510
499
498
496
488
481
456
474
483
484
476
469
475
469
448
445
443
447
442
441
439
429
428
424
419
422
420
402
398
399
399
394
398
398
405
402
395
400
403
396
399
402
404
403
405
396
392
401
395
404
393
409
410
406
410
407
404
403
393
405
406
404
409
406
406
416
417
418
424
431
433
432
435
435
433
449
442
446
442
449
452
456
462
465
465
466
463
464
470
466
465
462
468
469
460
448
469
473
467
479
476
473
475
470
469
469
467
457
449
426
461
474
490
489
491
485
491
487
488
491
491
496
500
507
504
500
488
480
485
483
471
479
471
474
479
481
493
477
492
482
492
481
484
476
492
512
520
511
509
514
513
517
520
522
517
520
512
515
521
519
525
526
527
524
533
528
529
533
523
526
530
528
523
529
538
544
544
545
536
532
539
532
521
527
529
527
529
530
534
528
525
512
484
518
527
533
527
530
532
534
531
520
521
513
511
504
502
504
508
509
503
494
491
492
494
504
501
509
507
502
502
493
498
502
506
516
516
503
499
506
496
485
490
490
489
483
483
476
460
456
449
456
456
461
470
469
476
477
481
484
476
473
471
472
471
477
477
475
477
483
481
482
489
497
513
507
520
516
519
517
515
513
499
501
495
472
6
502
532
560
567
580
585
591
597
587
583
590
587
593
597
601
604
617
618
626
631
633
650
664
670
668
668
678
676
680
685
695
689
689
702
694
704
714
715
709
705
708
697
703
696
703
700
699
693
702
700
683
692
677
675
661
647
620
609
591
569
591
600
607
611
625
613
601
594
600
584
585
582
575
552
553
548
557
563
553
553
538
543
547
550
542
544
535
543
546
529
516
504
499
483
483
485
485
490
475
467
469
465
451
456
453
450
444
440
439
440
430
417
403
413
415
413
404
399
391
402
406
408
409
404
401
409
400
397
394
392
386
388
387
385
383
379
384
388
374
367
364
368
366
359
355
364
369
360
362
352
364
354
364
363
356
357
360
363
361
352
352
353
353
350
355
345
345
348
342
345
344
334
331
339
335
343
338
341
341
343
350
353
355
356
354
361
357
354
352
343
317
298
305
307
237
330
348
348
336
337
349
304
352
353
356
354
348
350
352
350
352
357
356
344
342
345
345
338
345
341
341
339
345
342
343
340
341
337
332
331
332
338
336
347
344
348
346
348
351
348
347
351
347
346
350
342
343
346
339
343
349
358
352
345
341
346
354
350
353
356
367
359
373
369
369
377
376
379
372
366
373
377
372
366
366
373
375
379
373
380
379
387
386
390
386
390
401
403
408
409
410
406
407
413
412
418
415
413
414
419
424
423
429
424
430
436
427
426
429
437
436
430
434
435
442
441
440
441
428
435
440
436
445
448
443
445
443
447
443
440
443
436
439
440
441
446
447
457
458
472
476
500
503
500
517
512
515
504
510
507
509
511
514
510
521
520
519
522
516
511
517
510
501
505
508
508
500
502
500
497
498
494
503
506
499
498
485
476
349
490
495
500
501
498
498
494
477
468
471
470
480
473
467
465
484
488
479
463
473
481
463
457
442
449
422
454
466
471
483
483
478
479
481
489
479
477
477
493
497
493
501
496
494
500
500
494
500
491
487
492
492
492
489
472
462
312
471
483
481
485
496
490
491
499
500
501
515
523
528
531
533
522
540
544
544
544
545
545
558
561
560
561
558
553
542
535
538
544
538
542
549
550
547
544
556
547
546
544
545
551
546
550
553
547
555
540
550
557
558
551
547
538
539
530
512
516
521
521
510
505
500
487
478
474
474
483
490
487
475
475
470
472
474
477
470
453
446
435
453
443
456
451
448
446
441
437
433
438
432
435
432
433
427
403
369
375
378
307
408
415
418
427
437
427
422
401
423
428
423
439
448
448
437
444
441
427
433
433
434
427
425
423
411
407
386
272
309
305
298
305
307
283
371
384
390
393
400
403
418
424
426
430
428
424
427
429
428
424
421
427
431
437
434
428
423
421
413
401
303
408
417
418
419
415
391
382
370
356
405
413
417
419
421
415
409
412
412
417
416
416
411
400
358
388
399
401
394
405
410
393
405
402
396
377
369
372
369
255
341
349
351
352
357
360
348
341
344
344
344
341
334
330
332
330
334
329
327
331
317
182
316
322
324
326
300
269
247
246
249
247
243
258
268
306
312
314
327
320
330
330
318
327
324
328
325
333
336
337
336
340
335
340
340
336
340
337
337
333
333
330
336
331
328
334
331
334
335
333
335
328
333
328
323
316
313
289
324
331
330
335
325
330
328
331
326
212
321
331
330
324
331
334
327
336
342
342
347
349
341
228
347
348
356
361
356
322
328
371
365
362
332
393
394
392
387
393
303
390
398
398
409
403
410
412
409
414
413
429
432
428
427
436
433
438
435
435
438
452
447
439
446
441
431
440
307
431
441
450
463
481
472
478
479
470
470
462
464
464
458
457
455
454
444
443
440
438
431
422
409
404
389
333
333
333
328
318
354
353
351
349
345
331
309
255
321
321
318
312
279
262
271
274
285
275
273
269
259
256
248
202
183
171
184
189
189
189
202
182
216
221
223
221
223
219
215
195
127
150
150
151
190
197
199
207
210
212
218
219
215
217
212
205
207
203
203
193
180
120
175
185
185
185
176
157
175
180
180
183
189
193
186
192
192
192
193
194
196
195
198
200
197
195
203
215
227
232
232
226
237
232
229
249
263
268
274
278
279
280
285
280
288
287
290
288
288
288
288
288
284
280
271
192
263
262
266
263
264
260
251
248
250
244
228
206
218
222
221
216
207
197
193
175
124
123
123
118
124
124
123
111
111
107
212
233
241
248
253
257
256
261
263
263
275
277
275
275
280
281
278
282
286
280
276
267
261
224
256
262
271
273
272
279
278
275
274
267
262
162
284
283
282
285
279
282
282
285
279
276
285
282
279
281
278
272
266
155
246
247
253
253
254
238
126
149
148
156
182
189
193
190
194
193
193
162
297
306
315
326
339
344
346
350
361
365
374
376
370
376
381
392
403
417
426
433
428
424
414
411
415
404
400
400
405
397
391
389
384
379
367
347
341
328
319
379
378
389
383
395
393
403
396
410
418
418
414
411
407
405
394
386
384
290
330
335
332
398
405
417
419
425
429
426
425
425
433
423
427
412
263
388
400
405
414
420
420
412
402
401
404
401
288
384
394
403
397
391
365
402
410
410
417
428
430
436
435
435
439
444
447
445
446
444
449
443
440
435
411
393
406
420
424
420
420
446
449
437
462
449
449
438
439
436
450
447
439
450
441
438
440
422
423
415
408
405
299
400
402
407
408
409
419
423
420
425
428
431
436
430
427
427
426
424
426
434
437
438
439
442
450
444
443
447
455
455
465
471
473
481
475
483
485
491
492
491
502
498
500
504
507
487
480
478
356
472
491
495
488
496
499
501
501
503
493
491
489
493
486
480
483
483
481
474
470
466
455
455
463
466
463
456
464
477
468
464
468
462
465
472
470
468
460
449
442
425
422
419
395
380
414
415
422
415
405
375
459
472
472
468
469
471
475
451
302
415
413
405
441
454
459
456
450
455
452
461
459
457
461
454
463
478
466
449
445
369
278
383
391
415
425
438
450
453
464
454
452
454
450
451
460
465
468
487
497
510
513
519
516
524
512
511
344
497
514
521
530
533
532
535
529
528
520
523
524
518
524
526
522
518
523
524
518
515
519
514
471
478
480
377
489
496
510
519
518
521
528
521
509
504
514
508
494
485
446
456
476
484
491
492
480
496
472
497
499
466
505
490
499
510
511
510
519
516
489
488
484
458
386
396
394
390
422
431
428
437
431
444
441
435
438
429
420
427
425
421
429
429
430
430
431
422
261
408
412
418
426
427
424
428
427
418
411
403
397
400
392
389
395
399
342
404
403
391
396
386
368
361
356
339
361
366
384
378
389
379
385
380
381
372
373
357
267
352
362
361
370
366
357
351
354
349
339
336
335
317
293
315
319
324
326
329
322
314
315
222
305
311
323
325
329
336
333
336
337
333
332
335
322
315
316
310
306
303
304
295
218
220
217
220
216
217
219
214
215
212
198
186
175
163
151
135
129
6
5
4
14
14
14
16
167
171
175
180
181
193
196
212
221
236
236
244
248
249
248
248
273
275
285
291
299
302
308
307
299
301
313
316
309
314
318
320
321
320
322
322
320
326
328
321
324
321
323
321
328
323
332
331
328
336
335
341
331
341
345
347
340
338
336
223
330
324
330
328
333
327
327
328
321
329
337
341
341
338
347
342
319
335
352
353
359
367
360
369
370
371
374
373
371
368
365
372
381
373
382
381
379
383
383
376
363
359
361
370
366
361
354
343
344
347
353
357
361
353
355
350
350
359
362
354
359
347
348
343
344
345
346
341
339
337
336
339
332
334
331
330
335
348
341
344
342
339
334
332
331
323
332
333
328
326
329
327
313
325
318
318
321
324
323
318
311
312
314
314
316
312
314
316
310
307
305
303
306
296
300
297
302
301
302
309
310
304
312
307
303
300
301
299
303
307
308
307
303
304
303
306
309
318
317
314
308
314
316
320
318
310
318
319
316
319
314
313
305
215
312
328
326
332
335
343
337
339
328
326
329
325
329
333
337
347
345
339
337
338
336
335
327
321
319
314
307
329
337
346
351
350
352
358
357
362
358
366
363
362
354
346
356
366
367
369
357
257
343
356
360
366
366
357
265
345
352
359
352
355
345
342
335
336
339
341
335
339
333
332
328
321
318
315
307
303
290
208
270
283
289
288
280
277
280
273
264
259
253
248
241
236
224
224
188
127
125
127
123
123
122
124
148
157
158
163
165
158
156
157
156
172
182
194
212
220
216
209
212
204
205
196
171
93
133
109
134
133
131
216
229
235
244
260
263
265
265
265
283
290
302
313
319
328
332
338
354
353
356
359
363
368
371
381
409
413
419
428
426
427
421
394
412
419
429
439
445
446
452
454
459
456
468
468
455
459
348
474
482
486
486
492
495
495
491
499
494
502
507
504
497
494
489
483
484
488
477
444
482
393
480
472
477
479
478
468
472
471
467
472
466
460
473
470
472
471
464
462
456
450
468
466
457
459
451
450
436
439
435
443
439
433
441
434
437
433
431
422
422
426
414
410
407
389
384
378
365
359
346
333
309
209
250
248
245
259
269
271
272
266
204
267
270
271
269
268
268
268
265
262
264
266
260
249
247
242
236
231
231
227
217
219
216
208
204
200
198
190
189
183
185
184
181
181
174
169
162
162
162
155
154
146
144
143
138
129
116
111
115
114
106
102
100
77
58
58
58
56
57
48
0
6
0
0
0
0
1
1
10
10
11
11
11
5
17
22
26
29
29
29
29
29
29
29
29
19
29
28
28
29
29
29
29
29
29
29
29
29
30
30
30
30
31
26
45
50
55
55
61
62
62
61
61
59
59
55
53
50
25
35
35
33
35
35
35
35
34
35
35
34
35
113
119
118
116
119
119
146
150
151
153
158
161
172
178
182
191
193
198
204
207
204
213
212
156
221
229
233
236
236
191
243
247
253
255
256
241
257
272
276
282
289
289
293
294
304
311
310
315
323
332
340
346
349
348
352
336
335
326
316
317
318
315
306
299
300
289
283
278
271
267
251
235
237
235
229
229
226
223
220
215
204
204
200
111
196
193
190
188
167
148
159
164
156
149
141
64
152
153
151
147
145
121
144
145
147
148
149
138
154
158
159
166
171
170
179
183
186
185
181
177
173
183
98
191
198
204
205
213
214
222
219
225
228
214
198
211
246
251
260
271
278
287
287
287
288
281
270
306
313
285
318
316
308
337
349
349
348
352
353
353
359
359
360
359
364
364
361
372
373
370
369
368
348
274
322
322
322
319
308
294
250
247
244
342
357
362
362
367
370
370
369
359
361
364
357
346
324
311
342
352
349
356
353
362
363
368
367
370
356
210
293
298
297
335
372
378
392
395
399
408
403
414
400
399
365
380
392
404
410
419
421
425
419
426
420
422
426
425
432
432
434
442
435
436
417
403
446
459
462
469
471
468
472
469
472
469
466
471
466
463
466
463
464
459
454
469
470
477
474
473
460
473
477
475
478
487
483
494
490
489
486
486
475
471
476
477
485
497
500
499
499
498
496
489
487
483
487
495
488
484
488
490
492
495
505
498
497
507
502
498
484
327
475
489
475
471
469
449
469
548
581
610
618
623
620
621
632
657
656
642
642
651
660
667
667
679
692
670
654
670
700
707
705
704
698
705
696
688
693
700
706
718
705
700
693
696
694
698
702
685
683
672
667
671
673
675
674
672
656
668
659
652
652
655
650
657
666
661
660
663
649
653
644
525
590
633
685
686
675
687
691
684
683
687
699
665
643
616
570
605
616
613
621
612
606
577
555
369
535
540
547
551
536
518
512
511
506
501
491
483
475
482
467
449
449
451
451
448
454
455
458
455
453
454
442
450
446
435
439
436
451
451
457
455
466
463
468
476
487
485
475
473
466
446
466
465
474
473
482
481
487
478
474
468
465
461
459
444
438
433
434
435
430
424
418
407
400
385
372
356
370
377
379
375
374
376
374
367
363
362
346
318
318
316
311
304
295
288
270
246
127
128
130
125
126
127
112
241
251
263
272
275
282
293
302
304
300
300
296
288
285
246
276
283
294
300
304
297
301
288
294
290
297
296
296
293
294
289
289
179
272
279
280
286
282
206
287
294
303
320
330
334
327
331
336
340
348
356
352
281
346
355
366
375
377
383
393
395
401
405
403
413
415
416
431
437
440
439
447
442
445
444
452
462
456
450
433
309
371
383
409
414
416
420
419
422
423
426
437
431
430
430
418
423
417
418
411
417
408
408
415
402
377
418
408
406
404
395
393
392
389
398
384
288
381
380
375
372
370
363
333
381
382
394
392
392
372
366
318
317
319
320
350
382
389
386
390
387
385
401
396
391
395
401
395
390
396
406
403
405
401
409
401
400
399
395
395
400
400
399
387
389
388
387
383
386
379
371
373
382
383
385
395
387
392
387
382
376
381
388
378
385
383
369
372
379
378
370
376
369
366
349
334
324
372
374
392
396
392
387
387
386
380
383
383
387
392
390
386
389
392
392
290
369
373
380
382
386
382
378
374
372
370
367
365
365
369
368
289
346
348
350
364
370
373
369
365
362
362
359
359
350
346
346
346
350
354
359
364
360
356
345
340
341
336
332
331
323
322
326
321
325
327
319
318
315
312
313
311
311
319
320
325
329
329
325
323
312
313
310
301
300
287
279
270
29
5
23
32
246
261
267
270
278
280
286
288
292
293
294
298
306
311
311
319
320
324
335
338
339
341
341
346
349
356
354
364
366
369
367
374
375
380
382
380
387
391
390
383
384
388
385
387
394
398
394
395
392
385
376
412
411
410
413
411
400
368
391
400
399
401
399
393
402
408
407
403
406
407
407
411
415
411
413
420
420
415
413
404
395
413
407
403
404
401
394
388
375
371
359
240
309
310
301
353
370
381
397
402
406
404
411
418
421
423
416
410
419
418
419
425
423
428
432
430
426
428
433
430
427
436
429
424
421
423
300
424
426
429
438
441
427
426
409
366
404
410
423
442
431
441
438
437
443
446
444
443
439
442
443
444
444
445
450
448
430
413
426
431
443
443
432
437
433
430
409
393
418
425
435
445
455
456
456
461
457
454
455
459
450
453
443
436
436
436
439
434
438
432
430
434
436
441
434
436
434
417
417
420
414
413
412
412
416
424
415
415
426
430
435
439
442
443
443
452
461
458
461
462
452
446
451
439
441
439
444
437
435
444
440
441
437
429
425
423
423
414
425
418
430
423
413
404
388
411
422
423
432
434
433
426
429
426
420
412
410
413
399
392
386
385
381
381
381
378
380
389
385
382
390
382
380
379
377
387
383
390
385
389
393
389
389
387
387
388
385
379
374
367
376
372
369
377
373
371
384
374
379
382
376
375
373
376
374
376
375
366
376
374
375
374
356
344
356
360
357
357
346
252
332
335
344
348
343
340
338
333
336
339
341
343
340
339
341
343
326
328
313
303
216
324
329
325
316
307
282
339
345
352
350
344
332
235
348
360
367
363
362
364
358
366
365
365
371
372
369
372
364
364
349
368
374
380
384
386
376
371
369
252
342
352
356
359
367
371
371
374
370
365
371
369
376
370
376
370
371
381
383
385
384
382
385
384
387
388
386
379
375
369
373
374
376
365
365
366
359
351
348
354
349
344
342
326
309
329
336
335
336
328
318
327
321
311
306
300
201
255
255
255
319
327
337
350
357
364
371
369
369
367
372
371
376
384
382
382
382
374
375
374
270
340
332
331
340
348
379
383
384
385
392
391
383
388
390
392
390
396
399
402
406
400
400
397
399
412
411
420
428
430
429
435
430
436
439
424
426
431
430
437
441
449
449
454
454
452
458
474
486
487
490
501
505
505
499
504
522
530
532
523
522
507
513
511
497
511
507
506
508
508
511
509
505
497
500
496
490
491
478
481
470
465
421
411
390
419
427
442
446
449
449
453
457
453
442
450
442
432
394
360
376
398
419
419
420
414
386
401
387
376
366
360
356
343
226
260
261
211
320
326
330
336
344
351
356
350
347
347
335
338
336
330
325
328
333
325
315
298
182
288
287
194
313
322
333
334
343
344
352
348
211
336
347
353
358
359
355
358
367
378
376
369
278
370
381
378
388
392
410
408
412
412
415
418
424
431
431
431
434
433
434
439
438
441
438
434
419
423
417
420
410
420
405
404
403
396
387
379
379
368
367
365
360
359
345
343
333
326
323
314
238
238
241
236
244
260
267
263
260
241
281
293
300
303
299
298
302
297
293
290
294
274
259
260
225
245
257
270
271
260
241
257
266
276
287
290
294
295
299
297
301
292
211
304
308
318
327
325
328
335
333
331
332
337
330
332
326
328
325
333
335
338
333
317
330
332
340
350
352
343
316
330
338
337
340
339
340
342
343
343
340
345
346
341
349
355
358
250
361
365
367
371
371
374
379
374
377
373
382
377
388
385
393
399
403
409
408
410
404
406
403
399
400
402
401
396
398
396
383
383
383
378
373
366
352
351
350
271
345
338
327
308
254
302
295
286
282
248
215
216
216
171
221
254
271
273
277
271
272
260
192
206
205
202
201
198
142
196
204
211
218
208
210
197
187
173
193
197
199
202
203
199
210
209
209
213
207
192
187
179
172
165
157
129
129
128
125
124
116
83
83
82
81
103
108
118
123
126
131
134
133
133
132
127
40
118
122
145
152
153
154
150
142
74
136
141
142
143
142
136
156
137
144
116
155
218
233
241
242
251
263
263
260
289
305
306
321
319
337
341
357
364
382
387
387
394
412
414
427
429
437
439
440
445
462
460
457
467
461
477
477
478
481
488
482
488
493
494
500
507
507
513
506
509
515
514
510
512
513
504
509
506
514
521
526
518
516
512
499
466
504
510
515
518
520
513
518
527
531
506
491
356
487
500
509
511
511
518
514
504
502
498
506
506
494
498
496
497
492
491
487
480
487
481
486
484
487
488
484
491
479
478
479
480
482
479
480
476
481
481
486
479
472
476
462
454
365
364
362
366
408
426
424
419
428
429
436
427
429
415
424
422
423
408
408
403
404
405
399
387
388
392
383
355
384
397
398
412
407
411
411
414
415
422
421
414
409
416
421
425
427
427
438
434
435
438
438
436
436
430
426
424
422
422
434
434
433
431
437
432
440
436
431
418
417
308
408
411
412
416
420
420
415
414
420
420
418
423
411
411
410
401
403
396
399
396
396
406
399
403
397
389
385
387
372
281
333
342
287
377
391
398
399
396
401
403
404
403
404
402
396
397
401
395
388
381
365
401
407
406
410
418
413
403
400
400
404
398
393
390
380
374
375
379
368
361
330
313
318
331
339
329
328
323
321
319
316
313
310
309
307
303
300
303
291
287
285
281
282
277
279
272
276
267
258
254
249
252
246
246
245
240
233
232
225
207
140
198
208
211
211
214
218
205
197
99
200
209
207
209
209
207
206
209
216
205
200
200
201
203
203
205
205
203
199
199
198
205
208
210
210
212
213
211
206
210
209
207
207
205
206
208
205
208
202
205
201
201
199
195
172
182
184
176
175
171
169
160
156
152
136
132
96
120
116
110
102
99
97
101
104
106
106
101
100
102
103
101
92
89
83
90
91
90
86
84
77
91
93
94
95
94
91
92
92
94
91
91
92
93
90
90
84
83
76
80
81
81
79
80
79
75
74
74
67
62
31
31
29
31
32
34
34
33
33
33
37
37
36
37
37
37
35
33
34
34
34
32
31
31
31
28
27
26
24
24
21
19
19
17
16
13
11
7
7
4
4
4
4
16
23
26
31
36
35
40
43
46
47
48
49
51
58
57
62
62
66
68
68
68
68
71
47
74
78
76
77
80
77
82
86
88
93
91
95
95
100
102
108
108
111
116
114
117
117
120
121
120
121
124
126
126
127
130
130
127
126
125
117
135
146
150
150
153
157
161
172
173
177
181
186
191
191
198
203
206
211
213
223
239
241
237
236
233
225
214
239
243
245
245
253
249
248
248
235
266
272
281
288
287
291
300
301
304
301
313
319
324
327
327
332
343
348
353
357
352
359
365
358
354
370
375
386
386
383
391
396
396
403
397
405
411
418
418
431
432
438
442
446
450
455
445
450
450
440
429
436
428
423
423
418
396
330
328
328
324
318
251
307
312
250
365
376
374
373
369
376
370
365
362
363
360
366
362
363
367
372
369
364
368
368
369
378
379
375
380
384
384
385
380
372
373
372
370
378
372
377
373
377
375
367
376
374
380
384
380
388
394
399
395
396
386
397
401
407
402
399
405
406
404
414
412
419
409
419
426
426
436
437
444
453
454
455
454
465
466
462
474
476
477
477
479
481
491
485
477
489
488
491
489
478
482
486
489
479
487
477
474
476
462
411
415
409
408
394
370
381
380
380
505
523
536
535
538
543
540
538
536
535
517
534
530
535
531
544
529
536
529
533
533
523
520
522
521
521
509
520
514
523
521
524
521
518
504
475
498
515
522
523
514
514
506
486
481
473
474
467
342
453
454
460
448
455
459
452
441
439
431
420
402
395
368
390
406
413
408
410
403
406
398
394
390
378
382
368
367
367
365
356
356
341
335
342
337
330
319
316
318
322
326
316
321
330
332
327
331
343
342
340
335
335
338
340
341
340
338
334
327
335
328
330
330
324
329
324
328
328
336
334
345
342
343
344
333
249
334
345
353
358
354
352
359
367
364
357
359
363
364
360
366
358
352
358
356
366
363
365
359
362
351
371
376
372
376
369
365
364
362
357
354
350
340
342
338
340
333
325
320
315
319
318
319
317
308
309
308
302
306
308
311
312
310
301
305
299
297
294
287
276
282
274
278
271
272
265
263
261
257
265
256
250
251
239
234
234
233
230
227
232
225
216
218
218
207
207
209
208
195
204
206
206
202
205
199
200
198
198
199
194
191
189
184
186
185
183
175
167
165
154
164
165
171
172
172
166
161
160
162
162
161
161
161
142
135
139
139
138
141
139
133
134
130
124
119
119
113
112
111
107
107
106
105
99
98
97
90
85
80
73
73
73
73
70
69
67
64
64
66
61
58
57
53
55
46
38
40
35
27
29
28
22
16
11
10
4
1
2
6
10
14
16
19
21
28
30
34
35
36
35
36
47
47
52
60
59
69
68
73
39
76
80
83
87
88
91
94
97
101
102
106
105
112
118
118
119
125
130
138
135
139
137
135
141
143
142
146
148
146
157
155
153
149
145
153
161
165
169
169
174
182
187
181
186
188
187
187
187
188
196
197
201
204
204
206
214
217
217
219
219
215
222
221
219
211
210
201
217
219
221
225
232
233
240
239
244
238
230
246
248
254
256
251
253
254
255
253
257
258
255
262
261
261
257
253
253
249
237
227
260
263
269
275
279
274
284
281
281
273
255
280
285
296
301
305
296
281
288
295
303
302
307
315
311
314
311
318
294
328
329
337
339
340
339
355
371
361
366
373
375
377
375
376
378
389
399
397
401
410
409
411
406
407
401
403
404
404
404
397
383
397
403
408
409
415
415
409
411
419
421
422
419
414
389
432
437
434
445
453
447
441
441
441
446
437
446
438
440
442
439
446
447
458
460
459
450
453
453
446
454
456
465
458
457
458
463
457
459
465
466
468
467
473
475
451
457
454
442
412
446
460
465
463
462
466
469
470
468
476
476
475
481
475
479
480
485
480
478
466
475
475
473
463
473
478
473
474
463
460
458
451
448
433
429
298
438
443
444
444
439
434
428
434
428
420
422
417
420
419
414
395
388
356
402
410
415
411
420
425
430
435
432
429
437
437
426
413
383
401
407
414
418
417
417
421
408
405
406
395
396
384
372
370
365
357
346
333
311
192
201
198
190
191
193
189
194
201
176
296
306
308
313
326
329
331
329
333
334
336
333
326
316
293
311
317
327
326
320
329
325
335
335
341
339
354
351
353
349
350
353
352
346
347
344
341
339
344
337
330
321
319
317
313
313
312
308
308
308
303
292
291
284
277
268
262
241
257
257
266
267
262
265
261
262
270
270
261
256
249
160
263
262
265
266
261
253
250
250
250
247
240
160
255
255
258
268
268
263
263
263
269
273
271
273
268
259
235
253
261
273
274
282
283
281
290
289
296
296
294
290
285
226
285
294
299
314
316
319
326
325
322
322
333
334
329
332
333
335
343
343
345
340
339
341
338
332
323
315
212
300
314
317
324
329
318
308
305
289
322
342
348
354
351
352
354
344
347
344
342
333
333
335
341
345
335
217
349
358
361
367
372
380
387
393
387
389
375
331
340
339
272
383
396
402
406
417
421
427
430
432
434
432
431
444
447
449
454
462
450
462
459
456
448
448
464
466
463
463
466
467
469
466
459
473
470
467
470
465
460
465
464
457
456
462
467
474
460
454
462
452
455
449
455
441
302
427
435
436
425
419
407
413
431
425
421
408
363
397
410
409
403
397
381
402
439
435
433
434
434
441
446
440
436
434
440
444
446
444
447
450
449
442
442
445
461
452
457
452
458
448
460
471
476
477
487
484
498
489
488
484
489
494
503
502
505
510
491
515
502
497
504
512
515
507
505
497
343
491
502
508
505
502
489
451
479
493
506
513
507
509
511
517
524
522
512
513
520
517
511
513
519
520
516
518
519
531
533
520
518
499
509
523
521
517
521
516
516
524
521
520
516
520
526
525
525
516
518
521
516
515
511
525
518
512
526
529
523
518
520
526
515
506
482
502
516
520
526
520
509
505
511
522
520
518
512
509
514
512
508
512
502
500
476
456
485
501
516
523
529
522
531
538
542
542
536
540
539
544
550
547
552
556
564
557
557
568
567
567
560
556
552
559
568
571
560
552
541
544
543
534
540
547
546
540
541
537
544
534
531
410
536
545
557
563
571
559
563
567
555
554
557
565
562
539
366
539
550
563
568
561
563
534
376
535
543
541
544
552
552
554
555
553
558
553
562
569
570
568
567
560
567
553
491
473
470
470
465
511
520
535
538
547
545
548
553
542
542
540
533
533
534
528
512
503
497
486
466
340
403
387
397
440
447
453
454
446
454
457
440
445
441
433
424
427
284
414
417
427
422
423
432
426
429
420
399
428
427
426
419
421
424
424
418
411
414
410
423
433
430
426
424
432
424
427
422
415
381
406
413
405
305
455
453
454
460
469
481
485
472
489
501
492
489
487
480
481
493
494
498
496
495
489
496
492
484
475
471
449
462
459
457
353
286
271
267
271
256
269
273
270
271
272
245
263
445
458
472
474
484
484
477
485
486
497
497
501
492
489
494
489
478
460
459
346
452
459
468
476
476
471
474
465
471
476
476
469
478
470
445
438
435
398
448
456
463
459
478
471
476
473
465
462
462
464
457
443
448
432
435
425
426
406
414
408
405
402
398
389
390
381
369
294
294
309
310
307
301
291
365
364
362
350
344
225
362
398
396
400
396
392
395
396
396
394
388
384
271
355
356
356
350
337
410
422
443
457
472
481
485
489
488
485
481
481
487
481
477
476
443
346
449
459
472
481
484
485
481
478
485
483
475
488
491
486
488
499
500
503
506
512
521
512
521
525
533
544
542
545
544
558
552
546
551
550
553
540
538
529
537
529
524
519
527
515
519
520
520
516
502
495
485
471
450
429
450
448
454
449
438
401
465
470
474
472
463
458
440
443
441
440
421
413
396
333
344
346
342
321
349
356
354
354
349
352
346
347
345
344
329
318
231
233
236
240
244
208
241
245
244
284
294
306
324
323
332
333
330
327
321
314
321
329
342
344
344
350
355
351
342
343
341
338
335
326
322
317
318
312
304
302
305
302
296
293
285
279
265
227
234
236
234
272
288
299
299
301
300
297
297
199
299
296
303
312
314
313
315
319
323
316
320
319
315
304
219
302
309
308
312
313
310
314
318
317
319
324
328
328
337
330
331
326
319
314
311
306
302
299
300
295
292
288
285
275
270
259
261
182
198
199
182
202
220
219
213
215
174
220
225
225
226
221
220
223
220
209
207
210
207
202
188
183
172
166
149
179
185
182
181
187
190
198
197
195
182
181
91
187
191
192
194
178
170
198
199
210
222
232
236
239
242
237
248
247
132
249
255
262
267
274
273
274
277
277
279
286
283
285
284
273
301
309
322
326
329
312
326
330
333
335
347
345
343
352
351
351
360
358
360
371
375
377
382
381
386
380
278
356
372
378
384
389
394
389
386
383
381
386
378
377
374
372
373
372
366
367
366
373
368
341
224
344
351
357
364
364
363
358
365
369
365
363
238
316
320
317
381
385
395
404
406
408
408
398
268
409
415
418
425
424
430
419
424
420
417
420
420
413
415
411
406
406
397
402
404
384
364
373
380
377
371
342
312
310
252
381
391
399
412
416
424
416
405
388
418
425
429
434
436
426
324
437
434
431
448
450
451
451
458
461
453
452
453
457
455
460
451
457
457
457
448
440
403
280
396
399
400
387
378
349
353
376
377
368
358
336
349
363
364
365
353
276
288
286
284
370
377
387
391
392
398
399
395
401
412
409
410
421
427
429
425
430
433
439
437
441
441
442
452
449
450
447
443
435
440
431
427
419
408
397
329
353
357
297
404
413
419
427
427
437
448
444
449
451
457
455
456
456
457
465
468
471
462
463
470
476
474
476
470
472
470
474
473
470
471
461
467
461
465
457
461
459
452
445
332
447
450
454
455
438
328
440
439
439
438
435
445
446
446
446
445
440
437
437
437
427
413
285
359
361
282
380
378
388
396
393
394
404
406
400
397
394
399
403
403
398
399
405
406
398
397
395
393
387
383
382
385
386
397
403
399
395
388
385
379
387
358
350
337
329
347
355
362
363
367
372
375
384
379
380
384
382
383
393
393
396
393
396
390
390
387
376
369
348
369
376
378
374
380
364
371
370
375
370
372
368
379
374
372
366
374
371
360
355
244
344
348
355
358
364
375
375
375
367
376
380
392
390
379
387
392
380
263
387
398
400
406
416
417
409
413
411
417
416
413
420
421
420
412
403
417
408
413
405
393
388
356
330
284
365
379
412
420
421
428
424
431
426
421
390
423
439
444
448
449
445
448
440
440
452
444
437
441
432
426
428
423
426
417
420
410
401
397
389
370
347
378
389
388
400
405
403
403
399
394
390
379
374
363
331
223
341
360
367
359
369
369
362
358
364
364
360
212
341
344
356
367
371
376
381
386
389
397
397
403
400
403
415
416
418
410
266
393
402
418
426
422
412
403
362
420
431
443
474
486
483
501
504
507
508
521
515
519
513
525
528
536
546
547
547
554
551
556
550
551
558
571
581
510
443
577
567
560
559
563
566
563
568
560
570
569
560
559
568
570
570
563
557
559
561
562
564
563
558
550
554
551
543
534
402
510
512
527
530
533
527
518
509
512
511
501
505
492
481
480
478
465
442
426
421
418
414
416
408
401
395
389
378
349
316
344
351
356
357
360
348
346
341
211
330
328
329
332
337
327
324
329
320
317
321
327
322
322
313
318
315
312
313
306
306
300
294
294
286
281
278
272
252
174
190
189
164
184
184
183
226
236
243
249
253
243
238
208
205
234
237
233
241
255
250
252
252
254
256
258
256
253
258
251
244
237
217
228
245
247
253
256
257
148
240
242
246
252
249
246
239
135
145
148
147
167
169
150
271
280
291
302
306
314
312
323
325
338
337
344
349
352
355
356
364
365
366
365
359
367
366
272
358
362
367
377
379
381
383
385
393
396
399
395
397
400
404
409
406
407
406
414
416
411
406
409
416
419
417
423
423
414
411
414
416
414
414
411
405
398
395
400
402
402
404
400
398
402
404
402
393
402
402
405
394
397
385
384
382
373
379
382
378
370
368
368
360
274
346
348
351
354
349
349
352
335
313
320
329
324
326
317
299
317
334
329
337
329
324
326
313
317
311
309
308
305
299
304
293
284
292
303
287
280
271
263
262
269
271
295
294
297
300
293
293
297
289
293
295
296
286
302
295
293
203
297
311
314
322
326
331
335
347
352
351
353
353
352
364
370
369
367
375
374
368
371
370
375
364
381
370
366
364
354
323
328
342
256
407
414
420
424
421
435
441
448
458
447
450
305
453
463
480
482
484
481
479
491
495
494
503
502
502
502
515
513
517
510
509
510
514
523
524
523
523
531
524
525
535
525
528
533
518
527
519
521
513
506
501
500
501
500
498
503
500
494
482
486
480
448
423
452
460
459
467
470
467
460
447
372
371
371
369
418
428
446
461
459
458
464
465
463
458
445
457
458
453
466
458
456
460
439
455
466
457
456
449
454
442
444
448
444
450
444
440
447
455
453
451
456
446
442
437
439
433
426
429
420
423
424
424
426
415
428
421
422
415
419
418
417
417
410
403
409
407
408
410
408
405
411
390
262
398
402
401
395
365
276
331
334
285
369
387
390
394
411
405
409
418
415
410
407
411
415
412
411
413
414
410
423
423
417
421
422
420
412
401
397
390
385
386
388
389
388
382
383
376
373
372
368
373
370
372
375
377
372
373
378
371
373
382
388
389
381
391
388
382
386
394
395
402
402
401
404
400
401
394
383
383
389
386
383
378
377
386
388
384
379
362
354
329
360
367
370
367
378
375
377
375
374
381
382
384
387
378
382
390
391
388
395
401
403
411
406
416
411
412
413
417
412
415
418
416
424
427
419
418
426
423
416
419
410
417
411
408
403
399
400
402
394
387
382
366
337
352
367
363
364
375
383
301
370
374
368
367
334
346
340
340
337
320
308
173
196
193
190
192
176
258
268
281
288
290
294
293
288
291
322
327
329
338
343
351
343
338
341
335
201
320
339
348
348
355
352
351
355
353
355
350
348
344
346
343
351
337
349
363
372
368
365
359
347
337
329
317
163
163
161
139
164
164
164
156
150
150
150
150
146
174
174
150
175
194
147
480
494
512
520
532
532
547
576
596
607
609
619
623
639
641
646
662
673
698
706
698
705
712
713
728
725
726
719
722
714
734
744
741
738
745
733
757
755
755
749
749
748
749
738
726
722
735
736
740
737
727
732
737
736
739
735
738
724
729
713
714
704
675
673
655
640
626
610
435
447
451
437
512
540
549
561
559
568
578
578
569
567
562
557
511
474
310
382
378
381
401
407
406
406
405
407
287
416
478
485
496
499
502
499
494
493
501
496
495
502
490
489
484
481
487
476
474
461
453
452
442
436
442
430
418
421
416
387
265
381
383
380
374
367
297
297
297
299
299
248
331
338
344
345
340
328
352
357
355
355
347
348
337
264
273
285
289
294
295
291
238
223
228
232
191
262
273
308
349
354
363
368
374
384
385
395
395
394
405
402
406
406
415
417
431
437
437
428
431
425
415
408
379
414
425
443
459
458
468
463
464
467
465
458
454
454
455
464
455
459
463
459
456
461
458
456
454
447
453
445
447
449
455
454
450
447
452
453
463
465
452
455
456
452
455
450
454
466
458
462
462
468
478
474
477
484
494
488
483
483
495
504
496
494
495
486
484
489
475
481
485
489
497
503
503
509
509
505
506
506
502
493
469
496
502
509
509
506
504
497
494
494
497
504
504
511
524
521
508
507
509
507
500
485
505
507
496
499
499
498
494
489
484
484
476
465
473
465
369
476
480
477
485
495
488
489
486
484
485
483
481
478
466
366
470
474
473
466
466
456
464
461
453
452
446
433
428
416
423
414
408
410
404
399
391
387
378
374
373
366
358
355
351
348
343
340
337
330
324
319
313
300
274
266
247
230
252
257
262
262
260
254
246
233
216
239
244
247
248
237
231
222
238
249
248
240
236
237
231
124
207
205
206
199
194
189
181
177
170
167
161
132
137
140
141
142
137
134
130
127
39
79
78
78
78
80
68
108
113
110
123
106
59
86
86
86
129
131
138
144
155
96
169
176
185
191
200
208
215
214
214
219
241
249
264
277
282
288
291
303
306
309
305
309
311
309
307
308
308
297
293
284
281
280
238
258
269
249
186
245
248
231
232
235
230
229
223
215
209
121
122
121
118
120
121
119
119
111
59
87
86
59
177
184
186
196
195
191
186
179
159
196
211
218
220
224
226
232
232
230
231
227
226
224
219
212
141
165
165
169
171
174
174
174
176
178
178
166
165
151
52
137
141
144
156
157
156
149
150
146
138
120
80
92
95
94
103
121
127
128
131
131
131
130
130
232
243
249
252
253
253
264
289
297
309
320
327
332
351
359
365
369
372
378
391
394
396
395
391
393
382
376
377
368
362
358
352
345
343
332
327
321
318
265
294
292
290
289
290
288
286
284
285
287
287
288
283
274
269
263
227
241
241
247
244
246
242
238
232
231
219
210
193
140
136
139
121
164
160
172
174
177
179
177
177
171
170
167
164
158
151
154
138
65
113
113
113
113
113
35
98
103
104
107
107
99
97
92
87
79
70
65
64
63
64
63
61
57
55
51
45
44
45
45
43
43
43
42
42
39
35
33
3
8
0
42
59
61
62
76
82
87
87
87
91
93
31
120
122
128
138
138
140
152
157
159
161
165
167
173
187
134
217
218
230
239
249
258
265
267
270
279
284
291
290
296
305
316
327
331
339
346
345
355
350
343
338
332
321
343
362
366
378
390
396
399
398
402
417
416
276
415
425
428
431
440
450
460
458
461
457
445
425
454
468
472
466
471
465
367
461
479
491
503
500
506
506
503
512
508
509
517
513
511
519
518
520
518
518
509
497
524
480
345
518
523
520
530
530
527
511
475
522
532
536
541
540
532
534
551
538
539
536
527
524
533
525
525
510
509
519
518
516
514
512
501
502
503
490
486
476
475
458
451
428
419
409
396
387
371
362
342
145
142
144
142
140
254
345
356
361
374
386
396
401
247
415
431
438
439
443
448
460
461
467
471
481
485
492
490
483
492
499
502
517
507
502
508
506
502
504
508
500
498
506
515
519
522
519
523
516
522
511
521
519
518
511
504
516
512
504
511
502
385
497
506
517
518
523
514
525
523
391
516
525
537
539
543
547
546
530
527
521
517
518
502
496
506
505
504
492
492
498
500
496
491
478
475
475
473
470
466
468
469
453
452
442
447
442
445
416
387
408
425
434
444
442
433
428
424
415
406
410
271
404
410
418
421
427
425
424
413
378
406
413
413
434
447
437
431
420
415
403
396
392
387
383
382
383
379
376
371
360
353
348
337
256
325
329
325
326
318
315
310
305
297
290
284
268
290
289
289
291
292
281
275
273
266
263
252
250
242
233
228
220
229
233
231
223
225
221
223
230
231
229
227
234
226
225
222
210
178
196
204
159
208
212
205
206
194
186
180
180
171
166
160
84
91
90
91
89
91
91
165
169
174
178
195
196
198
201
204
210
210
200
156
179
182
254
279
288
304
312
319
328
331
338
338
343
346
340
349
338
378
383
388
391
405
409
425
423
427
430
429
429
431
432
432
433
427
440
442
424
416
400
391
383
371
352
253
293
292
283
324
340
339
340
339
341
340
337
340
341
325
317
313
303
292
312
319
315
305
285
273
301
305
311
316
302
297
286
287
286
141
264
271
274
284
284
279
271
139
181
181
174
179
181
182
286
295
302
307
315
316
327
325
332
334
330
326
331
314
296
306
308
313
316
322
325
335
323
336
335
341
350
356
359
356
360
357
357
356
371
372
387
390
387
384
376
380
370
367
361
364
355
358
355
355
354
349
344
342
344
336
330
322
306
209
301
313
316
321
314
304
301
291
199
287
289
290
299
305
304
303
294
288
292
295
299
308
307
303
304
288
270
309
312
310
318
320
315
316
308
204
265
265
198
299
314
319
326
327
339
341
342
340
333
321
236
308
325
330
327
342
346
348
346
349
347
344
341
333
335
350
355
358
367
366
365
359
357
354
258
343
342
342
347
346
345
338
337
333
336
337
331
329
336
331
333
337
336
335
329
327
321
317
315
310
316
316
313
309
305
303
294
290
285
282
271
250
236
210
212
207
168
236
245
246
250
255
260
253
243
229
242
246
256
261
256
252
254
248
246
240
228
188
191
191
158
235
248
253
259
256
258
269
256
253
273
284
300
301
303
307
316
319
318
315
318
310
315
315
320
318
328
329
331
329
327
321
328
324
323
322
325
320
303
226
305
317
323
324
330
330
333
335
333
333
327
299
306
314
317
314
325
315
306
259
251
252
273
310
313
318
323
322
325
325
328
328
325
326
327
326
317
314
322
317
327
325
325
316
303
303
301
299
301
296
296
300
299
298
302
289
285
280
265
189
254
260
253
255
254
255
254
250
244
236
240
240
231
213
181
186
202
126
237
250
254
267
275
278
275
262
248
258
265
266
273
248
228
251
252
254
262
266
203
241
242
243
307
336
344
352
365
364
380
384
389
398
398
397
402
410
406
414
410
420
414
410
409
407
400
401
391
380
350
344
382
416
420
434
441
446
447
449
456
458
465
463
465
462
459
464
458
459
457
452
444
429
301
302
381
436
443
448
452
462
462
456
452
437
418
457
465
473
465
475
474
473
472
471
470
450
302
435
452
447
450
448
455
453
451
460
461
470
466
450
489
484
469
487
487
488
487
490
482
491
488
490
505
498
500
491
505
488
502
501
499
490
487
495
485
465
509
513
520
533
545
549
542
553
553
555
558
562
560
552
549
552
551
541
547
543
543
537
536
541
538
539
542
537
533
526
526
518
411
420
418
416
442
456
458
462
459
339
462
464
469
470
471
472
479
484
468
476
471
473
468
467
469
473
467
470
470
460
455
458
455
450
453
453
453
448
444
451
449
448
443
438
410
298
410
413
408
410
413
418
412
411
408
380
402
401
409
411
394
391
370
362
347
359
367
361
367
373
378
382
384
378
380
378
376
369
376
384
386
395
393
394
403
405
403
398
395
388
386
411
409
406
412
414
412
421
419
425
425
428
427
421
419
419
426
417
417
426
420
420
422
418
414
406
410
402
400
358
297
337
354
405
424
428
430
436
441
443
446
445
442
442
428
315
424
437
441
446
465
462
455
443
434
408
442
456
464
472
481
475
460
467
471
474
472
483
480
470
485
485
487
482
477
482
483
481
478
482
486
489
506
507
504
497
483
346
482
485
493
513
508
505
520
522
511
532
550
542
548
549
550
550
558
566
571
578
583
584
583
584
586
592
599
593
598
589
599
596
603
590
604
607
615
611
620
619
611
618
615
618
625
614
592
440
586
606
608
608
604
594
585
579
581
571
562
555
541
538
534
530
515
505
498
462
382
484
483
478
480
476
462
459
443
445
446
438
440
436
432
424
419
408
391
240
352
362
363
362
360
353
345
338
338
324
314
309
285
173
281
281
287
293
300
291
284
282
266
233
269
276
279
282
282
287
285
285
276
270
260
242
207
221
232
241
254
259
266
267
267
275
286
283
280
272
260
290
312
310
321
322
317
323
321
314
315
313
235
317
331
333
341
344
351
352
351
357
354
369
373
373
373
380
385
388
386
393
396
391
391
375
351
385
396
399
397
396
398
396
395
386
379
305
299
258
347
352
358
370
367
374
382
385
386
387
393
398
392
396
404
411
409
422
411
413
418
420
413
420
414
409
418
426
426
420
423
419
417
416
418
414
409
404
390
382
379
373
361
361
350
340
337
328
157
156
155
154
156
159
166
155
210
265
273
280
281
279
309
319
318
322
341
351
364
369
366
367
370
370
371
371
368
373
366
360
362
355
359
357
351
357
354
349
350
355
361
360
354
365
356
353
355
356
359
360
361
365
371
368
357
357
362
354
352
357
355
352
353
355
362
369
370
357
355
355
353
352
349
347
355
357
360
351
351
349
343
342
341
330
332
331
337
328
330
331
327
329
328
326
322
315
311
304
279
249
247
246
239
194
267
274
279
280
277
276
278
275
273
274
264
239
256
255
252
257
253
256
257
251
253
250
240
237
237
231
226
222
215
183
210
220
222
223
233
227
219
208
206
204
195
178
176
146
137
153
158
151
176
180
183
100
157
159
173
173
119
181
191
200
208
223
231
242
251
249
255
249
235
278
286
300
298
294
288
324
323
330
335
342
347
353
356
364
359
369
365
369
375
372
367
367
363
350
267
273
332
342
365
374
379
382
392
394
396
400
396
403
395
382
281
386
401
412
410
418
423
429
432
433
432
428
418
418
418
408
410
407
409
411
413
415
407
395
385
379
352
207
358
361
356
356
352
344
332
310
194
193
192
193
184
190
195
185
173
143
159
163
134
312
327
332
332
332
184
348
381
386
391
396
400
408
424
446
448
453
455
462
473
477
478
457
323
441
455
463
473
476
466
475
462
472
480
482
474
477
470
471
483
484
489
490
489
483
492
490
494
499
500
495
505
504
498
491
479
465
507
518
522
522
525
516
361
511
515
524
528
537
534
527
534
537
537
535
538
534
531
539
539
516
531
523
516
506
491
480
471
465
454
445
424
286
331
329
319
381
385
391
377
367
363
373
392
408
427
421
400
427
437
431
431
432
426
420
414
307
415
417
421
422
415
331
410
426
434
443
444
443
443
442
441
440
437
416
421
410
409
409
404
398
398
393
372
361
349
285
294
297
296
300
299
285
274
270
231
251
262
261
260
259
253
256
244
240
230
220
211
184
204
218
224
225
223
213
209
190
241
259
245
289
296
276
287
285
271
270
258
241
204
206
176
200
192
196
199
200
198
212
230
244
295
301
306
318
325
314
326
338
339
337
342
338
312
305
240
258
260
228
301
326
336
347
354
357
368
371
261
380
387
393
400
408
409
415
409
402
421
438
457
462
473
466
486
485
483
484
493
497
509
505
511
520
520
524
529
533
525
515
504
493
491
497
476
473
457
455
459
450
449
455
451
450
453
449
440
397
441
444
445
449
450
448
448
441
438
438
434
435
428
425
435
435
426
429
423
412
451
455
459
461
475
476
475
479
480
475
476
467
458
453
428
463
475
481
472
467
477
471
464
464
456
471
462
462
463
463
457
450
446
440
435
431
400
384
355
355
398
412
414
424
427
430
432
423
431
421
422
415
415
418
415
420
414
414
417
408
405
402
392
386
382
378
377
367
373
382
375
200
370
370
370
370
369
365
356
340
327
318
284
169
195
184
169
185
184
181
190
193
167
278
289
292
293
305
312
314
314
327
336
337
333
330
342
339
348
351
355
365
372
367
369
367
372
373
373
376
374
378
384
389
383
392
392
392
392
393
397
406
416
422
425
428
435
439
436
440
436
441
433
430
433
434
446
433
423
385
370
358
398
412
433
438
444
436
445
456
465
461
448
413
297
417
429
454
463
461
465
469
474
473
458
460
444
299
355
316
364
371
371
344
461
478
494
502
510
513
516
520
525
524
525
522
527
521
511
512
510
508
504
390
491
497
496
497
503
506
496
482
475
474
478
473
475
468
454
447
433
426
413
402
361
388
386
386
390
360
359
388
387
385
363
381
380
374
367
356
362
353
344
335
292
188
293
293
193
309
309
319
321
323
318
313
302
258
263
271
205
301
318
324
325
330
329
326
324
326
329
321
319
321
322
326
321
318
320
315
314
312
310
305
239
289
292
302
297
296
293
286
286
291
291
284
287
283
276
265
266
265
263
264
259
254
247
248
163
227
225
227
219
203
167
169
167
168
164
158
154
150
143
59
78
74
54
72
71
69
63
61
14
54
51
53
50
47
39
23
19
0
3
3
0
3
3
3
3
3
3
3
3
3
129
142
153
151
163
167
183
184
191
194
199
200
207
209
160
224
234
233
239
242
185
279
275
289
289
310
306
320
323
327
336
349
351
368
367
368
365
358
332
362
369
369
378
380
387
388
396
407
418
418
425
433
440
441
448
458
465
470
485
485
483
488
487
483
492
497
498
497
494
495
498
492
483
480
480
485
481
490
485
490
393
503
510
515
514
509
511
515
510
512
508
514
508
505
509
498
504
504
499
485
484
485
475
466
461
455
447
433
432
432
429
423
413
416
416
406
394
391
378
369
363
332
221
280
273
268
333
339
341
337
329
325
314
299
289
286
285
226
229
227
185
227
228
224
222
223
222
213
201
186
186
184
177
87
64
0
0
11
17
24
24
23
1
24
24
24
135
147
153
156
157
58
191
204
210
224
233
250
258
259
273
284
294
293
303
300
303
315
328
340
351
362
378
390
393
395
407
409
424
433
445
456
460
467
473
481
488
492
503
497
493
497
492
376
525
530
540
540
538
541
526
503
546
559
560
559
543
538
494
564
577
587
598
606
609
608
604
607
603
600
605
602
616
610
621
624
621
615
617
620
626
620
465
599
608
610
611
621
608
600
599
598
608
621
620
622
617
613
617
607
612
609
603
599
607
608
606
616
608
604
604
609
597
593
591
569
563
564
565
555
556
563
569
555
565
582
591
575
568
565
549
467
446
415
421
424
425
470
532
550
559
555
554
371
576
587
599
612
619
632
639
649
660
664
675
690
690
700
711
707
715
735
736
742
759
760
754
748
747
742
734
722
724
717
713
713
707
697
695
693
688
675
670
656
531
662
665
670
666
663
662
666
653
654
652
639
627
618
607
521
564
583
585
594
597
597
596
580
560
539
520
476
533
546
550
539
532
531
531
537
538
533
535
536
534
528
520
526
501
488
337
450
465
477
481
487
474
479
470
469
450
445
443
429
403
369
411
434
436
445
443
444
452
445
446
445
441
445
431
432
429
428
426
418
420
409
404
403
400
386
379
374
360
357
340
338
320
213
313
325
329
330
321
314
305
290
285
239
240
242
236
236
250
242
245
243
241
242
238
231
226
226
206
215
214
209
206
200
186
177
109
161
159
159
157
117
113
113
112
69
112
112
111
111
105
107
105
97
91
84
79
19
61
57
56
55
50
10
29
29
28
26
24
11
11
11
10
10
8
4
13
15
17
18
17
17
21
25
1
25
25
27
12
131
156
164
166
171
175
185
190
195
197
202
205
206
207
208
212
213
213
246
248
257
259
267
274
280
278
277
281
280
278
273
275
279
278
278
282
288
292
302
295
293
283
292
290
300
300
219
299
303
307
302
275
212
243
244
244
301
308
312
313
310
210
330
339
343
347
349
348
342
336
338
341
334
328
321
321
327
337
336
339
340
334
326
327
326
324
316
311
290
310
317
324
325
327
327
331
332
342
356
354
351
343
340
328
329
314
308
304
302
292
286
284
273
267
256
256
246
57
57
57
51
44
52
51
49
62
66
65
47
64
69
73
76
71
49
71
71
71
225
238
261
269
274
283
282
288
143
306
327
325
323
329
323
330
328
326
329
329
327
329
330
327
315
277
270
244
28
28
28
23
6
12
5
5
5
5
18
19
19
10
19
19
321
332
351
360
381
392
405
410
418
425
441
442
457
475
481
501
509
516
525
529
517
514
514
378
535
533
542
530
530
528
524
532
525
529
537
548
539
539
551
550
559
555
564
553
550
548
539
520
554
562
572
573
572
578
576
571
365
571
581
584
591
583
590
577
568
554
544
521
443
449
446
445
434
506
523
530
531
545
546
551
555
554
538
535
531
520
511
516
519
514
512
498
490
492
493
485
481
482
484
494
497
491
490
495
480
474
475
471
463
459
460
448
453
447
454
457
457
461
456
454
448
443
444
437
431
432
429
417
413
415
415
413
419
417
407
409
412
416
414
399
410
410
412
401
386
398
401
400
399
394
391
392
390
278
376
393
391
382
381
377
350
249
307
308
302
327
338
343
351
350
350
352
354
331
347
362
358
367
369
369
373
369
366
364
367
373
368
373
360
362
364
360
357
348
338
338
318
233
321
322
339
335
334
340
337
338
335
333
336
326
318
233
319
322
329
331
330
323
335
349
352
348
348
341
203
205
205
204
215
215
214
312
317
321
323
324
320
357
365
372
389
390
389
409
422
413
425
428
420
441
439
442
448
457
455
463
469
468
468
461
472
489
484
480
477
478
480
482
487
480
485
482
491
489
497
494
491
501
499
488
494
480
373
474
486
499
505
500
503
503
496
500
512
496
495
498
498
496
499
492
499
489
491
486
484
482
485
486
483
476
467
444
437
426
405
407
423
446
452
450
452
449
450
441
455
434
396
412
426
424
430
434
294
436
441
446
441
445
449
447
450
450
461
465
463
460
462
471
474
473
467
459
446
424
459
481
477
478
483
482
485
484
482
483
491
490
488
475
352
479
484
496
510
517
513
509
515
516
527
531
531
535
535
533
542
545
550
553
543
547
543
522
509
531
550
561
578
575
575
565
576
578
579
580
585
591
594
599
592
589
592
594
593
596
585
586
585
574
567
578
585
580
579
575
564
565
562
554
550
541
552
550
551
542
530
530
535
526
532
532
525
530
535
526
516
507
494
483
478
470
455
458
449
441
434
424
416
410
399
393
386
315
377
355
377
378
376
373
360
356
351
345
346
332
323
312
300
272
293
293
297
292
289
283
277
270
259
249
153
237
237
232
226
213
182
187
191
196
199
203
191
190
189
177
172
161
144
160
164
168
172
171
172
171
164
164
160
156
150
153
148
144
143
134
123
136
144
149
152
163
164
163
170
167
168
166
165
163
160
156
160
155
113
121
127
98
182
117
219
226
218
212
231
226
225
248
265
273
280
282
289
297
304
310
317
317
322
321
323
315
337
353
364
364
369
364
379
382
387
383
390
394
392
398
405
409
420
419
396
386
368
379
385
405
405
398
395
384
362
325
336
343
263
387
395
409
403
409
409
407
405
408
406
399
402
400
400
399
403
387
386
384
365
350
377
399
405
410
415
414
413
401
333
331
337
235
374
378
382
381
383
387
383
372
363
374
376
373
374
376
364
379
369
361
345
356
382
391
395
399
402
400
401
403
410
407
405
417
410
418
412
414
408
418
415
414
415
411
402
389
363
412
428
432
433
425
399
436
438
441
439
415
314
429
433
435
435
438
436
432
429
431
427
424
420
414
409
416
408
404
406
393
372
359
387
394
390
402
394
379
384
379
382
385
368
367
357
335
227
337
346
337
338
335
332
330
318
331
332
345
343
341
333
318
313
299
198
296
301
311
322
319
313
277
320
327
331
334
337
333
330
335
335
330
300
320
335
333
340
355
346
351
340
244
313
314
312
371
383
385
393
402
406
418
419
433
447
461
472
476
475
475
474
472
466
467
450
450
444
439
431
422
422
411
401
397
385
384
375
368
268
343
346
342
343
334
323
317
315
300
287
236
251
254
257
262
262
250
252
236
235
226
219
218
188
180
105
174
174
172
166
151
113
162
162
162
159
158
58
152
155
157
159
161
160
151
144
140
137
132
88
86
86
76
129
144
147
152
153
152
152
161
160
159
158
156
151
137
116
115
115
114
146
146
151
160
162
160
164
166
173
168
161
161
160
152
137
138
141
147
151
134
106
110
119
91
171
181
194
202
208
119
226
237
240
248
249
245
240
268
271
272
277
283
285
286
288
292
295
248
303
307
312
317
319
331
328
336
340
349
353
351
363
365
366
379
382
386
388
393
402
399
401
398
405
403
405
413
415
429
423
421
429
423
419
409
406
404
395
395
396
396
396
399
394
394
387
379
371
373
366
393
394
391
388
377
280
372
378
379
375
377
379
384
380
375
378
385
383
393
386
393
395
389
269
404
418
413
415
425
415
412
420
409
413
411
412
414
421
413
410
403
379
411
421
425
423
424
438
441
436
434
440
438
432
422
421
418
418
422
414
415
418
419
410
389
263
382
385
389
396
378
393
394
373
397
393
384
376
384
380
373
366
363
365
364
355
354
360
350
355
350
353
357
358
344
348
342
333
246
322
335
336
329
328
341
353
351
349
350
354
354
353
353
358
354
358
352
351
358
363
359
356
353
359
361
364
366
368
374
374
371
370
362
359
353
352
342
341
330
322
315
308
303
295
292
272
133
255
248
251
245
244
237
226
204
37
35
32
31
33
31
32
32
33
32
32
32
32
32
146
148
148
156
166
169
171
172
190
181
184
183
177
172
199
207
209
213
216
216
227
226
228
226
214
195
214
219
216
219
204
139
211
213
213
211
208
196
227
242
238
249
254
253
251
246
140
240
253
257
264
277
278
277
280
172
273
281
285
294
288
271
308
313
322
323
325
331
336
338
350
353
346
344
355
365
361
368
368
370
364
367
372
371
375
373
371
367
372
373
373
381
366
380
371
324
329
338
335
333
286
344
353
355
359
361
359
358
345
350
340
337
339
328
314
303
297
287
276
268
266
259
248
245
241
231
227
217
214
198
66
78
76
74
72
71
71
88
90
90
89
84
82
86
87
85
87
86
86
72
71
44
44
44
25
43
43
42
39
38
38
34
30
25
25
25
24
28
34
38
45
50
62
66
69
73
92
96
99
96
95
20
81
93
44
93
109
110
111
111
112
112
107
80
82
106
108
119
119
119
121
122
122
122
164
205
245
254
255
260
266
271
283
286
288
287
293
295
297
305
308
309
316
315
317
318
311
308
305
294
237
310
331
337
338
346
352
348
346
338
337
309
347
358
372
370
382
386
380
383
377
377
374
362
359
345
245
328
348
369
373
377
383
378
377
234
356
369
372
377
388
396
392
373
312
323
327
333
335
337
384
386
397
411
417
415
419
425
433
429
425
435
442
439
439
446
446
453
454
458
459
454
460
455
452
455
451
457
468
454
457
469
470
481
480
492
493
486
489
492
492
487
484
475
478
482
480
479
480
480
490
488
487
487
492
482
485
499
501
500
493
498
500
500
500
514
514
514
508
502
500
477
414
413
420
321
479
492
500
506
511
516
517
524
530
538
534
529
543
547
535
530
516
537
567
570
581
599
606
600
600
587
579
578
575
577
572
574
592
590
592
597
615
606
592
595
597
604
604
612
628
643
645
654
647
647
660
661
658
663
663
663
660
665
653
641
644
638
645
644
637
630
635
619
612
614
613
603
602
591
590
593
589
600
595
586
587
590
585
570
567
568
568
545
522
542
554
549
551
535
530
524
523
510
500
495
494
479
481
464
460
477
485
481
482
483
469
469
470
462
455
445
447
472
472
482
479
476
482
478
476
480
480
474
481
489
491
498
492
487
490
493
490
482
476
451
488
499
496
505
487
349
496
504
507
511
520
521
516
511
521
452
504
512
511
521
520
517
515
516
513
520
517
522
519
517
521
515
505
494
363
520
526
528
527
528
528
524
530
530
536
535
530
527
528
534
518
514
499
496
458
477
457
456
285
266
261
261
265
272
275
273
440
455
459
470
479
488
497
503
511
516
519
513
511
455
505
501
501
498
488
476
474
472
466
295
427
434
418
402
376
297
298
298
388
403
408
405
399
392
387
370
386
392
395
385
292
425
430
424
430
425
432
422
422
415
412
411
412
409
409
414
419
421
414
414
401
390
413
418
416
415
421
421
412
394
396
385
289
354
361
361
270
383
385
384
396
398
401
396
400
397
393
390
383
374
376
376
376
378
364
355
233
353
356
356
357
354
348
227
329
339
352
353
222
401
413
412
404
421
419
413
407
407
394
238
429
437
450
445
463
465
480
472
473
480
486
494
495
497
498
502
499
497
486
502
495
496
502
490
488
453
477
493
504
504
516
524
530
522
343
530
537
560
564
570
579
575
560
560
552
547
382
501
496
495
549
554
566
566
575
580
578
578
585
584
593
593
601
595
596
612
617
617
590
575
557
594
606
617
623
614
621
625
621
603
601
575
533
552
593
587
580
541
365
529
553
566
571
591
624
611
611
610
600
598
600
594
601
597
603
604
607
617
619
615
629
633
631
632
629
613
634
633
630
627
613
477
606
612
626
643
641
643
632
634
640
632
638
642
634
629
625
628
640
634
637
633
630
632
633
623
630
633
624
625
618
601
588
548
537
559
576
576
594
594
601
600
593
605
610
573
589
579
586
585
582
583
573
575
573
573
574
567
559
553
549
548
545
525
514
514
510
503
510
499
488
484
471
493
479
483
496
476
477
480
470
470
466
455
439
330
441
444
465
462
446
449
436
428
391
417
425
425
432
406
377
423
433
427
425
429
415
399
380
217
318
322
308
392
406
420
430
435
426
425
425
290
448
462
469
481
491
486
499
497
498
495
492
491
497
505
494
485
496
492
495
493
487
495
499
504
496
489
484
485
485
481
489
481
480
491
487
493
486
465
446
408
418
429
303
430
451
454
448
458
459
461
457
446
444
441
439
442
450
465
471
477
476
469
470
485
490
492
494
489
484
480
473
466
462
466
468
468
470
478
481
475
469
474
465
455
453
449
442
427
428
437
435
432
426
406
406
383
393
383
369
365
369
365
345
338
284
335
294
340
287
311
285
215
117
121
120
124
125
130
130
142
183
213
183
218
85
196
199
209
218
226
231
242
244
255
263
250
271
270
281
278
280
269
276
269
276
269
274
278
276
283
285
292
291
279
278
275
277
276
280
277
280
275
283
277
264
273
275
279
282
283
279
281
283
279
281
272
271
273
272
275
278
280
278
283
280
286
278
274
269
269
260
249
233
232
233
233
227
228
224
218
213
207
200
179
176
174
170
163
157
148
138
128
117
8
4
3
5
5
5
4
5
2
2
0
0
0
42
208
222
237
246
256
270
276
290
297
299
303
309
314
316
315
320
327
333
283
397
411
425
431
438
455
470
483
491
491
482
502
498
505
510
505
519
518
524
537
549
546
541
544
549
558
563
568
579
582
582
585
590
588
597
597
608
609
600
592
568
521
562
560
562
465
641
656
660
666
665
675
681
684
679
679
684
680
679
688
682
683
675
667
661
684
691
682
679
669
688
680
683
689
687
682
678
688
676
669
660
669
673
665
667
654
649
647
643
622
609
609
581
574
558
476
360
329
359
401
423
451
514
526
539
557
561
563
569
558
555
558
544
540
551
546
547
500
543
542
542
533
523
510
501
489
481
391
358
295
449
453
464
475
458
442
443
438
252
446
450
451
447
451
446
431
368
353
351
346
362
360
364
434
443
447
457
478
490
479
481
481
482
479
480
474
468
331
466
474
484
490
500
498
498
488
493
493
496
489
494
490
501
501
498
501
509
511
506
504
515
528
530
523
514
513
502
501
500
511
499
500
505
502
495
482
451
445
441
327
423
433
436
441
433
429
425
417
415
405
388
371
367
355
335
326
98
101
83
99
100
92
110
111
113
112
113
97
87
110
120
127
128
132
360
367
383
394
404
419
429
432
436
456
457
468
477
478
486
494
499
505
498
491
490
493
488
475
469
472
464
469
464
458
456
455
455
456
446
442
428
330
430
443
460
457
452
460
467
477
481
475
463
462
467
467
474
462
460
458
463
457
455
453
441
438
430
431
424
425
430
430
417
413
403
385
380
243
347
355
346
344
339
302
233
234
235
237
245
204
326
360
369
371
385
385
391
399
403
405
421
419
427
437
438
435
434
428
419
420
409
382
430
436
439
453
455
456
453
449
448
449
449
455
449
442
448
447
456
453
463
465
470
464
469
477
481
476
481
487
491
513
512
508
498
494
478
484
515
511
510
510
505
514
514
517
511
522
521
529
531
535
542
538
526
531
532
533
545
544
539
546
546
542
539
549
550
544
541
536
528
521
532
520
516
509
513
494
440
446
446
442
502
505
518
533
538
543
547
549
558
559
561
558
559
564
556
556
556
546
538
526
512
494
492
484
463
459
445
97
74
49
33
0
0
16
218
219
377
393
404
431
432
447
451
469
473
487
484
478
477
346
477
483
471
455
508
512
522
533
538
544
534
543
546
548
541
550
548
547
553
551
552
554
555
561
566
567
558
554
557
560
570
592
587
605
603
596
600
596
584
588
594
594
581
599
598
592
598
600
609
609
602
606
606
570
573
580
579
582
581
585
577
582
584
569
556
565
571
542
543
547
560
562
568
567
558
559
525
531
545
547
546
552
552
549
545
560
549
538
545
546
538
552
552
550
545
548
551
547
547
543
552
551
557
556
553
552
531
531
531
538
527
522
520
525
520
520
522
518
508
516
507
506
498
497
503
505
504
500
495
496
501
498
505
484
517
513
507
497
491
503
501
501
495
497
499
496
483
484
482
480
483
482
479
476
487
482
475
483
483
476
485
479
477
472
469
465
462
454
458
451
443
431
437
425
420
407
407
412
417
412
416
411
412
411
406
397
395
398
400
398
396
390
395
391
394
398
402
407
401
399
401
392
389
386
381
379
374
368
372
364
371
369
365
359
375
388
377
375
381
379
377
380
385
377
386
392
398
398
392
384
391
397
399
410
411
414
412
412
423
437
441
450
447
458
466
479
486
477
476
482
496
323
528
567
569
587
615
611
630
630
639
659
650
665
676
669
669
687
705
755
772
789
809
838
879
875
900
894
893
887
595
890
903
903
905
916
930
940
939
933
911
882
961
976
983
990
980
976
986
979
963
962
983
965
951
965
952
931
942
936
955
938
920
929
719
834
868
906
965
961
981
984
976
971
952
924
944
954
951
967
978
986
990
995
1006
1013
1013
999
968
1001
1001
981
992
984
979
973
1001
1002
998
990
978
947
952
946
945
938
931
943
936
893
915
902
889
858
834
819
800
778
775
775
780
771
766
764
771
756
737
730
706
552
717
809
805
801
804
763
730
771
781
801
811
818
804
796
763
719
770
790
797
808
805
789
798
783
794
782
784
775
773
768
750
754
743
684
724
757
777
780
782
779
784
776
763
791
783
774
783
792
796
791
785
792
776
771
765
754
738
687
643
638
761
790
819
838
847
851
848
843
838
818
768
583
731
773
803
813
828
836
837
861
868
867
871
857
847
833
823
826
816
813
816
798
806
777
755
753
723
721
720
715
714
701
692
677
649
604
636
678
684
686
678
678
672
659
658
662
669
670
670
676
672
666
670
666
668
665
670
668
663
646
625
632
586
571
557
527
525
538
568
553
542
596
601
598
595
610
604
595
588
586
573
568
565
552
540
531
527
526
522
525
521
515
508
498
493
496
483
483
479
471
466
465
456
448
453
439
441
422
414
412
412
418
415
419
409
421
411
409
400
399
384
376
360
358
352
346
333
331
320
237
308
304
304
298
285
281
270
256
82
66
57
43
25
0
13
20
20
23
27
27
27
27
27
27
27
27
26
27
35
37
37
37
37
37
37
37
35
36
36
37
37
37
37
37
37
37
36
36
36
36
37
37
37
37
37
37
37
32
29
24
23
17
12
8
8
7
6
0
