1
3
9
12
14
22
24
30
31
37
41
41
41
41
41
42
42
42
76
0
0
8
61
64
67
70
71
72
79
77
81
85
84
100
101
103
110
112
114
116
116
123
129
133
137
138
144
142
144
144
144
146
146
144
102
129
111
159
171
185
192
194
195
196
197
201
206
205
206
208
208
207
211
215
210
214
222
225
229
224
217
209
239
244
243
249
259
272
275
282
291
299
299
299
307
310
320
325
327
334
348
353
351
354
353
372
379
383
382
392
382
388
399
401
402
416
423
436
443
449
451
462
467
482
490
492
493
500
492
495
497
498
496
493
497
482
487
490
490
490
482
486
480
486
490
494
500
502
496
496
496
491
483
481
475
481
475
473
468
478
476
476
483
471
456
464
463
469
461
464
464
462
460
458
456
449
449
449
442
441
446
440
452
450
457
449
444
443
440
440
437
441
429
434
420
418
401
406
408
409
406
402
398
403
405
409
400
398
404
403
392
391
389
387
386
386
383
375
368
365
367
368
360
359
358
358
359
363
364
368
370
362
358
361
361
373
369
364
378
380
383
379
386
391
386
390
388
389
398
395
394
398
402
406
409
416
412
408
406
410
408
409
416
421
422
431
426
430
435
443
445
451
461
466
462
467
470
471
461
437
469
470
472
471
472
471
484
484
490
495
493
499
502
505
507
518
518
515
504
522
533
518
524
519
514
512
522
528
536
524
524
536
539
541
548
551
546
552
543
547
547
540
534
531
526
535
540
533
531
525
522
524
519
522
538
537
551
547
557
560
554
557
561
560
550
551
543
550
559
561
546
550
553
553
550
557
551
541
542
532
535
536
528
529
541
530
531
520
524
528
526
528
528
523
516
510
505
492
501
506
502
504
498
491
499
486
489
479
477
462
471
473
461
455
456
457
445
441
443
444
457
449
436
428
428
433
438
434
446
447
443
448
448
443
441
442
439
435
436
427
420
412
280
416
425
425
441
449
447
439
444
455
464
459
459
447
453
449
466
468
483
482
492
499
514
521
525
531
535
539
542
546
558
560
557
570
569
577
587
586
587
587
589
585
583
578
570
572
570
579
575
579
577
585
584
589
595
606
586
588
595
582
578
592
591
592
596
592
595
584
584
574
569
573
570
566
558
547
540
539
534
536
544
544
532
527
521
521
518
515
505
449
500
507
512
506
495
505
507
516
516
507
510
504
495
485
489
487
477
476
485
479
480
480
485
482
487
491
483
483
494
496
507
510
518
522
517
521
527
527
523
519
516
513
509
509
506
506
506
505
495
502
497
495
486
487
478
481
472
468
458
457
461
459
448
447
440
438
443
444
434
432
430
420
418
416
416
422
420
406
407
400
399
402
396
384
382
377
378
372
372
359
364
358
353
346
341
339
347
340
346
346
339
291
310
313
331
332
333
336
343
349
353
360
363
360
368
373
374
380
391
393
390
407
419
422
428
432
422
440
446
456
468
474
473
474
480
478
490
493
504
510
511
515
519
520
527
538
539
532
536
534
539
550
551
550
546
551
549
550
566
553
562
568
551
568
570
581
573
563
562
563
566
572
567
563
570
568
572
568
568
573
580
560
569
565
560
558
563
558
556
558
556
552
548
549
534
538
537
523
525
519
510
512
514
500
506
497
502
491
494
486
482
482
488
490
479
480
478
482
472
496
497
505
505
503
502
504
501
512
505
506
499
508
508
504
506
496
502
506
504
499
498
501
496
493
500
493
500
487
500
490
484
481
488
493
498
504
504
519
516
522
521
518
517
502
498
498
492
484
480
481
487
486
483
487
489
502
502
513
517
513
502
510
516
504
501
510
495
501
504
515
518
513
516
528
520
519
525
524
518
513
527
531
517
524
519
532
530
516
509
504
518
521
525
528
525
511
507
513
512
514
510
508
501
496
491
490
486
487
490
497
489
488
494
488
491
474
481
478
467
469
465
470
480
485
350
476
482
479
473
478
465
471
474
476
478
483
481
480
479
481
484
485
479
475
469
473
466
458
465
468
459
460
463
474
477
480
478
480
478
480
483
478
487
490
491
492
492
491
497
494
476
479
466
466
449
448
452
455
455
457
455
448
456
457
455
453
450
445
445
446
451
445
446
446
456
461
454
457
454
459
461
463
459
461
463
462
461
463
461
472
473
476
467
462
456
458
451
461
464
464
467
467
473
468
470
479
472
461
463
447
443
441
55
32
4
1
57
413
421
432
443
443
458
468
472
461
467
466
471
462
466
458
452
446
438
326
438
467
480
485
487
478
482
481
483
473
470
469
466
473
470
475
478
489
489
482
488
495
497
497
501
502
494
491
490
490
485
487
489
489
488
492
491
496
507
496
502
510
509
520
527
522
526
529
536
525
516
513
495
481
475
471
88
73
69
59
40
53
70
112
484
489
508
517
528
532
542
548
562
563
564
556
550
542
549
425
572
582
592
603
612
617
621
622
618
606
605
611
616
616
607
609
619
625
622
615
612
615
604
609
611
615
625
615
600
583
596
643
641
643
652
645
636
635
627
626
622
621
616
621
620
629
622
617
613
622
615
618
631
625
627
632
625
620
623
623
628
635
631
629
628
633
628
624
623
619
616
619
612
614
608
605
599
606
594
579
589
582
581
577
583
584
589
572
574
553
567
562
553
556
548
546
549
550
547
543
533
505
480
512
537
530
542
548
543
547
542
546
548
544
545
538
540
538
529
534
527
529
520
506
502
511
508
508
513
508
516
519
511
524
533
531
528
548
540
545
536
537
531
543
539
541
553
543
537
541
547
550
547
556
547
548
559
566
560
571
567
559
574
576
584
592
586
593
591
604
612
608
609
610
611
609
609
607
614
615
619
621
606
609
617
618
625
625
640
643
642
650
659
667
678
673
671
676
695
703
719
709
714
715
701
698
714
706
707
709
706
717
710
718
717
715
713
712
716
722
712
699
704
699
698
702
705
699
701
698
700
705
706
704
704
702
693
679
690
697
688
677
667
667
657
643
649
645
653
653
630
628
640
649
653
662
676
661
651
658
661
662
673
686
686
674
673
681
673
679
684
690
686
698
693
705
713
695
689
685
684
687
683
689
686
683
697
686
680
689
679
669
673
668
664
673
675
663
662
655
658
669
653
618
451
629
647
655
696
694
690
688
679
674
668
669
661
663
658
656
648
651
639
630
629
617
632
621
617
619
623
629
624
620
628
614
601
589
592
593
591
583
586
591
589
583
581
578
585
581
575
582
573
563
558
566
562
556
551
553
575
581
596
596
593
603
593
584
573
569
563
573
577
570
572
579
585
572
581
582
582
567
570
577
572
573
584
592
580
590
588
584
590
597
589
597
589
590
604
599
594
598
591
592
603
596
598
605
609
618
616
614
615
623
616
624
624
619
632
635
630
625
608
606
611
607
593
592
597
595
583
589
587
595
602
618
620
610
614
608
614
599
598
584
564
578
569
567
554
558
555
557
551
555
546
539
546
549
541
532
541
527
514
518
504
515
534
538
537
530
525
518
512
514
510
507
511
514
517
524
526
519
519
524
518
500
504
504
509
499
493
493
489
491
495
502
497
506
492
496
521
531
528
534
535
539
543
550
553
541
534
546
552
549
532
541
554
568
561
569
572
575
575
575
573
571
561
567
569
576
579
598
601
611
616
614
624
620
619
633
631
640
635
633
636
626
626
606
596
596
629
618
627
629
632
621
627
625
623
611
624
633
635
627
628
638
632
629
616
626
620
634
629
631
633
633
637
628
645
632
633
643
647
633
633
622
624
629
633
634
631
623
615
619
627
636
636
633
635
636
624
621
625
613
615
624
634
624
627
629
621
616
619
608
613
613
610
612
612
607
610
610
613
613
615
600
592
584
587
578
577
577
551
536
4
529
537
543
547
547
548
544
490
456
458
531
542
553
565
565
568
568
567
571
563
557
546
544
534
532
542
531
525
524
531
527
509
500
493
514
503
502
504
487
506
507
502
497
502
502
493
476
475
459
447
406
440
444
463
479
485
478
485
485
495
498
498
489
490
486
474
473
472
474
476
481
475
483
486
492
499
496
481
487
490
481
487
493
490
484
477
468
479
486
485
471
484
487
477
480
489
490
494
513
505
504
496
500
497
484
478
479
478
480
477
472
468
473
469
467
446
432
330
458
465
483
482
484
482
486
490
492
492
499
510
514
506
508
509
500
344
511
518
520
511
528
538
533
532
524
533
520
520
363
520
538
555
570
585
589
583
584
584
583
584
587
581
584
581
579
563
566
568
562
571
578
582
575
572
578
564
561
559
550
551
551
553
570
584
579
567
572
575
574
567
584
574
569
585
576
572
572
564
567
562
571
579
578
588
595
602
616
615
617
622
622
632
633
626
622
627
623
619
619
611
598
603
601
595
615
622
623
634
638
642
636
641
634
613
620
620
620
621
617
615
604
606
598
585
579
574
575
572
584
581
587
578
573
559
574
572
583
569
572
577
578
576
588
578
572
591
591
601
605
601
599
607
608
610
617
617
605
612
601
597
604
615
604
606
620
620
614
614
616
608
601
583
547
590
595
599
591
595
603
580
561
555
571
580
570
567
574
571
573
567
561
564
559
552
551
553
542
540
537
532
544
549
543
540
540
539
537
549
550
555
563
555
550
563
564
562
560
565
568
559
564
561
575
566
569
572
578
576
584
579
582
576
578
577
572
575
585
583
588
582
587
589
588
579
587
585
580
584
578
579
595
597
594
595
605
609
600
606
604
604
601
578
600
600
598
604
613
608
614
598
602
603
595
579
571
521
554
560
567
566
569
565
565
549
548
562
563
557
562
572
573
570
565
557
551
547
544
546
532
531
540
532
530
526
520
511
513
514
512
504
513
523
516
524
523
526
518
517
531
519
524
532
540
540
550
552
552
554
556
554
558
567
577
579
569
569
563
560
557
555
568
570
569
569
569
563
563
553
553
554
557
548
555
560
559
564
570
571
560
569
558
571
557
562
570
572
573
557
568
568
573
569
573
575
572
567
561
557
547
548
552
559
561
568
573
568
556
557
563
563
568
571
582
568
567
565
569
566
576
589
584
566
567
559
548
544
543
552
560
556
569
559
554
544
556
558
541
540
541
545
547
543
534
530
531
530
537
529
530
541
546
537
538
551
550
553
553
553
542
528
519
517
495
2
510
525
535
567
567
571
579
563
561
568
563
567
567
565
566
573
568
572
560
551
578
576
595
591
604
600
592
591
600
604
611
607
601
598
602
600
600
596
602
610
601
615
606
618
623
612
621
632
635
627
632
625
609
604
605
602
606
583
554
577
593
587
600
601
599
586
581
579
567
585
582
573
551
543
545
551
544
545
540
518
518
522
515
509
516
507
507
506
501
495
487
479
484
483
484
474
488
477
474
465
460
456
453
464
451
457
457
454
459
457
455
452
450
459
446
445
440
439
441
441
439
445
444
434
437
432
430
428
435
426
434
429
437
432
429
425
425
419
412
416
420
429
430
426
429
434
435
443
437
442
440
445
447
445
443
443
445
443
445
451
453
455
453
453
455
448
461
453
448
440
435
421
432
427
433
434
433
441
445
437
439
435
437
440
439
427
423
413
409
371
350
353
358
288
404
429
434
428
424
428
434
430
436
437
437
439
444
450
455
455
450
440
442
446
450
447
443
451
452
460
462
461
464
470
461
466
456
457
461
459
469
455
457
468
473
474
474
482
479
471
462
460
468
468
465
469
473
475
479
487
495
502
488
484
490
490
490
493
487
491
481
495
498
504
502
507
510
510
510
497
505
500
510
508
510
513
506
502
514
510
503
508
515
516
513
517
514
511
520
518
526
520
517
514
524
516
515
511
522
520
528
526
521
527
532
533
528
526
530
537
528
527
532
523
525
512
521
507
513
518
522
515
514
507
516
510
519
515
511
519
515
516
526
517
524
516
516
517
527
531
537
536
527
539
531
539
535
519
525
522
517
516
509
514
512
502
498
497
496
494
486
480
480
489
487
494
488
482
495
501
487
499
490
480
475
470
462
340
479
486
493
498
501
493
494
493
494
487
491
495
480
486
481
506
508
514
510
523
522
517
510
501
491
457
504
504
518
523
514
514
520
520
527
527
519
527
522
527
530
536
542
534
540
547
551
558
546
544
549
543
532
539
528
517
357
535
541
546
544
550
549
538
567
568
569
562
584
588
586
591
588
592
604
607
609
610
597
602
610
619
604
617
617
621
597
607
607
607
596
600
607
607
602
603
598
595
577
608
606
602
602
599
593
596
581
585
590
586
578
573
578
579
562
548
549
555
560
557
545
555
538
542
537
529
535
541
532
533
536
529
534
534
539
539
534
514
509
515
488
527
525
527
512
500
502
490
487
478
459
456
439
435
426
411
412
410
405
391
376
370
361
355
340
333
275
279
281
275
260
252
240
239
239
231
222
209
199
161
86
145
141
125
117
101
14
13
15
15
15
14
15
306
321
329
330
341
346
363
369
373
381
389
389
405
404
416
420
419
435
427
434
436
439
434
430
423
424
422
407
392
311
388
402
396
403
392
368
389
404
412
411
412
406
402
401
409
411
415
410
415
414
410
400
405
406
406
398
391
381
384
376
369
359
356
343
343
249
313
314
308
308
295
166
286
291
299
296
297
287
277
275
259
259
238
99
161
160
109
203
207
222
222
223
196
183
172
168
177
177
177
202
212
246
258
263
276
277
294
296
288
302
304
315
321
222
325
335
340
343
345
341
343
340
350
353
354
351
352
356
359
351
346
347
343
334
257
288
288
282
335
347
352
356
361
359
359
359
353
348
340
341
327
326
316
231
328
328
329
319
323
324
325
323
317
308
301
302
292
221
293
300
308
317
313
264
270
301
273
279
268
314
314
299
286
309
297
320
332
327
242
321
340
344
351
359
360
353
367
367
370
369
373
378
378
380
383
390
392
387
384
381
375
367
364
361
361
354
375
378
379
383
377
370
362
355
359
357
350
345
344
339
334
324
319
295
289
287
282
261
250
157
153
155
139
152
188
191
195
200
196
189
141
148
144
148
151
149
145
148
184
184
191
192
196
196
201
199
183
152
150
146
154
160
160
158
180
175
210
226
230
241
243
251
260
253
245
230
226
204
226
232
238
250
253
245
247
241
237
218
234
243
255
261
258
248
238
162
231
249
250
250
243
222
258
267
273
279
286
284
281
286
296
301
312
305
313
314
316
313
307
260
260
261
263
334
344
350
358
361
359
384
412
417
420
425
432
428
431
432
436
442
443
439
441
438
441
434
427
423
386
268
317
319
269
386
409
418
431
434
440
431
413
393
437
446
454
458
464
463
462
465
459
446
447
447
452
445
434
381
389
334
465
484
498
509
514
531
533
543
559
563
559
564
568
576
582
584
592
596
603
590
590
583
577
571
561
572
576
567
561
558
551
549
536
527
511
401
527
531
538
538
528
539
543
545
537
536
532
529
520
520
503
495
488
379
503
513
514
521
515
503
337
506
519
524
520
526
525
517
506
494
453
477
492
504
514
520
534
528
522
521
522
521
529
530
532
538
542
553
549
551
551
555
543
540
538
532
530
524
525
530
510
440
445
441
438
472
498
530
541
540
567
560
548
538
535
537
527
532
522
529
524
522
512
510
501
491
482
459
458
362
397
397
407
473
486
483
485
487
490
493
500
495
484
473
473
456
296
461
476
484
478
485
477
467
460
454
454
450
269
346
340
339
398
456
461
470
481
491
488
498
480
482
469
258
451
461
478
477
482
475
487
496
485
481
471
439
459
482
493
497
497
506
505
508
517
519
529
523
531
525
529
537
534
533
532
526
523
512
514
516
518
522
539
540
545
540
548
549
558
537
548
551
548
549
554
551
548
553
547
558
562
561
553
562
558
557
565
543
551
536
549
549
554
561
560
566
562
566
560
562
569
577
582
583
594
592
593
586
573
553
396
564
567
572
576
568
584
589
598
600
589
592
590
594
597
591
605
598
592
591
582
588
590
586
585
589
594
590
591
597
595
599
597
584
574
576
565
574
574
564
565
545
533
523
489
485
519
522
530
518
502
471
545
562
556
557
569
554
551
558
547
549
523
498
508
528
533
522
518
516
512
516
512
506
504
496
499
510
499
486
404
387
307
421
449
452
465
475
485
491
495
493
488
487
496
490
500
508
510
504
519
517
517
527
524
523
515
505
348
511
525
539
547
564
565
563
559
555
555
553
556
544
537
539
540
536
537
545
541
544
543
534
516
535
540
543
550
551
545
556
558
563
559
552
557
545
542
437
440
436
432
463
510
518
532
534
548
562
560
565
566
562
589
585
585
587
592
591
597
607
594
601
606
604
603
618
608
597
599
590
592
590
591
587
594
585
588
588
586
598
600
597
598
596
593
586
587
576
565
548
551
413
543
552
553
549
549
544
540
542
524
530
520
525
516
500
432
541
538
494
516
544
542
534
539
532
529
529
526
521
528
521
529
514
488
513
528
533
529
521
518
520
520
533
529
524
538
540
528
522
514
501
453
489
503
519
520
525
519
515
508
335
482
481
494
505
504
511
504
501
503
495
486
501
496
499
503
497
493
500
495
484
481
470
457
472
463
467
469
468
467
462
449
442
431
420
395
387
364
255
258
257
264
262
262
387
391
401
409
422
425
424
433
438
435
435
432
441
431
425
389
434
442
450
460
469
470
464
463
461
459
468
478
477
472
485
476
477
487
483
482
482
476
486
481
479
485
494
491
488
489
490
478
474
488
487
491
501
504
500
502
488
492
494
498
499
494
492
491
493
484
485
494
491
494
513
523
521
514
524
514
469
507
522
534
541
543
548
553
551
560
563
556
560
568
569
570
579
569
584
584
581
584
576
568
560
553
550
561
549
547
541
540
542
538
535
540
541
530
525
526
533
539
548
539
537
535
529
519
518
519
509
507
487
494
489
474
445
348
442
447
469
473
473
481
472
471
477
467
468
470
469
471
467
466
464
461
454
460
462
456
456
460
452
452
446
443
444
431
437
430
424
420
424
416
417
402
399
395
398
398
394
383
381
385
383
383
385
381
374
376
376
375
367
374
380
382
381
375
378
374
379
383
379
373
364
366
367
363
360
354
359
358
354
352
349
342
329
244
326
338
344
355
368
367
365
371
376
376
370
374
373
387
398
400
404
406
396
403
398
396
385
380
374
368
326
324
326
284
393
404
399
409
419
414
427
431
432
434
425
413
440
450
455
453
449
341
460
464
474
476
486
480
362
467
477
476
484
486
483
482
479
485
485
487
491
496
488
498
499
500
506
509
512
517
522
519
516
518
517
513
509
504
502
488
483
474
470
454
447
442
428
425
366
291
290
291
284
282
283
284
325
334
339
347
354
353
352
340
337
349
355
370
361
352
349
341
352
345
336
318
292
176
200
187
203
203
199
324
341
351
360
366
378
380
385
380
403
413
427
441
447
451
455
451
465
462
449
466
465
462
458
453
460
450
447
420
317
383
377
375
500
505
513
526
534
543
554
554
549
547
543
538
526
529
399
554
562
562
559
556
564
561
560
560
559
545
499
544
555
568
580
576
588
592
587
565
585
500
580
580
576
577
586
576
580
571
570
586
595
596
601
599
595
595
592
591
584
581
594
589
588
589
583
597
598
600
595
596
583
587
594
587
594
591
584
586
587
588
591
597
580
580
580
576
583
586
581
569
559
409
554
558
570
539
561
551
562
496
407
541
540
550
543
554
557
559
562
560
536
573
569
555
551
564
567
554
547
551
539
550
542
530
539
531
517
518
525
513
502
501
497
492
475
444
424
433
448
446
440
436
430
419
412
405
366
397
406
403
398
395
402
393
392
381
377
369
356
342
132
159
156
140
165
166
150
176
176
175
336
340
376
392
391
242
403
428
438
445
449
451
454
463
464
474
471
467
464
456
445
443
436
427
422
384
309
337
335
324
395
401
407
423
439
266
446
447
456
449
449
457
457
463
468
455
464
454
448
423
297
385
387
382
396
456
456
469
470
475
478
475
344
462
478
489
508
526
527
520
531
526
524
526
509
523
531
536
540
543
549
553
552
551
554
542
540
538
556
548
538
532
528
455
467
464
468
470
464
454
458
445
516
542
543
563
567
574
570
562
566
576
566
577
576
579
571
579
571
564
547
545
554
552
549
546
520
528
521
512
499
384
390
389
380
472
485
492
491
502
503
515
512
507
509
503
499
504
505
506
508
481
464
471
518
517
508
505
320
531
540
538
550
554
545
545
548
548
558
555
561
565
574
564
582
582
573
570
566
534
591
594
601
611
609
439
593
601
606
611
620
618
612
612
612
605
612
619
613
631
624
635
629
634
619
645
639
628
602
580
625
633
625
628
625
634
621
630
629
615
619
604
606
598
591
581
586
583
581
566
571
572
556
548
534
504
400
531
553
567
573
573
569
576
575
576
569
583
576
579
570
565
552
534
521
365
481
477
459
444
435
518
539
548
552
549
545
540
551
540
547
524
297
417
416
418
476
497
517
528
535
550
561
563
565
546
536
477
498
509
515
525
533
533
540
533
534
539
541
543
544
556
551
562
561
560
560
524
500
557
576
581
581
587
592
587
594
591
596
589
592
599
599
601
606
607
596
588
603
605
607
613
616
612
627
628
642
650
661
660
661
679
679
663
639
613
641
680
694
692
699
697
694
698
694
694
692
685
693
692
698
692
680
699
706
700
699
706
702
703
716
709
714
698
509
684
713
726
727
735
751
756
741
757
751
755
751
748
739
746
755
744
730
724
723
722
722
726
722
725
688
666
674
695
693
700
711
707
701
683
668
665
672
673
675
631
605
619
642
643
644
636
634
621
620
603
605
602
598
591
599
577
585
577
575
570
568
565
571
572
593
580
596
588
583
570
448
532
570
594
593
601
615
620
620
614
622
625
619
614
610
617
618
612
592
591
590
586
582
570
573
558
562
562
561
553
544
546
548
547
540
532
527
520
520
517
515
511
517
508
509
519
516
521
527
529
529
520
531
533
527
544
531
552
560
550
564
568
560
554
560
537
526
515
527
531
537
536
538
546
536
551
549
542
545
543
542
547
555
563
564
556
566
568
575
573
566
579
577
575
576
566
561
566
567
559
557
542
543
538
512
462
469
470
462
529
550
555
550
557
543
537
526
527
527
517
303
398
400
355
447
467
490
501
493
352
518
536
532
547
554
553
560
560
562
556
576
586
593
595
587
597
585
605
589
606
608
614
609
614
619
617
626
627
624
627
623
617
460
598
614
619
629
639
643
639
645
641
634
637
633
628
624
622
624
616
611
605
602
604
589
585
557
433
563
572
572
577
576
577
561
554
553
553
541
542
533
534
523
505
355
435
457
495
502
505
504
516
517
514
533
528
523
522
492
338
466
472
473
474
475
480
476
479
465
434
477
467
463
454
442
436
439
423
434
407
314
404
398
397
391
379
373
346
421
426
437
433
433
410
390
343
340
339
336
389
437
454
451
453
451
455
453
454
459
452
462
458
457
459
463
476
475
477
481
484
486
491
493
490
486
494
487
476
482
485
479
479
482
478
473
471
472
477
473
469
468
459
452
448
442
448
450
448
443
442
441
441
442
439
446
453
443
440
426
394
393
436
452
461
462
464
456
470
469
475
471
464
463
470
469
465
463
471
462
344
453
458
473
483
493
504
495
497
496
490
495
488
490
495
493
361
466
474
480
491
492
489
496
489
494
495
502
499
493
479
480
480
475
477
481
474
470
463
464
469
466
462
458
460
453
470
468
466
464
467
460
454
451
442
443
430
420
427
433
437
437
441
435
436
434
429
413
404
402
392
386
376
34
8
30
49
353
368
381
391
403
405
411
417
430
428
438
439
435
443
438
447
451
451
446
451
445
441
450
459
460
469
473
470
475
475
481
481
485
481
493
488
494
504
496
502
503
508
514
512
510
503
501
499
489
481
467
501
510
514
512
506
503
501
505
496
467
491
491
492
487
491
495
498
497
493
499
517
522
523
513
521
524
525
523
514
512
514
517
539
537
529
524
525
523
515
502
352
443
440
433
498
528
533
543
550
547
549
547
562
561
562
559
560
553
554
553
557
551
566
564
565
558
551
568
555
556
566
571
572
563
565
362
552
551
553
565
561
563
555
517
479
538
548
563
581
577
588
588
600
601
605
607
610
607
602
609
621
620
636
636
643
635
605
629
646
662
653
642
637
629
631
631
639
636
637
643
651
647
639
650
649
641
640
639
650
657
657
654
651
650
664
665
657
665
662
651
661
661
656
650
657
659
658
647
646
654
653
645
650
649
645
629
634
638
647
650
631
633
633
637
635
646
647
638
641
638
639
640
640
632
629
615
612
611
618
609
605
602
603
595
591
603
589
591
581
580
576
574
542
520
551
565
571
571
579
576
568
572
575
578
571
572
571
577
574
565
571
573
575
573
566
566
567
564
569
567
561
551
543
537
545
536
536
534
532
519
524
522
516
523
520
515
501
503
503
510
505
499
498
500
501
503
494
490
496
483
487
495
492
484
484
491
488
488
487
480
491
488
485
480
495
494
484
464
321
464
481
476
481
476
472
466
462
468
464
457
459
446
437
427
418
406
407
395
388
261
360
360
361
329
314
217
217
218
208
225
223
225
170
361
397
403
409
413
417
431
442
452
454
455
453
446
433
395
431
404
435
440
450
455
460
464
458
465
325
465
471
485
490
503
494
497
493
489
488
492
493
493
497
495
486
497
505
506
506
495
486
491
490
496
499
491
491
499
490
496
498
489
483
477
476
472
463
455
457
452
441
428
426
389
430
439
438
434
430
416
416
411
402
404
389
227
321
321
317
395
405
416
418
417
270
447
440
444
442
448
449
450
461
464
458
456
466
468
454
452
447
424
397
406
414
437
443
452
463
475
491
488
490
495
496
486
495
500
504
514
512
509
509
510
513
506
512
518
529
528
522
523
534
537
534
528
526
523
524
528
533
527
533
535
527
517
521
521
513
517
509
505
508
501
503
500
496
504
500
493
484
480
455
414
470
467
420
460
443
444
438
450
439
430
417
431
441
446
452
454
451
447
428
413
433
453
461
465
477
476
462
465
422
450
478
480
474
478
474
480
474
477
468
459
463
449
446
438
430
421
414
411
391
269
312
313
265
376
386
394
396
407
408
414
408
417
420
420
419
420
419
410
417
411
408
400
379
247
365
360
266
399
411
445
440
441
439
442
442
278
458
477
491
487
494
489
496
506
515
518
514
360
513
521
526
531
536
551
549
553
559
554
548
555
565
567
565
565
562
572
579
585
574
576
573
566
575
576
576
580
588
583
582
580
581
579
577
579
562
555
558
553
546
534
539
531
527
509
499
404
415
411
402
446
467
486
494
485
470
510
527
530
535
536
534
519
523
519
518
501
493
489
497
499
495
471
464
462
441
393
437
444
444
439
428
429
422
394
243
335
331
240
408
418
424
429
428
422
421
393
239
408
410
416
431
424
420
424
433
439
433
422
386
403
418
444
453
455
449
414
431
446
459
462
476
470
471
482
499
494
493
493
485
493
509
504
332
488
494
508
509
525
523
540
541
537
528
545
537
568
566
570
576
575
561
569
572
554
551
548
536
551
563
569
570
570
569
559
568
572
581
587
587
561
587
589
441
602
598
563
584
442
595
603
599
591
592
581
590
588
583
585
584
590
577
599
599
604
600
602
587
591
579
566
541
398
517
535
549
552
552
544
539
547
539
534
547
539
542
537
536
540
530
517
520
510
511
508
509
507
501
496
488
474
467
459
451
434
348
350
347
341
383
386
400
396
395
390
384
375
222
392
404
409
414
414
421
423
410
396
389
373
181
318
318
330
329
316
279
274
279
226
301
390
401
417
428
434
459
452
444
469
487
499
513
514
522
523
522
534
544
540
545
544
560
553
566
566
576
585
588
592
606
607
608
593
586
605
593
596
601
606
593
605
605
606
599
601
591
570
560
534
410
567
582
587
594
589
589
579
573
569
573
571
573
560
553
513
555
568
568
572
588
579
589
586
584
526
508
307
402
406
364
468
503
509
515
513
391
525
578
592
593
608
606
611
618
623
620
614
628
629
631
627
628
637
643
650
645
652
653
649
636
643
634
627
632
631
633
639
639
637
623
601
504
505
508
507
563
579
585
581
583
583
593
586
575
569
583
572
575
574
571
572
565
567
557
555
559
565
550
512
552
572
573
587
576
584
590
588
597
599
599
592
597
598
607
605
595
596
595
576
565
564
573
583
589
577
572
585
583
577
576
581
577
567
579
585
580
577
578
562
564
392
552
557
556
557
561
559
558
543
546
541
533
533
518
521
516
519
523
523
523
510
517
520
522
509
497
486
478
468
442
331
393
391
323
491
502
511
515
510
521
519
521
525
519
519
511
522
521
522
508
500
481
530
541
532
537
531
522
521
532
527
524
511
515
508
493
441
460
465
465
471
438
406
416
426
445
446
447
443
444
441
431
429
421
419
421
405
398
399
387
380
375
380
368
362
360
347
346
341
334
330
319
322
316
310
307
307
298
293
280
254
150
252
269
263
279
278
295
275
266
173
268
292
302
310
304
311
314
329
336
331
331
340
336
338
338
338
339
339
341
339
344
344
341
339
342
330
337
333
330
333
330
333
329
324
325
328
319
316
312
306
307
295
302
284
274
277
265
255
241
235
225
212
210
237
200
191
181
90
105
100
95
100
100
99
144
143
148
147
142
145
144
152
145
140
140
138
140
140
138
138
133
120
125
125
109
139
142
146
151
154
153
156
159
161
163
163
162
163
162
158
157
148
148
142
140
134
128
125
118
119
109
77
77
76
66
77
77
78
76
78
74
74
74
75
73
73
71
69
67
68
66
61
61
61
60
58
56
56
55
48
42
41
36
35
28
24
19
15
13
11
8
8
9
9
26
33
36
41
48
52
57
57
64
66
66
69
70
76
79
80
84
84
92
98
99
100
100
101
106
109
109
111
116
118
124
123
125
132
130
134
133
138
95
139
153
156
163
164
167
175
173
179
178
177
177
180
181
178
190
183
190
185
192
192
192
202
198
189
194
187
187
180
172
169
168
166
210
216
230
231
237
236
247
255
249
267
260
259
262
252
240
275
286
291
307
312
304
303
302
289
322
328
337
348
356
365
366
374
375
365
358
339
361
387
389
396
404
409
415
426
430
438
435
436
418
445
468
466
470
476
477
490
488
501
494
506
502
506
509
510
512
518
522
525
526
528
530
538
537
531
534
534
526
523
515
502
490
339
344
342
333
327
298
317
315
293
312
317
286
464
477
491
499
499
512
517
515
514
524
519
525
514
504
504
513
514
524
518
518
525
523
516
528
534
534
524
531
529
526
535
523
538
535
536
534
532
543
545
545
543
540
549
550
558
553
562
564
562
558
401
559
567
573
571
551
558
563
557
521
541
550
562
560
560
560
563
554
545
556
566
558
561
567
572
564
556
542
551
553
549
543
539
527
525
516
493
490
481
480
464
452
439
432
415
403
173
177
178
176
179
175
186
187
187
379
404
412
418
425
425
443
453
462
479
471
496
488
486
488
495
496
503
507
504
519
520
521
530
519
526
510
524
531
526
528
533
527
529
504
477
489
507
515
510
502
499
495
485
497
493
486
479
360
460
458
465
464
460
461
460
457
457
448
445
438
439
433
436
435
438
434
442
444
455
428
437
442
438
440
434
434
429
424
422
421
417
402
406
407
399
395
394
395
408
424
425
437
441
441
451
447
450
452
453
447
446
447
431
431
431
426
427
419
422
428
433
433
426
425
424
415
417
417
417
413
420
417
431
411
298
420
442
440
451
450
448
450
456
458
459
457
464
468
471
479
473
476
479
480
483
479
479
474
469
475
491
504
499
506
494
484
480
476
468
466
458
450
453
449
451
446
445
443
439
438
437
431
427
412
415
420
410
415
415
420
417
409
400
410
402
398
393
382
367
372
368
367
365
366
365
365
355
353
353
354
348
348
331
331
327
330
327
326
324
325
324
328
320
320
324
332
328
333
327
331
321
318
325
319
321
308
302
302
298
292
285
276
275
267
264
261
260
261
259
258
249
249
253
257
253
234
198
204
203
175
226
226
231
232
230
230
227
223
220
214
212
209
235
201
199
191
190
178
177
169
170
165
159
153
154
147
146
142
138
131
127
124
116
111
109
104
102
95
91
86
81
78
70
62
59
52
45
43
34
26
22
15
12
4
14
17
22
25
29
32
36
40
46
47
49
54
56
56
62
63
66
73
73
69
78
79
81
59
95
100
110
117
123
129
138
146
151
153
158
160
171
172
173
181
189
195
199
199
205
209
214
221
217
222
219
220
215
200
204
204
204
197
220
240
245
253
251
261
269
270
270
282
287
288
292
293
294
298
297
304
311
314
310
323
327
329
329
329
324
330
326
330
324
321
297
337
346
363
367
373
371
377
376
386
385
389
389
393
396
403
408
405
409
423
423
428
436
438
452
455
446
452
444
438
428
423
415
488
497
502
505
508
516
520
519
514
508
472
515
525
537
544
549
550
562
555
558
569
558
554
554
537
539
547
546
550
560
565
555
548
544
533
499
552
558
559
556
560
564
551
548
542
547
538
520
517
502
391
498
503
500
493
494
486
478
476
465
463
457
445
441
433
428
417
408
354
366
369
374
371
371
311
331
335
333
348
347
350
343
330
329
327
317
309
310
310
310
319
312
310
313
306
309
312
306
314
312
308
305
299
299
293
295
294
283
286
279
271
272
268
259
260
244
241
238
231
224
222
217
210
200
197
194
185
177
172
169
158
125
129
130
129
126
123
122
107
99
101
99
96
88
87
76
57
70
78
85
89
89
86
84
81
47
100
110
111
118
116
126
127
131
133
136
136
142
152
152
151
149
148
142
162
161
162
162
162
123
160
170
175
175
175
173
168
166
143
141
142
94
172
196
198
207
210
214
221
210
203
200
191
158
197
211
208
222
226
222
230
221
150
215
223
228
234
228
190
221
220
220
280
293
304
312
331
340
345
351
357
357
353
341
362
367
380
385
404
411
414
427
435
437
446
454
463
468
477
477
484
490
496
499
499
490
492
494
492
495
500
488
491
489
491
490
493
497
500
498
489
495
489
485
483
474
475
475
474
470
464
467
460
459
457
452
452
442
435
427
296
439
437
438
438
429
420
419
416
412
404
381
261
404
409
408
414
417
411
402
389
263
403
413
415
408
389
350
387
392
403
413
421
425
434
437
445
439
452
444
442
437
310
430
438
454
464
467
473
486
491
485
485
490
495
492
494
495
506
510
509
502
496
490
479
470
463
460
436
322
456
461
472
485
473
463
460
444
407
459
482
486
489
462
301
459
460
485
500
497
503
506
511
507
511
503
336
521
534
526
527
526
538
551
550
550
562
559
557
557
549
411
559
572
580
591
599
605
599
600
603
601
608
609
616
617
615
618
624
619
637
628
627
623
626
639
628
634
628
615
614
614
616
612
615
619
619
625
619
620
617
622
609
609
610
604
602
600
594
594
586
574
569
559
540
381
545
545
537
522
515
494
531
546
527
519
509
434
494
511
515
500
473
453
485
516
513
516
523
520
520
522
519
524
520
525
513
492
461
483
492
499
508
516
509
517
517
514
506
494
366
479
492
506
520
531
529
525
522
522
527
530
539
540
540
537
543
549
540
546
536
539
547
536
531
527
514
370
517
522
531
525
529
520
521
514
512
513
517
514
518
499
505
513
518
525
522
529
536
538
541
549
546
534
537
535
530
529
534
534
534
521
518
521
519
523
514
531
524
524
530
530
528
547
539
549
566
561
562
565
571
566
571
576
580
589
596
604
612
609
603
603
593
593
602
606
611
616
603
600
597
597
584
590
601
596
597
604
607
610
619
618
598
597
578
601
635
643
652
652
646
665
670
674
664
667
665
660
664
675
668
668
658
676
676
674
669
667
655
651
652
642
654
656
653
650
636
630
630
623
613
612
614
612
608
603
589
581
574
539
505
549
556
566
572
564
551
548
537
512
498
329
444
439
434
331
482
483
493
474
469
451
431
275
441
447
442
451
453
454
453
443
440
429
417
408
403
395
322
317
322
327
324
278
228
227
228
227
345
362
377
393
396
407
407
400
370
399
411
427
438
446
447
438
438
436
428
415
304
385
384
389
452
462
483
492
504
511
528
540
547
546
545
547
550
564
569
554
570
570
561
574
411
560
560
558
576
576
572
575
583
585
575
574
569
580
584
587
601
601
601
599
611
608
609
597
582
547
597
606
610
602
592
582
546
582
593
590
592
605
604
611
603
616
613
608
610
608
606
608
612
611
593
601
604
599
595
579
550
578
581
580
565
566
553
564
601
602
605
591
593
579
576
408
574
587
594
592
573
576
574
565
577
567
569
573
573
567
575
567
566
569
542
536
409
534
533
545
551
513
492
505
524
531
540
546
549
546
544
533
534
525
472
534
538
540
534
543
543
546
548
541
547
553
550
553
558
557
563
560
561
567
559
559
553
557
548
524
519
522
515
509
503
502
491
479
468
437
396
480
481
481
471
456
336
485
511
506
517
503
500
510
507
506
510
503
497
336
464
462
469
462
437
517
525
546
543
550
555
562
552
561
557
550
557
541
524
420
432
430
365
482
497
509
514
516
520
531
528
535
532
520
535
540
543
541
541
545
537
535
539
540
533
549
547
552
553
549
550
561
571
554
565
568
558
574
567
569
560
554
556
548
540
531
521
517
512
502
504
493
485
473
462
426
417
418
414
418
412
393
359
374
371
377
362
343
181
327
327
343
347
332
320
305
298
280
270
257
171
170
169
119
243
262
268
257
259
271
273
263
260
229
239
244
247
247
216
242
246
248
303
319
333
370
374
383
380
396
400
402
401
396
396
402
393
378
374
345
365
386
396
408
403
397
408
399
397
397
398
384
390
395
403
403
400
398
392
373
355
368
382
382
380
370
335
280
280
258
283
287
252
397
407
413
428
432
437
442
440
440
442
438
438
429
444
438
439
446
442
453
460
452
453
459
463
459
464
463
463
466
462
449
445
433
429
425
425
415
407
402
399
385
378
363
361
355
341
339
247
262
263
248
270
290
291
286
286
244
294
294
288
292
286
283
281
268
263
257
254
237
226
205
179
199
204
207
208
202
199
195
194
187
183
178
172
162
158
99
152
153
151
153
148
129
140
143
151
152
157
152
151
141
134
133
123
66
132
135
137
138
150
143
140
142
146
150
147
144
143
136
120
141
143
145
146
143
136
163
169
168
172
174
171
168
160
101
164
178
180
193
212
218
218
224
224
228
237
236
233
237
236
231
225
168
251
266
274
276
282
289
298
298
308
320
326
330
340
350
356
355
349
248
386
401
402
413
418
423
428
426
308
381
386
316
470
482
492
506
518
526
547
558
570
576
581
597
598
607
618
634
636
644
628
616
617
615
607
601
604
597
589
578
568
562
550
554
536
499
517
526
524
514
483
415
424
347
515
535
538
547
551
550
542
531
502
539
545
544
551
557
547
411
557
559
561
569
569
572
563
563
565
568
573
574
574
578
592
582
584
575
592
582
569
552
352
537
534
535
504
489
446
456
487
484
474
468
435
491
515
515
514
516
514
515
511
512
514
513
509
503
505
507
510
498
507
510
516
515
521
517
501
491
485
458
500
519
527
523
523
532
534
536
533
528
516
484
542
547
561
562
552
549
539
527
382
554
555
548
534
526
489
520
524
544
566
568
576
570
576
582
587
595
595
597
596
611
619
631
638
636
622
619
617
624
620
620
607
607
601
604
602
610
611
606
595
443
594
601
620
622
610
439
630
621
622
620
624
615
615
622
635
634
636
637
636
632
623
611
451
584
609
607
610
616
619
621
623
621
611
617
612
623
634
634
630
630
625
619
618
624
618
616
613
617
622
618
615
612
609
602
602
599
592
585
580
567
587
524
530
502
488
510
517
531
536
544
547
556
563
562
549
529
504
538
544
548
558
558
565
566
574
577
580
577
563
559
558
559
547
536
531
534
532
530
532
529
526
527
525
525
528
527
518
511
509
343
485
501
496
503
513
518
517
513
508
509
504
500
511
503
509
506
486
335
478
487
488
492
487
483
483
481
480
484
484
485
482
485
487
487
472
480
481
478
471
477
473
459
442
452
464
466
477
474
467
476
480
473
481
474
421
474
486
486
488
488
483
488
480
473
479
483
483
489
481
479
469
457
452
438
331
436
435
438
434
417
385
422
443
454
464
474
469
460
463
457
455
443
437
424
389
241
414
423
431
428
421
421
417
387
239
314
314
232
366
372
389
402
408
411
423
423
425
433
444
448
449
458
466
463
468
462
328
440
456
469
481
496
504
504
508
510
518
523
533
542
540
554
556
555
553
552
557
560
560
565
569
570
565
558
548
549
555
554
554
549
547
558
573
544
475
560
553
557
561
557
557
555
554
546
543
545
540
533
541
547
538
538
536
530
526
535
526
523
523
520
519
517
530
525
536
539
526
543
539
536
541
523
516
524
518
515
514
506
498
492
491
489
481
470
464
473
470
478
469
475
476
460
448
445
446
445
436
433
430
418
423
415
409
306
410
421
421
420
422
425
417
413
410
403
402
409
414
419
423
422
427
433
429
429
424
433
432
436
436
431
427
429
425
290
414
427
444
442
441
454
468
470
475
475
468
461
455
417
417
435
439
448
462
489
495
506
516
515
537
539
549
543
555
556
554
567
569
570
572
579
580
585
584
595
589
598
608
611
614
604
596
456
609
626
631
640
640
648
650
653
662
662
653
659
664
666
678
685
672
682
679
677
679
681
686
695
693
686
685
684
687
672
682
688
690
691
697
701
716
711
704
708
690
663
687
694
694
683
691
693
705
691
696
684
681
691
692
688
688
693
696
677
675
672
674
662
664
651
639
628
621
615
611
607
604
589
590
586
583
586
574
572
579
589
578
569
566
556
563
556
565
565
562
553
557
551
548
550
550
544
537
532
526
517
512
478
448
464
476
495
495
491
493
492
484
476
486
477
471
473
466
472
465
463
471
457
464
464
457
456
458
463
444
432
419
416
411
417
427
460
457
457
462
456
457
459
455
466
459
460
468
473
473
471
316
488
493
502
517
515
514
508
514
517
512
507
514
524
520
522
523
518
519
519
516
512
505
512
503
493
479
475
472
451
409
415
421
307
490
498
503
498
506
514
517
518
519
510
480
301
473
493
500
501
507
495
497
503
502
491
483
449
508
527
533
537
547
556
547
558
564
577
580
580
586
585
580
599
601
623
622
637
629
637
642
651
655
660
649
655
656
664
671
679
671
675
671
666
667
645
616
659
670
681
688
686
682
675
662
614
652
659
657
689
697
694
698
692
684
696
686
695
695
689
684
667
677
682
696
696
690
677
688
701
697
694
698
701
688
697
709
716
721
716
719
723
732
737
729
730
716
719
717
705
709
709
706
699
703
703
702
699
701
693
699
696
691
695
687
686
684
670
670
669
674
665
666
657
655
651
632
419
620
624
621
607
556
422
508
512
413
567
586
601
607
616
613
617
609
610
611
614
611
602
609
596
600
595
592
591
586
582
591
596
588
583
573
567
552
552
553
544
549
537
550
538
540
536
542
549
547
551
546
547
553
542
562
558
559
567
571
570
568
568
571
563
567
570
570
565
564
569
573
565
563
556
540
547
557
563
563
557
556
547
550
548
545
549
538
541
535
528
535
528
528
537
528
534
536
534
542
542
549
553
552
553
564
568
574
582
577
577
585
590
599
596
608
608
600
599
604
598
597
599
605
599
609
621
616
613
589
579
569
562
392
557
562
574
565
558
423
499
494
482
528
553
563
564
572
576
502
563
562
561
562
542
556
551
543
527
528
520
504
487
464
416
418
341
468
497
525
525
530
530
529
519
485
522
525
536
536
526
531
525
518
516
515
353
509
521
530
533
525
522
529
526
526
528
526
529
533
536
538
552
538
547
546
535
552
548
535
533
529
519
500
459
491
494
505
509
515
507
495
452
378
384
386
380
394
392
314
510
527
529
545
543
534
536
537
539
535
545
560
569
572
564
559
568
570
574
575
583
584
581
572
573
576
575
577
574
574
572
569
569
572
584
582
581
583
572
582
577
571
567
562
561
568
565
557
553
559
561
565
553
566
574
568
571
577
574
579
563
553
541
533
521
497
497
475
293
316
310
306
318
320
312
422
443
458
476
482
497
496
507
508
498
494
499
473
464
301
475
486
493
499
504
488
473
462
446
279
429
451
466
475
484
491
476
478
478
488
492
484
495
492
496
488
495
496
496
488
492
484
490
496
496
504
498
492
445
428
411
337
396
340
421
431
441
491
501
501
501
498
378
496
514
513
526
523
515
398
533
541
546
556
556
551
543
543
550
551
546
538
543
543
534
540
540
542
552
540
542
552
555
539
540
563
559
550
551
542
539
547
549
550
564
559
564
590
592
600
595
603
597
588
588
592
589
573
585
598
595
605
605
599
608
604
606
612
609
614
618
622
621
611
614
609
606
605
609
614
609
614
613
606
610
611
604
602
599
592
597
603
599
606
608
606
616
611
610
615
626
624
627
629
639
648
635
641
642
655
652
642
646
644
653
649
645
652
648
653
666
657
658
669
682
671
683
694
704
703
690
683
680
681
672
622
632
643
608
601
646
656
660
656
657
658
673
672
681
670
674
669
657
658
654
647
633
648
660
656
656
649
650
652
646
640
638
640
638
635
630
489
647
647
656
666
692
697
690
682
676
678
675
682
676
665
504
672
675
678
660
655
661
651
655
648
645
640
626
623
626
623
618
624
632
623
611
542
576
592
604
615
604
593
594
600
600
602
598
596
598
590
587
590
584
579
566
535
507
524
550
569
577
576
559
549
548
548
542
535
529
534
523
520
510
503
498
497
488
479
474
459
336
445
441
436
444
441
433
428
423
410
404
380
350
385
387
391
387
379
376
372
363
358
352
341
325
310
298
273
306
315
316
316
309
308
303
304
297
287
285
282
269
251
136
231
237
236
241
238
226
219
202
167
185
194
199
199
202
195
186
176
164
148
178
184
199
202
204
204
201
204
191
193
191
188
195
179
185
182
164
114
160
156
157
160
160
150
132
92
94
94
94
93
94
92
94
189
194
206
213
216
227
234
240
244
246
249
257
264
270
270
263
238
263
279
295
306
316
321
332
334
339
342
353
353
361
356
358
269
346
352
371
374
324
419
433
435
442
444
443
441
452
455
460
459
453
470
471
470
464
471
473
469
408
268
278
279
274
277
297
306
311
313
296
297
296
284
417
439
454
458
455
447
463
495
513
511
515
531
537
540
557
547
539
544
555
557
556
554
552
554
556
546
542
532
523
521
511
510
508
504
487
478
472
468
342
385
388
390
382
294
408
407
402
387
382
369
360
326
268
270
269
270
311
315
324
328
326
321
320
312
308
307
298
287
284
268
255
178
240
256
261
260
264
266
265
261
260
259
254
244
239
232
196
233
240
242
242
241
239
228
98
228
235
236
241
243
231
228
222
209
204
189
168
168
168
168
167
161
160
155
140
125
133
140
148
155
158
166
163
157
147
145
142
49
49
49
49
50
50
50
53
57
50
137
172
178
180
188
195
198
202
198
209
216
139
259
259
265
276
279
281
289
301
301
307
315
314
328
335
346
359
359
368
372
364
377
375
380
377
393
400
399
395
394
401
408
414
422
425
442
436
447
420
395
398
395
376
412
434
436
447
457
459
459
460
452
453
456
453
461
452
458
460
457
476
475
467
468
460
439
422
448
460
474
473
479
483
490
486
487
496
494
492
503
507
510
514
515
508
505
496
499
508
506
509
506
503
490
474
503
474
326
513
521
519
536
528
527
517
473
530
535
541
551
557
554
555
561
556
551
543
554
557
562
574
569
564
567
577
582
580
587
586
586
593
590
599
598
591
594
590
595
582
588
594
601
599
564
546
527
441
440
439
431
427
454
458
404
572
585
598
602
599
409
614
630
631
640
632
640
645
641
646
642
643
638
647
646
644
641
640
635
654
638
456
636
648
654
664
670
665
664
663
677
677
679
673
675
677
685
678
686
681
660
661
655
665
665
652
657
639
497
638
645
663
660
661
663
662
649
479
635
664
687
695
695
692
671
669
662
664
656
648
630
634
620
622
614
619
599
584
573
558
544
484
524
528
519
488
479
338
478
499
506
512
516
510
514
466
445
471
497
514
523
518
525
525
527
522
527
521
343
529
538
540
539
544
535
532
520
484
523
534
541
552
562
556
546
541
532
527
526
521
516
515
502
501
498
497
483
476
468
461
441
306
395
403
398
387
389
379
371
366
350
337
323
291
313
311
313
313
306
299
305
297
294
293
288
277
272
258
256
223
251
257
260
254
256
258
253
253
249
254
251
255
249
248
237
233
205
229
238
200
240
245
242
243
242
237
243
240
235
235
220
138
228
229
237
240
235
197
226
233
247
255
267
274
278
280
280
285
287
292
193
311
336
346
344
357
371
381
384
387
390
395
400
402
374
372
384
384
460
477
481
491
508
511
523
535
538
554
566
571
577
581
577
580
583
588
588
579
564
555
555
555
544
531
519
502
496
468
505
509
516
506
502
489
491
485
481
478
461
455
435
425
411
438
444
437
424
382
361
385
398
400
415
406
411
410
415
424
415
405
404
408
401
395
385
372
194
247
246
248
234
256
252
344
323
326
355
367
367
374
378
377
387
378
379
383
356
336
351
352
370
378
383
392
396
391
401
401
409
419
430
432
432
430
428
426
432
441
430
425
411
377
409
414
419
421
410
401
393
380
387
382
375
374
369
371
359
353
347
338
334
320
234
326
332
332
331
329
326
312
305
209
308
312
314
316
315
317
314
306
299
284
274
268
258
253
146
207
205
206
274
283
281
280
277
273
274
259
156
206
208
149
263
281
285
297
305
306
315
316
318
319
322
323
322
328
322
317
312
266
301
308
316
326
331
336
324
334
342
345
347
233
332
340
348
355
362
364
371
383
384
385
399
405
411
425
421
427
435
434
437
444
443
445
450
447
442
445
441
438
426
424
417
423
415
414
406
393
388
377
378
368
353
347
330
312
285
285
285
227
300
300
304
299
287
292
278
262
239
263
267
272
275
266
261
258
249
236
225
195
167
166
166
110
223
229
231
234
237
240
247
238
231
220
175
127
224
239
245
256
251
248
244
239
236
233
225
219
213
201
180
181
181
179
180
180
173
168
161
61
61
66
60
81
91
102
113
113
114
115
155
161
162
162
163
175
188
190
198
205
208
203
179
174
174
181
186
194
205
169
274
285
292
299
306
315
321
325
334
339
345
349
358
373
377
378
384
387
393
387
388
400
403
399
401
411
408
415
404
393
399
390
267
396
406
408
405
406
405
408
407
404
405
407
405
403
388
346
362
369
291
419
441
448
452
457
466
468
485
499
502
502
496
502
505
499
500
492
492
486
475
368
409
414
403
456
491
497
502
509
514
524
514
516
529
519
528
539
553
559
566
581
592
578
569
578
580
569
576
568
567
522
569
577
588
584
585
587
585
582
577
572
567
574
574
583
575
569
565
554
548
542
544
521
510
321
327
416
496
509
512
518
527
523
524
518
492
447
508
523
536
520
533
520
513
519
515
515
495
276
431
434
305
528
545
552
561
561
566
573
580
575
581
561
334
537
551
550
541
536
490
548
559
569
569
575
446
586
603
621
630
644
654
652
648
648
651
652
648
650
650
653
667
679
682
675
668
658
661
651
617
455
603
642
663
666
654
665
665
664
658
667
666
672
666
671
671
670
654
650
639
518
519
521
521
565
590
594
593
590
447
598
619
625
629
630
636
640
635
628
637
639
640
639
628
632
631
630
636
622
611
611
593
596
604
603
598
608
591
600
595
596
604
599
585
561
400
570
575
580
587
586
590
594
580
573
534
556
568
573
578
552
548
532
528
516
533
551
539
548
547
552
553
544
541
541
532
535
524
527
528
536
541
549
554
554
546
546
533
530
531
538
540
541
546
538
541
543
547
542
540
547
547
538
515
515
519
509
506
496
456
461
435
471
504
499
504
498
496
491
473
339
518
530
528
532
529
529
532
541
536
533
535
532
526
517
353
501
514
530
538
546
550
550
533
523
482
529
543
545
561
568
564
560
556
537
530
494
552
564
569
580
585
588
591
589
593
606
610
614
617
616
622
636
642
641
643
631
444
639
639
660
668
654
648
639
644
603
627
649
646
635
633
639
637
641
642
634
605
497
624
649
650
657
674
686
678
683
678
683
685
686
674
688
669
688
673
660
652
635
578
618
622
629
647
639
634
626
626
618
619
610
608
607
601
595
588
576
574
566
567
542
531
520
510
502
468
364
498
492
486
474
464
451
417
464
468
466
461
452
449
447
446
441
420
417
275
409
415
423
431
429
433
436
426
421
409
405
393
377
231
392
390
400
400
406
404
383
399
380
320
351
356
363
372
361
377
373
380
390
385
380
362
323
332
357
365
382
393
383
400
397
395
400
399
401
383
371
413
432
444
452
462
462
467
461
476
483
478
479
492
495
505
506
518
521
523
538
529
534
525
515
506
500
496
509
511
513
511
509
506
511
503
508
516
517
323
503
504
501
501
497
485
479
406
397
351
469
471
473
482
483
496
507
516
513
517
529
527
522
517
519
530
531
539
534
533
541
542
542
541
538
545
549
555
546
540
539
526
533
534
536
530
526
516
508
510
496
495
488
485
478
469
467
450
446
443
427
220
224
233
250
351
363
366
376
381
383
381
408
414
415
426
431
437
441
446
446
443
447
444
454
444
444
449
443
437
436
429
431
439
434
440
444
440
448
450
449
447
450
452
451
452
453
461
460
452
452
457
469
467
462
461
456
454
456
458
454
462
460
465
475
485
481
481
483
498
492
484
483
490
360
495
498
504
503
506
504
501
500
490
492
493
498
489
496
496
498
494
496
503
502
499
504
508
491
443
451
452
465
347
478
492
498
499
498
505
502
502
496
484
478
454
498
495
500
505
497
500
496
491
492
496
485
483
486
487
479
467
452
446
438
433
424
415
405
407
393
379
375
369
355
315
323
256
259
281
288
262
279
264
259
192
248
211
257
255
231
239
245
243
241
236
234
227
220
207
200
178
110
111
106
103
107
106
104
151
157
167
169
175
173
174
174
176
178
174
172
169
167
158
149
142
79
90
73
112
120
122
130
131
136
135
141
138
139
136
139
135
130
121
73
122
126
131
135
136
138
143
142
141
130
123
66
121
135
139
150
151
155
158
159
160
159
158
152
148
138
99
158
162
170
178
180
171
169
163
141
142
143
142
142
219
238
245
255
258
261
253
119
270
281
293
298
299
209
316
351
367
374
389
393
392
410
396
421
434
435
443
455
458
456
447
447
370
447
481
506
510
526
547
551
575
578
589
597
604
609
620
625
627
632
634
636
650
647
642
652
660
670
667
673
672
650
630
620
593
656
676
663
657
648
644
475
669
685
694
704
710
695
675
508
673
700
699
712
724
717
710
721
660
722
717
702
694
683
685
695
691
673
665
657
650
647
535
534
534
541
426
596
609
617
621
629
621
638
627
579
625
640
639
645
636
629
630
621
447
625
638
635
624
598
450
595
616
621
635
629
630
611
618
630
633
633
621
626
621
637
638
644
638
638
625
626
613
579
539
596
605
628
634
639
630
641
635
633
631
625
624
622
609
614
622
629
617
595
521
403
483
509
544
559
612
611
628
639
642
645
646
658
676
669
640
669
672
675
675
657
653
655
655
528
642
680
677
668
660
669
664
657
644
650
648
641
635
630
594
589
589
580
554
531
403
403
401
403
464
488
489
480
474
462
339
446
450
457
443
267
509
512
512
503
500
505
494
477
452
475
492
496
497
494
494
496
495
495
496
482
447
477
484
496
509
516
509
508
499
504
505
494
486
485
483
476
477
477
469
479
476
479
484
481
481
481
477
466
413
473
466
466
463
461
467
476
466
460
455
450
448
435
436
437
418
417
405
391
368
416
426
432
437
434
431
415
417
411
399
397
384
370
361
323
332
329
332
330
319
321
321
323
319
311
290
197
204
214
95
224
244
253
256
255
256
187
172
147
148
241
254
259
261
270
280
280
215
286
287
283
348
361
368
383
390
400
406
420
420
433
438
448
444
452
461
467
459
470
462
456
430
425
411
383
419
426
428
418
404
393
391
383
376
366
323
198
262
261
257
279
284
241
404
418
419
427
429
428
440
447
456
460
455
455
455
454
461
459
450
353
452
477
492
502
511
516
517
517
518
526
531
538
542
538
543
550
539
541
543
549
558
568
570
573
577
568
577
568
564
568
549
539
542
540
526
529
539
539
507
489
473
480
491
509
518
521
521
516
522
526
523
527
523
522
514
516
514
525
524
511
515
509
500
480
474
394
399
405
360
431
439
432
349
515
530
541
542
546
543
544
552
551
549
548
546
550
548
539
547
544
546
549
415
534
543
552
545
550
544
542
544
541
540
541
546
539
533
528
522
503
497
485
465
428
474
481
474
481
459
459
455
456
446
439
456
461
464
463
450
446
446
431
421
405
310
425
427
438
431
430
433
433
437
430
427
423
418
412
412
304
412
426
425
417
425
425
421
428
427
429
434
426
428
418
429
425
426
422
425
425
421
405
403
405
397
394
389
377
378
377
376
366
363
363
347
349
342
333
320
318
305
273
275
269
271
267
254
169
181
177
157
176
172
172
188
205
208
200
217
220
217
212
207
199
192
181
164
145
66
97
97
78
154
170
170
170
170
168
168
164
115
153
154
116
221
238
245
249
250
249
248
248
147
269
289
294
301
301
301
304
293
300
301
296
294
301
291
293
282
272
214
212
214
208
280
286
290
295
305
306
308
306
186
299
308
313
317
301
251
251
252
251
382
389
400
418
425
432
442
443
460
472
475
491
496
500
505
511
531
541
545
550
543
535
520
480
514
530
534
534
508
474
488
505
519
502
500
503
503
508
510
510
511
514
515
517
518
522
522
531
526
525
533
531
521
526
531
534
531
530
524
522
514
513
512
508
499
511
515
505
504
509
506
496
491
481
469
463
446
418
419
418
418
412
400
392
379
353
308
306
306
305
293
284
281
274
257
233
233
228
47
46
45
12
45
46
31
23
19
14
0
0
0
10
15
23
23
23
11
23
23
24
266
276
295
299
309
329
345
354
362
372
376
379
389
389
403
418
427
436
448
424
403
423
430
435
443
448
446
452
460
469
469
475
478
490
483
495
490
493
502
498
503
505
524
518
510
519
515
392
540
546
554
559
559
551
546
507
559
587
592
590
585
579
546
623
638
647
664
657
655
653
651
662
666
666
668
668
662
660
664
664
666
667
657
656
640
625
473
648
644
654
668
663
511
658
678
672
672
697
693
702
704
712
713
698
706
492
683
691
706
717
719
727
722
728
731
724
711
703
664
608
653
674
690
705
721
725
716
717
715
717
719
717
725
730
725
732
729
738
738
739
682
709
728
744
759
752
762
758
746
737
746
740
743
735
749
745
753
751
763
747
762
762
761
756
742
746
745
756
756
753
753
763
765
760
764
747
752
741
754
743
734
737
739
750
739
741
736
729
716
735
726
719
713
685
630
704
717
724
721
724
726
728
713
652
666
689
697
709
700
680
691
683
675
653
641
601
651
660
665
665
656
650
657
655
667
651
637
414
595
615
628
639
643
634
628
623
604
599
603
601
605
601
594
598
583
593
587
573
545
516
545
557
554
571
570
555
549
540
529
519
519
514
502
501
490
483
474
452
450
445
439
431
428
400
397
283
388
388
391
386
380
362
354
349
338
337
321
307
297
282
269
206
202
70
212
213
233
235
226
225
219
215
208
199
176
97
96
96
91
99
98
100
99
99
57
98
99
100
99
98
99
81
75
69
67
59
50
52
53
51
48
52
50
41
37
8
15
15
15
15
15
4
7
7
7
7
3
2
0
65
68
73
79
86
87
86
88
4
89
90
94
67
96
100
105
111
91
141
148
154
164
170
174
179
182
182
187
186
185
188
208
212
216
223
226
235
246
247
248
249
248
248
247
252
256
253
249
250
246
218
239
238
234
229
239
243
250
259
199
282
290
293
294
290
292
292
280
278
295
318
314
315
309
299
321
338
358
366
375
373
368
374
380
383
384
386
384
378
392
402
408
415
421
431
431
433
438
435
430
431
423
448
458
466
470
467
478
482
486
488
495
506
509
499
499
495
487
486
465
456
443
435
431
421
417
408
404
393
367
170
171
173
170
163
161
159
155
156
157
145
142
192
447
461
477
490
505
512
525
534
541
553
558
552
562
565
561
553
409
575
605
613
617
634
629
636
637
631
631
630
626
625
627
629
623
616
611
580
472
481
485
476
406
480
479
455
507
594
608
608
616
396
608
644
645
647
646
653
668
669
666
658
667
666
678
675
681
687
688
696
691
702
690
695
674
673
680
445
689
680
679
673
677
675
656
667
659
637
587
448
534
576
631
636
658
674
674
672
673
652
633
605
654
658
667
670
664
656
652
646
642
642
640
638
631
620
622
619
600
578
564
456
381
382
378
360
379
535
545
559
570
580
597
602
613
612
617
623
625
621
614
622
626
620
617
610
601
605
616
615
613
610
620
618
625
623
619
627
613
613
613
619
612
604
608
601
606
592
589
585
582
583
576
534
574
580
492
539
585
573
574
557
552
557
555
525
515
534
527
509
504
492
484
479
464
311
377
374
442
462
475
476
481
478
476
489
490
428
473
478
475
455
459
462
429
263
362
358
350
394
407
414
417
417
419
419
413
376
404
415
425
442
448
456
451
451
444
456
466
467
471
476
475
474
477
472
473
481
480
481
481
473
477
475
476
476
469
467
458
462
460
456
467
466
446
286
452
461
463
460
458
460
464
463
412
279
346
344
338
394
407
412
435
430
422
467
474
476
462
457
440
492
504
502
508
511
512
523
520
520
528
537
524
541
544
549
551
558
559
551
532
386
540
549
553
560
554
560
564
566
572
577
569
571
566
571
559
564
571
566
560
561
553
548
550
543
530
507
533
547
551
549
565
570
573
573
579
571
577
576
569
572
559
569
566
561
558
541
531
536
544
545
544
542
541
526
513
501
482
489
514
541
535
548
548
547
548
560
564
544
497
515
529
529
537
545
368
545
560
563
568
561
561
563
578
571
583
597
599
599
608
609
612
619
609
608
603
581
633
653
656
653
652
657
663
665
666
668
678
674
684
667
500
667
668
675
696
702
703
701
700
702
702
706
701
713
719
715
723
726
724
726
729
722
724
726
715
712
690
689
710
698
697
697
704
700
703
698
709
702
706
714
705
700
706
709
703
703
703
696
704
690
685
689
684
675
680
668
664
658
663
651
648
636
621
631
621
598
600
578
581
577
576
572
574
561
552
539
542
531
372
522
540
537
525
525
518
516
514
504
496
486
484
482
459
313
412
399
390
420
447
448
445
432
298
463
466
468
456
459
463
453
449
443
439
438
428
411
419
416
411
406
393
392
379
373
348
329
310
313
315
324
310
301
290
285
274
217
217
215
214
257
258
255
254
246
242
241
239
240
235
227
224
219
207
206
205
197
174
186
194
199
197
204
201
198
203
202
191
194
184
178
171
170
165
157
95
99
100
83
149
106
170
174
166
152
174
167
160
180
191
196
204
204
206
215
222
226
219
222
224
227
225
224
218
215
212
154
209
224
233
243
250
257
261
261
266
272
277
283
289
288
289
290
201
299
301
308
315
315
256
334
351
362
366
370
295
399
407
422
422
427
425
433
437
444
448
454
456
454
455
468
470
465
462
459
433
409
434
443
443
451
449
433
438
420
350
353
360
239
419
430
434
441
444
439
433
418
381
396
405
401
416
409
401
422
387
372
354
355
357
434
485
490
513
523
527
542
557
561
563
585
588
583
585
599
605
603
599
616
625
620
610
604
550
610
616
627
624
610
569
611
617
618
613
600
444
607
627
645
650
650
652
663
665
663
665
664
662
662
660
662
660
653
654
644
648
655
653
626
586
623
649
660
662
656
668
677
675
676
668
655
650
656
662
647
640
633
632
639
632
628
626
628
618
620
607
594
594
546
410
553
549
553
535
526
502
456
498
505
505
506
511
490
475
471
467
439
396
422
436
435
427
432
418
422
409
288
417
418
430
429
424
418
418
413
418
419
411
408
404
401
357
400
406
412
411
414
417
418
421
414
410
402
393
385
380
372
368
361
349
343
329
321
310
297
289
279
273
136
155
151
145
148
148
138
146
144
145
146
126
108
116
136
148
145
144
134
118
107
50
106
107
101
91
78
49
82
79
76
73
70
57
101
109
111
117
123
121
123
123
120
123
124
123
122
121
94
203
212
216
227
245
246
257
258
257
256
249
106
263
267
261
263
254
242
277
288
299
312
320
313
321
328
339
336
338
349
350
343
320
341
357
371
384
383
387
397
400
405
406
406
408
404
391
291
362
361
357
414
419
435
448
455
456
463
466
474
482
486
490
502
510
514
516
514
511
507
489
380
493
503
504
505
506
505
510
514
514
510
502
501
494
499
507
503
503
495
513
513
534
534
525
536
537
528
526
538
532
523
524
520
512
511
510
519
513
500
497
499
504
504
492
488
463
502
504
503
506
501
366
508
515
518
526
531
526
527
531
529
535
537
534
541
549
543
555
558
557
559
572
564
562
573
571
564
567
565
566
565
571
575
579
573
565
552
531
572
578
578
571
558
562
562
557
570
569
566
562
568
538
545
555
553
556
562
566
563
554
529
365
542
558
556
557
549
571
569
531
566
555
557
545
550
555
543
531
537
537
519
526
523
527
518
504
500
501
494
491
363
449
447
444
363
483
495
491
495
495
494
507
500
505
503
499
501
484
492
492
492
494
496
497
493
497
506
508
511
507
515
509
510
506
501
500
494
486
477
465
458
443
440
443
439
429
302
389
392
395
386
368
199
357
358
356
353
350
333
327
311
147
146
144
134
148
147
136
153
153
154
346
383
398
414
414
424
407
423
440
450
459
468
477
478
481
479
476
475
481
476
470
472
466
451
450
447
434
432
397
380
410
419
417
423
414
413
404
398
390
379
369
340
358
367
379
378
382
382
378
360
260
371
384
383
386
395
388
378
370
243
359
367
366
376
368
345
371
394
400
404
406
418
411
421
419
416
413
389
413
428
432
429
430
425
424
421
415
410
416
404
409
409
410
409
393
404
396
389
380
349
351
354
351
340
338
336
319
316
307
298
285
201
241
243
221
221
137
220
218
221
220
216
208
196
180
175
160
157
119
120
117
118
118
115
34
71
69
71
71
125
130
134
132
134
131
118
96
114
118
117
119
119
118
117
115
105
104
104
80
128
160
162
163
172
174
184
179
176
177
177
175
166
164
163
149
149
111
157
155
164
175
175
178
166
165
160
158
150
92
131
131
132
131
131
53
53
53
53
53
54
59
71
71
71
79
80
79
81
181
256
311
320
329
339
346
363
376
375
383
385
391
394
405
412
414
415
425
419
426
423
417
407
406
390
283
412
429
432
432
434
441
437
435
423
423
379
430
441
447
442
457
455
447
438
435
442
439
426
417
410
303
406
420
454
454
475
467
471
473
296
451
470
482
489
501
507
510
501
463
482
494
512
519
525
530
523
531
533
532
530
548
564
574
573
574
578
583
581
589
581
578
573
575
576
585
584
596
591
590
584
586
600
605
601
596
608
595
585
581
578
565
558
560
565
561
557
565
560
561
561
553
556
557
556
558
560
555
564
570
565
562
554
557
538
534
540
544
533
549
555
548
549
540
531
531
474
425
425
427
342
486
514
524
521
536
535
542
545
561
565
565
568
572
575
557
551
534
566
594
609
614
626
634
628
631
620
606
616
621
617
625
628
628
641
640
654
670
661
652
660
658
650
655
653
650
656
657
659
665
667
676
687
684
673
676
674
677
675
679
668
661
662
674
671
663
655
665
657
650
644
641
636
631
630
633
623
627
623
620
620
599
560
615
620
619
623
621
604
578
600
607
612
616
612
604
612
600
564
589
597
592
579
574
569
572
568
591
582
547
508
540
563
572
570
568
565
560
572
578
578
583
583
577
586
581
582
582
581
585
595
600
600
609
608
603
605
607
615
602
597
605
604
602
606
591
404
581
585
588
590
600
602
602
595
601
543
590
580
592
598
600
608
599
599
606
610
598
606
610
606
621
610
608
594
449
609
621
623
633
633
617
621
628
624
624
630
619
640
638
647
638
654
645
655
613
640
638
637
638
604
478
575
586
595
591
569
603
605
623
627
621
621
615
595
580
571
572
565
555
548
538
532
523
520
507
495
484
473
452
146
387
385
369
365
104
31
31
30
29
51
56
62
64
70
70
66
78
87
99
98
65
106
105
106
332
348
354
362
372
374
385
381
383
392
400
398
427
434
445
457
460
471
470
491
483
481
490
490
488
470
467
450
329
437
462
460
462
464
465
462
462
471
460
460
457
450
450
451
439
438
441
436
423
435
371
347
266
288
290
267
286
295
292
259
304
321
329
334
243
432
447
454
461
486
481
489
491
483
473
266
497
507
516
519
523
532
526
527
533
523
525
526
523
523
516
518
517
511
499
505
498
494
493
492
473
385
385
386
377
416
463
470
471
461
321
477
487
505
509
518
523
512
510
506
508
501
355
480
474
467
528
539
548
545
548
550
554
554
551
546
544
541
537
536
532
527
519
507
507
459
399
398
397
392
398
407
414
415
411
403
388
343
188
187
162
200
208
206
172
200
202
158
415
444
507
515
528
535
523
538
537
543
553
558
571
565
581
583
586
590
587
575
571
560
528
375
431
427
432
435
433
388
451
554
569
576
574
578
579
586
591
594
585
586
583
580
468
590
605
618
623
621
618
623
616
615
628
618
625
626
616
621
620
617
618
619
613
608
609
609
606
596
602
606
613
609
616
607
609
615
577
616
619
623
618
612
614
620
602
606
596
591
585
578
555
553
560
549
557
550
549
540
537
553
558
561
565
555
561
550
555
548
543
530
509
390
519
521
532
495
517
519
514
505
455
477
497
505
501
474
446
482
491
491
492
500
497
480
453
302
389
381
369
465
473
487
494
502
504
514
514
519
515
523
521
514
518
514
518
509
501
509
507
510
507
511
507
499
476
458
471
489
491
503
512
511
515
511
507
511
508
507
510
505
502
502
499
499
487
474
447
407
415
419
309
419
443
446
441
446
439
426
424
419
414
417
416
411
408
414
413
423
426
416
415
419
411
423
425
419
421
414
421
414
412
422
429
420
414
422
428
429
432
431
431
423
425
421
412
392
399
400
404
393
382
376
370
367
364
358
358
354
355
348
339
340
312
324
320
321
300
305
301
266
211
243
259
269
273
269
278
273
222
237
37
210
216
225
234
241
241
254
265
257
265
266
291
302
301
306
313
302
313
302
311
304
314
323
320
324
327
329
330
317
316
316
324
316
323
320
329
326
330
328
323
333
330
330
333
351
346
360
360
362
357
347
343
349
344
343
341
343
335
338
331
329
319
313
308
301
300
294
266
264
268
263
262
249
192
191
190
187
189
181
181
181
175
165
155
143
133
124
111
102
93
16
65
65
65
64
62
55
47
0
1
118
137
144
147
155
160
171
176
184
185
182
185
185
185
184
184
184
185
139
260
267
285
292
294
304
310
310
311
310
292
117
283
287
298
298
308
297
297
296
288
269
229
229
201
281
296
308
326
339
349
354
368
369
371
371
370
360
293
292
292
293
307
311
314
288
435
444
453
466
488
504
518
523
531
539
553
556
560
573
584
587
590
595
591
610
617
606
600
599
601
603
607
611
614
622
619
614
610
605
598
602
607
605
605
607
606
613
614
607
602
616
623
620
619
610
615
608
602
607
610
601
592
591
585
597
589
578
584
576
572
572
564
559
562
549
567
535
561
566
544
542
534
525
511
496
489
395
372
335
484
491
503
509
499
480
487
482
316
492
505
520
522
537
535
547
545
532
477
462
504
509
520
537
538
532
526
509
471
496
525
539
546
553
551
555
560
557
554
554
561
556
562
551
553
540
534
542
541
536
542
531
537
534
527
530
537
538
537
543
552
545
539
544
525
526
524
533
523
515
502
495
484
481
471
466
433
415
408
335
398
390
381
373
366
345
343
282
297
296
298
287
287
277
252
248
23
27
12
22
21
14
32
36
36
36
36
21
16
36
43
51
49
51
66
72
78
79
80
276
297
314
325
338
352
359
368
374
380
388
406
412
410
427
433
438
439
442
440
445
446
444
444
435
429
421
418
430
428
416
407
302
400
415
419
419
427
432
437
437
443
445
438
449
454
464
466
464
464
458
464
457
467
466
455
453
456
453
456
460
460
462
463
460
460
448
433
293
402
409
394
396
390
357
294
294
291
323
330
307
397
418
419
425
434
431
440
443
447
452
462
464
463
477
476
480
478
476
482
475
462
443
489
489
497
510
513
518
517
519
516
512
508
510
498
504
508
495
510
507
521
519
518
513
509
507
512
509
512
520
522
536
536
532
527
518
497
512
534
531
526
527
526
524
521
522
523
530
528
527
520
520
527
535
533
536
530
538
530
530
521
524
517
516
513
518
516
504
509
502
490
479
483
481
473
475
477
458
406
417
415
408
465
479
484
499
495
493
497
498
510
511
519
515
513
512
508
507
494
496
483
475
467
455
459
444
441
427
418
93
76
57
22
0
1
22
231
232
368
381
397
420
425
433
451
468
471
475
475
474
469
318
455
455
449
429
474
481
486
493
497
492
482
492
503
500
512
511
504
510
515
509
520
522
521
527
523
523
522
522
525
528
528
534
528
540
546
534
531
529
530
534
535
539
529
538
524
530
533
539
537
546
542
553
543
536
549
551
547
561
567
568
567
565
563
549
540
541
537
535
545
547
551
550
552
553
552
555
552
560
556
566
572
575
591
583
586
593
585
595
594
594
591
601
597
603
593
593
590
592
589
593
596
599
597
592
596
598
595
588
593
599
596
591
583
581
576
581
575
581
583
586
576
573
562
562
561
559
558
566
561
561
561
557
565
556
551
541
535
533
529
540
529
528
522
516
516
522
512
518
520
519
518
517
511
519
524
520
517
519
513
512
510
513
515
510
515
515
505
508
516
514
514
507
514
509
503
497
495
492
492
487
485
480
487
487
489
475
466
475
478
469
468
465
471
463
467
471
469
469
469
466
467
456
453
449
444
447
441
443
447
448
442
437
434
422
427
432
420
421
420
417
402
406
414
403
408
414
418
411
410
404
401
410
405
412
411
400
394
394
405
408
397
411
409
411
412
418
436
431
432
427
427
288
438
458
462
477
477
480
492
493
499
515
514
527
534
525
526
533
541
567
586
586
582
600
608
614
607
612
612
598
422
591
602
599
607
617
620
621
618
609
594
556
592
604
609
619
609
606
615
614
610
624
630
622
614
623
616
602
603
610
609
587
589
585
489
477
448
451
457
558
573
583
594
600
592
587
612
608
621
615
622
627
629
623
631
635
644
637
635
652
654
649
660
659
653
643
658
661
660
644
636
630
641
630
633
633
629
635
633
614
616
613
610
601
593
588
578
567
559
559
557
548
548
547
548
535
519
509
502
374
494
534
535
529
522
498
464
482
496
512
517
525
517
510
502
462
507
516
515
519
506
500
505
493
499
498
508
509
501
488
468
476
475
445
461
478
492
493
491
484
485
476
470
463
465
451
441
431
424
416
410
402
400
392
388
381
366
309
286
286
330
331
337
335
336
338
333
325
310
290
133
49
82
84
83
83
97
111
204
208
210
139
234
256
259
259
258
161
289
298
305
310
326
333
347
359
363
372
385
389
399
399
409
402
388
362
381
411
417
422
421
429
429
430
434
437
435
434
439
435
430
423
423
424
424
418
409
411
419
413
406
399
386
375
354
342
343
354
364
361
344
415
424
424
427
440
441
447
451
448
446
448
446
447
439
420
416
412
406
366
410
415
417
414
465
491
493
496
503
510
517
515
516
511
520
518
523
527
520
516
526
527
538
537
538
543
546
547
550
544
543
539
527
522
516
510
512
503
496
487
476
467
459
441
422
130
133
133
91
68
50
33
22
0
0
5
350
390
398
402
414
417
426
430
433
438
437
442
447
447
446
449
447
445
442
433
415
414
393
394
281
273
284
240
301
305
293
288
279
267
291
292
301
303
291
299
283
276
273
261
260
252
247
233
224
221
211
199
191
183
180
170
6
3
3
3
2
1
