0
0
0
0
0
0
0
0
0
0
0
0
0
0
0
0
0
0.071429
0
0
0
0
0
0
0
0
0
0
0
0
0
0
0
0
0
0
0.010101
0
0
0
0
0
0
0.016129
0
0
0
0.007576
0
0
0
0
0
0.010309
0
0
0
0.005747
0
0
0
0
0.005181
0
0
0.004926
0.00495
0
0
0
0.004608
0
0.004545
0
0
0
0
0.004695
0
0.004292
0
0
0
0
0
0.003546
0
0
0
0
0
0.003096
0
0
0
0
0
0
0
0
0
0
0
0
0
0
0.002558
0
0
0.002445
0.002439
0.00241
0
0
0
0.002309
0
0
0
0.002227
0
0
0
0.004264
0
0
0.004158
0.002053
0
0.002058
0
0.002058
0
0.002037
0.002008
0
0
0
0.002096
0.002146
0
0
0
0.00211
0
0
0
0
0.002083
0.004158
0
0
0
0
0
0
0
0.002101
0
0.002137
0.00432
0
0.002132
0
0.002174
0
0.002179
0.006682
0
0.002237
0
0
0.00241
0
0
0
0
0.010127
0.007634
0.0025
0.002494
0
0
0
0
0.002513
0
0.002519
0
0
0
0
0
0
0
0.00266
0
0
0
0.002809
0
0
0.002907
0
0.003067
0
0
0.00295
0.005865
0.002994
0.005848
0
0
0
0
0.003125
0
0
0
0
0
0
0
0
0
0
0.003096
0.003049
0
0
0
0
0.006135
0
0
0.008955
0.002985
0
0
0
0.002907
0
0
0.002941
0
0
0
0
0.002825
0
0
0
0
0
0
0.002717
0
0
0
0
0
0.002611
0
0
0
0.002488
0.002421
0
0.007177
0
0.002387
0.002326
0
0
0.002278
0
0
0.002342
0
0
0
0
0.00232
0
0.002232
0
0.002183
0
0
0.002183
0
0
0
0
0
0
0.002208
0
0
0
0.006726
0.002268
0
0
0.006652
0.002242
0
0
0
0.004396
0
0
0
0.002123
0
0
0
0
0
0.004132
0.002049
0.002066
0.004175
0
0
0.006342
0.002079
0
0.006098
0.002045
0
0
0.002004
0
0.001965
0
0.001898
0.001923
0
0
0
0
0
0
0
0
0
0.001919
0
0
0
0
0
0
0
0.001946
0
0
0
0
0
0.001953
0
0.005929
0
0.001984
0.00198
0
0
0.004057
0
0.00616
0
0.004175
0.002114
0
0
0
0
0.002105
0
0.002123
0
0
0
0
0.002331
0
0
0
0
0
0
0
0
0
0
0
0.002525
0
0.002584
0
0
0
0.002463
0
0
0
0
0
0
0
0
0
0.0075
0
0.002584
0
0
0
0
0
0
0
0.00463
0
0.004673
0
0
0
0.002179
0
0
0
0.002294
0
0
0
0
0
0
0
0.008048
0
0.001972
0
0
0
0.00381
0
0.001873
0
0
0
0
0
0
0
0
0
0
0
0
0.001845
0
0
0
0
0
0.001795
0
0
0
0.001767
0
0
0
0.001698
0
0
0
0
0
0
0
0
0.001821
0
0
0
0
0
0
0.005525
0.001852
0
0
0.003984
0.005964
0.011858
0.001972
0
0
0
0
0
0.002058
0.002128
0
0.004357
0.002203
0
0.002174
0.002237
0.002242
0.002217
0
0
0
0
0
0.002268
0
0.002283
0.002247
0.004608
0
0
0.002331
0
0.002375
0
0.004808
0.007075
0.006993
0
0
0
0
0
0
0
0.002309
0
0
0
0
0.002392
0
0
0.002364
0
0.004684
0.002375
0
0
0.002392
0
0.00489
0
0
0.002488
0.002558
0.002584
0.010554
0
0.002653
0.00545
0
0
0.002762
0.002717
0
0
0
0
0
0
0
0
0
0.00303
0
0
0.003012
0.006135
0
0.003226
0
0
0
0
0
0.003344
0
0
0
0.003401
0
0
0
0
0.006873
0.003448
0.007117
0.003546
0
0.003534
0
0
0.008696
0
0
0
0
0.011236
0.003759
0.007463
0.003676
0.00738
0.003717
0
0
0.003571
0
0
0
0
0
0.00303
0
0
0.002915
0
0
0
0
0
0.002532
0
0.007519
0
0
0
0.004963
0
0
0
0
0
0
0
0
0
0
0.002203
0.006637
0
0
0.002155
0.002141
0.002141
0
0.002132
0
0.006316
0
0
0
0
0.004065
0
0
0.00207
0
0
0
0.00211
0
0
0
0
0
0
0
0
0.002132
0.002146
0
0
0.002273
0
0.002232
0
0
0.006508
0.004405
0
0
0
0.002252
0
0
0
0
0
0.002342
0
0
0
0
0.002336
0
0
0
0.004598
0.004717
0.002273
0
0
0.002304
0.004515
0.004566
0
0.004474
0.002252
0.002262
0
0.004405
0.002179
0.004329
0
0
0
0.002105
0.002128
0
0
0
0
0
0.001992
0.006
0
0
0.004008
0
0.008048
0
0
0
0
0
0
0.006369
0
0
0
0
0.002101
0
0
0
0.002096
0
0.002075
0
0
0.002075
0.002037
0
0.002041
0
0
0
0.004132
0.002079
0.002062
0
0.002092
0
0.002053
0.010309
0.002053
0
0
0
0
0
0
0
0
0.006211
0.002066
0
0
0
0.006
0
0
0
0.003968
0.001934
0
0.001949
0
0.003891
0
0.005859
0.007576
0.001901
0
0
0
0
0
0.001862
0.00188
0
0
0
0
0
0
0
0
0
0
0
0
0
0
0
0
0
0.003831
0.005736
0.015296
0.005747
0
0
0.00189
0
0
0.00578
0.007692
0
0.001942
0
0
0.001976
0.003922
0.003937
0.005263
0
0
0
0
0.00202
0
0
0.002016
0
0
0
0.00404
0
0
0.002053
0.004107
0.00207
0
0
0
0.006438
0
0
0.002101
0
0.002193
0
0
0
0
0.004386
0
0.004515
0.006787
0
0
0.002347
0.002331
0
0
0
0
0.007177
0.004819
0
0
0.002532
0
0
0
0.002618
0.002618
0
0
0.002577
0
0
0.002551
0
0.002525
0
0.005128
0.005128
0
0
0.01173
0
0
0
0
0.009804
0.002439
0
0.004819
0
0.00237
0
0
0.002315
0
0
0
0.004598
0.002252
0
0.002198
0.002227
0
0
0
0
0
0.004329
0.002179
0.002083
0
0.00823
0
0
0
0.00211
0
0.002119
0
0
0
0
0
0
0
0
0
0
0
0
0.002358
0.002326
0
0
0.002203
0
0
0
0
0
0
0.002188
0
0.002247
0
0.00974
0
0
0
0
0.002141
0.002179
0
0.002132
0
0
0
0.002222
0.004376
0
0.004405
0.002179
0.002155
0
0
0
0.002169
0.004158
0
0
0
0
0
0
0
0
0
0.002141
0
0.002079
0
0.006073
0.002045
0
0.002041
0.002058
0
0
0
0
0.004016
0
0
0.00202
0.002024
0.004008
0
0
0
0
0
0
0
0
0
0
0
0
0
0
0
0
0
0
0.00381
0
0
0.001786
0
0
0.001733
0
0.001757
0
0
0.002198
0
0
0
0.001629
0.003252
0.003215
0
0.001603
0
0
0.001613
0
0
0.0032
0
0
0
0
0
0
0.001653
0
0
0
0
0
0
0
0
0.001754
0
0
0
0
0
0
0
0.001639
0
0.001623
0.001661
0
0.001724
0
0.001733
0.003521
0
0.003509
0
0
0
0.001736
0
0
0
0
0
0
0.00173
0
0.001721
0
0.001757
0
0.001718
0
0.001704
0
0
0
0.003521
0.001733
0
0
0.001786
0
0.001761
0
0
0
0
0
0
0
0.001821
0
0.001812
0.001805
0
0.003759
0
0
0
0
0
0
0
0
0.001832
0
0
0.001988
0.002083
0.001953
0
0
0
0
0
0
0.001887
0
0
0
0
0.001898
0
0
0
0
0
0
0.001942
0
0
0
0
0
0
0
0
0
0
0
0
0
0
0
0
0
0.001866
0
0
0.003683
0.005515
0
0.001799
0
0
0
0
0
0
0
0
0
0
0.001912
0.001942
0
0.001873
0
0.001825
0.001805
0.00365
0.003578
0.003578
0.001776
0
0.001761
0
0.003454
0
0
0
0.001736
0.001701
0.001712
0.001715
0
0.001706
0
0.001704
0
0.008306
0.003322
0
0
0.001616
0.001595
0.007962
0
0.001536
0
0.003077
0
0.004651
0
0
0.00149
0
0.00295
0
0
0
0
0.001451
0
0.001449
0
0
0
0
0
0
0.001437
0.001445
0
0
0
0.001453
0
0
0.00146
0
0.001443
0
0.002849
0.001418
0.001429
0.004298
0
0
0
0.001447
0
0
0.001462
0.001466
0.001464
0
0
0
0
0
0.001672
0
0
0.001642
0.001681
0
0
0
0
0
0
0
0.001689
0.00346
0.001698
0.001698
0
0
0
0.001672
0.001701
0
0.003284
0
0
0.003295
0
0
0
0.001631
0
0.001577
0.00159
0
0
0.003247
0.001631
0.001661
0.00165
0
0
0.001629
0.001656
0
0
0.001653
0.001661
0.001672
0
0
0
0
0
0
0
0
0
0
0.001855
0
0.003752
0
0.001805
0.001695
0
0
0
0
0
0
0
0.001786
0
0
0
0
0.001805
0.001805
0
0
0
0.001845
0.003724
0
0
0
0.001783
0.001786
0
0
0.003559
0.001812
0.001805
0
0
0.001894
0
0
0
0.001848
0.001873
0
0
0
0
0.001887
0
0.003802
0
0.00396
0
0
0
0
0
0.00189
0
0.001887
0.001859
0
0
0
0
0
0
0
0
0.003906
0.003868
0.001946
0.007812
0
0
0
0.001883
0
0.001927
0
0
0.001942
0
0
0
0.00189
0.001862
0.003676
0
0.001862
0
0.007576
0
0
0
0
0
0
0
0
0.001845
0
0
0.001862
0
0
0.001818
0.001838
0
0
0.00369
0.003711
0.001842
0
0
0
0
0.00369
0
0
0.005639
0
0.001883
0
0
0
0.001869
0
0
0.00381
0
0
0
0
0
0
0
0
0
0
0
0
0
0
0
0
0
0.001852
0
0
0.003745
0
0
0.001942
0
0
0
0
0
0
0
0.005792
0
0
0.001805
0
0
0
0
0
0
0
0.001832
0
0
0
0
0
0
0.001805
0
0
0.003663
0
0
0
0
0
0
0.001838
0
0.001828
0
0
0
0.001908
0
0
0
0.001786
0.003604
0.00363
0.001838
0
0
0.001818
0.001869
0.001931
0
0.001866
0
0.001919
0
0.005629
0.007407
0.007366
0.007286
0.001808
0.001799
0
0.005357
0
0.001821
0
0
0
0.003643
0
0.001754
0
0
0
0.001686
0
0
0
0
0.001695
0
0
0
0
0
0
0
0
0.00354
0
0.001727
0
0
0.00339
0.005208
0.001727
0.00349
0
0
0
0.001748
0
0
0
0
0
0
0
0
0.001842
0
0
0
0
0
0
0
0
0
0.001808
0.001776
0
0
0.001808
0
0.001821
0
0.001789
0
0
0.00189
0.003781
0
0
0.003817
0
0.001887
0.001905
0.007605
0.001912
0.001938
0
0.003883
0
0.003795
0
0.001894
0.001855
0
0
0
0
0
0
0
0
0
0
0
0
0
0
0.001961
0
0
0
0.002083
0.006316
0.002155
0.002141
0
0
0
0
0.002439
0
0
0
0
0
0
0
0.002597
0.002597
0
0
0
0
0.002151
0
0
0
0
0
0.004367
0
0
0
0
0.002336
0
0
0.002353
0
0.004739
0.002398
0.002347
0
0.002331
0.002304
0.004556
0.002262
0.00232
0.002299
0
0
0
0.004444
0
0
0
0.004587
0
0
0.005249
0
0
0
0.002212
0
0
0
0
0
0
0
0
0
0
0
0
0
0
0
0
0
0
0
0
0
0
0
0
0
0.002137
0
0
0
0
0
0
0
0.004367
0
0
0
0
0
0
0.002222
0
0
0
0
0
0
0.002146
0
0.004237
0
0.002151
0.002151
0.002155
0
0
0
0
0
0.002247
0
0
0
0.002288
0
0
0.002123
0.002075
0
0
0
0.004237
0.002132
0
0
0
0
0.002146
0
0
0.005952
0
0
0
0.004149
0
0
0.00202
0
0
0
0
0.002053
0.00303
0.002058
0
0.001976
0.003883
0.003883
0
0
0
0.001992
0
0.002016
0.002028
0
0.00202
0
0
0.002058
0
0
0.002028
0
0
0.001942
0
0.001969
0
0
0.00198
0
0
0
0.002033
0.002028
0
0
0
0
0
0.003839
0.003846
0
0
0
0.001862
0.005629
0.001869
0
0.001866
0
0.001859
0
0.001808
0
0
0
0
0
0.001751
0
0
0
0
0.001739
0
0.001783
0.005376
0
0
0
0
0
0.001825
0
0
0
0
0
0
0
0
0
0
0.00177
0
0
0
0.003717
0.014898
0
0
0
0
0.001908
0.001908
0
0
0
0
0
0
0.001988
0
0.006012
0.002075
0
0.008351
0
0
0
0.002119
0.002141
0.002165
0
0
0
0.00216
0
0
0
0
0
0
0
0
0
0.006224
0
0
0.002141
0
0
0.002128
0
0.002123
0
0
0
0
0
0
0.002169
0.002193
0
0.002342
0
0
0
0
0.002165
0
0
0
0
0
0
0
0.002294
0.002347
0
0
0
0.004878
0.002463
0
0
0.005
0.002469
0
0
0
0
0
0.002421
0
0
0
0
0.002439
0
0
0
0
0
0
0
0.002232
0
0
0
0
0
0.008989
0
0.002326
0.002268
0
0.002247
0.002278
0
0.006803
0
0.002257
0
0
0
0
0.006479
0
0.004274
0
0
0.002179
0
0
0.002183
0
0
0
0
0
0
0.002101
0
0.002114
0
0
0.002088
0
0.002066
0.00211
0
0.002083
0.00216
0
0.00404
0.002033
0
0
0.001988
0
0
0
0.001938
0
0
0
0
0.002045
0
0.00198
0.005894
0.003968
0
0
0
0
0.015686
0
0.001946
0.001953
0
0.001916
0
0
0
0.003854
0.003824
0
0
0.001972
0
0.001938
0
0
0
0.001942
0.001969
0
0
0
0
0
0
0.001931
0
0.001883
0.005693
0.003766
0.001848
0
0.003656
0
0.001815
0.005474
0.00363
0
0
0
0
0
0
0.001733
0
0.001751
0
0
0.001698
0
0
0.001686
0.001661
0.001645
0
0.001639
0.003226
0
0
0
0.003279
0
0.001656
0.0033
0.001667
0.006656
0
0.001698
0
0.001661
0
0.001712
0
0
0
0.005172
0.00173
0
0
0
0.001718
0
0
0.00349
0.001733
0
0.001745
0
0
0
0.001855
0.001876
0.003759
0.003745
0.001869
0.003802
0
0.001898
0.001898
0
0.003876
0
0.001916
0
0
0.001894
0
0.001923
0.001942
0.007752
0
0.001946
0.001969
0.001976
0.002024
0
0
0
0
0
0
0
0
0.002008
0
0
0
0.001992
0.001992
0
0
0.001992
0
0.001969
0
0.001976
0.001976
0.00198
0
0.003846
0.003945
0.003854
0.007576
0.003731
0
0
0
0
0
0
0
0
0
0
0
0
0
0
0
0.001764
0
0
0
0.001754
0.005263
0
0
0
0.003431
0
0.003367
0.001681
0
0
0
0
0
0
0.001626
0.001613
0.00321
0
0.003236
0.003215
0.001597
0.004739
0.001577
0.001587
0
0
0
0.001522
0
0.003072
0.001517
0
0
0
0
0
0.00149
0
0
0
0
0.003026
0
0.001524
0.001543
0
0
0.001592
0.001587
0
0.005155
0
0
0
0
0
0.001608
0
0
0.001639
0
0
0
0
0
0
0.003597
0.001776
0.001792
0
0
0
0.001898
0
0
0.001876
0
0
0
0
0.00198
0.002008
0.002062
0
0.002092
0
0
0
0
0
0
0
0
0
0.002165
0
0
0
0.002193
0
0
0.002193
0
0
0
0
0.002278
0
0
0
0
0
0
0
0
0
0.002445
0
0
0
0
0
0.005089
0
0
0.002611
0
0.002618
0.00266
0.002703
0.002732
0
0.002725
0
0
0
0.002786
0
0.002825
0
0.002809
0.005525
0.005391
0.00813
0.008086
0
0
0
0
0
0
0.002695
0.005376
0.00551
0
0
0
0
0.002703
0.005587
0
0
0.002899
0
0
0.002882
0
0
0
0
0
0
0.002817
0
0.005666
0
0.002762
0
0
0
0.002915
0.003165
0.006623
0
0.006309
0.021368
0
0
0
0.002725
0
0
0.002725
0
0.002725
0
0
0
0
0
0
0
0.002762
0.002762
0.002786
0.002762
0.00274
0
0.005618
0.00554
0
0
0
0
0
0
0
0
0.00266
0.002674
0
0
0.002571
0.005128
0.002564
0.002571
0.002538
0.002488
0
0.004902
0
0
0.002494
0
0
0
0
0
0
0
0
0
0.002299
0
0.002336
0
0
0
0
0
0
0
0
0
0
0
0
0
0.002353
0
0
0.004728
0.00463
0
0.002358
0
0
0
0
0
0
0
0
0.002433
0.002415
0.002457
0
0
0
0
0.002375
0
0
0
0.002347
0
0.002326
0.004662
0
0
0
0.004651
0.002326
0.006928
0.002364
0
0
0
0
0
0.002232
0.002188
0
0.002208
0.002188
0
0
0.00216
0.002179
0
0
0.002217
0
0.002188
0
0
0
0
0
0
0.002208
0.002227
0
0.004515
0
0
0.002165
0
0
0
0
0.002062
0
0.003937
0
0
0
0
0
0
0
0.001992
0
0.002012
0.002
0
0.001984
0.002012
0
0
0
0.002088
0
0.002132
0
0.002123
0.006316
0.008421
0
0
0
0
0
0
0.004098
0.002092
0
0.00216
0
0.00597
0
0.00207
0.002037
0
0
0.002028
0
0
0.002053
0.002041
0
0
0
0.002092
0.002079
0
0
0
0
0.001946
0
0
0
0
0
0.013158
0
0
0
0
0.001901
0
0
0
0
0
0
0
0.003717
0
0
0
0.001821
0
0.003697
0.005505
0.001825
0
0
0
0
0
0.001825
0.001838
0.00565
0
0
0
0
0
0
0
0.001779
0.003571
0.001733
0
0
0.001773
0
0
0
0
0
0
0
0
0.001745
0
0.001712
0
0
0
0
0
0
0
0
0
0
0.003591
0.001812
0
0.005445
0
0.003552
0
0.001845
0
0
0.003697
0
0.001859
0
0
0
0
0.001919
0
0
0
0
0.001916
0.001938
0
0
0
0
0
0.002012
0.002024
0.002037
0
0
0
0
0
0.002114
0
0
0
0
0
0
0.002119
0
0
0.002105
0.002288
0
0
0.012788
0.002132
0
0.002203
0
0
0.004545
0
0
0
0
0
0
0
0
0.005405
0
0
0
0
0
0
0
0
0
0
0
0
0
0
0
0
0.004444
0
0
0
0
0
0
0.005128
0
0.030612
0
0
0
0
0
0
0
0
0.04
0.04
0
0.04
0
0
0
0
0
0
0.002874
0
0
0.002674
0.002584
0
0
0
0
0
0.002475
0
0
0
0
0
0
0
0
0.002463
0.002506
0
0
0
0
0
0
0
0
0.002632
0
0
0.002283
0
0
0.002217
0.002217
0.002257
0
0
0
0
0.002188
0.002174
0
0
0
0
0
0
0
0
0
0
0
0
0
0
0.002513
0.006803
0
0
0
0
0
0.010101
0
0.006192
0
0
0.002976
0
0
0
0
0
0
0
0
0
0
0
0
0
0
0
0
0
0.006024
0
0
0
0
0
0
0
0
0
0
0
0
0
0
0
0
0
0
0.004425
0
0
0
0
0
0
0
0
0
0
0
0
0
0
0
0
0
0
0
0
0.003968
0
0
0.003774
0
0
0.002994
0
0
0
0
0
0
0
0
0
0
0.003145
0
0.004854
0
0
0
0
0
0.003205
0
0
0.003401
0
0
0
0
0.004902
0
0
0
0
0
0.003846
0
0
0.003861
0
0
0
0
0
0.003448
0
0.007117
0.003145
0
0
0
0
0
0
0
0
0
0
0
0
0
0.002755
0
0
0
0
0.002639
0
0
0.002577
0
0
0.005128
0
0
0.002591
0
0.002703
0
0
0.002597
0
0
0
0
0
0
0
0
0
0
0
0.002899
0.002933
0
0
0.003106
0
0
0.00346
0.003861
0.006329
0
0
0.006849
0.006579
0
0
0
0
0
0
0
0
0
0
0
0
0
0
0
0
0
0
0.00463
0.009524
0.004926
0
0
0
0
0.007246
0
0
0
0
0
0
0
0
0
0
0
0
0
0
0.013158
0
0
0.022727
0
0
0
0
0
0
0
0
0
0.021898
0
0
0
0
0
0.006452
0
0
0
0
0
0
0
0
0
0
0.005435
0
0
0.004854
0
0
0
0
0
0
0
0
0
0
0
0
0
0
0
0
0
0
0
0
0
0
0
0
0
0
0
0
0
0
0
0
0
0
0
0
0
0
0
0
0
0
0
0
0
0
0
0
0
0
0
0
0
0.005865
0
0
0
0
0
0
0
0
0.005208
0.002703
0
0
0
0
0.00277
0.003175
0
0
0
0
0.002433
0
0.00232
0.002247
0
0.002119
0.002083
0
0
0
0
0.001953
0
0
0
0
0
0
0
0.001859
0
0
0
0
0
0.003802
0
0.001876
0
0.005693
0
0
0
0.005263
0
0.001953
0
0
0
0.003766
0.00189
0
0
0
0
0
0
0.003854
0
0
0
0.005556
0
0
0
0
0.00211
0
0.002985
0
0
0
0
0
0
0
0
0
0.004926
0
0
0
0
0
0.002141
0.004211
0.002128
0
0
0
0
0
0
0
0
0
0
0
0
0
0
0.004184
0
0
0
0
0
0
0.002198
0.005128
0
0.002494
0.004926
0
0.002232
0.002101
0.002062
0
0
0
0
0.002049
0
0
0.002058
0
0
0
0
0
0
0.00211
0
0
0
0.002237
0
0.023669
0
0.029255
0
0
0
0
0
0
0
0
0
0
0
0
0
0
0.00369
0
0
0
0
0
0
0
0
0
0
0
0.003968
0
0
0.003195
0
0
0
0.00232
0
0.002273
0
0
0.002315
0
0
0.008547
0
0.002353
0.004566
0
0
0
0
0.002237
0
0
0
0.002597
0
0
0
0
0
0
0
0
0
0
0
0.002
0.005917
0.001923
0
0.001894
0
0.001901
0
0.001927
0
0
0
0.001992
0
0
0
0.005906
0
0.00396
0
0
0
0
0
0
0.001855
0.001842
0
0.001869
0
0.003766
0.001898
0
0.005505
0
0
0
0
0
0
0
0
0
0
0
0.001757
0.001773
0
0
0
0.003356
0.001664
0
0.001639
0.001645
0
0
0.003247
0
0
0
0
0
0.002217
0
0
0.001629
0
0
0
0
0
0
0.001642
0
0
0
0
0
0
0
0
0
0
0.003373
0
0.003436
0
0.001706
0.003431
0
0.001715
0
0
0.001686
0
0.001733
0
0
0
0.001745
0
0
0
0
0
0
0
0.002198
0
0
0.002041
0
0.002119
0.004556
0
0
0
0
0.001992
0
0
0
0.001969
0
0
0.00655
0
0
0.002062
0.002053
0
0.002151
0.00216
0.002165
0
0
0
0
0
0
0
0.002242
0
0.003003
0.003817
0
0
0
0
0
0
0
0
0.002262
0
0
0
0
0.002155
0
0.002096
0
0
0
0
0
0
0
0
0
0
0
0
0.002037
0
0
0
0
0
0
0
0
0
0.004032
0
0.001988
0
0
0
0
0
0
0
0.002028
0.004202
0
0
0
0
0
0
0
0
0
0.002016
0
0
0.002066
0
0.005013
0
0
0.005013
0.002283
0
0
0
0
0.001894
0.00369
0
0
0.001859
0
0.001838
0.001862
0
0
0
0
0
0
0.007092
0
0.001709
0.001724
0
0.005245
0
0.001748
0
0
0
0
0
0
0
0
0.001715
0.00346
0.001727
0
0.001764
0
0.00177
0.001754
0.003515
0
0
0
0
0.001873
0.003824
0.007264
0
0
0
0
0
0
0
0
0
0
0
0
0.002062
0.002222
0.014019
0
0.002075
0
0.004193
0
0
0.002101
0
0
0
0
0
0.002237
0.002222
0.002247
0
0.002252
0.004785
0
0
0
0
0
0
0.004651
0
0
0
0.002309
0
0
0
0.002381
0
0
0.00277
0.002481
0
0.002358
0
0
0
0
0
0.007435
0
0
0.002283
0.002304
0
0
0
0
0
0
0.004684
0
0
0
0
0
0
0.002304
0
0.002331
0
0
0
0.002353
0
0
0
0.002294
0
0
0
0
0
0
0
0
0
0
0
0
0
0
0.003846
0.002538
0
0
0
0
0.002268
0
0
0
0
0
0
0.002146
0.004405
0
0
0
0
0
0
0
0
0
0
0.00818
0.006085
0
0
0
0.004049
0
0.002016
0
0
0.002008
0
0
0
0
0
0
0
0
0
0
0.002045
0.002053
0
0.004115
0.002028
0.00202
0.004124
0.002053
0.006276
0.002079
0
0
0
0.002079
0
0
0
0.002137
0
0.004274
0.002146
0.002146
0.004202
0
0
0
0
0.002033
0
0
0
0.002183
0
0
0
0
0
0
0
0
0
0
0.001905
0.001883
0.001876
0.001901
0
0
0.003704
0.001859
0.003676
0.001845
0.001832
0
0.001842
0
0
0.001912
0
0.00381
0
0
0
0.00188
0.001883
0
0.00189
0.001869
0
0
0
0
0
0
0
0
0.001949
0.004016
0
0.004124
0.002049
0
0
0
0
0
0.002217
0
0.00304
0
0
0.002179
0
0
0
0
0.004274
0
0
0
0
0
0
0.002227
0
0
0.004357
0
0
0.002232
0
0
0.002288
0
0
0
0
0.002342
0
0
0
0
0.004963
0
0
0
0.002584
0
0
0.005391
0
0
0
0
0
0.002793
0
0
0
0
0
0
0
0.002762
0
0.002703
0
0.00271
0.002725
0
0.002717
0.005405
0
0
0
0
0
0
0
0
0
0.002732
0
0
0
0
0.002874
0.00289
0
0.002833
0
0
0
0
0
0.002591
0
0.005013
0
0.002545
0
0
0
0
0
0
0
0.002364
0
0.002392
0.002381
0
0
0
0
0.008902
0
0
0
0
0
0
0
0
0
0
0
0.002387
0
0
0.01005
0.002421
0
0
0
0
0.003096
0
0
0.002232
0
0
0
0
0
0.002283
0
0
0
0.002203
0
0
0
0
0
0
0
0
0
0
0
0
0
0.004132
0.002075
0
0
0
0.00211
0.00216
0.00432
0.002203
0
0
0.004405
0
0
0.002336
0
0
0
0
0
0
0.003937
0
0
0.004098
0
0
0
0
0
0
0
0
0
0
0
0.007722
0
0
0
0
0
0
0
0
0
0.00369
0
0
0.016529
0
0.014493
0
0
0.006579
0.003745
0
0
0
0
0
0
0
0
0
0
0
0
0
0
0
0
0
0.002457
0
0
0
0
0
0
0
0
0
0
0.003534
0
0
0
0
0
0
0
0
0
0
0
0
0
0
0
0
0
0.00289
0
0
0.001835
0.001859
0
0
0
0
0
0.001842
0
0.006061
0.001901
0.001873
0
0.001789
0
0.001754
0
0.003484
0
0.003448
0.004167
0
0
0
0
0
0.001669
0.001664
0.001664
0
0
0.001686
0
0
0
0
0
0
0
0
0
0.001686
0
0
0
0
0.001701
0.001715
0.001698
0
0
0
0
0.007117
0
0
0.001776
0
0.001815
0.001783
0
0
0
0
0.001976
0
0
0
0
0.001887
0
0.001965
0
0
0
0
0.006073
0
0.002062
0.001965
0.011086
0.005797
0
0
0
0
0
0
0
0.001992
0
0.002101
0
0
0
0
0
0
0
0
0
0
0
0.002203
0.002232
0.002273
0.002294
0
0
0
0
0.002421
0
0
0
0
0
0.005479
0
0
0
0
0
0
0
0
0
0
0.003077
0
0
0
0
0
0.003086
0
0
0
0
0
0
0
0
0
0
0
0
0
0
0
0.015038
0
0
0
0
0
0
0
0
0
0
0
0
0
0
0
0
0
0
0
0
0
0
0
0.002571
0
0
0
0
0
0.003247
0
0
0
0
0
0
0
0
0
0.002381
0
0
0
0
0
0.002439
0
0
0
0
0
0
0
0
0
0
0
0
0
0
0
0
0.003155
0
0
0
0.002114
0
0
0
0
0.002105
0.002123
0.002114
0.002151
0
0
0
0
0
0
0
0
0.00211
0.002092
0
0.004283
0.002151
0
0
0.002165
0
0.002262
0
0
0.005249
0
0
0.002732
0
0
0.005495
0
0
0
0.002237
0
0
0.002141
0
0
0.00216
0.004348
0
0.002101
0
0
0.002096
0.002146
0
0
0.002132
0
0
0
0
0
0.00216
0.002193
0
0
0.002237
0
0
0
0
0
0
0.002268
0
0
0
0.002198
0
0
0
0
0.002165
0
0
0
0
0.002257
0
0
0
0.002092
0
0.003049
0.002008
0
0
0
0
0
0
0
0
0
0
0.001873
0.001869
0
0
0
0
0
0.001873
0
0
0
0.001866
0
0
0
0.005236
0.001815
0
0
0.001724
0
0
0
0
0
0.00173
0.001733
0
0.001754
0
0
0
0
0
0
0
0.001667
0
0
0
0
0
0
0
0
0
0
0
0.001718
0.001751
0
0
0
0
0
0
0
0.003478
0
0
0
0.001745
0
0
0.001845
0
0
0
0.001852
0.001825
0
0
0.001802
0
0
0
0
0.001815
0
0
0
0
0
0
0
0
0
0
0
0
0
0
0.002028
0
0.002016
0
0.00211
0
0
0
0
0
0
0
0
0
0
0.002445
0
0
0
0
0
0
0
0
0
0.002336
0
0
0
0
0
0
0.002062
0
0
0
0
0
0.001984
0
0
0
0
0
0
0.002079
0.002169
0
0
0
0.001855
0
0
0.001825
0
0
0
0
0
0.001845
0
0
0.001838
0
0.001852
0
0
0
0
0.00367
0
0
0
0
0
0
0
0
0
0
0.001739
0
0
0
0.001825
0
0
0
0
0
0
0.001706
0
0
0
0
0.001684
0.001681
0
0.005128
0
0.001675
0
0
0
0.001597
0
0.003247
0
0
0.00158
0
0.002257
0
0
0
0
0
0
0.001443
0
0
0.001431
0.004237
0.00141
0.001414
0
0
0
0
0
0
0
0
0.001376
0
0.00135
0.001326
0.001401
0.001431
0.002789
0
0
0.001316
0
0
0
0.001339
0.001368
0
0
0.004038
0.001326
0
0.001486
0
0
0.001393
0
0.001393
0
0
0
0.002941
0.002911
0.002878
0
0
0
0.003035
0.002994
0
0.00146
0
0
0
0
0
0
0
0
0.00292
0
0
0.001779
0
0.003008
0
0
0
0
0
0.001403
0.002797
0.001397
0.001404
0
0
0.001433
0
0
0
0.002941
0
0.001486
0
0.001522
0.001529
0
0.003125
0.003091
0
0
0
0
0
0
0
0
0.001761
0.003559
0
0
0.003704
0
0
0
0
0
0.001799
0.003552
0
0
0
0.003413
0
0.003466
0.001757
0.001751
0
0.00354
0.001727
0
0.00173
0
0
0
0
0
0
0.001773
0.001805
0
0
0
0
0.003454
0
0
0
0
0.001704
0
0
0
0
0
0
0.001675
0
0
0.001664
0
0.001656
0
0.001642
0
0.001613
0
0
0.001642
0
0
0
0
0
0.001764
0
0.001873
0.002137
0
0
0
0
0
0
0
0
0
0.001866
0
0.001901
0
0
0.003356
0
0
0
0.004662
0
0.00216
0
0
0
0
0
0
0.003922
0
0
0
0.001873
0
0.001873
0
0
0.001852
0.001883
0
0
0
0
0.001927
0
0.001942
0
0
0
0
0
0
0
0.007984
0
0
0.002083
0
0
0
0
0
0
0
0
0
0
0.00404
0
0.00207
0
0
0
0
0
0
0
0
0.002092
0.002151
0.002198
0
0.002967
0
0
0
0
0
0
0
0
0
0.004662
0
0
0
0
0.004717
0.002481
0.007407
0
0.002882
0
0
0
0
0
0
0
0
0
0
0
0.005128
0
0
0
0.00266
0
0
0.002558
0
0.002538
0
0
0
0
0
0
0.002688
0
0.00271
0
0
0
0
0
0
0
0
0
0.003096
0.009836
0
0
0
0
0
0.003096
0
0
0
0
0.026415
0
0
0
0.002793
0
0
0.002762
0
0.002695
0
0
0
0
0
0.002519
0
0
0
0
0
0.002404
0.002433
0
0
0.002433
0
0.002392
0
0
0
0.002463
0
0.002469
0
0.002475
0
0
0
0
0
0
0
0
0
0
0
0.002558
0.005128
0
0
0
0
0
0
0
0
0
0
0
0
0
0.005714
0
0
0
0
0
0
0
0.002375
0.002375
0
0.004773
0
0
0
0
0
0
0
0.003165
0
0
0
0
0
0
0
0.002294
0
0
0
0
0
0.002315
0
0
0.002457
0.002427
0
0.007075
0.009368
0.004619
0.002278
0.002326
0
0
0
0
0
0.002445
0
0.002439
0
0
0
0.004796
0.002463
0.002469
0
0.002427
0
0.002445
0
0.002488
0.002551
0
0
0
0.002463
0
0
0
0
0
0
0
0
0.007426
0
0
0
0
0
0
0
0.002488
0.002532
0
0
0
0
0
0
0.75
0
0
0
0
0
0.00277
0
0
0
0.005089
0.002545
0
0
0
0.002445
0
0
0.002387
0
0
0.006849
0
0
0
0.002294
0
0
0
0
0
0
0
0
0.00211
0
0
0
0
0
0
0
0
0
0
0
0
0
0.002045
0
0
0
0
0.004386
0.006211
0
0
0.002037
0
0
0.002079
0
0
0.00216
0.002058
0
0
0
0
0.002079
0
0
0
0.002041
0.002012
0
0
0
0.002033
0
0.004098
0
0.002119
0
0.002037
0.002012
0
0
0
0
0
0
0
0
0
0
0
0.002404
0.002062
0
0
0.001866
0
0.001852
0.003704
0.001832
0
0
0
0
0
0.001789
0.001779
0
0.001724
0.001715
0
0.001695
0
0.001692
0
0
0.001689
0.001709
0
0
0
0.001692
0
0
0
0
0.001647
0
0
0.003378
0
0
0.003854
0
0
0.001664
0
0
0
0
0.003311
0
0
0.001656
0
0
0
0
0
0
0
0
0.001575
0
0
0
0
0
0.001605
0
0
0.001631
0
0.003231
0
0.00159
0
0
0
0.001553
0.001563
0.001555
0
0
0
0.001626
0
0
0
0
0
0
0
0.001678
0.003378
0.001695
0.001706
0.001739
0.001721
0
0.005172
0
0
0
0.003527
0.001802
0.001832
0.003591
0
0
0.003552
0.001802
0
0.001848
0
0
0
0.001859
0
0.003759
0
0.001848
0.001859
0
0
0
0.001898
0.001901
0
0.001842
0
0.001923
0
0
0
0
0
0.001957
0
0
0
0
0
0
0
0
0
0
0.004175
0
0.002208
0
0
0
0
0
0.002016
0
0
0
0
0.002088
0
0
0.002146
0
0.002114
0.002114
0.002079
0
0
0
0
0
0
0
0
0
0
0
0
0
0
0
0
0.002105
0.002128
0.002088
0
0
0
0.002132
0
0
0
0
0.002227
0
0.002227
0
0.002165
0
0.002128
0
0.004357
0.00216
0
0
0
0
0
0.002105
0
0
0
0.002083
0
0
0
0
0.002105
0.002062
0
0
0
0
0
0
0
0.002045
0
0
0.002033
0
0
0
0.004073
0.002088
0
0
0.002105
0
0
0
0
0
0
0.003559
0
0
0
0
0
0
0
0
0
0
0.003876
0
0
0
0
0
0
0
0
0
0
0
0
0.004264
0.00431
0
0
0
0
0
0
0
0
0
0
0
0
0
0
0
0
0
0
0
0
0.002105
0
0
0
0
0
0.002075
0.002096
0
0
0.002083
0
0.004073
0
0
0
0
0
0
0
0
0.002119
0
0
0
0
0
0
0
0
0.004357
0
0
0
0
0
0
0
0
0
0
0.002427
0
0
0.005038
0
0
0
0
0
0
0
0
0.007634
0.002959
0
0.002874
0
0
0.017241
0.008021
0
0
0
0.002639
0.002625
0
0
0
0
0.005249
0.002604
0
0.002545
0
0
0.002632
0.002747
0
0
0
0
0.002433
0
0
0
0
0.002427
0
0.002381
0.002392
0
0.002364
0.004684
0
0
0
0
0.002299
0
0.002262
0.002217
0
0.00216
0
0
0
0
0.002141
0.002141
0.00432
0
0.002137
0.002146
0
0.004292
0
0
0
0
0.002193
0
0
0
0
0
0
0
0
0
0
0
0
0
0
0
0
0.002469
0.006006
0
0
0
0.002331
0.002404
0
0
0
0.002336
0
0.007576
0
0
0.002262
0
0
0.002257
0
0.002358
0.007353
0
0
0
0
0
0
0
0
0.004695
0
0.002079
0
0
0.002053
0.002058
0
0
0
0.002092
0
0
0
0
0.002165
0
0
0
0.002193
0
0
0
0.002732
0
0
0
0
0.002247
0
0
0
0
0
0
0.002183
0
0
0
0
0
0
0
0
0
0
0
0
0.006757
0
0
0.002075
0.002079
0
0.002066
0
0
0.003509
0
0
0
0
0
0
0
0
0
0
0
0
0.004175
0
0.001931
0.003824
0
0
0
0
0.001838
0
0.001845
0
0
0
0
0
0
0.003559
0
0
0
0
0.00361
0
0.001776
0.005272
0
0
0
0
0.001745
0
0
0
0
0
0.001812
0.00367
0
0
0
0
0
0
0
0.002012
0.002062
0.002513
0.004975
0
0.002538
0
0
0.00211
0
0
0
0
0
0.002016
0
0
0
0.004008
0
0
0
0
0
0.002198
0
0
0.002169
0
0.002309
0
0.002398
0.005222
0
0.004695
0
0
0
0
0
0
0.004673
0
0
0
0
0
0
0
0
0
0
0
0
0
0
0
0
0
0
0
0
0.002584
0
0
0.003003
0
0
0
0
0
0
0
0
0.002618
0
0
0
0.002513
0.002525
0.002445
0
0
0
0.002451
0
0
0
0
0.003717
0
0
0
0.002326
0.002257
0
0
0
0
0
0
0.002288
0
0.002203
0
0
0
0
0.002079
0
0.002114
0
0
0
0
0
0
0
0
0
0.006424
0.00211
0.002092
0.002058
0
0.00409
0.004926
0
0
0.025078
0
0
0.002096
0.002058
0
0
0
0
0
0
0
0.001949
0.001961
0.001957
0.001942
0.001946
0
0.001946
0
0
0
0
0
0
0
0
0.001919
0.003968
0.002817
0
0
0
0
0.001898
0
0
0
0
0
0
0
0
0
0
0.001919
0
0
0
0
0
0
0
0
0
0
0.002114
0
0.002232
0
0
0
0.002793
0
0
0.002857
0
0
0
0
0
0
0
0
0
0
0
0
0.002571
0.002532
0.002577
0
0
0
0
0.003003
0.00625
0
0
0
0
0
0.049327
0.004525
0.004292
0.005435
0.003984
0.003125
0
0
0
0
0.002632
0
0.00274
0
0
0
0
0.002347
0.002315
0
0.006881
0.002252
0
0
0
0
0
0
0
0
0
0
0.001946
0
0
0
0.001908
0.001901
0
0.00189
0
0
0.001866
0.001866
0.003711
0
0
0
0
0
0.001818
0
0
0
0.005076
0
0
0
0
0.001802
0.001805
0
0.001799
0.003617
0.001818
0
0
0.001825
0
0.005941
0.001821
0
0.001792
0.001751
0.001754
0
0
0
0
0.001901
0
0
0
0
0
0
0
0
0
0
0
0
0
0
0.001742
0
0
0
0
0.001661
0
0
0.001678
0
0
0
0
0
0.001698
0.001681
0
0
0
0
0
0
0
0
0
0
0
0
0
0
0
0.001761
0.010395
0
0
0.002088
0
0.001852
0.001828
0
0
0
0
0.003546
0
0.001828
0
0
0
0.001894
0
0
0
0.001862
0
0
0
0
0.003795
0
0
0
0
0
0
0
0
0
0.001786
0
0
0.001776
0.001736
0.001709
0.001686
0.003317
0.001678
0
0.001642
0
0
0.001689
0
0.001681
0
0
0
0.001695
0
0
0.001698
0.001681
0
0
0
0
0.001686
0.001704
0.001733
0.001799
0.001815
0.01432
0
0
0
0
0
0
0
0
0.001832
0.001848
0
0
0
0
0
0
0.001927
0
0
0
0
0
0
0
0
0.006329
0
0
0
0
0
0
0
0
0
0
0
0.002165
0.002123
0
0
0
0
0
0
0
0.002183
0.002169
0
0.002309
0.007426
0.002237
0.002232
0
0
0
0
0
0
0
0
0
0
0
0
0
0
0
0.002809
0
0
0.003205
0
0
0.005935
0.002941
0
0
0
0
0
0
0.00295
0
0
0
0
0
0.003155
0
0
0.003367
0
0
0
0
0
0
0
0
0.003906
0
0.003817
0.003876
0
0
0
0
0
0.004673
0.008065
0
0
0
0
0.004237
0
0
0
0
0
0
0
0
0
0
0.004219
0
0.004082
0
0
0
0
0
0
0
0
0
0
0
0
0
0
0
0
0
0
0
0
0
0
0
0
0
0
0
0.003774
0
0.003774
0
0
0
0.008097
0
0.004329
0
0
0
0
0
0
0
0.005435
0
0
0
0
0
0
0.01
0
0
0
0
0
0
0
0
0
0
0
0
0
0
0.008264
0
0
0
0
0
0.009174
0
0
0
0
0
0
0
0
0
0
0
0
0.007463
0
0
0
0
0
0
0
0
0
0
0
0
0
0
0
0
0
0
0
0.017544
0
0
0
0
0
0
0
0
0
0
0
0
0
0
0
0
0
0
0
0
0
0
0
0
0
0
0
0
0
0
0
0
0
0
0
0
0
0
0
0
0
0
0
0
0
0
0
0
0
0
0
0
0
0
0
0.013333
0
0
0
0
0
0
0
0
0
0
0.010101
0
0
0
0.009009
0.00885
0
0
0
0
0
0
0
0
0
0
0
0.006623
0
0
0
0
0
0
0.005882
0
0
0
0
0
0
0
0
0
0
0
0
0
0
0
0
0
0
0
0
0.004926
0
0
0
0
0
0
0
0.004202
0
0
0
0
0.004762
0
0
0.004149
0
0
0
0
0
0.004202
0
0
0
0
0
0.003571
0
0.003584
0
0
0.003436
0
0
0
0
0
0
0
0
0
0
0
0.002667
0
0
0.010959
0.005208
0
0.002513
0
0
0.002331
0
0
0
0
0.002183
0
0.00216
0
0
0
0.002053
0
0
0
0.002075
0.00211
0
0
0
0
0
0
0.002155
0.002198
0
0
0.006452
0
0
0
0
0
0
0.007143
0
0.003623
0
0
0
0.002404
0.002331
0
0
0
0
0
0.004386
0
0
0
0
0
0
0
0
0
0
0
0
0
0
0
0
0.002151
0.002165
0.008565
0
0
0
0.002092
0
0
0
0
0
0
0
0
0
0
0
0
0
0
0.004149
0
0
0
0
0.00202
0
0
0.00396
0
0.001976
0.001976
0
0
0
0.002012
0.001969
0
0.001931
0
0.001908
0
0.003945
0.001957
0
0
0
0
0
0
0
0
0
0
0.001965
0.003968
0
0
0.002016
0.002053
0
0
0
0.004167
0
0
0
0
0
0
0.011111
0
0
0
0
0
0
0
0
0
0
0
0
0.002618
0
0
0
0.002294
0
0
0
0
0
0.002165
0.00431
0
0
0.00216
0
0
0
0
0.002058
0
0.00207
0
0
0
0
0.001996
0
0
0
0
0
0
0
0.002165
0
0.002183
0.002222
0.006696
0
0.002247
0
0
0
0
0.002421
0
0.002404
0.004831
0
0
0
0
0.002488
0
0
0
0.002551
0.002564
0.002538
0.002545
0
0
0
0
0
0.002639
0
0
0.002717
0
0
0
0
0
0.002778
0.002747
0
0
0.002778
0
0
0
0
0
0.002786
0
0
0.002732
0
0.002717
0
0
0
0
0.00266
0
0
0
0
0
0
0
0
0
0
0
0
0
0
0
0
0
0
0
0.002755
0
0
0.002755
0
0
0.003745
0
0
0
0
0
0
0
0.002513
0.0025
0.0025
0
0
0
0
0
0
0
0
0.002331
0.002309
0
0.002288
0.002288
0
0.002299
0
0
0.004435
0
0.002227
0
0.004545
0
0.002347
0
0
0.00241
0
0
0.002427
0
0
0
0
0
0
0.002475
0
0
0
0
0
0
0
0
0.002532
0
0
0.002551
0
0
0.002732
0
0
0
0.002865
0
0
0
0
0
0
0
0
0
0.003106
0.003135
0
0
0
0
0.003247
0
0
0.006579
0
0
0
0
0.003509
0
0
0.003521
0
0
0
0
0.003559
0
0.003759
0
0
0
0
0
0.004202
0
0
0
0
0.004405
0
0
0
0
0
0
0
0.004587
0
0
0
0
0
0.006329
0
0
0
0
0
0
0
0
0.005348
0
0.005464
0
0
0
0.005917
0
0
0
0
0
0
0
0
0
0
0
0
0
0
0
0
0
0
0
0.01087
0.010309
0
0
0
0
0.014085
0
0
0
0
0
0
0
0
0
0
0
0.125
0.5
0
0
0
0
0
0
0
0
0
0
0
0
0
0
0
0
0
0
0
0
0
0
0
1
0
0
0
0
0
0
0
0
0
0
0
0
0.007692
0
0
0
0
0
0
0
0
0
0
0
0
0
0
0
0
0.006024
0
0
0
0
0
0
0
0
0
0
0
0
0
0
0
0
0
0
0
0
0.003521
0
0
0
0
0
0
0
0
0
0.002985
0
0
0.002933
0
0
0.003195
0
0
0
0
0
0
0
0.002481
0
0
0
0
0
0
0
0.002326
0
0
0
0
0
0.002232
0
0
0
0.002141
0.002155
0
0.002222
0
0
0
0
0.002075
0
0
0
0.001992
0.00198
0
0
0
0.002155
0
0
0.001883
0
0
0
0
0
0.003752
0.001883
0
0
0
0.00189
0
0
0
0
0
0.001855
0
0.001946
0
0
0
0.001965
0
0
0
0
0
0
0.001965
0.001988
0
0
0
0.001992
0
0.002717
0
0
0
0
0
0
0.002066
0.002105
0
0.002146
0
0
0.002212
0.002288
0
0
0
0.002725
0.002674
0.002667
0
0
0
0
0
0
0
0
0
0
0
0
0
0
0
0.003086
0
0
0
0
0.003205
0.003226
0
0
0
0
0
0
0
0
0
0.00346
0
0
0
0
0
0
0
0
0
0
0
0
0
0
0
0
0.005128
0.005291
0
0
0.006135
0
0
0
0
0
0
0
0.033333
0
0
0
0
0
0
0
0
0
0
0
0
0
0
0.058824
0
0
0
0.019608
0
0
0
0
0
0
0
0
0
0
0
0
0
0
0
0
0
0
0
0
0
0
0.008621
0
0
0
0
0
0.009709
0
0
0.006897
0
0
0
0
0
0
0
0
0
0
0
0
0
0
0
0
0
0
0
0
0
0
0
0
0
0
0
0
0
0.007299
0
0
0
0
0
0
0
0
0
0
0
0
0.00361
0
0
0
0
0
0
0.003311
0.003401
0
0
0.002924
0
0
0
0
0
0.002551
0
0
0
0
0
0
0
0
0.002364
0.002353
0
0
0
0
0
0
0
0.002392
0
0
0
0
0.002421
0
0
0.002445
0
0
0
0
0.002451
0
0
0
0
0
0
0
0
0.005051
0
0.0025
0
0
0
0
0
0
0.002597
0
0
0
0
0
0
0
0.002725
0
0
0
0.00266
0
0
0
0
0
0
0
0.004049
0
0
0
0
0
0.003049
0.008403
0
0
0
0
0
0
0.002519
0
0
0
0
0
0.002591
0
0.002667
0
0
0
0
0
0.00237
0
0
0
0
0
0
0
0
0
0
0
0
0
0
0
0
0
0.0025
0
0
0
0
0
0
0
0
0
0
0
0
0.002475
0.002457
0
0
0.007326
0
0.00241
0.002304
0.004566
0
0.004608
0.002217
0.002257
0
0.002262
0
0.003472
0.00232
0.002237
0
0
0
0
0.002169
0
0
0
0
0
0.004357
0
0
0
0
0
0.002075
0
0
0
0.002
0
0
0
0.002004
0
0
0
0.003945
0
0
0
0
0
0
0
0.001916
0
0.001919
0.001905
0
0.001894
0
0
0
0.001835
0.001832
0.00369
0
0
0
0.001866
0
0
0
0
0
0
0
0
0
0
0.002
0
0
0
0.002907
0
0
0
0
0
0
0
0
0
0
0
0.002618
0
0
0.002217
0
0
0
0
0
0
0
0
0
0
0
0
0
0
0.002083
0
0
0
0
0
0
0.002128
0.002092
0
0
0
0.002096
0.002141
0
0.005634
0
0
0
0
0
0.002004
0.001992
0.001969
0
0
0.001916
0
0
0
0
0
0
0
0
0
0
0
0
0
0
0
0
0
0
0
0
0
0
0
0
0.001976
0
0
0.001996
0.001972
0
0.001946
0
0
0
0
0
0
0
0
0
0.001852
0.00188
0.001869
0.001862
0
0
0.001825
0
0
0
0.001869
0
0
0
0
0
0
0
0
0
0.003683
0
0
0
0
0.001799
0
0
0
0
0
0
0.001789
0
0
0
0.001767
0
0
0
0.001776
0
0.001739
0
0
0
0.001742
0
0
0.001748
0.001751
0.001745
0.001721
0
0.001751
0.001736
0
0.003472
0.001718
0.005181
0.00349
0
0.003683
0
0
0.001712
0
0
0
0.001718
0
0.001669
0.001684
0
0.001712
0
0
0
0.003401
0.001715
0
0
0
0
0
0
0
0
0
0
0
0
0
0
0
0.001916
0
0
0.001984
0
0.001992
0
0
0
0
0
0.002183
0
0.0075
0
0
0
0
0.004464
0.002315
0.002381
0
0
0
0.008439
0
0
0
0
0
0
0
0
0
0
0
0.010152
0
0
0
0
0
0
0
0
0
0.003049
0
0
0
0
0.019305
0
0
0
0
0
0
0
0
0
0
0
0
0
0
0
0
0
0.003356
0
0
0.002899
0.002841
0
0
0.002841
0
0
0
0
0
0
0.003279
0
0
0
0.002639
0
0
0.002519
0
0
0
0
0
0
0.002283
0
0
0
0
0
0.002183
0.002155
0.003413
0.002252
0
0
0
0.002183
0.002179
0.002151
0
0.004219
0
0
0
0.004386
0
0.002198
0
0.002123
0
0
0
0
0
0.002066
0
0
0
0
0
0
0
0
0
0
0
0
0
0
0
0
0
0
0
0
0
0.001869
0.001855
0
0.001862
0
0
0.001848
0
0
0.001835
0
0.002008
0
0
0.001898
0.001876
0
0.003937
0
0
0.001862
0
0
0
0
0
0
0
0.001923
0
0.001898
0
0.001972
0
0
0
0
0.001996
0
0
0
0
0
0
0
0
0
0.00597
0.002232
0
0.002208
0
0
0.00241
0
0
0
0
0
0.002227
0.002155
0.002193
0
0
0
0.005141
0
0
0
0
0
0
0
0
0
0
0
0
0
0
0
0
0
0
0
0.002198
0.002203
0
0
0
0
0
0
0.004651
0
0
0.002404
0
0.002457
0
0
0
0
0
0
0
0
0
0
0
0
0
0
0
0
0
0
0
0
0
0.005988
0.002304
0
0
0
0.002392
0
0
0
0
0.001905
0.003711
0
0
0.001848
0
0
0
0
0
0
0.00232
0
0
0
0
0
0
0
0
0
0
0
0.001946
0
0
0
0
0.003817
0
0
0
0
0
0
0
0
0.001912
0.001931
0
0
0
0
0
0.001946
0
0
0
0.001912
0
0
0.002012
0
0.002004
0
0
0
0
0.002222
0.002232
0
0
0
0.004796
0
0
0.005348
0.010959
0
0
0
0
0
0
0
0
0
0
0
0
0
0
0
0.003497
0
0
0.003937
0
0
0
0
0
0
0
0
0
0
0
0
0
0
0
0
0
0
0
0
0
0
0
0
0
0
0
0
0
0
0
0
0
0
0
0.002985
0.003012
0
0
0
0
0
0
0.003378
0
0.002941
0
0
0
0
0
0
0
0
0
0
0
0
0
0
0
0
0.002667
0
0.003003
0
0
0
0
0
0
0.003731
0
0.003876
0
0
0
0
0.002755
0
0
0
0
0
0
0
0.002525
0
0
0
0
0.002506
0.002532
0
0.002551
0
0
0
0.002577
0
0
0.002618
0.002571
0
0
0
0.002597
0
0
0
0
0.002874
0
0
0
0
0
0.003205
0
0.003322
0
0
0
0.003521
0
0
0
0
0
0
0
0
0
0.005076
0
0
0
0
0
0.004219
0
0
0
0
0
0
0
0.011429
0.00625
0
0
0
0
0
0.006803
0.006944
0
0
0
0
0
0
0
0.014925
0
0
0
0
0
0
0
0
0
0.010417
0
0
0
0
0
0
0
0
0
0
0
0
0
0
0
0
0
0
0
0
0
0
0
0
0
0
0
0
0
0
0
0
0
0
0
0
0
0.012048
0
0
0
0
0.005988
0
0.005714
0.005587
0
0
0
0
0
0
0
0
0
0
0
0
0
0
0
0
0
0
0
0
0
0
0
0
0
0
0
0
0
0
0.002646
0
0
0
0.004975
0
0.003289
0
0.002653
0
0
0.002237
0.002217
0
0
0
0
0
0.001927
0
0.001898
0
0
0
0.00177
0
0
0
0
0
0.001828
0
0.001821
0
0
0.003738
0.001869
0
0
0.001908
0
0
0
0.016985
0
0
0.002128
0
0
0
0
0
0
0.00207
0
0
0
0.001965
0
0
0.004405
0
0
0.002033
0
0
0
0
0
0
0
0
0
0
0
0
0
0
0.003976
0
0
0.001927
0
0
0
0.001908
0.001908
0
0
0
0.003125
0
0
0
0
0
0
0
0
0
0
0
0.007389
0.004386
0
0
0
0
0.00207
0
0
0
0
0
0
0
0
0
0
0
0
0
0
0
0
0
0
0
0.002299
0.004854
0
0.002114
0.002105
0.002137
0
0
0
0
0
0
0
0.002326
0.002151
0
0
0
0
0
0
0
0.002985
0
0
0.00207
0.002058
0
0.004619
0
0
0
0
0.001992
0
0
0
0
0.003824
0
0
0
0
0
0
0
0
0
0
0
0
0
0
0
0
0
0
0
0
0
0
0
0
0.002611
0
0
0
0.001855
0
0.005155
0
0
0
0
0
0
0.001852
0
0.001828
0
0.001852
0
0
0
0
0
0
0
0
0
0
0.001862
0
0
0.001828
0
0.001838
0.001832
0
0
0
0.005495
0
0
0
0
0.00369
0
0
0.001832
0.003636
0.001792
0
0.005515
0.001825
0.001835
0.001838
0
0
0
0.001852
0
0
0
0.001912
0
0.006276
0
0.004474
0
0
0
0
0
0.002024
0
0.00198
0
0
0
0
0.002079
0
0
0.002033
0
0
0.004065
0
0.001996
0
0.002008
0
0.002033
0
0
0
0
0
0
0
0.002155
0.002132
0
0
0
0.002128
0
0
0
0.004264
0
0.002165
0.009346
0.002222
0
0
0.002105
0
0
0.002053
0
0
0.00202
0
0
0.002058
0
0
0
0
0.00303
0
0
0
0
0
0
0.002033
0
0
0
0.002066
0
0
0
0
0
0
0.002062
0
0.002062
0
0.00211
0
0
0.011521
0
0.002188
0.002114
0
0
0
0.001984
0
0
0
0
0.008772
0
0
0
0
0
0
0
0
0.001946
0
0
0
0
0
0
0.002037
0
0
0
0
0
0.002174
0
0.002198
0.002278
0.010127
0
0
0
0
0
0
0
0
0.006608
0.004464
0
0.002331
0
0
0.013393
0
0.002488
0.002433
0
0.002494
0
0
0
0.004149
0.003247
0
0
0
0
0
0
0
0.002227
0
0
0
0
0
0.002041
0.00202
0
0
0.001953
0.001949
0
0.005479
0.002024
0
0.001938
0.001887
0.001873
0.001821
0
0.001789
0
0.001773
0
0
0
0.001684
0
0
0
0
0
0
0
0
0
0
0
0.00157
0
0.00157
0.003165
0
0
0
0
0.001572
0
0
0
0.003478
0
0.00316
0
0
0
0.001605
0.001608
0.001613
0
0
0
0.00165
0.001667
0.004926
0
0
0
0
0
0
0
0.001698
0
0.001736
0
0.001745
0
0.001761
0
0.001757
0
0
0
0
0.003717
0
0
0.005671
0.001873
0.003759
0.009804
0.003922
0.003937
0
0.001996
0
0
0
0
0
0
0
0
0.002128
0.002155
0
0
0.002252
0.002288
0
0.002278
0
0.002336
0
0
0
0.00495
0
0.003472
0.002632
0.002564
0
0.002564
0
0.007792
0
0
0
0
0
0
0
0
0
0.002494
0.002494
0
0
0
0
0
0
0
0.004988
0
0
0
0
0
0.002506
0
0
0.00241
0
0.002415
0.002315
0.002331
0
0
0.00463
0
0
0
0.005305
0.005063
0.002532
0
0
0
0
0
0.002141
0.004219
0
0.002088
0
0
0
0.002033
0.002053
0.004016
0
0.001992
0
0.00202
0
0
0.001965
0
0.003906
0
0.00188
0
0
0
0.001957
0.010152
0
0
0.001828
0
0.001802
0.001776
0.001757
0
0
0.003466
0
0.003478
0
0
0.001745
0.001742
0
0.001712
0
0
0
0.003367
0
0
0
0
0
0.001686
0.005085
0
0.001686
0
0
0
0
0
0
0
0
0.001704
0.001799
0.001869
0.001776
0
0.001745
0
0.001724
0
0
0
0.001721
0
0
0
0
0
0
0
0
0.001733
0.003484
0
0
0.001739
0
0.003436
0
0.003534
0
0
0
0.001828
0
0
0
0.001901
0
0.001852
0
0
0
0.001842
0
0
0
0.001873
0
0
0
0
0
0.001912
0.001898
0
0.001905
0.001953
0
0
0
0
0
0
0
0
0.004545
0
0
0
0
0.002174
0
0.002146
0
0
0
0
0
0
0
0
0.002141
0.002179
0
0
0.002278
0
0
0
0
0.002342
0
0
0
0
0
0
0
0
0.002294
0
0
0.002257
0
0
0
0.002283
0.002326
0
0.004717
0
0
0.002364
0.009967
0
0
0.002309
0
0
0
0.004474
0.002227
0
0.002183
0
0
0
0
0
0
0
0
0
0
0
0.002288
0
0
0
0
0
0
0
0
0
0
0
0
0.002237
0
0.002227
0
0
0.002096
0
0
0
0
0.003802
0
0
0
0
0
0
0
0
0
0.001942
0
0
0
0
0
0
0
0
0
0
0
0
0
0
0
0
0
0
0
0
0.001678
0
0.003289
0
0.004862
0
0
0
0
0
0
0.001623
0
0.003145
0.00158
0.001595
0.001616
0
0
0
0.003643
0
0.001667
0.003284
0
0.003268
0
0
0.001695
0.003623
0.001709
0
0.001667
0
0
0.001623
0.001605
0.00161
0
0
0
0
0
0.001618
0
0
0
0
0.001585
0
0.003195
0
0.001592
0.00158
0.001595
0
0.001608
0
0
0
0
0
0
0.001634
0
0
0
0
0
0
0
0
0.001672
0
0.003448
0
0.001745
0.001742
0
0
0
0
0
0.001799
0.001773
0
0
0
0
0
0.001754
0
0
0.001792
0
0
0
0
0.001802
0
0
0.002725
0
0
0
0
0
0
0
0
0.002667
0
0
0
0
0
0
0
0.001838
0
0
0.001805
0
0
0
0
0
0
0
0.001862
0
0
0
0
0.00189
0
0
0.001976
0
0.001984
0
0
0
0
0
0.004107
0.00207
0
0
0.002083
0
0
0.002096
0
0
0
0
0
0
0.00198
0
0
0
0.001946
0
0
0
0
0.001934
0.001946
0.003817
0.001898
0
0.001894
0.001901
0.001894
0.003795
0
0
0.001859
0
0.00189
0
0
0
0
0
0
0.001953
0.003831
0
0
0
0.001931
0
0
0
0
0
0
0
0
0.001916
0
0
0
0.001852
0
0
0
0
0
0
0.003591
0.001733
0
0
0
0
0
0.001783
0
0
0
0.001808
0.001821
0
0
0
0
0
0
0
0
0
0
0.001984
0
0.002008
0
0
0
0
0
0.002179
0
0
0
0
0
0
0
0
0.002028
0.00202
0
0.002037
0.002053
0
0
0
0.002169
0.002232
0
0
0.008403
0.005525
0.003378
0
0.002217
0
0
0
0
0
0
0
0
0
0
0
0
0
0.002083
0
0
0
0.003279
0
0
0
0
0
0.002092
0
0.002045
0.004082
0
0
0
0
0
0
0.002008
0
0
0
0.001923
0
0
0
0
0
0.002004
0
0.002262
0
0
0
0
0
0
0
0
0.002849
0
0
0.008357
0
0
0.003413
0.001931
0
0
0
0
0
0.001745
0
0.003396
0
0
0
0.001575
0.001575
0
0
0
0
0
0
0.001468
0
0.00146
0
0.001479
0
0
0
0
0
0.001416
0.001404
0.002825
0
0
0
0
0.001353
0
0.001321
0
0
0
0
0.001362
0.001339
0
0.001351
0
0.001361
0.001379
0.001381
0.001412
0.002801
0.001391
0
0
0
0.001431
0
0.001464
0.001506
0.001517
0
0
0.003263
0
0
0
0
0
0.002985
0
0.002849
0.00295
0
0.001969
0.001919
0
0
0
0
0.001789
0
0
0.001825
0
0
0
0
0
0
0
0.003759
0
0
0
0
0
0.003067
0
0.001898
0
0.003578
0.005155
0
0
0.001724
0.001767
0.001715
0
0
0
0
0
0
0.001704
0
0
0.001754
0
0
0
0.001718
0.001689
0.001681
0.001686
0
0
0
0.002028
0.0025
0
0.002421
0.002012
0
0
0
0
0
0
0
0
0
0
0.001764
0
0.001718
0
0.004914
0.003521
0
0.003521
0
0
0
0
0.001805
0
0.003584
0
0
0.003578
0.001805
0
0
0
0.003472
0
0.001761
0.001724
0.001733
0
0
0
0
0.001672
0
0
0.003384
0.003396
0.001689
0
0
0
0
0
0.003165
0.00157
0
0
0
0.001555
0
0
0
0
0.001621
0
0
0
0.001565
0
0.0016
0.003135
0
0
0.001577
0.003185
0
0.00155
0
0
0.003231
0.001623
0.001626
0.001647
0
0
0.001634
0
0
0.003273
0
0
0
0
0
0
0.001675
0
0
0
0.003328
0.001656
0
0
0.001626
0.001669
0.001621
0
0.001639
0.001678
0
0.001656
0
0
0
0
0.001608
0
0
0
0
0
0
0
0
0
0
0.001733
0
0
0
0
0
0.001692
0.003328
0
0
0.001681
0.001678
0
0
0
0.001898
0.001848
0
0.003891
0
0.001821
0.001754
0.00177
0.001789
0
0
0
0.001736
0
0
0
0
0
0
0
0
0
0
0
0
0
0
0
0
0.001799
0
0
0.003676
0.001873
0
0.003731
0.011933
0
0
0
0.001783
0.001727
0
0
0
0
0
0
0
0.001751
0
0.002375
0
0
0
0
0.00346
0
0.003431
0
0.003431
0
0
0
0.003617
0
0
0
0
0
0
0
0
0
0.003899
0
0
0.001905
0
0.003868
0
0
0.003795
0.001919
0
0
0.001949
0.001953
0.001953
0
0
0
0
0.006637
0.002132
0.004098
0
0
0
0
0
0
0
0
0
0.002155
0.00432
0
0
0
0
0
0
0
0
0
0
0
0
0
0
0
0
0
0
0
0
0.003145
0
0
0
0
0
0
0
0
0
0.003623
0.003788
0
0.004032
0
0
0
0
0
0
0
0
0
0
0
0
0
0
0
0
0.004902
0
0
0
0
0.006024
0.005848
0
0
0
0.012579
0
0
0
0
0
0
0
0
0
0.007246
0
0.017094
0
0
0
0
0
0
0
0
0.005988
0
0
0
0
0
0
0
0
0.009709
0
0
0
0
0
0
0
0
0
0
0
0
0
0
0
0
0
0
0
0
0
0
0
0
0
0.003817
0.003731
0
0
0
0
0.008065
0
0
0
0
0
0
0
0
0
0.002833
0.005571
0.00277
0
0
0
0
0
0
0.002653
0
0
0
0
0.002358
0
0
0
0
0
0
0
0
0
0
0
0
0
0
0
0
0
0.003788
0
0
0.003788
0
0
0
0
0
0.003356
0
0
0
0
0
0.00237
0
0
0.004796
0.002358
0
0
0
0
0
0.001992
0.00198
0
0
0
0
0
0
0
0
0
0
0
0
0
0
0
0
0
0
0
0
0
0
0
0
0
0.002703
0
0
0
0.003774
0
0
0.002688
0.00542
0
0
0
0
0
0
0
0.007874
0
0
0
0
0
0
0
0
0
0
0.003509
0
0
0
0
0.005814
0.004425
0
0
0
0.004115
0
0
0
0
0
0
0
0
0
0
0
0
0
0
0
0
0
0
0
0
0
0
0
0
0
0
0
0
0.006849
0.007407
0
0
0
0
0
0
0
0
0
0
0
0
0
0
0
0
0
0
0
0
0
0
0
0
0
0
0
0
0
0
0
0
0
0
0
0
0
0
0
0
0
0
0
0
0
0
0
0
0
0
0
0
0
0
0
0
0
0
0.003226
0
0
0
0
0.003003
0
0.003049
0
0
0
0
0
0
0
0
0.002703
0
0.002667
0
0.002667
0
0.006024
0
0
0.003086
0
0
0.002618
0
0
0.002445
0
0
0
0
0.004695
0
0
0.004695
0
0.005038
0
0
0.002558
0
0
0
0.002336
0
0
0
0
0
0
0.002079
0
0
0
0.002024
0.002041
0.002092
0
0.002037
0
0
0
0.003992
0
0
0
0
0
0.003992
0
0
0.001938
0
0
0.001883
0
0
0
0
0
0
0
0
0.006803
0
0
0
0
0
0
0.001715
0
0
0
0
0.00165
0.001678
0
0.001645
0
0
0.001686
0.001678
0.003289
0.003317
0
0.001664
0
0.001653
0.001664
0
0
0
0.001712
0.001724
0
0
0
0
0
0
0
0
0
0.007595
0
0
0
0
0
0
0.002817
0
0
0
0
0.001812
0.002646
0
0
0.001678
0
0.001684
0
0
0.003257
0
0.001608
0
0
0.001592
0.001592
0
0.0016
0
0
0
0
0.004728
0
0
0.001567
0
0.001543
0
0
0
0.001502
0.001515
0
0
0
0
0
0
0.00155
0.001563
0
0
0
0.001577
0
0
0.003165
0
0.002151
0
0
0
0
0
0
0.003236
0.001647
0.006342
0
0.001667
0
0
0
0
0
0.003215
0
0
0
0.003289
0.001686
0.001718
0
0
0
0
0
0.001845
0
0.001927
0
0
0.001976
0
0
0
0
0.005831
0
0.002137
0.002075
0
0
0
0
0
0.002294
0
0
0
0.001957
0
0
0
0
0.001988
0
0.001992
0
0
0
0
0
0
0
0.001976
0
0.006536
0
0
0
0
0
0
0
0
0
0
0
0
0
0
0
0
0
0
0
0.002299
0.004739
0
0
0.007194
0
0.002801
0.002786
0.002801
0
0
0
0.002976
0
0
0
0.00361
0.003356
0
0
0.003367
0
0
0
0
0.003534
0
0
0
0
0
0
0.004464
0
0
0
0
0
0
0
0
0
0
0
0
0
0
0
0
0.005155
0
0
0
0
0
0
0
0
0
0
0
0
0
0
0
0
0
0
0
0
0
0
0
0
0
0
0
0
0
0
0
0
0
0
0.003413
0
0
0
0
0.002653
0
0
0
0
0
0
0
0
0
0
0.007833
0
0
0
0.002141
0.002053
0
0.001992
0.003953
0
0.001919
0
0
0
0
0
0
0
0
0
0.003745
0
0
0
0
0
0
0.004065
0
0.006369
0.006787
0
0.004237
0
0.002174
0
0
0
0.002188
0
0
0.002283
0.002315
0
0
0.005141
0
0
0
0
0
0.002817
0
0
0
0
0
0
0
0
0.002475
0
0
0
0.002545
0
0
0
0
0.004902
0
0
0
0.016327
0
0.003861
0
0
0
0
0
0
0
0
0
0.002646
0
0
0
0
0.003012
0
0
0
0.002732
0
0
0
0.002786
0
0
0
0
0
0
0
0
0
0
0
0
0
0
0
0.00831
0.002558
0.0025
0
0.002564
0
0.002625
0
0
0
0.00551
0
0
0
0
0
0
0
0
0
0.003413
0
0
0
0.003356
0
0
0
0
0
0
0
0
0
0
0
0
0
0
0
0
0
0
0.003937
0
0.007407
0
0.005076
0.005128
0
0
0.003876
0
0
0
0
0
0
0
0
0
0
0
0
0
0
0
0
0
0
0
0
0
0
0
0
0
0
0.003759
0
0
0.003145
0.003077
0
0
0
0
0
0.00303
0
0.008403
0
0
0
0
0
0
0
0
0
0
0
0
0
0
0
0
0
0
0
0
0
0
0.002433
0
0.002488
0.002519
0
0
0
0.002681
0
0.005391
0.002732
0.00274
0
0
0.002924
0
0
0
0
0
0
0
0.004082
0
0
0.005464
0
0
0
0
0.003937
0
0
0
0.004808
0.004386
0
0
0
0
0
0
0
0
0
0
0.007634
0
0
0
0
0
0
0
0
0
0
0
0
0
0
0.019608
0
0
0
0
0
0
0
0
0
0
0
0
0
0
0
0
0
0
0
0
0
0
0
0
0
0
0
0
0
0
0
0
0
0
0
0
0
0
0.004386
0
0
0
0
0
0
0
0
0
0
0
0
0
0
0
0
0
0
0
0
0
0
0
0
0
0
0.002398
0.004684
0
0
0
0.002165
0
0
0
0
0
0
0.002179
0
0
0.002132
0
0
0.002141
0
0
0
0.002165
0
0
0
0
0
0
0.00207
0
0
0
0
0
0
0.002457
0
0.002278
0
0
0
0
0
0.001739
0
0.001692
0
0
0
0.001603
0.001595
0.001546
0
0.001511
0
0.001506
0
0
0
0.001957
0
0.002946
0
0
0
0.001453
0
0
0
0
0
0
0
0
0.00146
0
0
0.001412
0
0
0
0.001429
0
0
0
0
0
0
0
0.006601
0
0
0
0
0.001471
0
0
0.003012
0.001515
0
0
0
0.001531
0
0.001563
0
0.0016
0
0
0
0
0.001733
0.001812
0.002976
0.00295
0
0
0
0
0
0.001724
0
0.001764
0.001779
0
0.004057
0
0
0
0
0.001805
0
0.00189
0
0
0
0
0
0
0
0.003257
0
0
0
0
0
0
0
0
0
0
0
0.006667
0
0
0
0
0
0.010917
0.001965
0
0
0.001908
0
0
0
0
0
0
0.001736
0
0
0
0
0
0
0.001667
0
0
0
0
0
0
0
0
0.001678
0
0
0
0.002299
0.001776
0
0
0
0
0
0
0
0
0
0
0
0.001577
0.003165
0
0
0
0
0
0.002062
0
0
0.002037
0
0
0
0
0
0
0.001701
0
0.00165
0
0.0016
0
0
0.001603
0.003273
0
0
0
0.00165
0.001642
0.003247
0
0.003284
0.001621
0.001647
0
0
0
0
0.001689
0.001684
0
0.001692
0.001689
0.001715
0
0
0.001712
0
0
0
0
0.00177
0
0
0
0
0
0
0
0
0.001898
0
0
0
0
0
0.001852
0
0
0.00207
0
0
0.001969
0
0
0
0.00198
0.001961
0
0
0
0
0
0
0
0
0.001938
0
0
0
0
0
0
0
0
0.00616
0
0
0
0.002096
0
0
0
0.002174
0
0
0
0
0
0
0
0
0
0.002445
0
0.002674
0.002874
0
0
0
0.002494
0
0
0
0
0.003731
0
0
0
0
0
0
0
0.002387
0
0
0.002415
0.002421
0
0.005141
0.003831
0
0.002488
0
0
0
0
0
0
0
0
0
0
0.00241
0.002353
0.002326
0
0
0
0
0
0.002688
0
0
0
0
0
0
0.002222
0
0.002198
0
0.002151
0
0
0
0
0
0.002024
0
0
0.002169
0.003003
0
0.002101
0.002075
0
0
0
0
0
0
0.002028
0.002012
0.001972
0.002008
0.001996
0
0
0.00198
0
0.003992
0
0.002778
0
0
0
0
0
0.001905
0
0
0
0.001901
0
0
0.001898
0
0.001894
0.001908
0
0
0
0
0.002141
0
0
0.003914
0
0.00189
0
0
0
0
0
0
0
0
0
0
0
0
0
0
0.004211
0
0
0
0
0
0
0.002994
0
0
0
0
0
0
0.002681
0.002415
0
0.002392
0
0.002445
0
0.004819
0.002463
0
0.002577
0
0.004184
0
0
0
0
0
0
0
0
0.002703
0
0
0
0
0
0
0
0
0
0
0
0
0
0.002967
0.003378
0
0
0
0
0
0
0
0
0
0
0
0
0.003448
0
0
0
0
0
0
0
0
0
0
0
0.00551
0
0.009063
0.002695
0
0.002488
0.002475
0
0
0
0
0
0
0
0
0
0.002242
0
0
0.002132
0
0
0
0
0
0.002141
0
0
0
0
0
0
0
0
0
0
0
0
0
0
0
0.003367
0
0.002217
0
0
0
0
0
0.002653
0.002688
0.003021
0.002262
0
0
0.006466
0.002155
0
0
0.004219
0
0
0
0
0
0
0
0
0
0.003929
0
0.002012
0.006024
0
0
0.002053
0.002075
0.002028
0
0
0.002079
0
0
0
0.002174
0.002128
0
0
0
0
0.002273
0
0.002347
0
0
0.002375
0
0.002451
0
0
0
0
0
0
0.004831
0
0
0
0
0
0.003135
0
0
0
0
0
0
0
0
0
0
0.002421
0
0
0
0
0.002494
0
0
0
0
0
0
0
0.002564
0
0
0
0
0
0
0
0
0.002445
0
0
0
0.002415
0.002439
0.002404
0
0
0
0
0
0
0.002193
0
0
0
0.002222
0.002212
0
0
0
0
0.002183
0
0
0
0
0
0
0
0
0
0
0
0
0.002151
0
0
0
0
0
0
0
0
0.00216
0.002151
0
0
0
0.002123
0
0
0.002155
0.002169
0
0
0.002247
0
0
0
0
0
0
0
0
0
0
0
0
0
0.002299
0
0
0.007712
0
0
0.002336
0.002342
0
0.00237
0.002381
0
0.007317
0
0
0
0.005115
0
0
0
0
0
0
0
0
0
0
0
0
0
0
0.00339
0
0
0
0
0
0
0
0
0
0
0
0
0
0
0
0.004608
0
0
0
0
0
0
0
0
0
0.005556
0
0
0
0
0
0
0
0
0
0
0
0
0
0
0
0
0
0
0
0
0
0
0
0
0
0
0.027027
0
0
0
0
0
0
0
0
0
0
0
0
0
0
0
0
0
0
0
0
0
0
0
0
0
0
0
0
0
0
0
0
0
0
0
0
0
0.007407
0
0
0
0
0
0
0.011905
0
0
0
0
0
0
0
0
0
0
0
0
0
0
0
0
0
0
0
0
0
0
0
0
0
0
0
0
0
0
0
0
0.002618
0.002558
0.002398
0
0
0.002304
0
0
0
0.002179
0
0
0
0
0
0
0
0
0
0.001957
0
0
0.001862
0.001873
0
0.001799
0
0
0
0
0
0
0
0
0.00335
0
0
0.001656
0
0
0
0
0
0
0
0.001887
0.001675
0
0.001647
0
0
0.001684
0.007299
0
0
0
0
0.00157
0
0
0.004525
0
0.0016
0.00159
0
0
0.001538
0
0.006231
0
0
0
0
0
0.001572
0
0
0.001605
0
0
0
0.001695
0.003454
0
0.034205
0
0
0.002506
0.001776
0
0
0
0
0.001704
0
0.001733
0.123596
0.001802
0.001776
0
0.001724
0
0.003527
0
0
0.004854
0
0
0
0
0
0.002381
0
0.001802
0
0
0
0.001812
0.001835
0
0
0
0
0.001859
0
0.00188
0
0
0
0.001869
0
0.001946
0
0
0
0.002398
0.002101
0
0
0.004132
0.002066
0
0.004065
0
0
0
0
0
0
0.002053
0
0
0
0
0.002146
0
0.016026
0.005319
0
0
0.004751
0
0
0
0
0
0
0
0
0
0
0
0
0
0.001946
0
0
0
0
0
0.002597
0
0
0
0
0
0
0
0.001976
0.001965
0.001996
0
0.002041
0
0
0
0
0
0
0.002488
0
0.026846
0
0
0
0
0
0
0
0
0
0
0
0
0
0
0
0
0
0
0
0
0
0
0
0
0
0
0
0.002227
0
0
0
0
0
0.002105
0
0.006593
0.00202
0
0
0
0
0
0
0
0.001862
0
0.003861
0
0
0
0
0
0
0
0
0
0.006623
0
0.002257
0.002222
0
0.002252
0.002299
0
0
0
0
0
0
0.002331
0
0
0.002278
0
0
0
0
0
0
0
0
0
0
0
0
0.002375
0
0
0
0
0
0
0
0
0
0
0
0.002841
0
0
0
0
0.002941
0.002994
0
0
0
0
0
0
0
0
0
0
0
0
0
0
0
0
0
0
0
0
0
0
0
0
0
0
0
0
0
0
0
0
0
0
0
0
0
0
0
0
0.002591
0.002551
0
0
0
0
0
0
0.002381
0
0.002439
0
0
0.00271
0.005764
0.002625
0
0.005038
0
0
0
0
0
0.002865
0
0
0.005376
0
0
0
0
0
0.004673
0.002725
0
0
0
0
0.002415
0.002364
0
0
0.002347
0
0.002299
0
0.002268
0
0.002262
0
0.002976
0
0
0
0
0
0
0
0
0
0.003968
0.001972
0
0
0
0
0
0.003745
0
0
0
0
0
0
0
0.001795
0
0.001761
0.001783
0.005348
0
0
0
0.001835
0
0
0.001835
0
0.003752
0.001992
0.002058
0.016667
0.004149
0.002028
0
0.001942
0
0
0.002004
0.002008
0
0.001969
0
0
0
0.00198
0
0.001996
0.001927
0.003984
0
0
0
0.002075
0
0
0.007979
0
0
0.003012
0
0
0
0
0
0.003984
0
0
0
0
0
0.001828
0
0
0
0
0.001795
0.003597
0.001825
0.003565
0.001776
0
0.001789
0
0.001845
0.001845
0
0
0
0
0
0
0
0
0
0
0
0.001942
0.003945
0
0.006173
0
0
0
0.0025
0
0.004474
0
0
0
0
0.002232
0
0.002193
0.002278
0
0.004396
0
0.002283
0
0.002294
0
0
0
0
0.003448
0
0.002494
0
0
0.005
0.002519
0.007519
0
0
0
0
0
0
0.002725
0.007491
0
0.002755
0
0.002755
0.002717
0
0
0.002849
0
0
0
0.002874
0
0
0
0.002849
0.008475
0.002849
0
0
0
0.00289
0
0
0
0
0
0.003086
0
0
0
0.003279
0
0
0
0
0
0
0
0
0
0
0
0
0
0
0
0.007752
0
0
0
0
0
0
0
0
0
0.006849
0
0
0
0
0
0
0
0.007519
0
0
0
0
0
0
0
0
0
0
0
0
0
0
0
0
0
0
0
0
0
0
0
0
0
0
0
0
0
0
0
0
0
0
0
0
0
0
0
0
0.003906
0
0
0
0
0
0
0.014286
0
0.003597
0
0
0
0
0
0
0
0
0
0
0
0
0
0
0
0.004065
0
0.002532
0.002513
0.002404
0.002375
0
0
0
0
0
0
0
0
0.002105
0
0
0
0
0
0
0
0
0
0.004348
0
0.002037
0
0
0
0.006696
0
0
0
0
0
0
0.002128
0
0
0
0
0.002075
0
0
0
0
0
0
0
0
0.002024
0
0
0
0.002119
0
0
0
0
0
0.002198
0.006742
0.006637
0
0
0
0
0
0
0
0
0
0
0
0
0
0
0.003077
0
0
0
0
0.003226
0
0
0.003597
0
0
0
0.004115
0
0
0.004505
0.004274
0
0
0
0
0
0
0
0
0
0
0
0
0
0
0
0
0
0
0
0
0
0
0
0
0
0
0.043478
0
0
0
0
0
0
0
0
0
0
0
0
0
0
0
0
0
0
0
0
0.002941
0.002703
0
0
0
0
0
0
0
0
0
0
0
0
0.002336
0.002294
0
0
0
0.002217
0
0
0
0.004255
0
0
0
0
0
0
0.002119
0
0.002151
0
0
0.006289
0
0
0
0
0
0
0.016293
0
0.003257
0
0
0
0
0
0
0
0
0.004431
0
0
0.001481
0
0
0
0
0
0
0
0
0
0
0
0.001524
0.001502
0
0.001511
0
0
0.001479
0.001475
0.001466
0.001449
0.001445
0
0
0
0
0
0
0.002101
0.001504
0
0
0
0.00289
0.001433
0
0.001462
0
0.001471
0
0
0
0
0.001658
0
0.001546
0
0
0.002886
0
0
0
0
0
0
0
0
0.002861
0.001397
0.002766
0
0.001359
0
0.002999
0
0.001406
0.001361
0
0
0
0
0
0
0
0
0
0.004027
0
0.002642
0.003906
0.001295
0
0
0.001272
0
0.001244
0
0
0
0
0.001247
0
0
0
0
0
0.001224
0.001227
0
0.001239
0.001259
0
0
0.001274
0
0
0
0.001244
0
0
0
0
0
0
0
0
0
0.002994
0.001362
0.001339
0
0.001311
0
0.001311
0
0
0.001513
0
0
0.001408
0
0
0.001362
0.002736
0
0.001383
0
0
0.006221
0
0.001435
0.001429
0
0.001449
0
0
0
0
0
0
0.002237
0.001642
0
0
0
0
0
0
0.001585
0.001616
0
0
0
0
0
0
0.001678
0.003419
0
0
0
0
0
0.001887
0.003717
0
0.005495
0
0.001866
0
0
0
0
0
0
0.002096
0
0
0
0.004608
0
0
0.002494
0
0
0
0
0.002882
0
0
0.003049
0
0.003049
0
0
0
0
0
0
0.003745
0
0.003953
0
0
0.005714
0
0
0
0
0
0
0
0
0
0
0
0
0
0
0
0
0
0
0
0
0
0
0
0
0
0
0
0
0
0
0
0
0
0
0
0
0
0
0
0
0
0
0
0
0
0
0
0
0
0
0
0
0
0
0
0
0
0
0
0
0
0
0
0
0
0
0
0
0
0
0
0
0
0
0
0
0
0
0
0
0.006803
0
0
0
0
0
0
0
0
0
0
0
0
0
0
0
0
0
0
0
0
0
0
0
0
0.010695
0
0
0
0
0
0
0.005128
0
0
0
0.013333
0
0
0
0
0
0
0.00939
0.004255
0
0
0
0
0.012658
0
0
0
0
0
0
0
0
0
0
0
0
0.003279
0
0
0
0
0
0
0
0
0
0
0
0
0
0
0
0
0.00266
0
0
0
0
0.002481
0.002463
0
0
0
0
0
0
0
0
0.002421
0
0
0
0.005319
0
0
0
0
0
0
0
0.006289
0
0
0
0
0
0.006897
0
0
0
0.007353
0
0
0
0
0
0.002257
0
0
0.002179
0
0.002146
0
0
0
0
0.002088
0
0
0.002004
0
0
0.001869
0
0
0.001901
0
0
0
0
0
0
0
0
0
0
0
0
0.004926
0
0
0
0.002849
0
0
0
0
0
0
0
0.001898
0.011429
0
0
0
0
0
0
0
0
0
0
0.001656
0
0
0
0
0.00157
0
0
0
0
0
0
0.00158
0.001572
0
0
0
0
0
0
0
0.001546
0.001555
0
0.0016
0.001623
0
0.004357
0
0
0
0
0
0
0
0
0.001481
0
0
0.001595
0.003044
0.001511
0
0.001497
0
0
0.001477
0.00149
0.001484
0
0.001466
0
0
0
0
0
0
0
0
0
0.002488
0
0
0
0.002469
0
0
0
0.001742
0
0
0
0
0
0
0
0
0
0
0
0
0.001692
0
0.001736
0
0
0
0
0
0
0
0
0
0
0
0
0
0.003774
0.001919
0
0
0.001976
0.004
0
0
0.002033
0
0
0
0.002092
0
0.004598
0
0.002053
0
0
0
0
0.002033
0
0
0
0.00202
0
0
0
0
0
0
0
0
0.002262
0
0.006711
0
0.002874
0
0.002283
0.002203
0.002208
0
0
0.002232
0
0.002169
0
0
0
0
0.002203
0
0.004376
0
0
0
0
0
0
0
0
0
0
0
0
0
0
0.002513
0
0
0
0
0
0
0
0
0
0
0
0.002232
0
0
0.002217
0
0
0
0
0
0
0
0
0
0
0
0
0
0
0
0.004577
0
0
0.002299
0.004695
0
0.003922
0
0
0
0
0
0.00232
0
0
0
0
0
0
0
0
0
0.002415
0.002381
0
0.002451
0
0
0
0
0
0.002358
0
0
0
0
0.002028
0
0
0
0
0.001988
0
0
0
0
0
0.001988
0
0
0
0.002123
0
0
0
0
0
0
0
0.001894
0
0
0
0.001832
0
0
0
0.003774
0
0
0
0
0
0
0
0
0
0.005181
0
0.002024
0
0.001942
0
0.003795
0.001876
0
0
0
0
0
0
0
0.001869
0
0
0
0
0
0.001996
0
0
0
0.001984
0.001969
0
0.00198
0
0
0
0
0
0
0.002012
0
0
0
0
0.001965
0
0.001912
0
0
0.002016
0
0
0.001957
0.001961
0.002941
0.001942
0
0.001894
0
0
0
0
0
0.003781
0
0
0
0
0.005376
0
0
0
0
0
0.001852
0.001923
0.003431
0
0.003289
0
0.001656
0.001631
0
0
0
0.001555
0
0
0
0
0
0.001565
0
0
0
0
0
0.001464
0
0.001451
0.002861
0.001435
0
0.001408
0.002774
0
0.001368
0
0
0
0
0
0.00135
0.001342
0.001344
0
0
0.00134
0.002653
0
0
0
0
0.001348
0
0
0.001362
0
0.001372
0
0.001383
0
0
0
0
0.001372
0
0
0.001408
0
0
0
0.001437
0
0
0.001466
0
0
0.004587
0.001555
0
0
0
0
0.001629
0.001661
0
0
0
0.001783
0
0
0
0.001873
0.001919
0.001957
0
0.002016
0
0.004167
0.00202
0
0
0.002092
0.006289
0
0
0
0
0
0
0
0
0
0
0
0
0
0
0
0
0
0
0
0
0
0
0
0
0
0
0.002545
0
0
0
0
0
0
0
0
0
0
0.003049
0
0.006349
0
0.007018
0
0
0
0
0
0
0
0
0
0
0.005376
0
0
0
0
0
0
0
0
0
0
0.005128
0
0.005236
0
0
0
0
0
0
0
0.006329
0
0
0
0
0
0
0
0
0
0
0
0
0
0
0
0.028986
0
0
0
0
0
0
0
0
0
0
0
0
0
0
0.006369
0
0
0
0
0
0
0
0
0
0
0.004762
0
0
0
0
0
0
0
0.004525
0
0
0
0
0
0.003802
0
0
0
0
0
0
0
0.004854
0
0
0
0
0
0.004082
0
0
0
0
0
0
0
0
0
0
0
0
0.004938
0
0
0
0
0.002315
0
0
0
0
0
0
0.002237
0
0.002551
0.002421
0
0
0
0
0
0
0
0.002976
0
0
0.004484
0.002551
0
0
0
0
0
0
0
0.005682
0
0
0.00271
0
0
0
0
0
0
0
0
0.006211
0.002632
0
0
0.002304
0
0
0
0
0
0
0
0
0
0
0
0
0
0
0.001988
0
0.002028
0
0
0
0
0
0
0
0
0
0.001984
0
0.001957
0
0
0.008357
0
0
0.007722
0.001923
0.001931
0
0.00189
0
0
0
0.001873
0
0
0
0
0
0
0
0.001957
0
0
0
0
0.006508
0
0
0
0
0
0
0
0
0
0
0
0
0
0.00565
0.001873
0.001887
0
0
0
0
0.001942
0.001946
0
0
0
0
0.002062
0.006237
0
0.014577
0
0.002114
0
0
0
0.002257
0.004938
0
0
0
0
0
0
0
0
0
0
0.005141
0
0
0
0
0
0
0
0
0
0
0
0
0
0
0
0
0
0.002463
0.002457
0
0
0
0
0.005525
0
0
0
0.002538
0
0
0
0
0
0
0
0
0
0
0
0
0
0
0
0
0
0
0.003425
0
0
0
0
0
0
0
0
0
0
0
0
0
0
0
0
0.018182
0
0
0
0
0
0
0
0
0
0
0
0
0
0.030303
0
0
0
0
0
0.02439
0
0
0
0
0
0
0
0
0
0
0
0.010309
0
0
0
0
0.006061
0
0
0
0
0
0
0
0
0
0
0
0
0.004484
0
0
0.00463
0
0
0
0
0
0
0
0
0
0
0
0
0
0
0
0
0
0
0
0
0
0.00277
0
0
0
0
0
0
0
0.007092
0
0
0
0
0
0.002439
0
0
0
0
0
0
0.002141
0.002132
0
0.004184
0
0
0
0
0
0
0
0
0
0
0
0
0
0
0
0
0
0
0.00404
0
0.004049
0.00404
0
0
0
0.003937
0.001942
0
0
0.001898
0.001898
0
0
0
0
0
0
0
0
0
0
0.001815
0
0.001835
0
0
0
0.001835
0.001825
0
0
0
0.002326
0
0
0
0
0.004831
0.002681
0
0
0
0
0
0
0
0
0.001721
0.001724
0.001701
0.00339
0
0
0.001709
0
0
0.001721
0.001718
0
0.001692
0
0
0
0
0
0.003484
0
0
0.003472
0
0.003448
0
0
0
0.001953
0.005415
0
0
0
0
0
0
0.003527
0.001754
0
0
0
0.003617
0.001876
0
0
0
0
0
0.00369
0
0
0
0.002941
0
0
0.001953
0
0
0
0.001934
0
0
0
0
0
0
0.004098
0.002101
0.002119
0
0
0.002137
0.00431
0.002188
0
0
0.002217
0
0
0.002304
0.002309
0.003378
0
0
0
0.003236
0.002404
0
0.002353
0
0.002398
0
0
0
0
0.002268
0.002278
0.002247
0
0.002203
0
0.002198
0
0
0
0.002198
0
0
0
0
0
0.002193
0
0
0
0
0.004474
0
0.002309
0
0
0
0
0
0
0
0.002625
0
0
0
0
0
0
0.005291
0
0.003195
0
0
0
0.003448
0
0
0
0
0
0.009091
0
0
0.016807
0
0
0
0
0
0
0
0
0
0
0.002558
0
0
0
0
0
0
0
0
0
0
0
0
0
0
0
0
0
0
0
0
0
0
0
0
0.002421
0
0
0.00241
0
0.002398
0
0.002457
0
0.002717
0
0.00241
0
0
0
0
0
0
0
0
0.002506
0
0
0
0.0025
0
0
0.003788
0
0
0
0
0
0.003049
0
0
0
0
0
0
0
0
0
0
0
0
0
0.002564
0
0
0
0
0
0
0
0
0
0
0
0
0
0
0
0
0
0
0
0.003378
0
0
0
0.003367
0
0
0
0
0.007782
0
0
0.006211
0
0
0
0
0
0
0
0
0
0
0
0
0
0
0
0
0
0
0
0
0
0
0
0
0
0
0
0
0
0
0
0
0
0
0.011364
0
0
0
0
0
0
0
0
0
0
0
0
0
0
0
0
0
0
0
0
0
0
0
0
0
0
0.00495
0
0
0
0
0
0
0
0
0
0
0
0
0
0
0
0
0
0
0.003623
0
0
0
0
0
0
0
0
0
0
0
0
0
0
0
0
0
0
0
0
0
0
0
0
0
0
0.002132
0
0
0
0
0
0
0
0
0
0
0
0
0
0
0.003279
0
0.002123
0
0
0
0
0.002079
0
0.004396
0
0
0.004684
0
0
0
0
0
0
0
0
0
0
0.002299
0
0
0
0
0
0
0
0
0
0
0
0.003906
0
0
0
0
0
0
0.002398
0
0.002381
0
0
0
0
0
0
0.002096
0
0
0
0
0
0
0
0
0
0
0
0
0
0
0.002037
0
0.002016
0
0
0
0.001961
0
0
0
0
0
0
0
0
0
0
0
0
0
0.001916
0
0.001912
0.001883
0
0
0
0
0
0
0
0
0
0.001927
0
0
0
0
0
0
0
0
0
0.001946
0
0
0
0.001957
0
0.001873
0
0.001866
0
0
0
0
0
0.002299
0
0.008547
0
0
0
0
0
0.001838
0
0
0
0.001795
0
0
0
0
0
0
0
0
0
0
0
0
0
0
0.001669
0
0.001675
0
0.001653
0.001684
0.003289
0.001618
0.001618
0
0.00161
0
0
0
0.001608
0
0
0
0
0
0.001502
0.001486
0
0
0
0
0
0.001441
0
0.001486
0
0
0
0
0.00149
0
0
0
0
0
0
0.002981
0
0
0
0
0
0
0
0.003072
0
0
0.00314
0.001595
0.001592
0.001603
0
0
0.001658
0
0
0
0.001605
0
0.001709
0
0
0
0
0.001631
0.001653
0
0.001684
0.007194
0
0
0.005245
0.001786
0
0
0
0
0.001815
0
0.004024
0.010941
0.002041
0.001938
0
0
0
0
0
0
0
0.001923
0
0.003802
0
0
0
0.001919
0
0
0.001919
0
0.001852
0.005566
0
0.001802
0
0
0
0
0
0.003565
0
0
0
0
0.001835
0.007576
0
0
0
0
0.001767
0
0
0
0
0
0
0
0.003578
0
0.001721
0
0
0
0
0.001681
0
0
0
0.003478
0
0.001704
0
0
0.00241
0
0
0.003356
0
0.001653
0
0.001712
0
0.001681
0
0
0.001733
0.001701
0
0
0.001742
0.001709
0
0
0.005545
0
0
0
0
0
0
0.001908
0
0
0.001832
0
0
0
0.001789
0
0.001792
0
0.001842
0.003802
0
0.001953
0
0.001992
0
0.002141
0
0
0
0.002347
0
0
0
0.002551
0
0
0
0
0
0
0
0.105263
0
0
0.055556
0
0
0
0
0
0
0
0
0
0
0
0.017857
0
0
0
0
0
0
0
0
0
0
0
0
0.003344
0
0
0
0
0.00303
0.002941
0
0
0
0.00277
0
0
0
0
0
0
0
0
0
0
0
0
0.00295
0
0
0
0
0
0
0
0.003021
0
0.003106
0
0
0
0
0
0
0
0
0
0.004651
0
0
0
0
0
0
0
0
0
0
0
0.005155
0
0
0
0
0
0
0
0
0
0
0.005464
0
0.002506
0
0
0
0
0
0
0
0
0.002299
0
0
0
0.002315
0
0.002347
0
0
0
0
0
0.002513
0
0.002577
0.016077
0
0
0
0
0
0
0
0
0
0
0.002513
0
0.002387
0.002336
0
0.002268
0
0
0
0.002326
0.003378
0
0
0.005102
0
0
0
0
0
0
0.002183
0
0
0
0
0
0
0
0
0
0
0
0
0
0
0
0
0
0
0
0
0
0
0
0
0
0
0
0
0
0
0
0.007576
0
0
0
0
0
0
0
0
0
0
0
0
0
0
0
0
0
0
0
0
0
0
0
0
0
0
0.005764
0
0.005076
0
0
0
0.011111
0
0
0
0
0
0
0
0.001751
0
0.001742
0
0
0
0
0.008989
0
0
0
0
0
0.001621
0.001582
0.00159
0.001592
0
0
0.00158
0.001582
0
0
0.001585
0.003205
0.00158
0
0
0.00313
0
0.003145
0
0
0.001546
0.001531
0.001531
0.003135
0
0
0.001553
0
0.001553
0.003082
0.001563
0
0.001577
0
0
0.001582
0.00158
0
0.0016
0.001603
0
0.003295
0
0
0.001678
0.001721
0.001715
0
0.003656
0
0
0
0
0
0.001792
0
0.001802
0
0
0.001802
0.001815
0
0
0.002747
0
0
0
0.001965
0
0
0
0.002075
0
0
0
0
0
0
0
0
0
0
0.002169
0
0
0.002188
0
0.024055
0.002695
0
0
0
0
0
0
0.002088
0
0
0
0
0
0
0
0
0
0.001931
0
0.001996
0.002012
0
0.002028
0
0
0
0
0
0
0
0.002058
0
0
0
0
0
0.001916
0.001931
0
0
0
0
0
0.001988
0
0
0
0.001965
0
0
0
0.00232
0
0
0
0
0
0
0.006696
0
0.002179
0.008658
0.002179
0
0.002262
0.006803
0.002252
0
0
0.002132
0.004202
0
0.002053
0
0.002079
0
0.00211
0.004175
0.002066
0.002119
0
0.002203
0
0
0
0.002198
0
0
0.002268
0
0
0.002188
0
0
0
0.002304
0
0
0.002381
0
0
0
0.004796
0
0
0
0.002469
0
0
0
0
0.002639
0
0.00274
0.002747
0.00274
0
0.00277
0
0.002825
0
0
0
0
0.009852
0
0
0
0.003937
0
0.003922
0.003984
0.149254
0
0.681818
0.004444
0
0
0
0
0
0
0
0
0.013559
0
0
0
0
0
0
0.018018
0
0
0.005587
0
0
0
0.002703
0
0
0
0
0.005319
0
0.002551
0
0.002532
0
0
0
0
0
0
0.002463
0
0
0
0.002387
0.002304
0
0
0
0.002398
0
0
0
0
0.002475
0
0.002427
0
0
0
0.00241
0
0.002404
0
0
0
0
0
0.00813
0
0
0
0
0
0.013587
0
0
0
0
0
0
0
0.002315
0
0
0
0
0
0
0
0
0
0
0
0
0
0
0
0
0
0
0
0
0
0
0
0
0
0
0
0
0
0
0
0
0
0
0.003788
0.003802
0
0
0
0
0
0
0
0
0
0
0
0
0
0
0
0
0
0
0
0
0
0
0
0
0
0
0
0.007692
0
0
0
0
0
0
0
0
0
0.00211
0
0
0
0
0
0
0.002899
0
0
0
0.002967
0
0
0
0
0
0
0.001684
0.001664
0
0.001587
0
0.003175
0
0
0
0
0
0
0
0.00142
0.00142
0.001425
0
0.002869
0.001412
0
0
0
0.001412
0.001435
0
0.001422
0
0
0
0
0
0
0.002853
0
0
0
0
0
0
0
0
0
0.001471
0.001456
0
0.001497
0
0
0
0
0
0.001502
0.001484
0
0
0
0
0
0
0.001555
0.001575
0
0
0
0
0
0.001582
0
0.00318
0.001621
0.00165
0.001698
0.001754
0.003745
0
0
0.002481
0
0.003824
0.00189
0
0
0
0
0
0
0.002924
0.001873
0
0
0
0.001748
0
0
0
0
0.003899
0.011928
0
0.001848
0
0
0
0.001773
0.003597
0.001852
0.001961
0.001898
0
0
0
0
0
0
0
0
0.001724
0
0
0
0
0
0
0
0.001845
0
0
0
0
0
0
0
0
0
0
0
0.003817
0
0
0.001938
0
0
0.004082
0.002088
0
0
0
0
0
0
0
0
0.002387
0
0
0
0
0.007576
0
0
0
0.003106
0
0
0
0.013953
0
0
0
0
0
0
0
0
0
0
0.1
0
0
0.071429
0
0
0
0
0
0
0
0
0
0
0
0.061224
0
0
0
0
0
0
0
0
0
0
0.002857
0
0.002747
0.002725
0
0
0
0.002469
0.002445
0.002427
0.002364
0.002358
0
0
0
0
0.002288
0
0
0
0
0
0.002358
0.00464
0
0
0
0
0
0.002387
0
0
0
0.002212
0
0.002128
0
0
0
0
0.004124
0
0
0.002053
0
0.002004
0.001988
0.001996
0
0.00202
0
0.002045
0.004149
0.002037
0.004158
0
0.004024
0
0
0
0
0
0
0.008824
0.006479
0.002179
0.002247
0.002203
0.002227
0.004808
0
0
0
0
0
0
0.002203
0
0
0
0.002169
0.006608
0.004301
0
0.002217
0
0.002203
0
0
0
0
0.002155
0
0
0
0
0
0.004866
0
0.002169
0
0
0.002105
0.002066
0
0
0
0
0
0
0.002179
0
0
0.004211
0
0.004115
0.002033
0
0
0
0.002012
0.002058
0
0.002
0
0
0
0
0
0
0
0
0.006036
0
0
0
0
0.003731
0
0.005425
0
0.001815
0.001821
0.001799
0
0.001802
0
0.001821
0
0.003591
0.001821
0
0
0.003515
0
0.003565
0.001779
0
0
0
0
0
0
0
0.001835
0
0.001848
0
0.001862
0.001912
0
0
0
0
0.01139
0.002179
0
0.008949
0
0
0
0
0.001916
0
0.003883
0
0
0
0
0
0
0
0
0
0.001848
0.001883
0
0.001976
0
0.00207
0
0
0
0
0
0
0
0
0
0
0
0
0.007692
0
0
0
0
0
0
0.002041
0
0
0
0
0
0
0
0
0
0
0.002028
0
0
0
0.001779
0.003534
0.001767
0
0
0.001792
0
0
0
0
0
0.001789
0
0.001745
0
0.001767
0.001721
0.001751
0
0
0.003623
0.00177
0
0.003509
0
0
0
0
0.00173
0.00346
0.001754
0.001748
0
0
0
0
0
0
0.001712
0
0
0
0
0
0.001704
0
0
0.003521
0
0.001733
0
0
0.001686
0
0
0
0
0
0.001709
0
0.001724
0.001712
0
0.003328
0
0
0
0
0
0
0
0.00165
0.001658
0
0
0.0033
0
0
0.001634
0
0.003284
0.001618
0
0.001618
0
0.0016
0.003241
0.003236
0
0
0
0
0
0.00319
0
0
0
0
0
0
0
0.0016
0
0
0.001616
0
0
0
0.001605
0.0016
0.003231
0
0
0
0.001678
0.003322
0
0.001689
0
0
0
0.003378
0.001684
0
0
0.001692
0.003373
0
0
0.001701
0.001698
0
0
0
0
0
0
0
0.006908
0
0.001733
0.001724
0.001721
0.003436
0.001745
0.001733
0.005208
0.001754
0.001739
0
0
0
0
0.003559
0
0
0
0
0
0
0.00354
0
0.001761
0
0
0.001773
0.001808
0.00363
0
0
0.005535
0
0.001838
0.003731
0.003745
0
0.001883
0
0
0
0
0
0
0
0
0.001938
0
0.00198
0
0
0.004
0.004115
0.002053
0
0.002101
0.002101
0
0
0.002128
0.002123
0
0.002193
0
0
0
0
0.004494
0.002183
0.002128
0
0.002155
0.00641
0
0
0.002203
0
0
0
0
0.002188
0.004376
0
0
0
0.00216
0
0
0
0
0
0
0
0
0
0
0
0
0
0
0
0
0.001842
0.001873
0
0
0
0.001686
0
0
0.001582
0
0
0.001536
0.00299
0
0
0
0.002829
0
0
0.001401
0
0
0.002491
0
0.001215
0.001182
0
0
0
0
0
0.001164
0.001724
0
0
0
0
0.001138
0.001135
0
0
0
0.003472
0.008444
0
0
0.001087
0
0
0.003333
0
0
0.001095
0.002176
0
0
0
0
0
0
0.001136
0.001136
0
0
0
0.001171
0
0
0.004702
0.004762
0
0.001316
0
0
0
0.00123
0
0.003731
0.001215
0
0.001209
0.001185
0
0
0.001161
0.001161
0
0
0.001157
0.001155
0.002331
0
0
0
0
0.001163
0
0
0
0
0
0.001161
0.001186
0.001206
0
0
0
0
0.003623
0.001199
0
0.001217
0
0
0
0
0.002601
0.001351
0
0
0.001433
0
0
0
0.001486
0
0
0
0
0
0
0.00211
0
0.001524
0.003049
0.001522
0
0
0.001736
0
0
0
0
0
0
0
0
0.007299
0
0
0
0
0
0
0
0.001761
0
0.001825
0
0.001838
0
0.001894
0
0
0
0.008529
0.002049
0
0
0
0
0
0
0.001957
0
0.003922
0.002016
0
0.002088
0
0
0
0
0
0
0.002481
0
0
0.002688
0
0.003636
0.003704
0.003135
0
0
0
0
0
0
0
0
0
0
0
0
0
0
0
0
0
0
0
0
0
0
0
0
0
0
0
0
0
0
0
0
0
0
0.002653
0
0
0
0
0
0
0
0
0
0.015385
0
0
0
0
0.002227
0
0.002193
0.002208
0.002169
0
0
0
0
0
0
0
0.002237
0
0
0
0
0
0
0
0
0
0.002457
0
0
0
0
0
0
0
0
0
0
0
0
0
0
0.002137
0
0
0
0.002141
0
0
0
0
0
0
0
0.005556
0.002488
0
0
0
0.002193
0
0
0
0
0.00198
0
0.001946
0
0.001965
0.001938
0.001957
0.001961
0
0
0
0
0
0
0.001873
0
0
0
0
0
0
0
0
0.001869
0
0
0
0
0
0
0
0
0.002174
0
0
0
0
0
0
0
0
0
0
0
0
0
0
0
0
0
0
0
0
0
0
0
0
0
0
0
0
0
0
0
0
0
0
0.002398
0
0.002439
0.029221
0
0
0.007246
0.003185
0.003125
0
0
0
0
0
0
0
0
0
0
0
0
0
0
0
0
0
0
0
0.003788
0
0
0
0
0
0
0.5
0
0
0
0
0
