2
11
35
39
41
47
49
56
62
69
77
80
115
118
128
132
144
152
155
158
159
160
168
172
170
174
177
184
185
184
188
186
194
203
201
204
207
211
214
219
221
223
225
229
234
233
232
232
232
231
226
224
215
163
186
165
216
225
230
236
236
241
245
231
230
232
232
231
230
226
229
237
239
244
248
251
247
248
251
248
230
249
255
264
259
263
264
264
264
261
251
257
248
251
254
257
256
266
270
268
269
266
263
263
274
273
274
276
296
296
301
303
307
313
326
326
332
328
332
336
337
342
348
361
359
356
358
364
362
361
361
357
351
350
357
359
362
364
370
373
389
387
388
392
392
389
386
382
372
377
374
375
386
387
389
387
384
379
374
362
367
367
355
336
339
323
325
317
326
313
305
325
329
323
327
333
334
333
327
322
327
325
325
336
331
330
336
334
336
339
337
321
325
327
323
329
331
344
345
346
334
347
349
340
351
352
345
350
355
357
366
364
361
357
353
346
356
351
350
355
348
342
345
355
355
348
341
342
342
345
342
335
338
330
343
340
336
348
348
344
349
347
345
342
343
346
350
344
342
346
337
337
338
336
340
342
341
344
345
340
342
345
348
364
366
373
372
372
367
374
371
379
390
385
382
382
376
367
351
382
387
388
396
398
403
404
397
407
412
411
409
415
412
426
425
424
414
406
411
409
405
416
411
406
404
413
419
420
420
425
430
434
433
426
410
421
420
423
425
415
420
422
421
412
415
410
412
415
418
412
414
413
411
414
413
413
401
407
408
411
408
415
413
417
416
413
412
416
418
410
408
396
399
398
402
399
391
392
390
395
389
387
380
384
376
382
381
386
381
374
380
379
387
380
385
387
393
395
393
389
392
388
387
385
386
378
361
362
362
362
364
366
369
368
372
374
375
380
376
382
381
383
379
384
389
392
393
394
396
396
394
391
382
380
387
396
400
400
392
395
399
391
394
394
391
393
399
410
408
403
406
413
407
404
405
405
366
401
402
401
402
400
396
405
409
409
406
414
408
407
408
421
428
432
436
431
436
444
455
453
459
455
462
463
457
453
465
467
466
455
462
470
477
477
478
482
478
480
481
488
488
490
499
504
502
503
508
500
497
491
488
487
483
480
468
480
477
468
465
456
450
454
451
448
447
439
431
427
427
415
333
407
424
424
427
417
417
411
414
417
419
420
411
401
397
400
398
399
400
403
400
404
395
387
390
395
395
388
390
403
402
405
412
413
413
408
395
402
401
412
410
406
404
404
413
409
410
404
403
404
401
394
388
391
378
377
375
372
368
365
362
364
368
369
361
367
365
363
358
350
347
343
343
346
346
348
346
339
337
333
324
315
318
320
319
319
319
313
308
309
315
317
318
316
309
302
309
304
293
299
305
295
246
265
269
270
273
277
281
285
287
287
283
278
278
285
287
285
276
287
289
276
282
282
291
301
301
296
304
301
315
319
324
321
314
337
339
343
340
342
351
354
365
374
373
373
384
394
405
411
406
413
416
419
417
413
422
421
424
427
427
421
418
415
411
415
412
422
422
428
426
423
418
416
416
410
406
415
414
407
396
275
379
384
385
389
370
364
364
356
357
358
362
354
362
365
365
367
354
359
359
362
361
358
364
375
374
376
375
383
384
387
384
393
381
381
385
380
375
363
376
379
377
379
377
383
380
382
387
390
392
396
397
401
400
403
391
404
403
399
402
396
388
397
385
376
376
377
373
367
372
363
357
349
355
343
334
341
341
349
345
350
344
346
345
346
341
341
344
351
352
361
362
358
366
367
373
369
368
368
365
371
377
382
385
384
390
385
395
393
402
403
409
414
417
409
415
417
416
408
409
415
417
418
415
425
424
427
424
422
418
419
416
407
420
412
421
420
418
429
427
429
425
420
413
395
404
419
414
417
414
419
413
411
409
404
404
403
398
389
389
401
402
394
380
274
347
342
388
387
398
391
399
400
403
405
394
389
385
389
392
403
401
406
402
401
396
400
398
396
393
387
390
388
387
393
392
378
389
394
392
399
395
401
401
404
397
403
405
408
413
405
396
394
392
392
389
394
399
402
409
408
397
400
400
388
394
396
381
373
373
329
366
368
372
383
382
382
372
378
374
374
374
377
380
380
377
376
386
388
392
391
386
387
376
381
378
369
371
374
376
381
385
390
386
384
379
374
369
354
347
340
337
39
27
3
0
39
285
293
300
303
307
316
310
304
335
346
354
353
354
360
353
353
351
343
230
326
336
341
348
359
356
354
354
353
355
357
359
365
365
365
373
369
367
361
356
361
362
357
360
364
361
360
361
368
373
374
378
370
370
374
374
378
380
381
382
382
383
386
388
383
383
390
388
387
394
389
388
376
369
366
357
80
71
59
49
39
35
44
70
336
347
369
379
379
389
395
407
409
414
413
409
416
414
414
296
428
431
436
442
447
456
457
462
459
456
447
454
455
464
465
457
464
464
465
468
464
467
473
471
475
479
484
482
485
483
478
484
491
506
510
510
514
514
513
509
505
506
500
513
502
503
496
497
501
489
487
481
490
494
499
502
502
503
505
506
507
507
504
506
499
499
499
488
483
470
467
469
463
470
464
468
465
477
466
464
475
477
473
473
450
456
458
453
450
436
440
436
444
443
429
433
429
422
418
412
407
405
399
392
392
376
384
374
371
369
370
365
360
362
364
357
357
348
347
355
347
349
334
323
323
320
318
312
308
308
311
304
306
307
310
311
312
309
304
304
311
315
317
311
317
314
318
318
319
315
318
321
327
323
323
315
311
306
227
302
310
315
325
329
329
339
337
344
343
346
353
361
364
372
370
368
372
375
385
395
400
401
403
402
406
405
410
406
414
420
424
414
418
421
430
430
435
431
426
430
430
438
438
441
434
440
443
448
458
463
467
463
464
464
459
460
454
459
456
454
446
450
447
449
441
451
451
458
465
472
474
471
476
472
473
469
453
323
455
462
465
468
466
458
466
458
469
459
452
452
445
452
453
465
463
458
470
475
472
468
461
465
464
474
477
467
473
482
484
486
481
482
488
483
485
496
497
486
487
481
480
500
490
496
491
489
495
486
493
476
368
470
475
474
470
473
482
472
477
475
476
468
463
424
306
439
451
447
462
465
461
466
472
469
455
469
475
474
467
459
458
455
451
437
429
423
418
421
405
411
417
423
415
423
418
423
420
422
422
419
390
421
425
429
429
434
430
424
426
427
424
426
419
405
406
415
415
402
394
396
394
391
388
381
376
388
382
380
382
386
385
394
387
387
387
394
391
391
387
385
382
372
370
368
371
368
373
376
383
379
381
386
391
393
392
398
403
398
398
400
404
406
402
407
417
414
418
413
417
420
424
433
425
422
410
417
419
427
424
418
421
421
420
420
427
430
432
433
430
430
418
421
431
427
424
425
423
415
421
417
413
410
411
406
402
407
405
401
406
405
406
411
400
406
399
386
387
385
381
377
380
380
369
371
370
377
374
366
345
345
350
350
352
355
353
346
337
341
344
337
338
333
333
331
326
318
323
320
319
316
317
313
317
318
312
324
336
337
329
330
335
335
331
331
333
339
348
344
346
341
344
351
341
348
339
350
354
387
388
390
400
398
387
383
385
389
391
394
388
392
400
398
409
419
417
425
419
427
430
430
438
435
432
423
428
431
421
413
408
411
417
406
412
410
412
417
419
409
415
414
413
413
413
415
411
406
405
400
385
388
394
386
395
404
400
412
419
389
415
408
402
391
395
387
386
394
385
389
390
391
400
401
398
402
402
397
404
409
400
410
406
411
420
413
403
403
405
401
399
396
393
398
395
399
395
395
391
385
390
387
383
392
395
394
397
392
393
389
397
398
397
392
386
368
1
368
374
387
392
396
396
396
368
369
372
401
403
405
401
394
396
384
381
380
377
371
353
363
358
354
353
347
348
347
338
340
334
327
319
326
326
324
322
311
318
321
321
324
321
326
322
331
335
328
332
319
316
312
314
319
322
327
330
335
345
337
346
342
341
347
352
347
362
367
363
372
367
379
388
387
389
385
388
389
394
396
381
386
386
384
377
373
374
381
369
362
361
360
357
359
359
360
354
362
364
364
363
358
361
365
368
362
361
378
376
369
373
372
371
364
355
341
259
345
356
365
364
366
369
362
359
360
353
358
362
364
358
356
353
348
241
361
362
363
360
362
355
355
350
349
341
337
333
214
317
327
332
332
325
329
330
323
323
326
331
334
332
334
335
335
339
340
339
339
343
363
367
367
366
368
365
367
366
366
368
360
362
364
365
376
370
365
372
377
375
376
383
386
393
394
394
398
398
395
392
388
387
385
388
383
376
384
386
394
382
377
376
385
386
374
378
371
376
372
367
376
358
359
358
362
362
368
377
378
382
386
387
384
387
379
390
400
398
398
402
409
405
405
389
403
403
405
407
405
404
404
405
398
393
399
401
400
400
400
408
402
402
404
395
389
407
406
402
402
397
397
394
395
398
396
395
385
386
384
381
388
385
386
387
378
381
376
364
366
358
357
337
316
380
393
407
409
424
435
429
421
434
433
427
436
435
449
442
446
440
441
440
433
435
440
446
438
436
444
442
456
457
459
452
456
465
464
460
471
471
471
464
461
453
469
469
462
478
483
481
475
475
470
472
480
486
482
480
476
459
472
475
468
469
468
463
465
470
471
473
474
478
478
479
470
473
471
476
470
466
462
461
458
445
449
456
447
458
452
449
436
423
443
438
439
438
443
443
432
417
429
425
430
416
405
365
401
404
412
406
410
404
406
398
393
399
398
403
405
404
413
404
397
399
403
401
400
409
396
395
396
396
398
403
402
403
395
392
380
381
378
377
376
366
353
364
361
352
357
351
351
358
369
370
377
375
380
386
392
389
394
391
392
398
397
391
389
386
382
388
402
398
396
396
404
405
405
415
412
408
412
412
419
412
425
432
426
423
411
430
437
442
441
435
440
432
436
434
443
441
433
431
426
434
435
429
438
429
428
427
442
436
435
433
441
437
431
458
451
460
460
463
462
460
456
454
454
459
461
462
468
462
467
470
462
452
451
454
454
457
462
460
465
465
463
461
456
455
456
458
458
471
472
455
456
455
468
471
488
489
489
494
504
498
495
493
493
488
470
460
446
407
2
421
458
481
486
499
494
493
488
479
487
491
473
497
499
506
507
507
512
508
504
494
489
490
499
505
507
509
511
514
518
522
529
526
522
520
518
526
521
516
519
531
525
535
530
544
542
534
534
536
539
531
539
522
512
501
501
491
486
485
467
490
504
510
523
520
523
521
512
513
499
507
513
514
505
504
491
487
496
494
480
473
483
480
485
491
495
489
479
486
483
478
464
470
467
460
463
457
464
458
475
471
471
466
467
471
468
465
450
451
453
443
433
427
433
427
422
421
427
415
428
430
440
441
442
442
438
434
430
418
418
419
427
424
424
433
427
443
442
444
435
426
438
444
446
449
447
434
437
429
430
438
430
437
439
440
445
447
451
456
454
455
449
461
459
454
453
445
455
452
458
457
450
440
442
443
448
438
446
444
444
438
436
437
423
425
399
385
380
374
378
324
309
321
325
262
385
405
415
416
412
437
430
430
434
438
432
426
436
444
441
438
452
459
454
459
466
467
463
456
451
466
465
467
465
465
464
462
470
464
471
470
474
468
473
469
475
468
473
467
463
446
458
445
448
456
443
433
437
447
440
449
453
452
450
449
443
440
440
432
425
421
421
423
418
420
414
414
418
420
425
421
419
417
420
416
416
414
407
399
400
400
397
399
385
387
386
378
384
379
376
385
389
387
383
380
380
389
389
386
376
383
384
381
378
381
382
379
376
369
361
358
356
364
350
360
358
353
354
353
357
352
356
347
340
347
353
354
365
372
369
375
374
373
364
368
375
368
368
371
369
375
374
381
380
390
385
388
388
388
382
387
391
386
380
389
417
427
429
428
426
428
431
431
428
427
431
431
437
435
427
429
433
431
432
427
404
402
376
295
384
405
407
406
410
417
421
412
417
424
425
438
416
416
420
426
433
439
446
449
449
456
446
434
433
397
431
435
448
444
446
446
460
459
465
463
470
472
469
471
484
477
482
489
492
499
501
505
509
508
503
499
501
499
489
467
352
473
489
488
485
479
476
475
496
485
492
495
501
498
501
503
495
500
508
514
519
523
518
519
531
526
526
518
521
517
513
520
511
515
506
491
501
511
505
506
507
502
490
509
509
501
498
505
501
506
501
498
488
489
483
476
479
470
460
445
441
447
442
444
441
440
435
429
423
415
421
424
414
420
417
415
421
428
431
432
434
425
424
427
416
432
434
427
418
418
415
416
409
399
394
392
391
393
366
318
319
320
264
354
359
375
371
376
375
371
345
366
368
371
368
371
371
359
362
350
339
339
339
335
332
329
327
321
307
284
196
229
225
217
217
215
196
288
289
296
294
303
301
313
319
317
314
313
312
304
304
290
300
294
296
290
294
296
286
287
283
277
267
196
275
274
281
279
277
269
269
267
242
284
294
294
297
298
297
296
295
294
286
284
281
277
268
250
274
282
282
285
294
301
283
290
297
294
288
291
281
279
180
274
275
272
277
280
279
275
260
264
263
261
272
273
276
278
275
278
285
288
284
281
177
287
291
292
306
281
272
263
260
264
264
264
285
290
323
326
331
338
330
341
341
345
347
342
354
360
362
362
368
364
372
365
359
370
373
383
392
392
394
386
393
392
395
393
399
397
392
384
388
397
397
397
394
390
385
361
347
382
393
401
401
402
417
417
424
417
287
417
416
412
411
406
413
411
407
401
406
407
415
405
291
421
420
418
417
404
353
353
404
395
403
385
435
434
430
433
433
380
421
447
440
440
432
438
440
442
449
459
460
468
460
455
461
475
475
473
484
487
495
498
502
512
516
513
500
377
479
487
497
492
493
492
491
488
486
474
473
473
463
447
439
443
430
428
424
421
413
399
397
383
374
356
265
262
265
260
251
297
300
301
299
291
288
252
188
257
252
245
235
223
206
218
223
244
241
245
243
245
229
217
189
176
172
175
178
179
178
182
164
201
213
216
216
215
212
210
197
136
156
155
155
203
209
212
220
220
221
224
217
217
215
214
212
213
206
204
197
174
129
170
177
180
181
171
154
174
186
189
194
191
195
198
198
200
192
205
206
211
209
218
219
213
205
231
239
245
252
256
259
259
256
246
265
270
279
281
285
286
288
286
284
292
289
289
290
286
283
286
282
280
279
262
200
280
289
287
283
277
280
276
269
271
266
255
228
234
236
237
231
226
209
197
185
116
111
116
109
112
113
107
104
104
104
251
266
280
281
293
298
303
305
311
309
317
320
322
326
334
341
341
346
346
333
326
313
305
258
298
302
305
318
317
318
324
314
301
295
289
204
294
300
303
304
301
304
297
295
301
298
298
305
297
284
281
276
261
130
237
240
242
242
241
217
93
101
102
106
120
122
127
126
127
126
129
114
230
237
236
246
257
265
276
291
292
302
313
313
311
319
321
324
328
323
330
328
317
314
313
317
317
312
310
306
308
307
306
306
304
304
298
288
283
275
265
293
295
296
285
302
305
309
305
291
286
300
290
286
282
273
261
250
244
161
195
194
205
263
264
271
280
281
289
287
299
299
300
299
301
296
191
292
308
315
321
323
325
331
330
331
331
326
239
327
344
344
344
340
316
356
367
370
373
383
383
386
383
377
393
388
392
399
397
399
404
407
408
410
395
392
396
415
416
415
416
415
416
402
403
407
404
399
405
399
404
403
404
411
398
406
398
399
399
404
405
387
280
395
406
420
422
424
432
430
425
432
426
449
449
446
442
443
436
443
452
449
449
462
459
470
471
472
475
472
471
474
478
482
483
478
478
471
471
468
470
458
472
473
473
477
479
463
457
455
342
454
457
459
456
459
460
455
458
458
449
449
438
443
437
437
437
432
432
434
429
428
419
423
416
421
419
417
416
413
412
412
407
403
394
394
390
390
392
392
398
396
385
371
335
326
353
356
358
355
350
325
360
365
363
359
362
359
364
332
235
303
296
295
318
349
344
350
348
358
359
369
362
357
360
355
361
362
358
346
345
263
225
281
288
309
317
321
327
328
342
346
345
346
355
355
366
366
371
374
372
383
375
371
368
375
360
350
284
342
364
371
373
358
356
357
356
354
355
360
352
344
333
337
335
334
330
319
319
312
301
282
208
207
207
174
219
225
249
245
252
257
267
270
271
276
273
269
261
258
227
239
257
264
275
291
295
304
299
299
307
286
279
279
289
291
294
303
295
303
298
297
298
284
247
256
255
255
289
289
292
297
310
313
319
312
313
318
324
323
329
324
324
326
324
332
329
328
231
310
309
312
320
324
313
311
302
295
293
292
290
291
292
293
295
297
245
295
297
297
292
280
260
254
248
235
250
252
263
260
268
266
269
261
259
253
254
229
153
217
230
236
237
244
241
242
249
251
246
243
241
237
220
238
244
246
253
254
256
258
261
183
256
258
262
269
275
275
266
264
270
269
270
278
269
266
259
253
253
255
249
242
187
187
186
185
187
183
177
175
175
170
160
150
142
131
121
112
107
9
8
8
12
12
12
17
175
178
183
187
190
191
198
212
218
226
228
241
249
255
255
253
271
282
285
300
310
317
325
330
334
337
334
333
329
328
325
328
329
327
330
330
322
329
334
332
330
327
325
329
328
323
318
318
319
333
327
318
318
322
320
318
318
321
310
222
305
307
313
312
315
315
315
303
301
306
305
301
300
298
289
283
257
281
287
294
296
301
307
312
312
313
313
311
311
310
312
313
314
309
314
320
317
326
331
326
313
317
320
319
303
301
316
316
320
319
323
324
326
327
334
335
329
334
335
331
333
326
330
327
325
322
314
317
309
313
311
314
307
303
314
319
319
316
311
308
303
299
303
305
306
305
303
302
295
305
300
299
292
301
302
310
314
306
312
321
321
333
339
340
342
336
342
341
346
346
346
340
340
352
353
356
358
359
353
353
356
347
352
351
350
349
352
354
354
351
355
356
352
349
352
354
352
344
344
338
332
339
340
332
317
311
320
321
319
310
312
304
302
234
314
323
333
329
334
336
333
332
342
344
339
331
331
340
351
348
348
346
350
350
348
347
341
335
333
321
306
326
328
336
334
335
338
335
331
332
338
338
321
309
295
270
287
308
318
321
318
212
321
326
333
334
338
326
238
323
339
342
351
354
350
350
354
358
356
354
350
356
356
362
362
360
364
361
357
346
344
261
351
369
378
378
376
376
373
367
365
354
340
332
335
321
310
306
253
157
155
156
152
153
151
147
209
224
224
230
227
229
229
223
223
244
260
272
281
292
294
295
295
288
281
279
256
173
191
181
189
192
189
309
317
337
343
353
357
369
371
368
401
409
420
429
430
436
437
441
447
436
436
435
435
436
435
424
421
428
444
443
439
430
419
380
412
419
424
430
434
437
445
438
440
443
444
445
442
433
312
431
434
431
439
438
436
431
424
441
439
451
449
447
447
447
446
437
446
456
457
428
453
371
449
446
444
441
443
438
440
435
426
426
420
422
418
412
416
405
404
403
404
394
401
396
405
410
400
394
383
384
379
379
379
378
382
387
387
387
376
376
390
394
389
385
372
372
374
368
357
355
359
352
347
240
282
281
283
304
324
326
333
330
259
342
347
348
342
342
343
339
344
336
329
343
346
322
319
315
319
314
312
310
305
305
303
298
295
283
279
272
262
250
248
247
246
238
231
215
198
200
201
191
193
186
179
169
159
144
123
121
124
117
116
103
97
92
49
48
48
48
46
40
0
2
2
0
2
2
16
16
22
21
21
17
36
44
53
59
64
67
67
68
67
68
67
57
68
67
67
68
68
68
68
67
68
67
68
68
75
76
75
76
76
61
101
105
106
106
109
119
119
117
119
116
113
106
98
96
48
52
53
52
53
53
53
53
53
53
53
53
53
125
134
136
136
137
137
156
163
167
171
179
180
187
193
194
196
198
202
203
203
200
196
189
145
193
198
205
208
206
159
200
202
211
208
207
194
201
211
214
224
226
236
244
251
253
261
262
264
271
279
284
286
297
293
294
295
291
284
281
276
272
267
266
255
255
247
243
235
230
227
222
198
205
207
207
197
197
194
197
190
178
176
169
100
163
160
154
150
129
112
117
125
118
109
109
68
120
119
113
112
108
95
114
114
115
114
115
107
134
151
153
158
161
161
165
174
182
182
181
176
175
175
115
186
200
213
219
227
230
229
228
237
240
237
226
235
257
264
269
280
279
281
279
281
273
274
257
281
280
250
283
280
269
295
304
304
308
308
309
310
311
310
308
312
310
308
302
304
305
298
294
289
270
199
250
249
238
230
222
208
161
160
160
260
285
290
289
297
299
295
284
289
298
298
291
278
271
259
298
307
309
315
316
314
310
317
322
319
310
208
257
258
260
296
324
335
343
352
364
371
376
387
374
370
328
350
357
359
371
408
410
414
418
439
439
432
441
441
457
464
471
475
472
468
442
424
456
469
470
476
482
484
495
496
496
491
490
489
499
495
496
504
500
497
490
490
492
499
500
488
488
493
502
501
507
519
517
513
518
506
491
493
483
502
510
513
513
524
530
519
508
511
516
516
515
512
519
517
512
510
517
516
507
497
517
512
504
502
506
499
489
381
483
500
487
481
470
444
462
497
514
512
510
511
511
510
506
512
508
504
511
513
511
515
500
501
499
468
458
462
473
480
474
474
468
477
461
465
455
454
450
443
442
443
435
414
423
423
423
419
413
409
399
400
406
401
386
389
380
371
359
359
363
363
355
352
346
345
338
345
349
341
336
248
303
317
340
333
332
340
335
335
343
344
341
335
323
313
291
330
337
336
335
326
323
329
334
331
328
326
321
319
326
330
330
329
331
322
336
342
346
348
340
345
348
356
357
355
362
359
359
346
355
353
346
338
338
336
342
331
342
341
342
334
335
333
333
329
330
332
328
321
303
290
298
311
307
301
306
304
297
293
293
290
281
276
272
274
267
264
263
263
263
263
260
256
250
247
237
226
257
265
269
269
266
260
258
249
251
237
227
212
215
211
210
209
201
200
194
185
113
119
119
112
117
115
104
232
243
259
260
271
282
283
287
289
296
293
289
282
274
239
285
282
298
306
305
305
311
302
313
303
303
304
300
291
301
297
300
191
266
276
282
290
292
199
285
286
296
308
319
312
314
320
327
330
331
337
332
257
316
333
339
346
350
358
365
369
365
374
370
371
362
365
370
361
368
365
368
365
376
374
369
376
372
363
356
260
283
309
338
342
355
355
360
355
357
368
368
363
360
360
358
372
365
354
355
356
347
343
345
337
317
324
326
324
308
314
314
310
315
315
302
224
301
300
298
288
288
272
262
294
298
308
306
310
301
282
227
226
230
230
264
281
286
285
296
293
292
295
288
289
293
295
292
296
298
299
298
301
295
297
301
306
311
313
328
321
317
330
330
339
339
336
333
329
330
331
326
334
332
326
324
324
317
316
314
316
325
325
324
323
324
325
324
330
325
323
331
329
324
317
307
294
330
339
341
347
348
343
348
346
336
340
335
332
334
327
326
326
324
319
241
316
332
340
341
347
353
356
354
357
358
356
347
358
350
339
272
322
329
335
347
349
343
343
344
348
344
335
330
331
320
323
320
327
324
326
333
326
329
323
327
329
317
321
312
305
306
308
314
313
314
308
300
293
295
293
294
289
291
290
288
284
274
271
276
278
280
280
272
269
259
251
247
21
6
24
23
224
215
221
228
227
236
235
232
244
249
246
244
257
257
252
260
258
266
275
278
281
282
281
282
281
282
282
283
283
290
301
302
300
299
298
303
296
300
296
297
298
303
308
308
316
316
315
316
315
313
310
291
313
317
326
327
324
308
291
309
319
321
333
332
328
328
322
329
324
323
325
332
335
341
345
352
355
359
360
362
357
355
366
374
384
383
383
378
364
360
368
354
246
315
318
310
354
372
381
392
397
404
399
401
401
398
400
401
409
397
391
403
393
391
394
396
393
394
380
385
378
381
375
373
380
372
366
271
356
358
371
374
373
373
364
329
305
336
346
349
359
340
348
349
351
344
344
350
355
359
361
362
373
373
373
378
374
370
345
376
382
398
391
385
395
387
383
371
347
370
373
382
391
402
402
404
405
401
415
410
410
414
415
413
412
415
405
409
409
411
411
410
415
404
405
411
413
411
413
411
416
413
416
404
401
403
398
386
393
382
383
384
393
399
407
404
411
414
412
413
413
421
417
426
415
414
414
411
409
402
406
408
396
401
405
400
391
392
379
388
379
379
370
373
348
347
374
381
389
384
385
382
392
395
401
397
400
402
405
400
402
414
416
411
409
400
394
388
394
393
393
397
401
389
399
393
393
398
400
394
386
389
396
398
398
399
398
400
401
396
393
399
402
397
396
403
405
412
404
406
405
397
393
401
413
424
432
428
431
440
440
442
432
427
407
431
428
428
419
410
324
413
424
424
426
416
408
404
398
403
408
408
402
409
421
426
424
416
407
395
387
275
410
404
398
380
368
338
384
388
392
388
375
352
267
356
360
367
370
368
356
364
373
376
369
370
367
374
382
380
366
325
360
365
368
377
392
382
382
380
251
348
376
385
388
400
397
395
400
402
407
407
404
409
403
400
405
405
415
418
423
428
420
424
429
432
439
435
437
442
435
430
432
440
438
431
427
422
418
414
415
425
407
400
394
369
390
393
396
397
387
379
374
365
359
353
337
237
286
285
278
344
354
365
374
383
387
393
392
381
396
403
403
398
406
398
408
402
391
390
381
256
342
332
321
345
349
375
382
386
390
395
390
385
385
395
394
406
409
410
419
419
422
422
418
418
418
418
414
416
405
415
413
419
420
414
416
416
405
402
405
389
388
393
391
386
383
383
375
379
381
386
385
385
381
382
376
384
385
388
381
375
374
378
383
379
382
375
364
363
357
358
358
354
350
352
346
351
349
353
351
342
335
297
281
272
292
297
312
317
323
329
324
325
323
315
316
309
294
277
258
275
285
307
307
307
306
291
300
300
290
289
288
277
262
191
219
219
167
256
253
258
272
280
283
281
275
263
270
273
270
267
270
269
271
270
258
255
240
140
230
232
159
256
260
280
281
281
273
270
257
170
275
289
292
304
309
313
312
313
319
314
312
224
326
330
333
335
339
340
342
352
345
345
347
353
360
357
356
357
354
356
354
354
349
341
339
331
340
336
336
327
318
317
308
304
303
302
300
303
298
296
288
287
279
275
266
259
254
245
235
165
166
165
157
175
182
194
191
185
187
216
226
233
229
231
223
224
227
226
229
223
218
211
214
203
223
240
224
231
224
203
231
238
244
247
247
251
256
259
258
271
268
182
277
283
290
298
301
302
311
310
309
300
308
303
298
305
302
307
306
308
305
300
294
299
301
305
303
302
294
281
304
307
313
305
305
300
297
307
312
311
314
307
301
298
298
292
200
276
281
286
287
301
309
315
313
317
308
314
316
328
331
338
346
344
343
356
352
352
348
341
354
355
354
359
359
358
355
350
349
349
347
339
337
310
320
316
249
305
302
287
267
205
248
248
244
235
207
178
179
179
143
181
210
243
247
253
250
250
241
182
211
215
208
202
201
159
209
227
235
236
234
222
222
210
197
214
228
233
235
239
243
246
251
262
263
257
248
241
238
237
233
222
191
189
190
190
190
183
128
129
128
130
150
154
164
167
167
168
168
163
159
152
152
77
161
171
173
176
175
173
168
164
79
131
134
139
140
140
136
148
135
138
112
148
195
204
210
211
221
223
224
225
241
273
276
285
288
294
293
294
308
311
303
308
309
321
334
331
333
335
348
347
351
349
354
344
343
344
350
359
364
373
370
366
366
368
373
376
378
372
377
374
372
370
373
376
385
392
390
386
383
384
390
388
381
377
378
366
343
372
376
385
395
403
398
400
397
395
374
368
258
365
395
399
399
395
403
387
381
388
384
383
391
389
395
391
399
410
406
405
399
402
404
395
392
392
394
396
399
395
399
409
416
420
426
421
422
420
418
413
424
425
418
409
396
334
333
333
337
383
399
402
394
396
398
404
395
386
383
388
394
400
397
401
399
404
409
407
404
413
411
397
368
400
416
424
435
434
438
436
430
421
405
414
409
436
438
438
440
440
440
432
435
434
434
438
440
441
439
438
426
433
437
445
444
436
442
440
437
441
438
426
410
405
294
412
417
420
423
431
426
424
423
422
421
410
412
412
410
400
411
418
417
420
422
417
403
408
411
410
408
399
402
383
255
341
336
263
399
413
409
414
413
405
421
417
419
422
420
418
410
411
416
409
402
363
407
419
433
433
428
435
430
428
429
429
424
431
421
416
412
406
400
399
399
363
352
363
365
383
389
384
383
368
369
358
365
357
355
353
350
347
346
342
350
335
340
334
331
329
319
311
314
311
301
303
295
289
281
281
278
277
277
267
251
182
243
251
250
252
247
255
254
248
148
252
284
288
289
295
297
299
302
309
299
307
319
312
319
321
314
307
303
301
300
297
302
300
304
307
298
299
301
296
296
290
285
289
291
289
284
279
282
283
282
274
269
266
260
245
251
247
237
220
201
198
188
181
180
162
150
103
130
128
128
120
120
110
127
132
137
138
145
147
148
144
136
126
127
118
130
149
148
145
132
130
147
150
152
159
159
165
163
169
168
170
166
165
168
168
164
162
157
151
155
164
166
168
170
167
164
161
159
156
147
81
81
82
80
85
87
88
87
88
87
95
95
95
96
95
95
93
90
89
88
86
84
82
82
79
71
71
70
69
63
61
57
56
55
53
49
49
48
40
27
28
28
27
50
60
71
73
74
76
87
90
90
95
100
99
110
112
114
117
118
128
130
133
137
141
142
107
143
148
153
158
159
162
173
179
181
183
182
185
189
187
190
193
195
198
203
214
211
217
211
216
220
214
222
223
226
225
223
229
231
221
215
207
221
236
249
247
245
251
254
256
255
255
257
251
252
252
261
263
258
257
255
259
258
260
261
266
266
254
246
276
283
287
284
282
281
279
264
255
279
288
299
310
309
305
310
313
322
310
320
316
330
331
346
348
348
350
375
380
385
401
412
410
404
413
434
437
439
435
436
448
444
451
448
456
449
462
471
467
476
483
477
476
484
488
487
490
487
493
496
490
483
483
481
486
483
378
383
389
386
383
321
374
380
303
431
435
446
438
439
437
425
425
427
429
432
435
444
439
440
428
429
428
427
425
426
420
420
426
418
418
417
421
430
428
431
429
422
427
418
420
418
417
413
404
417
418
426
441
442
436
448
461
449
445
445
448
443
445
444
438
432
441
431
437
437
441
441
446
453
457
459
460
457
453
452
458
465
462
456
458
463
466
458
455
456
459
473
478
481
478
471
466
473
463
465
455
453
453
447
445
436
430
422
370
370
371
363
361
331
331
332
333
439
448
458
462
474
479
480
473
472
475
465
473
473
474
462
468
464
460
467
466
469
473
471
477
461
466
456
471
469
476
477
477
477
471
455
437
452
473
476
467
465
450
456
457
457
453
450
432
327
418
426
429
427
428
421
406
406
401
407
397
385
377
341
366
379
387
384
395
394
400
392
394
381
380
376
374
379
374
370
362
358
355
355
343
338
335
332
330
328
329
326
328
323
320
313
312
309
318
314
313
317
311
297
293
292
299
300
309
301
295
300
301
302
301
292
289
289
294
294
292
288
287
291
296
277
230
284
296
305
309
310
307
306
320
326
333
329
338
335
336
336
333
336
342
341
344
336
337
331
327
331
334
338
338
340
331
334
324
314
316
318
311
307
309
309
309
307
303
296
301
297
296
294
288
287
286
282
272
271
261
253
246
245
241
237
237
233
223
221
213
221
214
215
214
201
199
200
195
195
189
184
181
181
177
177
178
180
184
187
187
185
182
187
190
187
184
186
180
166
172
180
181
187
185
178
180
180
182
185
181
180
181
174
189
174
170
171
162
158
151
145
167
168
169
171
175
179
182
180
186
179
183
185
184
168
162
173
176
179
178
175
172
170
166
162
158
151
149
145
146
136
140
136
134
129
128
122
121
115
110
104
103
101
102
101
98
95
89
88
88
83
75
63
63
55
53
48
40
38
35
33
31
18
15
10
15
20
22
27
33
40
50
53
57
63
64
67
69
68
69
82
82
85
87
85
93
93
98
71
105
110
112
120
121
124
124
127
131
136
136
146
150
150
158
156
158
160
162
163
165
167
172
179
179
174
178
177
176
179
179
169
165
156
162
172
171
172
171
174
176
175
166
167
168
170
168
176
179
180
179
178
179
178
174
174
171
171
170
173
168
165
165
168
166
162
155
164
170
175
176
179
181
178
173
175
171
158
176
181
185
186
188
186
190
191
189
195
197
195
197
192
203
204
202
201
200
200
187
218
224
228
230
235
234
232
232
232
220
202
223
227
226
225
222
220
204
219
232
241
244
248
249
253
247
246
249
246
237
236
233
231
246
252
259
262
262
280
282
290
293
298
312
313
311
312
315
318
338
336
337
335
341
337
337
347
342
344
343
327
354
357
363
361
361
362
360
367
365
368
367
367
361
345
368
374
382
388
390
387
384
393
390
386
382
375
380
373
363
359
356
363
364
350
356
351
355
354
352
342
350
354
357
363
368
372
364
363
365
371
376
371
377
383
382
388
385
373
345
379
393
406
406
414
418
423
426
424
427
427
425
429
430
425
432
431
430
432
438
438
434
430
421
426
440
433
435
432
426
427
420
422
421
419
315
419
439
439
444
443
445
444
439
441
436
444
449
450
441
440
415
406
371
417
427
435
442
446
446
443
438
436
441
435
437
426
424
395
425
440
447
457
462
450
451
454
449
444
444
436
429
417
406
403
395
386
376
351
203
214
214
207
210
210
198
210
213
195
368
384
397
402
409
412
417
423
431
436
437
439
439
422
393
427
435
443
454
456
462
461
470
477
480
486
492
500
500
502
499
499
502
506
502
513
505
508
510
506
500
496
486
482
478
477
464
456
458
453
450
449
443
422
410
408
399
349
393
398
402
397
400
401
392
390
393
387
374
358
347
247
373
377
378
377
370
373
371
366
363
360
347
234
371
377
384
390
387
391
386
388
386
383
383
380
397
378
352
375
388
398
403
404
401
404
414
414
399
402
408
411
402
301
392
412
425
441
446
454
457
460
458
456
452
446
444
447
448
449
455
458
455
436
429
427
426
413
408
402
270
405
412
409
418
413
409
369
357
329
381
403
410
404
406
402
408
390
397
396
395
392
394
395
396
382
363
248
387
397
396
391
393
397
398
398
400
396
392
312
312
315
278
370
376
384
404
408
413
414
413
416
416
421
422
426
429
429
443
449
454
464
461
462
452
452
450
446
447
435
444
441
438
446
444
443
447
446
443
438
434
430
438
433
436
438
432
429
426
431
424
431
428
431
430
411
287
396
400
406
395
379
361
366
380
371
360
359
301
343
356
365
353
343
325
344
374
371
369
372
365
378
379
382
389
391
388
391
391
399
399
398
393
387
386
386
382
382
377
377
380
380
384
381
382
371
368
367
358
373
371
372
369
372
367
375
376
374
359
355
357
348
351
342
344
342
333
332
256
339
342
347
336
334
318
298
321
327
330
338
330
326
327
333
326
339
339
345
352
354
353
359
364
369
373
370
374
376
373
367
358
345
356
368
377
375
368
368
378
378
379
378
374
391
404
405
409
418
428
425
439
438
442
436
444
444
450
464
457
450
444
455
452
444
416
442
459
459
459
454
457
455
453
475
486
487
484
488
497
492
496
498
498
494
474
454
482
489
508
518
520
512
520
521
524
523
513
524
524
515
517
514
516
511
522
518
514
513
522
513
509
510
516
519
512
506
504
490
493
489
488
496
504
499
494
492
494
497
495
487
475
317
453
461
477
470
464
465
465
460
459
465
459
464
466
463
336
467
467
474
476
477
480
459
348
455
461
456
475
474
477
477
472
465
466
464
466
467
464
463
463
459
452
444
397
380
376
378
364
424
435
441
457
457
460
445
446
447
438
436
418
430
413
424
431
425
426
421
402
303
385
377
387
444
456
464
463
474
470
470
472
466
461
458
465
454
347
449
446
444
445
433
432
428
420
413
406
429
435
442
445
438
429
429
431
432
433
427
425
431
429
422
425
423
404
389
381
371
330
339
344
342
262
398
404
409
425
432
437
443
443
455
460
459
465
460
454
457
467
467
477
474
474
466
474
478
467
457
439
405
415
412
407
323
256
241
240
241
227
241
243
239
238
236
217
236
412
425
432
441
451
453
445
446
445
446
450
448
445
457
461
453
452
431
433
304
428
434
444
451
451
451
449
454
451
452
445
436
446
446
445
437
429
383
422
430
435
426
438
446
444
452
459
453
455
448
439
426
429
433
439
442
450
438
441
442
439
437
422
416
405
395
378
304
314
326
330
329
316
306
362
365
359
350
345
227
350
361
368
369
364
353
365
365
360
357
350
349
236
318
322
319
318
297
338
358
381
387
396
398
400
403
396
396
398
402
399
393
388
387
354
273
370
396
403
413
424
428
432
424
429
430
434
444
460
459
466
461
486
493
492
494
509
510
513
517
522
521
523
524
536
546
537
537
537
528
533
527
532
530
536
535
524
524
519
507
515
508
502
493
494
478
469
459
436
419
438
438
438
437
420
379
422
420
423
417
411
403
380
392
380
385
369
337
321
270
313
320
314
290
313
330
338
342
340
341
351
350
357
353
342
336
248
275
283
290
292
219
290
284
288
340
351
361
414
412
424
416
430
430
434
432
436
442
448
452
444
458
465
468
463
460
466
460
437
435
428
428
416
418
418
412
405
401
396
391
385
379
336
298
302
301
300
346
356
368
376
376
378
367
356
261
350
361
373
371
382
382
380
372
379
375
372
377
367
355
234
346
356
367
373
359
375
381
387
384
405
411
414
409
424
420
427
425
423
428
421
419
412
406
407
403
398
387
376
376
361
357
338
253
271
273
259
277
315
317
306
302
256
330
334
329
329
338
344
351
347
347
348
340
348
345
353
328
320
320
280
328
340
339
339
334
333
336
330
324
310
306
212
310
314
315
312
292
272
312
318
332
330
342
339
334
340
341
346
319
195
326
334
349
362
360
362
365
359
366
369
362
365
366
351
312
344
359
364
368
369
351
394
402
407
411
419
417
419
424
431
429
424
423
420
436
428
430
440
435
438
433
324
417
445
449
455
445
436
432
421
420
421
423
430
420
420
416
407
404
397
401
397
399
383
376
235
379
385
387
395
389
386
378
384
385
387
378
234
325
324
319
387
400
416
424
426
429
430
417
275
425
433
433
439
431
435
431
423
430
429
428
423
432
426
424
416
422
412
411
418
403
368
371
378
380
372
336
284
287
243
380
398
403
410
422
428
421
413
381
417
417
413
415
416
403
337
409
418
421
422
417
422
418
411
411
404
407
411
408
397
406
404
399
382
380
377
373
348
223
336
338
331
303
296
260
269
281
282
283
267
234
251
259
258
250
237
186
192
190
187
248
268
274
278
279
286
286
287
285
285
293
298
305
305
310
311
307
307
309
308
316
314
311
312
310
304
305
306
305
309
315
315
307
301
296
245
252
261
176
289
298
302
301
302
312
314
319
317
317
322
328
325
350
349
358
352
354
354
374
379
382
379
403
404
407
406
415
418
418
419
415
416
423
428
439
440
448
447
434
334
434
438
432
437
430
333
447
455
446
458
449
445
450
450
445
443
438
441
446
447
442
425
316
379
384
324
414
432
440
440
451
461
472
470
469
480
489
489
499
492
487
486
496
497
496
486
489
494
500
496
497
495
495
495
498
502
495
497
490
475
495
458
466
452
434
457
468
471
488
487
497
497
494
494
488
500
497
505
494
499
494
495
496
497
491
492
478
454
425
441
456
455
453
450
453
452
458
457
463
455
453
454
470
464
449
470
468
461
448
334
440
458
448
447
452
456
452
449
451
445
440
443
439
425
421
412
416
289
398
417
422
418
419
411
408
407
407
412
425
424
425
428
441
436
421
430
435
430
427
413
401
371
336
254
379
385
413
423
426
439
441
436
439
431
413
450
459
457
462
463
471
476
477
481
487
487
487
476
477
482
477
479
471
472
471
463
455
447
428
383
364
402
435
439
445
447
441
442
438
440
446
446
442
428
382
284
414
427
444
441
445
438
434
439
429
422
411
272
421
424
430
441
433
436
424
429
440
432
433
429
423
419
428
421
426
402
280
368
385
398
403
403
395
374
341
385
403
404
411
420
422
428
430
425
417
411
411
421
415
417
415
416
418
420
410
414
409
410
418
419
418
423
434
411
374
435
438
440
437
438
433
432
430
433
433
418
416
421
427
433
437
438
432
432
435
432
431
422
427
432
434
432
420
418
298
408
413
420
420
413
413
409
405
405
407
412
411
404
393
397
401
405
398
391
391
386
391
399
408
412
403
396
394
387
367
388
395
400
392
396
389
386
381
285
392
397
403
405
408
402
387
390
387
376
379
384
375
382
382
389
393
396
400
396
397
386
374
369
361
356
341
330
317
170
202
202
169
199
199
178
253
272
286
299
299
296
294
276
277
296
296
294
307
326
322
319
322
324
322
326
316
312
318
316
315
309
260
265
280
281
283
295
290
173
250
262
267
272
273
271
262
138
152
162
161
172
175
149
293
301
312
325
329
342
349
359
361
364
360
369
368
372
375
382
385
385
391
383
379
376
378
300
377
385
391
389
391
393
391
395
402
405
395
401
403
408
405
402
427
424
424
431
429
416
416
408
405
405
401
402
404
402
399
394
392
402
410
411
411
409
418
416
419
416
409
397
402
409
409
406
414
404
402
407
401
395
395
382
377
363
378
378
368
373
362
364
358
246
346
353
357
353
362
359
366
346
325
337
339
341
337
320
296
316
343
337
345
345
343
346
350
336
344
349
349
348
351
349
348
358
357
359
341
338
333
327
324
332
343
376
379
381
389
388
389
389
389
386
383
386
386
387
384
382
286
387
399
404
413
412
416
406
416
406
402
405
404
411
410
406
406
398
404
389
398
395
398
409
414
414
409
413
409
376
340
357
363
260
413
418
432
440
441
445
433
450
459
437
431
315
430
442
439
432
441
436
436
439
436
435
438
440
435
439
446
440
440
453
454
459
449
455
462
460
456
455
441
439
436
436
435
435
426
428
428
432
415
407
396
391
393
396
393
400
395
392
377
382
384
382
361
386
405
407
419
413
417
415
405
334
333
331
332
382
392
399
405
403
402
403
405
404
399
402
401
402
401
401
400
395
386
373
378
377
373
369
369
378
372
373
375
368
364
367
363
352
344
341
344
337
339
346
354
351
350
347
350
347
351
354
350
353
348
357
350
352
358
354
353
354
357
349
354
362
361
369
371
369
367
370
363
250
344
354
348
340
302
245
286
284
237
332
348
351
348
350
356
354
354
354
351
347
349
348
352
356
364
356
355
355
355
353
355
353
347
357
366
365
368
363
362
362
366
367
371
380
373
380
379
377
380
382
375
371
373
370
381
372
364
365
365
363
372
369
372
368
372
383
377
374
371
367
368
369
369
372
368
372
376
380
381
379
383
378
379
384
367
360
347
334
311
357
359
356
361
363
372
373
376
372
376
377
379
382
381
384
386
388
400
392
394
396
404
403
411
403
408
401
403
416
420
427
432
428
427
439
426
437
439
434
434
429
431
431
436
428
427
423
429
420
416
397
363
351
373
389
388
386
392
391
302
390
378
375
362
343
353
352
343
321
304
284
140
152
150
146
151
140
245
273
288
295
297
294
297
296
300
323
334
346
360
367
372
370
369
373
360
247
371
388
400
411
418
419
422
424
431
431
425
423
422
423
424
425
424
422
418
420
411
412
400
387
377
365
338
118
119
122
114
120
118
118
109
98
96
96
96
92
99
100
95
110
112
94
341
342
355
362
374
378
380
389
391
397
413
410
419
433
433
434
441
446
452
446
449
453
450
453
455
449
453
448
453
434
439
438
434
428
432
432
432
432
434
429
422
429
428
414
413
412
422
419
419
413
408
416
412
407
408
390
385
380
385
380
380
368
360
353
332
338
325
308
248
276
274
263
307
320
333
345
346
352
348
352
354
360
356
353
317
300
218
260
258
257
267
283
293
293
283
280
211
295
333
342
350
354
367
368
374
365
378
378
376
377
372
367
370
372
376
378
364
363
362
363
351
347
346
342
332
331
318
304
234
308
308
302
302
290
248
253
259
262
253
185
305
319
333
338
337
326
330
330
328
324
311
304
296
248
262
272
272
274
276
276
243
231
238
236
195
251
268
288
314
318
324
328
333
343
344
350
344
339
346
339
345
348
345
352
345
348
349
348
342
351
348
331
299
329
333
335
334
335
344
342
338
348
357
359
358
353
356
361
367
363
369
365
364
368
364
361
356
357
355
351
358
360
357
359
358
355
346
353
354
360
357
352
360
349
356
353
362
361
358
360
350
350
356
358
359
365
365
365
369
367
376
378
368
368
369
363
371
371
366
371
369
371
369
362
370
372
364
357
355
355
355
345
317
346
354
345
351
353
353
354
346
353
361
366
364
363
355
354
351
351
348
343
346
340
340
348
343
340
342
329
328
324
322
326
321
317
318
313
235
316
324
325
335
345
342
338
343
347
348
347
356
354
338
251
331
329
337
332
333
328
330
335
332
329
333
335
335
333
345
345
346
347
344
339
326
323
323
318
313
310
311
300
302
301
296
291
287
280
275
274
270
258
254
243
221
212
247
261
263
266
252
252
247
233
222
247
246
245
237
231
226
207
225
230
229
221
220
216
208
126
193
197
193
187
185
185
184
178
177
175
164
140
147
148
146
153
148
149
141
131
41
82
82
84
82
86
68
109
118
116
133
119
80
110
110
110
172
179
188
194
201
141
211
222
241
246
246
254
257
258
249
267
275
284
288
288
291
298
297
309
308
305
305
305
306
298
293
296
291
286
285
270
258
255
205
224
228
200
125
197
204
169
190
182
174
174
165
162
154
68
68
68
67
65
66
65
64
61
41
53
54
41
144
149
151
155
152
151
146
142
139
159
170
169
177
177
182
185
186
185
184
178
174
164
164
162
111
119
123
127
128
129
128
130
130
135
130
129
126
114
43
121
128
128
139
140
148
147
150
152
145
126
96
99
100
100
104
112
117
118
118
120
120
118
119
199
205
208
211
209
209
213
246
261
267
271
285
298
300
312
317
322
331
337
341
337
341
338
342
340
336
336
327
324
320
317
316
307
296
283
284
277
276
226
242
245
243
238
212
256
255
257
258
255
248
242
234
228
225
217
185
190
202
208
202
204
198
188
178
161
151
149
132
104
102
104
84
144
151
161
168
171
175
174
174
167
166
168
166
161
159
155
147
106
169
171
167
168
165
97
164
181
178
184
184
179
178
175
167
163
153
143
143
142
142
140
138
130
128
120
109
109
108
108
107
105
102
93
89
84
79
75
1
1
5
5
0
76
104
108
115
128
136
137
136
137
146
150
39
181
181
180
187
190
196
205
214
221
223
229
233
238
241
204
273
283
286
293
294
298
302
302
306
305
305
311
314
324
317
318
322
322
310
308
306
310
309
306
283
275
263
277
289
287
291
292
284
293
289
291
292
278
190
284
292
294
285
294
295
287
298
297
288
270
253
278
281
288
292
287
285
233
271
287
297
297
303
301
302
301
308
309
309
315
315
330
338
336
338
339
342
339
344
353
336
197
344
359
348
347
332
338
337
288
315
325
326
330
316
327
328
331
334
343
352
361
366
380
368
375
379
393
401
407
404
412
413
394
412
403
400
397
395
394
393
384
369
351
355
355
346
339
332
323
125
127
127
128
128
236
326
334
344
350
358
368
373
234
392
403
411
409
413
420
428
428
434
437
440
446
447
446
442
442
442
445
444
454
450
457
457
458
460
461
471
463
471
475
472
472
461
458
457
463
458
460
462
440
449
437
449
445
441
440
424
291
423
430
441
443
439
434
437
421
321
406
414
424
438
443
443
439
447
455
458
458
457
448
460
449
449
446
447
432
434
423
426
415
406
400
398
394
391
384
380
379
378
386
391
387
383
382
352
328
341
365
379
381
384
384
381
387
379
369
373
273
372
383
386
371
367
363
360
347
325
355
371
373
376
379
380
384
382
387
385
394
388
392
393
392
397
398
396
397
380
372
362
357
232
339
343
345
333
330
322
320
302
285
279
271
248
274
279
276
274
271
266
264
258
252
252
254
251
247
219
215
190
239
246
248
244
254
253
255
257
255
250
251
251
249
234
235
230
200
208
218
151
221
219
214
210
205
203
200
198
187
185
180
98
102
102
101
102
104
102
147
158
161
166
175
179
183
182
187
193
170
151
105
127
126
195
216
232
241
257
261
268
276
288
290
291
289
288
293
286
319
329
330
335
343
344
355
357
360
356
361
359
362
360
367
372
364
379
374
351
364
357
345
345
334
317
236
264
263
261
291
294
297
297
287
288
291
289
280
275
262
257
239
227
215
231
235
230
225
204
189
211
218
220
224
212
205
187
194
188
103
179
183
191
191
192
183
173
95
128
130
123
126
130
129
207
216
215
220
227
230
231
244
249
255
253
253
257
246
238
246
245
255
256
267
269
271
267
271
271
273
274
280
278
280
278
276
278
269
278
283
290
281
283
277
283
285
281
285
281
278
275
268
263
268
271
267
265
272
272
265
258
258
246
171
263
265
265
273
268
266
260
254
172
267
287
295
299
295
297
301
301
298
296
293
296
302
299
291
294
281
269
297
305
309
313
306
314
312
303
187
258
263
189
303
318
331
343
345
359
380
374
366
370
363
266
342
357
352
351
375
383
389
392
384
387
392
393
371
385
403
403
408
415
417
418
413
419
424
314
406
410
431
422
431
426
432
441
429
433
438
437
440
433
433
442
437
428
419
414
424
419
421
422
413
427
428
421
420
419
421
414
408
398
388
384
359
330
307
310
306
248
350
359
364
359
357
356
339
325
300
326
337
345
346
346
349
344
347
345
334
320
277
280
286
249
319
328
329
333
337
348
355
342
331
351
360
377
380
384
392
396
398
404
409
415
411
414
410
398
401
401
398
403
394
392
397
391
389
377
375
375
365
347
227
356
367
365
375
381
378
378
380
377
373
369
313
333
354
357
365
362
358
351
306
293
292
316
368
375
385
393
392
401
398
402
409
415
414
423
425
426
429
431
429
441
437
441
440
438
433
437
433
439
424
422
414
423
422
417
393
392
387
366
274
357
357
355
375
357
353
355
347
338
337
342
339
323
306
246
257
257
193
284
302
322
332
333
329
328
322
286
323
328
336
345
319
304
315
319
329
337
338
276
300
303
299
374
409
420
427
431
440
447
444
452
461
473
480
473
476
488
487
485
489
497
494
491
488
493
486
474
458
376
371
414
438
446
454
457
454
450
447
451
447
438
442
444
448
440
437
432
428
422
416
397
382
242
242
333
391
416
426
428
448
444
446
440
416
389
428
439
448
451
460
458
459
464
462
464
450
308
443
463
465
458
464
467
458
456
454
448
454
447
393
463
459
442
464
467
476
463
463
447
447
449
438
436
438
431
417
439
419
425
428
415
419
416
408
392
375
416
424
430
438
434
426
425
429
415
422
415
417
422
428
432
433
442
439
448
447
437
441
437
432
446
451
450
448
449
450
444
430
352
363
360
364
397
413
423
428
430
310
435
446
447
454
450
443
432
433
421
424
422
427
421
424
424
425
425
428
431
424
417
416
416
411
409
412
409
407
405
404
402
401
404
387
367
256
366
371
376
376
375
364
361
365
354
330
361
371
376
378
366
362
356
344
332
354
366
374
372
380
388
392
384
368
378
376
377
378
369
375
375
374
373
377
377
389
390
385
376
372
380
385
385
388
395
389
388
386
386
390
390
394
399
396
397
396
399
393
386
391
394
396
392
388
385
380
381
376
372
331
270
318
338
385
394
412
420
424
423
435
439
437
443
447
423
275
439
459
460
460
474
472
467
458
447
418
457
468
474
495
492
494
496
499
515
516
522
526
533
536
533
538
541
541
544
549
555
551
552
556
561
558
562
564
563
548
528
422
550
555
573
572
566
559
556
561
546
547
553
555
560
557
558
548
539
557
554
571
572
573
563
562
564
563
559
548
554
547
541
547
548
550
550
546
562
546
560
564
563
560
558
553
552
534
502
403
497
517
504
511
512
509
505
513
516
506
504
501
481
479
467
459
447
435
427
397
329
427
428
422
432
429
426
430
420
430
422
408
411
402
403
395
380
369
359
239
347
368
369
367
365
359
355
350
359
358
350
348
317
193
298
296
301
305
302
303
292
290
284
238
268
268
276
274
279
281
280
278
278
269
267
240
213
217
247
248
254
255
254
250
250
247
252
251
249
238
218
231
245
252
254
257
257
255
254
254
254
247
185
251
255
265
264
266
272
272
272
271
278
280
283
285
289
291
288
290
292
291
297
297
295
287
262
283
296
297
298
289
285
278
270
264
252
219
210
187
274
281
279
287
289
285
294
300
310
310
312
316
324
327
336
334
342
345
343
343
343
345
349
361
362
362
369
363
368
378
373
375
378
375
372
372
371
358
364
368
367
361
362
355
351
338
326
323
133
127
133
131
132
132
136
131
195
260
262
266
266
268
289
302
306
308
324
342
353
360
370
373
376
375
360
368
364
370
380
378
378
376
372
376
370
377
379
376
380
372
379
376
376
373
375
374
380
369
378
370
368
357
352
359
357
371
377
382
385
393
389
379
389
385
385
377
383
382
373
369
380
376
376
375
387
386
389
389
382
382
384
393
392
387
389
390
393
386
388
386
389
397
397
393
381
376
368
359
340
296
295
292
291
227
332
335
344
343
338
346
348
350
346
340
322
296
333
335
342
341
354
351
341
338
334
332
329
330
322
316
311
292
289
252
282
288
290
294
294
289
292
297
292
284
279
266
267
210
209
228
238
226
249
256
245
142
183
192
202
206
153
213
222
229
232
247
240
238
235
232
240
224
208
249
262
272
272
268
246
291
299
304
309
315
317
318
322
328
335
339
338
337
331
331
329
324
318
307
234
238
281
294
314
318
325
327
331
329
332
334
334
330
331
319
225
324
328
330
333
329
326
338
334
331
321
313
313
304
309
308
311
307
305
300
294
299
288
282
275
269
252
146
278
277
269
268
268
261
252
244
157
159
161
160
152
160
165
163
158
127
156
150
122
240
245
254
262
266
154
273
303
300
312
328
330
330
336
342
347
350
353
354
362
365
360
352
277
339
365
377
386
389
395
397
397
398
401
401
399
408
404
416
413
414
416
417
405
406
412
407
425
432
441
434
437
438
431
423
404
384
408
414
421
416
411
396
296
398
408
406
414
416
410
411
414
420
423
418
415
408
417
416
417
406
402
399
397
387
379
374
360
354
342
340
333
197
219
217
215
232
242
253
241
237
233
239
250
270
270
271
256
286
290
290
292
292
284
278
266
173
276
278
285
283
263
180
277
296
302
305
309
308
305
309
305
306
305
302
304
303
304
305
305
300
303
299
287
282
272
253
283
288
289
290
285
272
271
260
250
266
274
272
267
264
262
260
260
249
244
234
221
203
228
232
233
229
227
215
200
189
228
226
216
235
237
230
234
224
208
216
200
185
127
123
112
112
110
111
110
110
110
118
131
146
171
179
181
184
187
187
191
202
203
205
209
203
199
184
143
156
155
131
193
207
214
217
225
231
233
232
140
230
244
249
254
254
249
253
247
240
262
278
286
289
301
299
307
309
311
313
315
314
321
325
334
337
336
336
321
325
318
320
313
315
311
311
313
316
311
315
319
320
327
323
324
316
330
328
327
281
327
325
324
326
324
327
337
333
324
321
316
314
319
324
328
315
316
318
314
295
316
325
333
341
348
348
355
353
359
363
357
362
350
347
330
355
362
369
365
364
368
373
382
374
378
374
377
374
372
372
374
371
368
363
360
357
317
308
290
289
334
345
351
358
369
376
383
376
380
380
379
374
371
372
369
365
363
359
360
354
364
358
364
358
366
350
366
364
367
373
369
199
359
361
360
362
365
362
351
343
335
329
303
183
212
202
186
197
198
197
214
223
192
379
391
396
408
415
418
427
429
435
453
456
453
456
463
464
471
466
474
479
482
483
484
478
480
471
471
469
478
478
473
480
483
481
476
480
485
479
464
464
465
463
463
466
455
475
465
465
456
462
453
459
455
468
465
455
446
416
409
398
432
435
458
454
458
454
438
429
430
426
415
394
301
399
406
407
406
413
409
397
397
384
367
359
344
185
223
195
230
239
237
189
320
346
358
367
379
386
391
400
410
404
398
401
401
406
397
393
398
396
402
290
415
418
425
428
418
420
429
427
435
429
430
439
439
434
428
431
427
422
413
399
352
391
392
395
398
366
367
393
396
396
386
408
405
410
407
410
402
405
399
382
335
216
326
330
239
362
376
389
399
395
386
375
366
322
325
339
257
368
387
383
380
390
389
392
404
397
405
398
399
395
393
402
403
404
414
407
414
405
398
392
277
375
381
379
381
389
382
380
373
376
376
370
363
363
355
352
350
345
339
330
323
317
312
300
226
280
277
264
261
249
226
225
223
223
218
212
206
191
171
75
93
90
66
90
89
84
82
75
32
81
76
72
67
62
57
48
44
5
12
12
5
11
12
12
12
12
12
12
12
12
130
147
150
152
163
165
175
182
188
193
199
200
205
209
166
240
243
245
256
263
194
293
296
302
309
324
327
341
338
332
329
333
329
331
326
321
311
306
271
302
308
317
331
335
343
338
338
346
370
370
379
387
391
396
392
406
421
428
425
427
423
418
427
422
420
423
427
421
428
421
417
415
414
419
424
425
422
427
429
421
346
423
429
428
438
437
434
435
442
440
440
432
428
424
422
415
415
412
407
390
384
387
387
385
385
387
391
384
375
379
375
371
373
371
372
370
364
363
359
351
349
334
234
278
272
268
335
340
342
334
331
327
321
313
305
299
295
237
235
234
183
235
237
227
223
218
211
212
199
178
181
173
162
106
72
0
0
19
21
39
37
38
5
39
39
40
137
148
152
157
156
88
193
201
206
214
217
230
234
239
243
256
265
274
278
283
280
302
311
316
322
333
337
343
352
348
358
358
375
388
384
386
391
387
393
387
399
401
399
403
392
396
391
289
399
409
403
404
406
407
395
367
416
415
421
429
419
408
391
423
435
439
446
451
456
451
454
460
467
466
474
470
476
471
474
485
493
497
489
493
489
483
381
477
483
495
500
504
496
498
500
491
493
495
494
496
499
498
495
496
497
497
488
496
497
495
495
497
500
502
495
496
496
495
498
496
499
492
482
484
473
471
477
469
476
471
460
459
465
464
461
423
402
367
371
372
372
388
424
445
454
449
446
323
459
476
482
482
483
495
506
513
513
517
513
515
514
514
511
512
506
506
504
499
496
496
487
495
501
502
495
499
493
484
493
492
492
488
484
482
480
472
465
451
327
446
447
450
452
450
450
439
437
429
430
434
422
417
405
358
387
398
412
426
427
425
423
416
404
392
388
330
367
371
377
382
386
386
387
386
391
393
398
403
408
406
411
415
399
388
295
378
412
415
428
435
434
446
440
436
423
426
419
413
393
352
388
400
408
413
415
421
414
410
414
412
415
408
409
407
404
411
415
409
404
397
382
377
369
359
356
352
351
355
353
349
324
212
322
326
333
332
329
323
320
307
291
268
267
265
263
289
300
300
304
304
306
307
311
304
304
297
272
279
277
269
265
260
248
230
157
214
204
198
194
155
143
141
141
95
142
141
141
138
136
133
124
116
111
97
79
43
65
65
61
56
52
25
35
35
30
31
22
8
8
8
8
8
8
2
4
8
8
8
8
11
12
0
13
13
15
2
128
136
143
146
151
159
164
170
177
186
190
196
205
212
217
227
228
224
261
271
285
294
303
313
322
317
318
320
321
316
308
312
313
304
296
301
295
297
296
288
276
262
273
278
279
278
186
276
277
276
282
260
185
212
210
209
266
302
302
306
300
208
317
324
343
347
360
359
359
364
365
355
368
369
362
363
377
382
382
395
399
410
407
410
415
412
398
395
372
409
418
421
413
420
429
440
439
438
439
441
429
415
406
401
388
383
376
366
353
346
332
328
323
315
308
294
283
83
82
81
64
56
67
67
64
73
78
78
60
86
101
122
131
127
78
136
137
138
301
317
338
340
355
366
363
358
226
379
394
389
389
397
389
395
396
393
394
399
398
398
398
396
385
348
342
297
35
35
35
25
9
14
10
10
10
10
22
22
22
15
24
24
274
296
320
336
355
368
376
388
403
408
419
422
435
455
460
478
486
495
507
499
491
493
493
365
483
488
497
491
493
489
491
493
484
482
472
481
479
476
465
465
486
480
485
474
454
460
452
420
442
450
442
446
436
431
426
416
261
419
426
425
426
421
420
417
413
407
404
389
323
337
343
341
338
397
411
423
433
444
453
466
464
456
464
460
470
469
466
466
463
465
446
446
453
457
460
456
459
454
463
467
467
469
469
465
470
463
466
459
466
456
460
452
440
422
420
437
436
438
433
442
444
444
441
436
431
433
434
416
415
410
418
411
423
418
414
419
418
419
413
410
414
414
405
398
393
402
401
400
398
385
382
382
375
220
357
385
378
370
370
369
329
224
287
288
288
313
327
353
359
359
359
355
358
335
361
370
370
383
389
395
385
375
385
386
386
386
386
384
386
392
398
397
397
390
388
370
354
274
363
370
372
370
371
371
361
357
349
346
348
337
325
241
320
325
324
322
323
322
312
312
312
304
295
289
154
159
158
152
169
168
170
273
285
288
291
290
290
320
322
315
331
344
335
357
358
366
368
373
357
377
376
384
391
394
395
392
394
395
379
366
377
375
373
378
377
377
391
391
393
394
397
399
406
398
402
408
407
405
404
409
401
397
294
409
416
411
421
415
426
439
436
437
450
449
449
455
458
456
451
451
455
455
458
452
453
453
461
462
469
462
448
431
421
411
392
390
434
452
457
459
473
472
470
467
471
456
429
455
459
467
451
453
344
448
455
458
465
465
467
464
462
464
467
469
475
476
477
477
475
467
467
465
453
413
440
450
446
443
442
432
429
431
423
428
437
440
435
409
284
410
416
426
432
435
431
413
412
414
422
427
433
434
445
445
449
453
454
452
453
458
451
419
398
406
432
434
437
434
433
425
436
434
433
434
436
439
437
438
441
447
460
461
464
467
461
451
451
443
447
446
452
455
454
450
449
447
440
439
432
439
438
440
431
437
441
443
438
447
457
450
455
465
469
467
470
458
454
454
444
437
425
422
421
418
416
409
402
383
370
358
329
271
333
273
339
340
339
333
326
327
321
318
321
306
296
288
281
249
285
284
290
296
293
288
269
261
254
246
141
240
240
233
220
208
181
209
217
233
234
239
237
246
243
242
244
234
212
246
252
261
259
261
257
260
263
266
260
263
259
258
252
241
239
229
208
225
244
246
249
253
249
242
238
236
229
226
213
203
196
192
193
182
127
129
135
101
166
124
185
188
188
179
189
178
172
184
201
210
213
224
225
221
232
232
242
249
248
248
248
223
241
246
250
257
269
277
283
286
286
288
286
284
301
298
300
301
306
307
284
274
270
274
277
289
297
289
292
286
270
237
250
253
194
282
292
295
302
305
297
301
302
307
304
306
300
293
295
301
301
300
296
286
265
248
266
281
280
281
278
286
283
284
240
243
251
192
289
296
303
306
312
313
312
309
275
285
296
300
302
304
310
320
309
300
282
306
324
337
347
353
363
361
353
363
361
363
366
368
378
382
377
385
380
398
385
398
408
406
402
396
357
393
402
406
407
399
372
406
410
418
418
417
323
433
443
444
446
448
444
447
441
436
434
433
430
432
423
420
419
404
396
386
375
367
382
391
387
383
386
378
374
376
378
368
360
362
340
328
230
330
332
333
340
328
326
317
312
301
294
297
286
284
272
262
249
219
156
234
236
242
246
239
232
200
243
253
264
277
282
278
274
279
279
272
240
263
271
282
287
299
291
287
283
216
266
266
269
308
320
322
325
336
353
359
363
372
379
380
383
390
389
391
390
385
380
366
366
358
347
340
340
335
337
330
325
315
306
289
279
276
197
264
268
271
275
275
265
260
253
244
236
199
219
221
229
229
233
224
224
241
215
212
210
201
194
172
196
164
114
168
175
169
168
149
118
153
152
150
157
156
68
166
182
185
193
197
194
191
186
179
179
173
127
126
125
114
165
178
181
183
183
191
189
195
193
191
185
186
183
173
145
143
144
144
175
185
191
193
205
210
218
214
219
213
210
197
195
187
163
165
173
175
177
155
118
132
134
115
190
204
207
220
219
162
237
245
256
266
279
285
265
292
286
287
291
295
305
311
317
325
325
274
313
329
335
338
352
347
354
351
353
350
353
355
364
362
363
366
366
370
368
353
361
355
350
349
371
368
371
374
369
368
365
371
370
383
381
373
369
360
354
353
354
344
343
352
344
340
335
321
307
306
281
314
316
313
309
299
219
309
315
328
333
339
339
344
346
358
368
372
369
368
364
355
362
341
237
336
351
363
376
377
386
390
394
389
401
404
409
410
416
429
426
423
389
417
426
431
436
441
441
451
446
453
450
455
451
447
425
433
437
445
440
441
454
452
451
427
336
448
452
453
453
430
450
457
437
447
453
437
430
419
415
407
399
399
395
378
380
366
365
353
349
347
349
346
343
353
344
337
326
235
326
337
337
332
333
345
349
347
353
353
343
354
347
346
353
346
354
349
360
367
364
365
364
366
369
371
365
362
367
366
362
352
351
342
332
323
321
319
315
303
290
286
277
273
265
259
237
129
222
209
210
198
198
191
188
173
21
20
20
14
19
19
14
13
14
14
14
15
15
15
171
174
176
185
204
215
219
227
229
230
230
231
222
219
246
255
254
260
272
272
275
276
276
276
258
240
265
265
272
280
279
279
263
259
247
245
232
210
224
244
248
252
252
252
246
230
132
226
230
232
234
242
239
237
229
154
221
234
238
244
235
221
242
254
258
262
267
278
284
287
292
295
294
280
282
297
298
300
302
307
300
301
305
313
312
306
315
316
321
314
317
321
304
327
317
284
289
301
297
299
239
318
325
331
338
336
335
334
328
339
333
338
340
328
330
324
325
321
310
304
296
290
276
275
264
261
251
242
233
223
112
121
117
117
109
109
109
125
132
133
133
123
116
133
142
140
142
137
133
126
110
82
81
81
54
96
136
139
138
133
134
131
129
85
120
123
84
180
180
184
188
189
195
197
202
203
207
205
211
215
221
220
216
211
107
189
195
196
215
214
211
207
176
85
86
103
105
111
112
111
120
123
124
124
156
184
201
206
210
229
236
237
245
250
249
244
244
247
247
249
251
252
248
254
255
254
251
250
246
229
157
244
259
255
258
268
263
261
259
248
245
213
242
247
255
256
261
267
265
270
274
278
270
273
275
270
187
262
271
277
272
271
278
281
279
197
282
290
297
305
318
323
323
316
268
274
276
282
279
281
309
312
319
319
324
325
324
331
335
334
333
338
338
331
340
346
348
349
351
350
351
356
360
366
357
349
354
350
348
341
355
368
370
366
361
363
363
353
355
355
353
353
362
356
353
353
350
357
361
356
365
361
362
362
363
363
363
356
354
336
340
341
335
341
341
346
341
342
340
341
341
311
278
278
289
220
328
346
350
361
359
358
370
369
382
377
377
379
379
379
377
377
368
382
401
408
416
421
424
439
440
444
445
445
446
462
467
478
478
482
480
487
486
485
475
470
471
480
485
479
482
480
482
489
492
490
491
497
485
485
480
477
463
465
465
451
449
446
445
445
444
443
446
426
430
428
432
420
424
422
426
430
432
442
445
445
446
459
455
458
466
469
475
458
436
479
489
485
482
489
495
502
497
496
486
488
488
485
479
478
484
475
495
495
500
498
488
493
513
516
512
511
506
510
513
513
501
490
500
497
501
490
496
479
501
499
494
484
484
484
486
492
494
491
477
448
486
501
506
503
498
352
500
507
512
507
513
509
509
516
530
476
513
511
520
518
526
522
511
512
523
538
546
546
551
538
547
544
547
537
398
560
574
581
592
594
590
587
588
592
590
582
582
574
559
558
555
535
514
508
476
483
470
461
278
264
259
257
264
279
276
280
437
447
460
477
487
490
501
512
525
526
525
531
520
520
521
509
496
491
483
485
491
497
488
283
448
449
446
439
411
345
343
341
423
440
444
435
431
429
422
403
429
438
440
428
332
472
483
484
499
504
501
508
501
499
490
481
480
479
479
480
480
490
486
490
495
476
508
520
514
520
500
492
503
484
479
448
349
438
451
437
335
472
470
477
479
483
488
479
478
476
469
475
469
473
475
460
455
453
429
399
284
392
394
399
395
392
387
285
371
376
419
424
318
445
454
446
449
446
448
446
444
443
435
301
434
451
451
451
463
460
473
477
479
480
480
482
483
480
475
478
474
469
469
492
486
479
467
464
453
407
448
451
468
463
479
486
493
480
296
459
468
475
483
496
502
504
503
501
500
492
328
434
435
430
476
486
492
496
504
510
511
515
503
507
505
503
511
497
501
506
504
510
509
466
437
452
488
495
502
495
307
459
476
476
469
454
439
455
486
495
501
449
339
449
465
475
487
503
522
527
532
528
527
537
537
537
541
536
532
529
527
529
521
532
541
538
540
538
524
527
531
518
520
518
508
398
489
506
515
508
518
512
526
522
524
527
539
540
539
541
538
540
549
521
535
526
517
508
515
508
516
508
512
509
499
498
495
459
440
464
470
477
484
483
484
480
485
492
491
470
474
470
469
473
468
463
463
464
460
454
443
438
440
434
436
425
420
427
418
411
410
411
403
402
396
373
374
382
380
387
385
376
368
364
349
360
347
341
319
238
331
349
353
357
356
353
351
347
329
343
353
353
349
341
314
334
339
346
339
336
336
328
324
197
268
260
255
295
305
316
321
326
333
330
330
222
340
346
357
367
377
383
385
376
375
371
378
381
379
377
377
366
366
370
374
381
378
377
375
383
379
379
381
379
378
385
379
382
382
382
379
373
370
369
338
302
311
313
252
335
356
358
351
356
358
350
351
343
338
327
329
326
329
320
321
321
318
307
312
317
312
314
314
309
300
314
311
314
310
307
294
306
310
310
302
299
298
290
282
278
274
270
264
262
267
264
262
260
256
260
256
252
255
255
253
247
256
254
254
252
238
242
243
239
229
229
223
237
189
234
145
161
161
158
159
167
168
162
194
128
143
177
9
112
111
112
122
127
131
131
191
135
148
161
157
167
170
174
171
176
183
198
201
208
214
222
234
232
240
241
238
238
235
239
244
246
242
251
254
265
262
271
274
271
284
284
280
283
292
311
312
326
330
333
329
332
336
335
334
331
334
334
338
332
332
324
315
313
309
299
294
282
283
284
280
277
268
264
262
259
253
241
221
220
218
214
207
197
184
178
162
150
23
13
8
13
13
13
13
11
10
8
0
1
2
49
255
274
280
286
298
308
316
323
347
359
366
368
379
380
377
391
403
410
348
495
497
521
530
536
551
562
569
578
581
581
586
577
582
574
588
595
585
592
599
609
601
597
606
601
605
592
589
587
601
608
607
604
601
611
606
602
605
601
584
552
473
509
516
510
400
563
573
569
578
589
594
606
607
603
603
590
594
595
593
591
589
573
577
585
584
563
556
555
551
557
553
552
561
554
548
550
560
561
544
536
546
546
546
557
542
541
534
519
509
482
466
456
440
422
374
282
260
281
341
352
374
445
456
470
491
497
496
503
494
499
510
506
508
502
501
499
441
494
491
478
473
464
465
453
441
437
359
342
313
426
431
439
445
437
424
423
425
267
451
469
457
446
443
460
442
369
359
356
347
357
353
358
417
429
444
442
450
455
458
452
468
468
474
471
466
445
334
461
477
484
504
510
509
510
509
503
516
526
524
530
528
532
531
531
533
541
548
559
558
566
554
555
560
558
544
542
551
551
548
544
546
537
535
524
513
483
470
459
359
443
445
440
430
434
428
431
422
411
396
375
361
353
346
321
306
72
74
55
67
66
59
70
76
74
76
75
64
62
79
85
95
95
93
287
306
318
325
333
341
348
358
370
384
389
395
402
410
415
412
417
423
428
423
423
421
420
419
426
431
427
424
424
420
423
425
423
427
434
425
408
298
411
422
427
440
455
458
459
460
468
476
481
488
500
498
490
484
490
485
489
497
494
495
493
490
491
487
482
484
487
484
482
484
484
475
462
302
426
425
414
411
397
365
275
275
272
283
287
249
389
433
442
446
458
458
467
471
475
478
486
478
483
486
488
485
493
485
484
470
458
430
478
480
482
496
490
497
494
494
491
493
497
493
486
481
491
493
493
477
487
479
478
481
474
476
475
475
478
477
484
493
479
480
477
458
423
429
450
452
444
449
452
452
453
447
441
441
435
436
435
433
429
426
417
413
415
418
413
411
409
413
409
394
402
405
411
399
395
389
386
387
385
387
378
378
380
352
305
314
311
303
354
365
367
375
375
376
378
379
382
385
386
384
385
385
383
383
381
382
374
366
352
356
345
339
337
324
315
71
63
45
23
0
2
9
148
149
253
270
278
294
298
300
305
327
326
327
323
314
310
246
316
319
316
305
344
355
368
375
376
379
378
384
392
397
400
396
386
394
390
387
383
388
387
391
387
387
386
386
397
392
398
403
396
402
397
397
399
397
392
388
393
401
398
410
402
404
403
402
399
408
401
405
408
411
419
421
419
420
417
411
410
407
419
424
415
409
416
405
403
407
412
409
409
405
411
419
416
422
418
427
427
431
434
421
421
428
429
429
424
423
423
430
418
422
422
416
407
407
399
415
411
405
408
398
403
417
411
418
416
432
432
430
422
424
422
418
420
424
430
428
434
436
439
436
444
447
445
440
434
437
438
435
426
431
428
433
434
437
445
458
454
455
444
434
431
440
440
446
448
442
444
439
443
443
440
442
439
445
439
444
438
440
445
448
448
446
449
446
450
451
446
445
446
448
447
447
449
452
450
447
444
439
446
443
457
452
464
462
479
475
475
488
496
503
507
501
501
500
507
508
520
504
510
512
508
498
490
491
501
500
500
493
481
475
498
493
495
498
503
502
500
501
490
492
507
507
505
498
488
475
468
476
467
476
475
476
487
468
472
481
493
500
501
498
491
493
495
503
503
505
503
427
502
513
524
524
523
524
520
524
526
532
536
541
539
542
541
545
543
556
552
548
540
552
547
536
532
531
527
513
279
502
506
504
505
501
481
435
422
398
358
317
345
357
375
377
373
363
366
372
371
375
376
371
367
357
358
356
347
338
341
335
334
337
291
302
295
309
317
316
311
317
318
319
318
318
319
322
309
315
317
323
317
315
314
306
312
315
306
323
312
310
313
307
313
311
328
329
332
323
332
324
338
335
339
346
358
367
368
367
376
361
362
361
365
376
380
380
396
409
410
405
412
406
413
414
404
398
392
305
400
425
425
422
419
398
384
405
414
438
450
455
430
427
424
375
402
410
421
419
427
415
418
420
421
416
412
420
420
416
396
407
405
372
388
394
408
423
437
422
427
427
438
445
446
441
452
448
445
444
446
447
446
437
441
434
423
401
354
356
407
416
443
446
450
455
452
446
434
425
387
296
358
398
419
421
432
436
433
442
437
433
435
438
430
442
442
441
422
421
419
409
401
387
394
402
398
388
394
400
401
384
385
380
363
342
359
391
397
392
385
387
382
377
365
366
358
359
359
358
352
349
351
349
349
341
330
330
328
324
320
320
289
285
267
237
241
245
256
257
246
271
279
270
273
273
265
268
254
248
242
240
241
246
244
239
238
238
245
247
248
245
243
240
230
234
227
228
225
225
225
230
230
225
227
225
229
224
224
222
223
219
221
219
213
213
211
210
205
203
203
195
190
181
173
171
162
160
151
104
141
140
137
136
135
130
122
122
127
34
21
19
11
6
1
1
1
1
1
1
14
15
20
20
22
22
26
26
26
26
27
27
27
27
31
32
32
32
31
32
32
31
31
30
31
31
32
32
32
32
31
32
32
31
30
32
32
32
32
32
32
31
29
28
22
20
18
14
12
9
8
7
7
