0
2
18
22
24
27
29
42
47
55
61
64
63
64
64
63
63
64
111
0
0
10
92
94
101
102
107
115
116
120
125
126
129
131
132
134
141
146
150
154
154
159
165
167
167
174
178
178
183
183
184
179
177
171
117
148
115
181
195
200
208
208
209
211
214
211
222
223
223
227
226
231
228
234
236
238
245
250
245
240
236
223
265
269
284
297
301
305
309
316
325
336
339
345
353
349
367
368
371
380
398
403
404
405
405
412
426
430
427
447
448
459
462
475
474
492
496
514
517
526
521
525
532
532
538
539
540
546
550
553
558
562
556
552
543
548
543
546
556
544
546
543
540
550
552
553
556
560
561
554
550
551
547
547
548
554
563
562
560
560
566
569
569
561
550
560
553
537
542
531
532
539
534
525
515
513
510
509
508
494
495
496
498
494
498
492
483
492
488
483
482
486
474
477
464
469
464
467
469
463
460
444
445
443
445
440
430
425
434
440
435
434
443
436
439
433
419
417
415
416
413
417
402
401
399
400
394
402
407
415
420
414
416
418
404
426
425
423
431
438
440
443
450
440
445
447
452
459
462
467
458
464
465
470
473
483
490
497
501
495
494
504
514
516
521
520
522
521
518
522
521
534
531
527
523
535
532
548
532
517
549
563
555
553
557
564
566
565
571
576
573
582
589
584
593
592
586
576
572
594
594
584
590
592
587
601
601
604
581
585
585
597
591
590
593
588
597
593
598
604
604
606
612
610
608
615
617
613
618
620
616
626
622
629
635
632
645
647
652
655
635
647
649
648
632
634
628
649
654
657
650
653
653
648
643
648
638
630
641
640
642
638
637
622
618
610
609
600
609
616
614
613
609
606
608
603
596
588
599
602
589
587
574
567
569
557
560
549
544
518
543
535
530
516
514
511
504
480
495
497
501
502
490
489
508
514
509
512
510
509
504
514
509
504
494
505
510
509
495
487
478
463
310
474
505
515
517
518
517
510
521
553
556
570
568
568
578
577
584
583
610
605
621
621
626
636
644
659
672
679
681
677
685
688
688
703
706
714
716
722
732
738
736
730
735
728
726
737
741
745
742
743
742
750
752
748
751
754
740
752
758
746
727
741
741
752
752
724
722
720
717
701
690
689
680
683
676
667
654
657
654
655
666
667
652
655
646
634
643
651
627
525
619
618
635
619
610
610
611
617
618
617
624
615
591
583
581
590
561
563
572
571
570
562
555
555
566
578
576
572
587
577
577
580
584
594
576
581
590
592
589
582
580
582
575
574
573
570
572
568
553
550
555
550
541
536
528
532
528
530
526
533
534
534
522
518
519
520
523
520
511
510
499
479
482
480
472
462
463
456
462
446
450
458
464
462
461
460
452
451
443
442
445
435
421
414
411
407
407
400
406
407
399
336
375
377
393
394
388
392
389
399
405
403
411
409
418
439
444
461
475
476
472
484
485
500
523
514
528
527
543
551
557
572
568
572
577
579
589
594
598
606
611
616
619
625
627
631
645
655
656
658
676
671
662
657
653
659
666
672
668
671
670
663
669
668
682
668
664
663
662
660
658
658
658
660
653
654
648
653
650
643
645
634
640
635
631
635
638
637
637
645
643
639
642
643
641
640
637
618
620
614
608
604
598
595
596
588
586
578
578
573
570
583
590
587
584
593
590
598
588
613
621
633
631
624
633
644
638
644
643
638
624
640
636
630
635
631
643
638
646
631
630
634
630
632
619
619
619
623
636
625
631
628
634
638
643
637
630
646
640
627
636
634
623
612
597
601
597
601
599
597
592
580
590
588
583
593
579
581
581
577
565
560
579
569
582
589
582
605
600
600
593
592
598
605
602
605
609
614
617
612
626
630
629
631
620
619
617
608
600
593
621
621
623
635
627
624
620
621
622
620
618
620
619
610
601
612
597
598
600
602
613
619
615
607
610
603
601
602
594
584
586
583
592
583
414
575
583
577
570
570
563
558
558
548
555
561
555
562
565
562
565
574
571
567
566
566
568
555
571
568
551
554
548
560
559
548
547
545
545
540
531
521
526
508
508
509
510
519
521
515
508
504
494
487
490
484
492
497
499
490
485
488
494
491
485
480
476
456
447
443
405
446
455
465
476
471
477
484
489
494
497
503
501
500
518
514
503
525
534
539
550
545
546
545
546
550
553
558
562
577
590
595
592
596
588
583
578
577
573
560
555
554
46
33
7
3
73
548
550
559
571
575
590
592
595
599
612
605
607
602
591
570
573
564
551
412
546
567
588
597
595
582
592
592
582
590
587
575
583
588
583
581
579
580
576
559
558
570
578
574
583
586
583
593
582
580
570
565
572
562
559
558
556
545
558
550
551
564
563
571
576
577
583
572
565
563
557
547
525
514
514
503
103
90
76
56
54
69
87
138
532
536
552
568
570
585
598
607
620
611
626
628
626
618
623
483
678
698
705
714
718
733
739
738
724
713
720
729
729
723
709
696
710
712
720
712
704
703
700
713
720
727
726
722
689
675
692
737
723
740
742
732
729
733
734
738
737
737
732
739
739
737
729
728
731
739
720
721
729
721
727
724
714
702
718
714
721
725
713
720
723
725
720
714
703
695
698
706
709
707
704
707
701
711
709
703
714
719
722
710
705
712
703
696
698
660
674
676
656
666
663
656
658
657
634
634
618
594
566
606
637
621
643
650
644
646
639
643
644
641
643
639
639
649
644
632
618
618
601
586
596
608
605
597
602
609
607
622
608
609
630
632
630
655
636
649
651
662
649
662
667
659
669
669
661
659
662
659
652
664
661
665
660
661
652
663
659
663
671
667
681
695
689
693
697
691
704
704
706
714
706
701
715
710
709
711
697
704
705
702
715
725
762
764
762
776
779
795
811
824
838
843
830
839
841
859
863
857
856
867
857
866
878
877
886
893
898
914
921
925
930
919
923
922
930
923
928
909
907
898
914
915
911
934
924
914
922
909
914
918
923
921
900
880
878
878
873
865
852
826
805
801
795
806
817
816
810
813
811
820
830
830
839
842
829
843
845
866
870
875
883
864
883
883
878
881
883
885
887
896
905
909
923
902
903
906
901
895
884
888
881
877
890
877
863
864
859
860
845
832
831
840
845
835
824
813
808
803
789
743
552
766
777
796
832
826
827
810
812
804
799
799
792
793
773
770
770
770
759
744
735
728
743
740
745
742
736
743
734
742
757
754
744
721
720
708
698
689
680
671
685
680
676
673
667
645
643
642
620
616
621
631
638
646
648
659
667
675
666
670
675
697
679
675
677
671
670
674
659
658
652
657
655
648
652
648
658
647
643
645
645
640
636
649
642
652
647
643
645
646
643
641
645
652
660
661
667
663
659
660
663
657
654
662
663
664
664
666
664
668
673
676
678
683
680
684
688
687
681
685
695
690
677
684
679
682
687
691
684
696
695
701
700
701
710
714
720
715
711
701
694
704
699
698
685
691
688
677
664
672
665
663
665
681
681
669
674
668
657
674
662
682
695
693
701
699
703
682
678
678
680
654
655
666
660
683
690
685
677
681
662
656
664
672
666
662
671
671
667
658
665
657
664
661
644
637
651
663
668
662
673
665
669
671
667
657
658
686
680
696
681
686
698
713
723
721
724
716
718
719
721
721
709
711
715
735
749
776
778
788
799
801
797
797
798
800
789
803
798
802
801
790
795
772
775
772
794
791
801
805
804
788
790
788
797
776
788
785
789
782
778
778
779
778
757
760
744
754
761
758
762
752
771
727
753
747
759
769
764
751
763
759
762
766
767
756
760
750
746
742
761
751
754
745
751
745
730
712
723
706
709
725
738
734
746
748
750
741
736
736
731
732
734
730
712
702
696
701
703
701
700
686
674
673
660
653
649
647
628
608
2
588
597
604
609
605
606
603
554
512
514
587
606
610
630
637
630
633
638
627
620
621
603
599
588
578
575
572
572
580
582
577
576
578
575
582
580
570
571
565
574
577
573
575
579
590
578
564
566
551
539
490
550
561
584
595
601
601
604
611
611
617
623
619
625
619
606
613
615
621
622
629
617
616
626
611
627
618
618
619
623
613
609
614
606
604
582
572
573
586
593
559
566
564
560
554
562
561
570
579
580
577
576
570
575
576
584
585
596
604
606
606
604
610
600
586
575
557
421
576
582
612
619
624
619
614
625
617
614
635
653
645
636
638
639
611
438
633
647
644
640
661
659
657
654
650
648
648
628
434
617
640
664
672
683
686
689
699
685
688
688
688
673
680
680
679
680
680
688
682
698
718
720
726
708
720
709
707
702
691
697
698
705
729
735
732
727
727
742
736
733
741
729
720
718
733
724
726
723
726
733
730
741
748
748
751
782
789
793
803
797
801
792
791
788
765
780
784
778
775
763
743
738
735
729
742
746
747
749
758
752
750
746
741
723
725
732
727
719
732
733
728
721
721
721
707
714
712
707
710
711
706
713
700
686
696
698
696
679
674
674
676
673
697
685
685
692
701
701
706
697
700
700
690
696
697
692
681
674
667
671
683
685
674
672
672
670
664
652
660
640
637
622
588
622
626
644
634
628
649
627
610
613
618
630
624
620
617
619
620
603
604
597
591
576
575
575
570
571
566
558
570
561
569
560
566
552
551
563
560
566
565
559
562
575
576
583
574
583
586
585
589
591
586
596
603
603
597
593
594
589
599
600
593
590
601
601
605
602
613
614
612
617
620
621
618
625
621
619
614
611
618
615
617
611
625
622
615
621
616
623
622
604
635
630
631
636
643
635
639
638
643
643
643
629
614
588
612
621
643
638
633
632
642
634
650
645
647
648
662
668
674
668
663
668
666
657
654
650
641
639
652
660
668
667
659
650
649
650
645
656
660
679
674
673
678
675
677
682
680
675
666
665
666
667
676
666
674
684
680
676
691
699
698
691
678
681
684
684
677
687
690
695
695
703
693
698
695
686
676
685
686
678
680
687
684
691
699
696
686
687
695
704
690
699
700
706
701
702
698
687
690
688
688
692
691
684
677
671
666
662
660
670
666
667
663
666
658
651
658
668
671
675
676
664
666
668
662
669
672
677
670
660
658
655
651
632
622
635
643
648
645
641
636
638
640
638
624
632
635
632
628
635
620
603
621
625
637
625
639
641
647
649
656
666
670
668
674
667
659
641
616
612
593
5
618
645
667
722
736
732
752
752
748
754
748
748
744
752
759
764
762
759
758
768
803
808
819
810
816
822
822
827
840
846
855
845
851
851
850
851
864
862
862
867
861
873
859
870
861
864
853
869
878
864
873
864
842
846
842
840
832
801
767
792
805
801
829
846
836
825
803
820
802
801
808
804
785
771
760
788
791
785
786
774
774
771
767
767
768
752
757
764
747
728
722
704
685
683
684
684
681
670
657
649
648
641
645
649
632
638
631
621
635
618
608
587
596
588
578
580
568
561
565
576
573
580
562
577
586
577
566
570
569
550
550
549
545
559
556
556
557
547
537
541
547
552
539
545
560
553
556
551
546
560
562
567
575
576
573
570
578
570
572
578
575
578
574
580
589
574
577
570
572
566
553
541
544
539
546
542
541
544
535
539
542
540
531
548
538
528
528
520
506
460
446
446
448
338
489
515
533
522
514
527
527
514
522
527
529
525
516
517
516
512
507
502
504
504
509
501
499
503
499
512
508
504
497
496
494
492
486
478
471
479
481
486
490
487
484
487
496
499
500
495
494
497
492
495
484
485
499
501
496
520
528
517
510
506
510
508
505
508
519
520
510
513
515
521
511
528
529
530
523
520
522
522
515
515
521
527
525
521
532
543
541
553
563
564
572
577
576
583
586
589
591
587
607
605
601
592
594
599
620
617
621
624
633
644
658
645
651
656
654
663
661
659
671
665
660
661
655
643
649
659
660
664
662
659
665
655
660
654
655
655
638
649
647
654
659
657
677
685
695
705
715
717
719
731
725
736
732
722
729
742
734
718
719
728
733
730
720
728
739
738
730
719
728
736
742
753
761
753
761
767
749
761
749
738
723
711
683
499
696
726
724
737
743
737
720
710
707
720
718
721
704
710
699
729
729
731
723
743
742
737
720
711
709
654
727
732
743
743
743
734
733
758
754
747
739
748
744
741
746
744
740
731
737
744
740
756
738
738
736
726
726
715
701
678
481
692
723
716
709
720
726
728
749
756
752
741
761
757
765
774
771
784
785
778
778
786
782
785
793
793
782
796
791
790
773
784
779
778
781
779
781
789
786
792
780
769
773
767
757
760
759
763
756
748
739
738
746
743
745
742
743
738
715
695
695
692
683
673
671
664
647
635
630
636
640
642
633
617
617
611
607
614
623
616
604
575
577
582
560
594
585
588
577
573
558
550
541
530
524
514
498
493
467
448
450
447
447
418
408
394
396
392
379
361
314
323
322
319
312
306
290
288
290
284
275
258
247
208
124
197
189
179
162
135
28
27
28
27
28
28
28
377
396
400
407
414
415
432
443
446
456
470
471
467
472
475
474
474
477
476
478
464
450
441
439
428
421
412
393
356
285
347
354
350
345
341
302
335
343
347
347
349
341
338
338
337
344
345
344
339
339
322
311
303
166
315
321
326
326
326
317
312
299
292
286
286
167
248
249
250
250
232
106
227
237
242
248
249
241
232
223
217
212
193
65
132
134
97
173
188
202
202
206
187
174
171
155
166
167
168
192
198
265
283
295
308
314
327
331
335
343
344
355
358
270
373
377
388
394
404
409
406
406
411
415
417
417
419
416
425
429
433
437
439
425
418
407
400
366
399
409
416
426
426
429
422
413
409
406
402
391
380
379
372
270
375
389
383
364
374
371
367
372
373
369
361
360
351
265
350
351
361
370
366
307
317
361
324
349
325
385
387
370
356
374
351
388
397
397
298
395
420
422
429
433
429
444
449
450
452
447
448
461
464
463
475
483
477
471
476
478
475
478
480
476
471
457
463
468
461
458
457
446
435
423
426
428
423
420
419
411
402
401
396
383
378
377
364
353
329
210
210
208
179
205
245
248
249
256
251
251
202
206
206
209
194
194
195
193
234
239
245
255
257
249
241
235
222
191
172
171
175
174
172
174
174
164
177
184
184
185
186
180
182
161
108
127
127
128
183
197
205
214
219
219
220
214
204
187
207
208
214
221
218
202
190
146
191
210
208
212
205
193
223
244
253
263
267
277
288
296
304
303
308
300
305
306
311
317
311
268
268
267
267
334
349
353
363
363
366
398
425
427
435
443
459
466
472
469
476
477
480
492
497
489
492
479
479
465
433
316
384
391
318
452
475
487
493
505
509
499
484
445
499
516
520
522
521
517
531
534
527
516
524
535
537
528
520
449
445
393
529
551
557
569
583
600
615
624
638
643
643
663
663
671
675
690
688
698
704
698
689
686
677
683
674
685
693
683
690
685
677
674
667
649
639
474
669
675
687
684
688
684
692
692
679
672
669
668
662
665
654
656
624
478
641
642
634
638
642
623
435
608
618
624
613
609
614
612
602
595
529
560
581
590
608
623
626
627
630
638
632
636
631
626
625
627
621
630
633
638
640
640
636
634
637
628
625
619
609
611
591
502
512
513
510
546
569
604
613
615
633
631
624
615
608
604
603
610
608
606
608
609
597
594
581
579
560
545
539
426
473
482
483
553
562
554
553
556
562
555
557
559
549
527
530
513
343
526
547
552
560
563
550
546
538
525
523
515
295
403
393
385
446
512
524
528
538
545
555
560
537
539
513
290
519
525
542
549
541
544
547
552
554
541
522
488
504
528
534
534
542
559
562
565
588
583
580
580
578
582
577
594
587
586
571
569
574
571
580
582
580
584
592
586
579
590
604
600
604
601
604
606
610
611
605
602
593
605
587
606
613
620
616
615
627
641
652
646
648
647
651
651
670
673
677
683
691
700
701
717
717
726
727
731
736
729
724
712
693
678
509
692
701
707
717
725
720
729
727
739
730
722
730
729
731
733
734
739
738
732
722
728
726
724
726
717
726
714
724
728
718
714
718
705
710
705
712
711
708
697
695
675
660
649
599
576
608
615
619
612
590
571
648
666
669
671
682
676
670
676
669
666
641
615
634
643
653
643
635
628
621
634
623
622
620
614
618
624
613
600
497
477
367
510
532
542
554
567
583
591
590
593
590
591
602
602
605
622
622
635
651
656
660
663
658
654
651
643
434
617
640
647
644
662
657
640
653
650
648
652
652
646
650
655
653
646
640
647
647
642
640
634
604
624
632
639
640
635
632
637
631
637
631
627
615
594
580
478
478
477
465
512
584
599
616
621
625
634
650
648
650
639
663
661
666
669
684
684
697
698
677
696
695
696
687
704
710
715
715
709
703
704
704
704
706
698
693
701
695
703
705
708
710
711
702
702
701
694
684
671
657
507
663
667
665
673
666
665
656
657
637
640
638
647
655
654
551
657
664
601
616
654
656
655
643
643
643
630
623
611
619
608
614
605
584
614
628
630
635
633
629
631
628
636
627
618
617
627
606
594
581
562
511
554
567
585
591
597
582
588
563
384
562
568
583
591
585
595
585
583
595
582
579
584
568
569
565
562
564
566
563
547
536
536
525
537
538
555
561
559
565
553
534
529
528
518
496
483
457
322
324
321
325
324
326
486
495
498
505
505
514
518
520
522
527
520
524
529
519
517
488
513
533
539
561
582
578
558
561
562
560
568
575
578
583
591
585
591
593
584
592
592
587
589
591
593
590
596
594
595
582
590
591
596
607
604
614
613
625
617
617
607
619
627
634
630
626
618
613
608
603
610
606
602
600
617
630
623
631
629
614
574
625
637
641
656
660
664
664
663
667
674
672
678
682
686
682
690
675
682
678
682
679
683
657
643
639
642
649
638
650
643
644
642
638
636
638
645
642
648
635
643
648
657
637
627
627
608
607
603
604
608
606
579
605
600
587
559
424
550
563
580
593
587
597
583
574
569
567
572
568
574
568
567
560
557
550
543
554
555
545
543
543
536
530
519
523
532
522
514
516
515
508
500
493
487
481
480
470
467
467
465
457
455
451
452
455
457
455
446
440
439
431
429
429
435
444
441
440
444
439
443
434
426
420
416
411
417
424
420
416
420
418
418
411
406
399
386
292
386
397
406
410
417
418
425
433
434
433
437
434
431
450
462
466
468
462
463
466
464
454
447
443
427
415
372
368
373
321
445
453
451
452
453
455
453
457
451
445
423
406
445
456
452
449
433
341
440
459
458
469
466
463
331
461
473
478
481
480
478
481
477
473
479
480
475
491
484
482
483
479
463
425
475
491
505
508
503
494
494
504
509
504
512
504
504
498
495
484
485
478
466
457
403
300
297
300
292
292
291
287
336
341
344
348
343
340
340
321
315
326
330
346
349
346
330
332
335
324
320
306
280
165
202
181
202
203
201
328
349
361
369
383
388
392
392
388
422
434
452
464
472
475
480
480
505
499
498
503
497
505
502
494
490
481
482
454
341
407
409
408
540
549
563
567
586
585
602
609
621
626
626
626
606
605
437
619
634
647
648
637
649
655
651
640
655
640
584
613
622
642
649
644
672
683
680
649
700
610
702
703
703
702
713
712
713
714
705
710
724
723
730
734
734
734
740
734
727
719
733
725
723
724
711
721
719
712
703
698
689
694
701
701
697
695
691
676
683
669
664
666
662
660
661
652
646
642
630
623
615
434
613
618
625
609
629
614
619
559
441
585
592
609
601
599
603
603
603
592
572
607
598
595
578
585
576
572
562
568
564
566
579
569
566
553
554
542
540
528
528
537
530
523
517
491
465
473
497
484
484
477
467
444
443
430
386
413
420
420
412
409
416
410
410
394
392
385
375
358
135
157
158
140
165
169
153
181
183
180
358
368
406
431
431
255
446
470
483
489
496
497
501
505
508
531
526
521
515
516
504
504
500
494
485
431
346
379
371
365
451
450
466
473
483
314
495
498
514
512
514
531
526
526
526
509
526
519
512
497
376
469
468
460
490
538
543
541
543
555
558
553
385
550
560
574
585
600
602
606
590
588
588
585
570
575
573
580
591
590
591
600
600
586
584
579
573
575
577
569
561
540
537
477
488
489
487
480
468
474
474
455
543
556
560
576
583
586
587
582
588
591
579
608
601
594
574
591
583
582
568
581
584
582
581
578
572
584
577
575
575
550
566
548
505
545
554
548
549
555
560
557
564
552
553
557
560
567
581
580
578
548
535
543
580
575
568
575
385
610
620
613
618
621
615
603
606
608
612
613
607
610
605
598
610
616
615
612
605
580
631
632
634
639
657
476
662
681
697
704
703
701
702
696
702
712
716
716
707
703
707
708
709
724
722
743
740
722
706
669
724
744
742
746
745
746
752
752
755
742
737
735
728
719
718
699
695
694
689
679
678
674
659
653
632
609
473
614
638
648
667
667
672
664
669
653
649
654
640
647
650
643
634
596
579
407
528
520
502
495
482
562
590
606
601
604
595
602
612
612
623
590
328
492
487
491
558
590
599
611
620
632
630
630
638
625
609
538
567
590
597
606
623
633
651
637
645
645
643
644
651
654
652
665
678
672
663
642
618
663
675
682
674
684
684
695
685
686
689
684
704
700
704
708
711
717
718
707
709
701
708
712
709
703
725
738
753
754
755
755
756
757
764
747
709
690
714
755
765
775
787
793
775
784
783
772
774
780
780
777
771
777
767
783
773
778
788
795
793
795
789
807
810
804
564
782
794
806
814
822
846
858
845
884
892
897
892
889
885
899
926
914
899
892
895
902
902
894
903
918
864
852
862
910
914
913
912
910
924
909
905
907
910
907
908
860
816
832
867
862
878
877
865
854
838
827
829
818
833
817
841
821
839
839
830
828
831
823
829
843
830
831
834
833
835
828
680
754
832
873
865
858
887
890
887
889
897
892
881
868
854
862
863
850
823
826
815
802
804
798
799
786
781
760
768
753
751
739
739
738
744
728
716
708
705
695
690
686
691
692
697
709
700
683
683
684
692
671
681
681
678
689
684
699
711
697
713
721
699
716
721
715
694
678
703
719
716
721
717
724
705
709
720
723
726
733
737
726
729
731
735
749
752
760
761
758
764
764
759
758
760
748
750
753
748
746
738
732
729
717
691
619
632
628
622
686
707
717
711
711
703
687
680
688
671
657
415
504
507
460
560
572
601
598
594
455
617
645
645
664
675
674
674
662
672
668
676
677
677
675
652
673
652
665
649
654
652
651
639
635
632
627
630
627
630
620
614
596
436
572
583
601
614
614
616
611
616
611
608
615
612
612
614
604
604
606
616
610
608
608
599
591
568
427
572
573
576
585
591
593
591
584
577
582
578
586
581
563
556
539
366
447
476
507
514
513
513
523
527
539
548
548
542
542
519
374
500
512
516
519
529
521
519
531
523
491
533
532
525
522
516
514
515
511
519
506
380
498
488
482
471
464
454
425
507
501
517
508
500
473
452
405
396
402
400
450
512
521
516
521
517
518
522
515
516
511
519
513
513
518
533
536
539
535
542
540
538
538
536
544
550
540
535
530
532
530
524
526
520
516
515
514
524
523
520
521
527
523
520
508
510
513
519
514
513
506
506
506
509
501
503
503
492
485
475
446
435
491
501
519
532
536
527
541
543
542
538
532
540
545
544
536
536
529
523
381
497
521
525
541
545
546
536
542
537
543
540
534
540
542
539
412
520
523
535
549
557
553
558
551
555
557
547
553
543
536
543
535
534
522
529
530
527
534
528
538
537
530
526
529
513
515
519
523
525
529
514
517
514
515
512
514
507
515
517
516
508
514
510
502
496
497
494
477
462
451
446
431
36
12
37
54
399
421
441
450
467
466
475
487
490
476
484
494
497
504
503
503
516
519
527
536
537
538
547
545
545
540
554
569
569
568
574
589
580
578
578
576
583
583
586
597
601
601
605
617
618
625
626
630
612
601
580
635
645
648
661
653
654
658
667
669
642
669
662
650
650
649
651
657
661
657
657
672
663
663
658
661
662
655
646
640
629
647
639
646
640
636
626
620
611
600
572
413
509
512
499
586
608
619
639
649
652
657
661
673
675
671
677
673
672
668
667
679
676
691
696
694
695
688
703
693
691
693
685
683
673
674
462
671
660
666
671
675
666
664
623
577
631
645
659
670
662
683
684
685
685
685
694
686
688
686
699
701
705
702
715
709
685
646
681
688
713
703
687
687
689
694
694
699
703
703
707
714
717
707
715
712
705
707
707
708
712
715
711
711
719
718
723
713
713
707
697
697
704
702
709
701
709
689
688
680
687
676
676
670
671
674
668
662
659
665
668
660
653
662
665
662
669
658
661
660
654
659
660
654
645
649
643
637
605
629
636
632
613
620
614
618
630
634
640
626
641
630
617
596
568
605
613
614
617
620
620
622
621
618
622
614
603
600
592
582
590
590
577
574
584
575
571
567
557
559
557
547
550
558
556
560
558
560
558
556
544
541
536
532
536
532
539
527
530
534
542
530
522
532
534
528
531
519
522
521
507
510
505
509
502
509
503
502
503
500
495
493
494
499
510
503
500
500
489
333
489
503
500
510
505
498
492
489
491
489
485
484
494
483
484
468
451
444
430
421
282
377
367
374
351
337
254
256
256
249
269
271
270
207
439
468
482
488
485
494
501
504
503
501
500
490
493
500
498
486
447
484
487
505
514
522
525
520
528
375
504
513
518
528
532
524
523
536
535
534
533
535
545
540
532
533
548
545
552
544
538
533
525
528
539
536
515
508
508
502
497
499
499
489
485
484
470
455
446
442
432
419
408
403
363
372
375
376
368
356
336
331
322
313
309
303
159
210
198
196
274
285
296
298
311
168
338
339
348
352
354
354
359
371
370
363
366
370
377
365
259
335
335
336
353
359
391
402
399
408
417
425
433
453
459
463
461
464
480
476
480
478
479
485
483
501
501
510
520
529
527
535
535
535
546
539
537
539
543
535
544
547
554
557
559
551
544
563
568
563
573
584
581
589
571
587
601
606
613
611
609
605
600
574
530
582
590
561
592
575
576
580
586
571
562
547
584
587
593
604
602
604
602
580
568
593
616
615
630
627
615
611
600
560
582
603
609
607
609
607
611
595
574
566
547
543
520
515
506
498
492
480
475
458
319
361
360
299
415
420
423
438
446
447
447
436
442
442
440
427
414
410
390
389
384
374
366
334
158
242
238
182
231
230
219
305
322
360
379
372
228
409
421
428
429
433
451
457
467
485
484
488
334
487
504
515
525
529
541
543
558
557
558
564
572
587
597
598
611
611
626
644
649
646
655
643
640
657
644
645
645
652
647
643
661
655
655
644
649
641
639
638
641
629
618
622
614
611
611
596
474
488
489
483
502
550
566
562
560
542
588
607
618
624
625
615
612
608
606
608
597
589
578
583
582
571
553
542
537
515
479
520
528
521
510
495
491
487
436
278
355
354
275
443
452
466
473
471
469
464
440
258
461
474
476
482
469
452
456
452
459
449
446
407
435
445
466
469
483
470
440
464
488
494
495
512
511
506
525
529
510
521
522
523
533
545
553
348
535
540
553
561
577
568
607
604
604
601
627
612
640
636
635
653
648
655
659
658
654
672
672
658
662
676
674
673
686
689
685
684
688
715
723
706
666
729
727
537
738
720
685
705
567
713
728
723
726
727
724
731
735
739
756
757
761
741
772
775
779
771
769
758
769
760
745
707
516
678
708
724
726
719
711
709
717
718
704
699
689
693
700
687
678
681
672
672
664
658
660
652
646
632
636
622
601
586
573
558
526
439
442
439
428
465
472
489
490
494
489
467
468
271
471
479
481
490
489
495
491
477
455
439
424
206
354
370
378
376
362
308
297
304
235
330
412
427
442
450
461
474
465
449
476
490
498
506
510
513
521
529
541
551
557
565
565
581
585
609
612
616
614
621
622
634
636
633
619
614
638
631
636
631
651
645
654
658
653
647
648
644
630
622
581
444
607
634
644
648
651
650
653
646
646
659
655
661
651
641
599
659
663
666
680
688
677
687
682
674
628
595
386
487
493
452
572
606
610
607
611
477
624
673
686
695
711
708
713
723
722
715
713
710
714
718
720
706
719
722
728
725
728
720
724
709
696
688
687
682
686
692
687
681
688
669
648
531
531
524
531
602
616
617
624
624
628
636
629
630
627
626
618
621
619
620
614
610
614
603
590
593
607
578
538
580
602
606
620
622
625
624
624
627
644
651
641
647
653
659
667
652
648
641
632
634
631
644
643
644
644
643
650
668
658
661
670
663
663
671
681
683
680
676
658
648
480
646
645
651
647
651
647
636
629
632
635
624
629
617
615
610
603
602
600
604
599
596
602
600
558
565
554
547
542
505
387
443
441
371
550
564
567
569
567
577
585
590
586
575
568
557
570
565
559
551
539
498
559
568
565
563
562
550
552
554
540
539
528
516
506
491
432
460
462
464
466
432
399
409
424
437
436
435
431
432
429
417
412
405
406
413
410
403
400
394
392
382
375
364
362
363
362
364
363
357
356
343
346
348
345
345
341
326
322
312
286
179
280
302
302
310
311
318
311
300
151
299
323
329
334
328
328
330
331
331
323
320
323
325
335
334
330
336
338
337
338
344
353
354
351
351
352
351
353
351
349
351
352
350
350
347
346
344
344
337
335
330
321
323
314
313
308
298
294
287
279
272
261
249
244
226
212
117
130
128
120
125
118
118
176
179
187
194
190
191
191
189
187
176
178
173
174
172
175
173
163
150
149
147
138
163
164
167
166
169
171
172
175
178
175
177
175
176
174
168
165
164
159
157
154
146
138
136
132
131
121
89
91
89
76
93
92
91
89
87
85
87
88
88
84
84
80
76
78
73
72
64
67
63
62
61
59
59
53
50
47
40
38
37
35
31
26
16
16
11
3
4
5
4
23
34
41
54
57
60
65
67
76
77
84
87
95
99
100
101
104
104
104
111
113
121
124
126
129
131
132
134
136
140
139
141
144
148
148
146
149
155
122
167
172
178
184
186
191
194
189
196
196
200
205
211
208
213
221
214
222
229
230
234
228
238
247
241
239
242
239
238
233
233
255
265
270
284
286
293
291
304
301
297
313
329
317
322
333
312
300
342
353
362
372
376
371
372
365
350
405
405
424
430
435
436
445
455
458
447
445
423
448
470
473
480
486
491
495
504
502
520
518
515
491
522
560
560
571
571
586
598
602
608
606
618
611
623
630
645
649
646
655
654
650
652
642
644
637
625
628
618
610
603
596
587
566
378
381
386
378
373
344
355
358
343
356
365
327
540
544
557
567
572
579
581
578
588
585
581
589
583
578
589
594
597
599
600
603
602
599
592
592
599
596
603
603
602
597
596
601
605
606
610
601
599
605
601
607
610
595
612
623
629
619
626
623
621
615
436
613
613
615
619
616
619
624
617
586
617
630
642
648
651
646
640
639
645
655
667
660
659
676
674
660
658
647
642
644
633
620
621
602
601
601
587
586
589
583
571
560
548
534
503
486
217
215
212
209
211
211
228
228
227
460
477
480
486
487
489
518
550
568
585
580
595
599
587
599
604
604
606
607
608
622
624
632
640
636
637
628
640
636
642
641
640
635
613
579
548
559
579
583
572
566
568
568
552
551
550
529
526
401
510
513
516
511
511
519
518
517
508
512
494
484
490
475
473
476
480
477
478
473
476
454
465
451
446
448
434
432
432
428
417
409
411
406
403
408
406
396
394
396
402
408
403
413
418
420
419
419
430
432
414
417
433
429
430
432
438
428
439
440
441
435
445
452
444
449
446
441
453
466
463
471
471
472
469
451
334
448
475
480
487
486
495
493
501
504
506
507
516
512
522
523
519
522
529
530
542
544
542
533
535
539
555
567
565
577
562
555
551
543
543
543
540
525
523
519
518
516
507
506
502
503
496
490
494
480
485
490
477
480
472
471
470
472
469
455
449
439
436
425
412
417
407
407
405
401
398
386
381
368
366
363
361
361
351
346
344
343
343
343
343
344
347
348
344
341
335
340
342
336
335
327
327
323
320
319
321
311
308
305
302
298
294
282
284
278
267
268
263
259
255
251
253
247
244
247
240
225
186
189
187
157
198
204
202
203
205
203
203
193
186
183
181
180
170
172
163
159
154
149
135
138
136
136
131
127
117
117
115
112
108
103
98
93
90
85
80
78
71
68
60
56
49
46
42
45
39
35
30
30
27
16
14
8
6
1
5
5
7
12
17
20
27
30
35
38
43
48
49
51
54
65
66
69
75
79
83
82
86
56
95
104
107
113
114
117
122
130
134
142
142
147
153
157
163
170
175
183
193
191
195
199
199
212
216
223
224
224
222
209
216
218
214
212
237
255
261
271
272
281
293
298
296
298
306
303
310
320
325
333
340
338
348
354
355
360
366
369
374
378
377
374
372
376
368
367
340
374
389
403
415
427
429
435
440
454
461
461
470
480
496
502
506
505
505
515
518
535
529
534
547
561
564
571
560
556
553
549
526
584
591
593
596
611
619
617
621
628
614
571
625
644
660
668
674
675
679
679
671
663
663
655
661
653
645
653
654
650
670
660
656
641
633
620
588
644
650
652
650
655
651
635
629
623
628
636
618
613
608
435
617
619
613
609
613
604
585
589
568
570
554
543
517
516
506
486
469
425
434
434
441
442
443
377
395
402
404
406
406
407
403
391
390
387
378
379
369
374
370
374
362
353
356
347
350
348
349
344
340
335
336
325
326
314
325
319
317
312
306
306
296
293
280
281
260
252
252
241
233
227
223
212
205
206
198
186
170
163
162
150
124
124
124
127
121
115
116
110
105
98
98
94
89
85
76
61
78
83
83
79
76
76
73
70
44
89
98
108
113
120
123
128
132
137
139
142
145
153
152
150
147
148
143
165
166
166
166
164
118
165
171
177
175
178
175
168
167
141
139
140
93
168
199
207
206
209
215
218
212
211
207
199
163
201
204
203
220
219
212
217
207
148
202
216
217
223
218
177
215
215
215
284
301
309
316
325
332
343
349
353
354
353
338
367
375
381
385
398
398
406
416
420
430
441
453
453
454
458
463
471
467
476
481
479
470
470
472
460
480
481
478
479
480
483
476
471
473
476
482
473
474
476
467
465
459
459
459
455
453
451
446
449
440
444
445
437
427
418
407
296
416
422
422
424
412
411
415
412
409
403
401
272
424
429
432
434
443
438
431
410
274
417
423
428
425
407
368
406
414
428
438
448
453
461
455
463
468
478
471
467
461
317
458
466
485
501
503
514
521
525
521
522
528
528
524
520
538
544
548
548
550
543
541
544
533
522
521
494
377
496
496
511
521
519
510
503
496
464
527
556
560
569
549
358
563
573
598
604
611
615
603
611
603
606
581
407
589
602
606
609
612
622
626
638
641
650
656
660
654
632
472
642
657
667
676
684
678
685
686
685
690
694
688
699
706
702
696
708
711
716
718
705
711
709
716
708
707
700
702
711
719
722
715
719
713
717
720
715
709
716
712
695
696
703
691
688
667
662
659
647
621
607
596
564
422
587
591
585
561
556
542
575
586
558
563
542
468
535
540
538
524
514
491
516
574
566
566
582
587
590
588
581
578
571
580
563
547
506
557
567
575
585
592
586
602
604
598
597
588
411
571
574
593
603
615
609
612
615
622
620
629
628
632
628
625
639
646
640
640
641
651
647
642
638
636
621
432
629
628
628
639
634
626
635
635
634
634
634
637
631
630
639
642
654
649
654
665
665
664
685
677
688
682
684
691
686
695
695
702
703
698
705
709
704
707
699
723
717
715
716
712
720
723
722
727
722
733
737
737
729
729
735
739
740
744
754
754
741
745
753
758
747
749
765
766
763
751
735
735
735
723
728
731
737
736
722
734
733
734
748
745
725
716
693
732
765
780
773
765
753
762
767
765
763
763
752
746
754
756
742
747
744
759
745
747
745
737
740
738
733
725
732
724
724
706
698
688
682
672
664
658
650
649
643
637
623
611
603
563
529
568
583
591
584
592
578
582
562
549
532
342
466
458
451
338
514
514
520
507
501
491
464
285
481
487
485
478
479
487
493
486
478
465
456
447
436
426
358
358
361
368
367
318
281
277
280
282
392
406
426
434
451
456
454
447
408
440
453
475
486
496
495
485
488
490
481
466
329
424
421
427
506
516
524
524
541
549
562
569
574
577
577
581
588
599
599
602
623
626
625
629
445
620
613
614
632
627
633
638
649
647
651
636
627
653
651
660
672
664
657
661
666
664
655
635
630
545
562
564
543
460
537
537
537
653
663
681
688
690
704
705
695
705
702
701
694
705
707
718
710
708
706
702
695
702
695
685
637
658
659
653
638
632
604
615
635
610
596
550
525
427
497
411
559
621
632
639
633
628
628
629
631
633
630
633
635
635
634
636
636
642
616
610
449
605
611
614
623
579
555
568
592
601
620
618
617
633
628
599
604
583
543
599
612
615
610
615
614
617
625
622
624
621
627
615
612
628
629
630
617
626
615
625
618
619
614
601
599
602
591
589
581
571
568
556
545
510
484
562
570
556
549
532
378
553
593
597
605
599
591
590
587
582
582
574
566
402
532
537
542
538
518
608
620
641
654
649
653
648
650
645
632
635
634
630
611
504
515
514
438
577
586
605
610
620
627
637
632
632
643
627
644
655
657
647
657
660
659
669
660
665
650
653
660
656
663
659
658
670
674
664
664
665
649
656
646
632
628
628
629
615
609
600
590
582
581
570
564
551
541
525
520
488
469
467
464
465
458
440
397
415
413
415
401
391
207
370
376
382
385
375
360
349
336
318
301
286
189
189
188
126
258
273
274
267
271
279
279
268
258
221
232
231
237
237
212
235
236
237
294
312
332
354
353
364
365
384
387
397
387
377
374
382
378
360
352
340
363
383
394
399
405
400
412
409
412
409
414
412
417
423
423
424
423
421
414
401
387
396
400
399
395
391
360
297
297
283
304
306
274
399
404
412
421
423
428
436
430
436
436
432
428
427
421
427
426
436
429
442
443
434
435
427
430
426
428
436
430
430
433
422
418
407
404
399
392
384
383
371
369
363
353
353
348
340
336
324
235
243
245
232
248
267
263
256
252
225
261
267
270
269
268
265
267
263
253
250
245
233
213
192
172
191
191
198
200
186
180
174
169
163
164
157
156
150
145
101
147
148
147
148
139
130
138
144
148
149
153
149
149
141
133
131
117
58
126
133
134
138
143
140
135
136
139
144
141
134
134
128
120
149
157
157
155
156
144
175
181
181
190
191
188
185
179
119
193
208
213
217
239
238
249
255
254
258
275
276
277
277
276
281
275
192
299
322
331
332
340
354
355
368
377
390
401
407
414
434
445
445
437
325
470
487
496
509
506
527
538
557
565
562
562
444
582
614
629
639
646
658
672
681
690
695
700
713
714
721
727
742
741
742
733
722
713
701
688
691
680
677
678
659
662
650
648
644
620
584
602
601
598
574
536
466
470
392
567
586
608
612
620
629
627
610
583
616
621
629
634
631
615
471
627
621
624
636
637
643
633
636
640
640
635
641
638
643
644
640
642
641
637
636
634
610
416
600
609
610
584
559
537
545
572
567
563
543
511
578
597
602
600
601
595
599
590
592
586
582
582
585
586
584
579
567
579
586
586
585
588
587
577
567
553
518
563
579
584
587
595
609
608
615
615
605
590
550
586
596
611
624
617
611
598
592
439
621
619
621
616
602
562
593
597
616
643
659
661
661
664
670
670
668
680
688
690
705
706
710
714
710
696
696
694
700
694
693
682
682
673
660
666
668
664
648
643
479
640
648
650
649
640
457
665
668
664
668
658
658
655
654
658
656
655
656
660
659
636
618
444
601
622
620
616
619
620
623
631
633
627
641
637
636
645
652
649
652
641
646
647
656
649
652
659
652
645
635
637
636
635
647
645
638
619
613
618
607
617
552
552
529
520
549
553
567
581
589
597
603
614
617
598
594
567
601
619
619
621
617
611
606
603
607
617
615
612
595
596
599
592
590
587
595
600
595
601
609
608
612
614
616
617
604
600
598
590
405
562
581
586
589
595
596
597
586
591
595
600
594
600
588
590
582
558
397
552
568
571
575
585
587
584
596
580
576
581
587
588
585
580
579
575
581
584
578
572
559
562
548
524
546
554
574
586
598
597
600
597
589
589
576
532
569
582
577
574
587
576
572
561
553
569
549
550
557
550
549
534
526
517
492
359
498
499
501
498
473
437
492
518
533
539
537
523
530
517
523
528
522
510
494
470
291
489
506
516
511
508
506
498
462
306
385
394
303
469
478
501
524
541
558
579
586
592
587
593
598
615
619
621
630
642
639
454
617
628
652
657
670
676
676
676
677
684
688
692
711
705
735
741
739
751
759
762
753
748
753
761
758
753
760
756
753
746
749
750
749
751
759
760
715
623
744
750
756
755
741
744
744
747
744
747
740
738
738
752
762
755
753
747
752
745
751
740
739
726
713
721
730
728
724
736
731
723
723
725
717
727
718
715
714
700
688
696
691
689
685
681
680
669
661
650
649
644
651
630
640
640
629
613
592
592
590
590
588
572
563
572
557
543
381
525
539
534
538
541
539
541
534
535
534
525
545
553
561
566
567
572
570
570
558
549
554
552
559
558
547
550
545
536
382
536
541
552
549
541
552
561
562
557
560
549
549
549
493
481
502
506
512
528
560
578
589
589
598
595
597
602
599
608
613
604
608
613
613
616
618
622
623
630
633
624
633
639
644
634
630
611
468
637
665
670
694
691
691
693
692
705
706
697
703
706
708
721
726
727
731
731
724
728
739
742
729
726
730
737
733
730
735
737
719
726
720
698
658
703
714
724
732
711
687
724
722
722
727
728
727
731
727
739
728
729
735
730
716
713
715
714
699
692
687
688
675
679
664
667
663
653
656
654
658
660
651
650
644
643
646
664
661
657
661
657
656
664
657
659
650
667
675
673
670
672
669
668
670
668
668
667
657
660
656
655
623
601
621
632
640
662
652
651
654
647
648
651
645
640
636
619
625
622
621
616
605
602
597
590
580
584
584
549
537
523
511
506
519
528
552
556
554
551
550
551
549
538
561
557
534
520
527
524
509
375
512
526
535
547
547
557
560
571
576
581
576
584
595
604
608
607
608
612
610
602
599
593
596
594
584
569
562
558
531
470
473
482
356
571
572
582
586
596
602
597
610
625
611
589
358
588
609
611
617
636
618
624
629
630
622
616
576
635
649
651
663
667
665
664
662
678
695
686
698
702
714
707
721
717
719
726
741
726
728
729
728
732
730
720
719
719
715
713
720
723
728
714
692
696
666
637
680
697
710
703
688
700
686
672
609
658
655
673
696
700
702
697
701
692
696
697
703
700
700
700
704
701
709
712
706
710
674
696
696
695
691
691
696
702
709
709
702
704
700
691
701
703
701
695
689
687
679
679
668
671
661
671
667
656
660
650
654
645
647
651
646
640
647
649
645
648
629
629
629
634
635
634
619
625
624
616
403
601
601
595
591
554
410
496
493
412
556
577
584
595
604
608
609
605
601
614
609
612
602
609
603
606
603
599
608
602
597
610
612
608
604
593
588
579
576
569
572
570
568
570
577
583
575
587
586
582
581
573
586
596
592
591
595
600
607
606
616
618
622
629
634
635
631
637
636
633
644
638
631
631
621
588
598
605
614
627
625
619
603
601
607
596
595
584
598
595
603
602
595
601
613
597
616
606
603
607
602
610
610
602
615
628
638
645
651
652
660
659
658
668
663
659
665
661
673
678
671
667
680
683
689
694
710
704
704
679
674
660
646
475
646
642
651
646
631
499
571
566
560
634
662
670
667
691
681
558
689
667
671
672
636
669
649
643
628
632
628
614
601
562
509
514
399
598
615
648
649
646
653
645
630
574
614
614
624
628
628
638
610
602
600
593
424
595
607
626
624
628
623
628
635
637
645
649
642
645
649
640
649
630
647
658
651
669
670
669
662
658
651
631
575
605
602
622
618
624
619
608
563
474
487
486
480
497
499
395
645
690
700
708
712
722
721
735
734
723
742
763
765
772
775
775
797
808
801
824
835
843
853
847
851
839
834
865
859
859
843
844
848
871
885
880
871
873
877
901
895
886
884
889
893
902
894
873
874
876
878
877
868
873
862
874
872
872
865
867
847
835
820
810
793
754
745
720
432
458
458
449
475
470
457
613
648
680
692
703
710
721
727
714
715
705
708
687
678
454
671
686
695
698
693
681
665
653
633
398
594
644
669
687
686
706
676
680
665
680
677
668
672
667
668
652
661
674
678
654
651
644
644
648
661
657
661
653
585
564
542
410
516
423
542
554
567
611
614
619
615
606
457
585
606
612
613
622
619
470
637
642
646
656
662
653
658
654
663
664
659
658
661
667
659
677
672
683
691
681
686
697
708
697
688
707
714
700
707
709
704
720
721
729
736
739
736
755
752
746
742
747
733
731
720
718
728
708
723
731
723
729
718
720
714
709
715
706
705
715
729
715
718
698
705
695
701
689
687
690
676
688
679
681
685
679
679
681
676
666
676
678
677
678
689
698
691
699
702
716
731
715
712
715
720
713
718
721
727
729
723
715
715
727
730
725
708
706
703
715
720
707
702
716
718
723
729
743
746
757
741
741
732
729
721
648
668
677
649
638
695
710
710
694
704
705
705
699
714
715
721
709
710
719
718
718
712
731
727
715
717
714
721
718
708
705
702
715
697
708
705
559
720
725
726
747
762
763
762
756
763
763
764
764
757
746
573
761
769
773
765
763
769
764
765
761
758
766
744
737
719
722
711
709
711
699
686
610
640
653
658
668
667
655
657
665
670
665
666
667
677
679
686
687
685
673
669
645
626
646
665
685
682
674
667
663
651
647
643
638
626
619
619
609
603
594
565
563
543
535
521
509
368
474
468
473
469
462
454
444
438
412
413
397
349
376
377
383
381
381
379
375
360
356
348
340
320
304
299
265
299
297
305
306
307
307
305
304
305
300
293
283
265
255
149
232
239
242
231
230
225
228
226
218
214
205
206
204
199
192
189
183
174
151
185
191
199
201
204
203
206
207
198
203
199
189
192
194
188
188
182
117
163
163
162
163
162
155
138
111
112
112
112
111
111
111
112
268
275
290
298
311
324
330
335
343
344
351
361
373
381
378
374
353
398
408
417
423
431
441
445
457
459
469
474
477
488
492
492
361
464
485
503
507
446
547
558
561
567
568
564
564
572
570
577
577
563
584
587
592
578
589
589
582
507
323
335
335
329
340
365
382
383
391
379
380
379
372
523
539
555
561
554
546
560
609
621
621
635
630
633
648
654
645
650
652
655
674
667
673
662
659
665
656
646
632
617
614
602
595
590
573
561
561
555
548
411
467
464
466
453
334
477
470
469
458
454
446
432
394
318
320
320
319
380
385
397
396
395
395
393
383
369
375
362
345
341
329
302
211
289
300
305
307
305
297
295
292
288
285
282
269
260
250
206
225
234
244
244
242
226
221
81
211
224
225
233
230
222
216
215
204
196
183
150
150
150
147
145
145
146
143
127
117
123
132
143
149
159
167
163
156
151
147
140
66
64
66
65
70
70
70
74
80
69
151
186
190
193
202
208
212
210
211
216
217
158
270
274
279
281
283
293
303
308
321
331
333
336
352
364
373
380
375
397
397
390
393
390
384
389
392
402
397
402
401
410
422
430
440
441
444
437
450
430
416
418
418
405
440
490
500
519
528
533
536
531
532
536
546
538
539
548
539
549
554
571
569
586
564
584
561
533
586
605
608
610
613
621
626
628
621
633
648
640
648
647
650
659
654
654
660
656
662
685
687
694
701
692
688
695
704
703
566
703
707
698
688
540
611
608
599
711
725
737
754
748
755
767
773
787
776
776
786
791
781
782
773
755
758
760
766
753
764
757
753
767
763
753
749
737
732
724
719
710
711
717
714
709
670
645
617
500
503
496
485
484
527
530
469
659
674
689
698
702
475
725
743
741
745
749
752
769
772
769
763
757
756
757
762
758
754
763
756
752
736
525
740
755
764
780
774
772
775
777
788
784
774
765
765
753
755
754
751
743
740
741
721
740
736
725
741
728
519
711
719
734
720
732
737
735
713
541
695
709
738
745
743
743
734
717
710
719
715
715
705
697
682
690
676
672
664
641
639
626
616
557
588
594
583
562
539
396
549
553
565
571
570
573
567
513
492
517
548
566
574
571
580
578
577
561
556
558
344
546
566
570
572
575
570
568
555
508
555
562
568
591
605
597
586
576
565
564
557
554
552
545
537
536
535
534
526
514
501
500
488
363
465
468
465
462
445
445
440
426
409
405
394
358
378
378
378
377
377
368
371
366
353
349
346
336
330
313
308
288
315
320
318
310
315
312
308
313
313
310
309
309
300
291
280
276
234
257
273
235
284
286
279
282
274
273
279
275
263
261
246
150
243
243
243
245
245
202
251
260
270
282
299
302
312
316
315
317
316
310
233
337
373
391
410
416
434
448
462
464
461
471
474
473
432
441
443
448
522
534
545
553
568
578
584
591
606
620
621
626
631
636
635
638
642
645
648
621
617
610
608
596
592
569
558
546
537
514
539
540
543
541
537
530
533
532
531
526
506
489
474
459
447
480
495
483
461
420
396
443
451
457
453
446
448
461
463
469
466
457
457
464
456
447
434
418
211
283
283
289
287
290
284
379
388
391
400
417
421
424
435
442
451
447
441
446
419
387
418
423
439
451
450
455
463
454
461
464
468
478
486
495
499
505
507
516
517
524
516
509
488
464
499
501
500
496
489
474
461
454
453
450
436
433
433
427
422
420
410
410
392
381
280
374
373
380
381
373
368
354
349
235
322
328
331
333
330
329
335
331
315
304
293
279
271
258
116
207
201
201
271
280
280
276
275
274
274
263
147
204
203
139
273
280
291
304
309
311
322
328
335
337
336
341
338
346
337
331
328
298
343
354
364
371
370
377
377
382
385
390
387
264
384
390
404
413
415
418
416
424
426
429
434
438
439
449
448
458
461
466
473
472
479
478
473
468
471
477
475
465
446
455
447
447
439
434
426
430
419
417
415
394
390
379
348
338
312
307
300
240
333
341
341
337
330
329
316
304
272
293
301
310
307
299
289
281
268
261
254
221
178
179
178
121
239
249
254
261
259
262
271
263
264
252
212
143
275
297
299
309
314
306
318
322
325
315
312
305
297
281
259
270
272
278
278
273
272
266
253
188
192
197
147
233
264
270
283
294
311
322
328
325
328
323
291
306
322
320
327
334
333
326
280
273
275
277
297
303
318
283
409
425
429
436
441
455
466
470
478
490
490
496
503
513
516
518
529
530
539
523
525
526
532
530
523
523
511
515
513
507
510
498
345
502
510
509
513
517
519
526
537
537
535
529
528
518
504
446
457
471
343
527
550
557
568
573
575
574
590
606
615
611
612
618
636
635
635
634
625
629
615
457
547
552
545
617
657
656
668
680
681
679
688
681
682
675
673
678
679
683
688
700
710
700
704
708
713
705
702
690
683
642
683
692
714
720
721
726
721
723
715
700
701
703
713
703
693
693
679
675
655
655
648
634
615
414
423
528
620
635
635
642
657
649
650
642
616
565
623
630
650
649
647
638
629
630
629
628
587
337
501
510
367
610
629
636
654
663
676
691
697
686
694
670
380
664
681
683
673
670
620
683
696
703
712
719
561
731
752
779
797
800
810
810
805
809
815
817
829
818
813
821
824
832
830
830
821
819
814
806
762
592
740
777
800
801
806
804
802
801
798
799
791
793
785
788
780
767
751
747
722
581
589
586
578
638
666
670
676
683
495
691
707
717
729
734
735
744
744
725
724
714
715
714
718
726
727
721
729
718
711
692
693
689
686
688
679
683
690
672
674
673
670
676
665
643
463
634
644
650
643
643
649
652
635
630
587
616
620
627
623
596
591
579
573
547
571
577
582
583
586
588
579
584
581
586
597
596
587
591
600
603
613
614
614
607
609
600
599
589
581
582
590
582
582
576
582
572
574
568
569
564
561
552
544
539
559
556
534
531
492
483
449
480
511
515
516
503
494
485
476
357
532
541
543
544
543
554
560
575
572
569
571
571
557
542
369
537
561
569
576
579
580
581
566
551
497
555
570
588
590
598
606
592
585
581
565
516
570
585
600
610
617
619
624
624
635
642
636
643
651
651
651
659
671
671
652
654
477
660
669
696
715
702
711
704
709
709
699
715
716
715
711
717
711
709
715
701
677
509
696
733
747
756
768
780
772
777
766
776
775
776
758
771
761
768
760
756
744
712
670
710
724
730
738
727
721
711
722
713
716
712
710
697
692
689
673
665
661
656
642
638
632
615
609
598
562
453
576
575
569
548
543
521
470
503
513
502
502
494
493
487
480
468
452
429
267
392
407
415
419
423
421
418
407
406
400
395
385
358
206
367
372
377
379
377
368
355
362
336
293
335
344
354
356
364
372
367
371
369
364
356
340
297
312
337
346
365
365
373
375
380
379
395
386
379
361
345
380
403
414
416
434
434
442
439
428
432
432
293
452
466
481
491
496
514
514
528
529
537
537
535
547
541
553
557
570
569
573
581
570
569
561
568
566
551
378
526
531
533
535
536
526
518
439
434
397
516
522
531
540
537
547
555
568
572
575
576
583
581
573
588
593
597
589
584
585
590
587
583
582
584
583
579
585
568
571
562
556
567
569
574
558
549
542
537
534
532
536
521
516
509
488
480
478
469
462
437
241
244
254
269
367
378
377
387
385
390
391
419
430
434
436
455
466
482
489
485
478
479
483
475
472
474
477
476
472
475
467
470
472
466
467
457
466
468
473
481
487
488
497
499
491
496
503
520
517
525
538
548
555
558
571
573
574
579
588
579
579
582
580
583
589
594
599
598
599
602
598
602
601
459
597
605
608
606
609
612
602
611
598
604
607
616
610
610
618
626
623
622
625
619
618
608
625
595
564
571
569
574
449
581
597
600
603
600
605
611
612
618
625
621
628
624
607
604
604
600
600
593
590
574
563
559
552
559
563
544
532
516
507
506
500
487
470
464
464
440
436
439
427
414
376
392
327
319
338
345
330
353
336
320
260
310
268
309
322
292
302
302
294
294
283
285
277
264
258
244
228
119
119
115
114
114
114
114
156
157
160
164
164
167
170
171
172
167
169
163
162
158
147
138
132
74
83
66
108
109
109
113
117
118
120
126
127
125
124
122
119
115
99
47
109
112
121
126
129
129
136
135
133
127
123
60
120
135
138
144
146
146
147
152
156
158
156
153
151
144
101
154
162
172
177
181
171
170
166
131
132
132
132
132
192
204
209
217
217
219
216
109
236
250
257
265
269
184
282
318
327
347
354
359
364
394
346
390
409
413
417
407
393
409
410
414
364
439
504
525
537
547
563
566
579
589
597
615
625
632
642
650
649
658
659
671
675
682
688
688
702
710
720
723
711
695
665
657
615
678
690
692
687
685
681
496
703
715
731
742
743
726
702
509
710
739
754
767
781
782
779
777
664
787
788
788
792
790
785
798
787
774
768
765
744
750
628
643
650
659
528
724
735
747
750
757
760
774
768
715
763
780
790
787
782
772
769
746
579
776
782
789
773
760
600
752
768
777
792
793
801
793
807
806
801
799
779
782
784
784
784
788
781
770
754
750
741
691
637
698
703
711
724
728
716
725
739
733
729
719
717
706
698
677
695
676
666
637
566
460
530
549
594
600
662
659
662
677
690
683
702
708
733
715
679
721
724
720
719
710
705
711
709
559
708
729
730
720
718
711
714
706
699
690
687
671
665
649
612
612
610
600
557
526
207
201
203
194
201
207
206
190
181
151
130
135
133
140
153
129
420
447
451
467
482
488
494
492
492
527
558
574
585
592
595
606
607
602
600
592
578
612
619
633
643
645
665
672
678
670
672
665
657
654
644
639
626
622
616
613
603
600
606
597
586
582
570
549
511
558
554
563
559
560
568
570
563
562
553
545
547
532
524
524
509
494
479
474
430
487
491
497
501
496
490
491
479
469
461
455
441
427
417
380
385
392
391
394
388
382
381
376
375
370
342
246
258
265
125
263
282
288
292
292
289
207
187
157
157
256
269
278
282
286
290
293
227
296
299
300
358
371
381
387
399
400
405
409
420
427
434
441
440
453
463
457
454
468
470
464
446
433
410
372
405
413
419
409
391
385
376
370
362
358
312
181
247
243
237
252
255
225
374
394
402
416
425
427
432
438
445
448
451
448
470
462
464
469
460
355
469
489
499
517
529
529
532
534
542
552
556
555
563
563
575
583
583
582
585
585
584
592
596
602
616
612
620
603
602
606
601
596
598
608
600
598
596
589
571
554
540
548
571
597
596
606
606
596
610
615
621
614
606
602
606
606
595
620
609
600
616
605
592
572
572
474
481
483
410
501
508
498
436
607
627
639
657
657
659
668
671
675
668
673
682
676
670
663
655
658
645
631
489
623
632
631
629
626
624
616
614
603
589
597
591
584
578
576
570
569
565
554
527
483
533
537
545
551
540
535
544
539
534
521
538
540
535
519
510
516
511
479
470
460
332
470
467
482
476
473
473
465
477
469
470
467
461
443
448
317
436
445
441
442
446
442
439
433
433
433
431
431
435
435
439
429
429
428
423
418
426
417
418
407
406
398
388
390
389
386
386
383
383
376
363
361
359
354
345
338
329
299
301
301
300
299
280
178
198
192
168
186
181
180
192
206
210
194
217
219
215
209
206
200
193
184
174
157
67
101
98
79
147
170
171
171
171
169
170
170
105
155
155
107
233
242
246
254
254
254
256
253
136
289
306
313
319
333
333
347
332
338
335
338
330
345
339
337
333
320
267
269
270
269
338
343
346
351
363
363
368
363
240
341
355
354
364
354
314
315
313
314
466
474
482
497
508
519
527
530
542
555
563
578
576
593
607
608
609
621
622
624
613
605
577
528
557
568
575
578
552
516
536
550
562
541
555
548
540
554
558
565
558
557
556
555
552
553
553
558
560
567
567
566
554
549
549
557
550
552
550
549
536
526
535
535
522
528
525
526
517
511
508
505
498
478
479
473
459
421
424
422
422
412
396
384
384
359
317
317
314
316
306
300
298
286
270
256
250
249
51
52
50
7
50
49
45
36
29
25
0
0
0
16
27
35
34
35
13
35
35
35
300
304
314
318
328
342
353
362
380
394
394
415
422
425
440
465
470
481
494
465
434
467
479
490
505
501
514
527
527
538
541
540
534
551
561
575
585
589
592
595
604
625
644
637
626
628
635
492
694
709
720
727
714
714
697
672
738
757
759
746
741
739
676
785
807
814
824
828
826
809
816
823
835
836
846
850
847
837
849
858
845
847
834
821
817
793
599
804
802
813
831
816
641
824
828
839
835
861
872
875
882
885
891
891
885
602
833
854
858
860
866
869
879
864
874
871
861
841
792
722
765
791
809
830
843
842
832
824
835
838
840
829
850
846
837
843
851
864
865
859
785
820
848
877
872
877
895
894
885
892
905
896
906
905
919
930
942
953
951
955
960
971
995
994
977
984
977
977
985
989
980
985
986
992
991
992
1005
996
1001
1010
996
989
990
997
1010
1007
1010
1005
988
980
964
949
941
905
839
914
932
939
941
932
920
933
908
811
838
859
869
874
872
870
875
866
852
837
813
761
803
816
813
809
796
784
787
792
784
777
751
501
694
733
746
763
764
761
749
738
735
735
729
735
729
730
717
713
696
692
689
676
652
633
660
675
669
671
659
658
651
634
626
617
611
595
586
579
558
560
547
517
518
507
490
484
475
448
436
305
419
418
411
410
396
391
376
373
358
357
340
329
318
304
279
207
207
80
223
226
242
243
238
234
231
223
247
216
206
193
102
104
105
100
105
105
103
105
103
54
105
105
104
104
103
101
88
87
80
73
69
51
53
53
52
51
53
49
44
35
4
10
11
10
10
11
3
3
3
3
3
0
0
55
57
65
77
85
84
84
95
7
95
95
98
59
99
102
112
118
87
159
169
176
185
189
193
196
202
203
207
207
205
208
228
227
241
241
243
251
257
262
263
267
266
263
266
269
275
279
277
277
274
255
271
270
266
257
270
278
288
287
224
319
324
333
339
337
342
333
319
310
333
350
349
344
342
332
358
376
400
407
424
423
423
424
435
439
450
454
458
456
460
480
481
484
492
491
483
476
480
475
471
462
442
480
487
505
506
518
527
525
525
544
538
545
547
530
536
529
521
517
495
493
474
467
460
459
448
442
431
433
400
176
175
176
169
157
156
157
151
152
153
142
137
191
470
481
498
510
526
532
548
556
573
576
574
578
588
598
595
589
429
612
649
654
657
671
668
677
682
673
682
677
682
682
676
680
678
673
670
628
504
514
526
516
429
516
507
493
542
633
649
649
651
450
670
692
713
720
725
726
746
750
748
745
749
758
764
769
773
784
782
788
790
787
781
776
770
762
765
502
776
781
784
765
766
764
756
759
744
720
661
490
612
671
743
744
771
776
780
776
784
762
749
717
754
774
779
778
795
789
791
783
788
789
790
787
777
757
755
746
736
723
706
566
479
477
472
452
475
617
634
651
650
671
678
685
684
684
686
693
692
691
685
692
688
681
681
671
671
669
669
666
661
659
667
664
661
644
651
644
635
627
631
623
614
599
603
597
595
597
589
599
587
589
579
540
583
597
575
594
590
588
576
575
579
573
568
550
557
561
551
531
527
525
520
500
489
333
386
386
475
492
521
527
529
540
527
545
552
506
542
545
547
515
521
521
501
323
441
438
439
483
496
500
508
510
517
526
524
472
502
511
523
541
545
554
545
550
547
550
554
552
566
573
569
570
581
580
588
595
587
587
597
596
591
581
580
577
569
576
561
563
563
566
568
571
556
360
565
587
595
585
586
595
602
609
561
384
476
474
468
537
556
563
582
575
567
621
621
628
621
609
589
643
649
651
673
672
671
668
655
661
666
665
673
676
674
682
686
697
691
680
653
465
679
702
713
727
713
723
724
713
715
707
697
692
683
683
672
678
676
662
666
602
657
634
605
525
473
562
623
629
639
650
660
669
671
661
649
654
658
664
651
649
634
629
631
616
609
583
582
586
596
601
598
597
597
568
554
534
521
521
555
570
591
586
582
587
595
594
603
595
546
577
581
586
585
592
396
589
599
615
627
625
627
632
632
640
656
664
662
668
672
685
690
683
676
662
653
620
682
711
712
711
711
721
740
730
731
743
745
746
745
734
522
748
757
771
780
795
794
783
778
787
806
817
813
826
844
845
855
855
854
868
868
863
868
872
866
860
857
870
879
864
859
852
866
861
867
858
861
852
857
863
871
872
874
868
852
852
861
848
856
836
817
813
829
827
829
838
816
804
800
788
792
774
754
754
733
715
706
690
674
669
660
636
652
650
626
620
619
603
423
587
594
591
582
575
569
565
566
565
559
546
553
546
521
330
452
430
433
457
481
478
472
473
332
494
503
507
503
504
502
500
497
490
481
480
470
459
458
460
445
439
433
435
417
409
388
380
354
360
361
366
361
357
340
334
321
269
269
268
265
299
304
302
296
292
287
286
275
268
265
264
258
249
236
234
225
211
178
191
198
204
207
206
201
198
194
194
186
184
183
172
165
159
151
145
94
93
93
80
149
122
171
172
167
155
170
160
154
183
190
202
209
215
222
235
236
246
243
243
249
242
253
248
245
238
238
181
255
268
276
295
308
316
317
329
327
338
346
349
350
349
354
361
273
372
380
384
391
384
311
393
414
428
430
438
353
486
506
514
516
532
538
543
548
564
577
579
585
589
590
602
606
603
602
600
544
525
544
551
557
557
556
547
550
540
455
460
460
326
519
530
531
549
556
541
539
519
478
483
495
487
499
495
479
511
467
449
420
420
420
481
534
543
557
569
576
577
595
611
605
619
617
605
604
618
619
626
620
631
631
620
606
597
552
621
637
640
639
624
585
643
647
649
635
619
455
630
650
654
650
658
661
671
682
681
676
678
670
668
680
685
686
692
690
686
693
693
688
650
623
651
678
682
695
678
497
663
677
678
680
684
677
672
676
674
666
660
659
669
669
669
662
669
669
669
651
636
624
576
449
600
602
605
591
583
562
516
571
574
589
586
586
576
581
575
564
546
499
529
543
542
531
529
516
510
503
351
497
502
513
514
510
511
499
486
481
485
483
476
473
468
431
490
491
495
495
498
503
506
502
506
507
499
480
475
471
466
457
451
445
437
424
419
410
389
380
380
367
193
218
214
206
206
206
198
200
201
201
202
177
163
166
181
191
193
189
185
159
147
73
144
143
133
118
100
58
108
104
97
91
83
63
104
113
118
128
136
135
136
136
134
135
135
134
136
133
98
209
224
239
255
262
269
282
292
291
282
280
114
304
313
311
313
300
292
324
346
365
379
389
398
401
407
420
429
428
431
439
422
405
445
456
470
467
475
482
489
504
513
503
521
532
528
516
387
478
480
481
524
527
535
548
565
571
581
585
588
595
593
589
596
602
610
618
617
619
615
601
470
613
620
630
630
630
623
626
634
636
636
627
634
641
646
651
649
652
643
652
636
650
653
648
653
642
637
640
649
652
652
657
658
667
670
670
671
669
677
668
676
676
672
667
665
616
651
653
647
647
628
471
646
645
660
669
661
665
670
658
652
658
655
646
639
639
629
630
629
628
636
643
649
639
650
650
650
663
659
661
653
656
657
644
642
633
620
582
638
654
659
663
643
649
654
656
656
662
662
656
650
631
630
636
636
641
635
638
634
618
592
416
597
618
618
637
610
650
645
625
646
640
644
628
633
630
619
596
603
599
584
583
578
575
562
557
550
555
538
543
368
464
471
464
347
510
518
513
507
504
511
518
518
522
516
512
519
512
516
523
520
519
522
529
527
527
531
533
531
537
544
537
536
529
529
526
518
508
506
499
496
487
474
479
473
464
356
442
444
447
451
429
238
415
420
418
405
406
393
377
359
170
169
166
160
172
172
161
182
181
181
366
410
423
438
444
451
451
462
474
478
487
491
499
500
499
503
495
496
495
491
477
473
451
441
432
397
365
366
366
362
418
424
427
425
425
423
426
416
406
392
382
356
380
399
405
407
410
406
400
401
260
392
408
404
406
419
414
405
391
266
377
380
386
392
385
357
399
407
416
417
415
430
426
424
429
429
423
400
418
429
436
429
434
429
423
415
416
412
413
404
410
404
402
397
390
393
392
388
375
337
346
348
343
339
335
330
302
297
295
283
271
193
220
221
213
209
129
207
207
210
212
206
194
191
184
168
154
145
108
105
106
103
103
100
25
69
67
69
69
118
130
134
134
132
126
111
92
110
118
116
115
117
116
113
115
111
110
111
80
144
170
174
178
190
195
209
210
213
217
218
221
224
223
220
214
208
143
249
253
260
273
272
272
278
279
270
280
289
168
273
299
299
306
305
306
302
276
187
200
234
238
256
255
255
262
268
272
269
348
401
463
475
484
495
499
507
509
509
510
514
524
527
535
541
543
546
549
542
547
542
528
528
520
503
341
507
527
537
534
545
547
541
535
505
505
432
504
522
548
545
553
557
554
562
574
567
559
553
550
540
375
541
554
606
606
616
624
630
629
427
602
612
630
634
650
650
647
639
588
604
629
645
649
647
654
650
655
651
647
647
652
659
659
668
663
671
677
678
677
688
694
702
705
708
703
693
709
719
712
712
716
711
723
709
710
722
726
721
717
727
723
712
717
722
713
712
713
714
709
699
700
700
700
687
684
682
680
687
695
698
699
697
697
686
675
674
672
679
692
707
694
690
682
667
651
609
553
551
550
427
645
681
697
687
702
716
719
709
712
718
716
709
724
735
705
697
690
718
747
755
772
787
802
804
799
788
787
799
801
804
810
823
817
815
825
832
842
834
838
839
840
852
855
866
873
872
872
876
883
882
889
888
880
864
855
869
869
872
871
865
869
880
870
875
857
848
850
824
815
803
797
784
783
771
776
776
761
746
746
741
723
668
718
731
745
749
742
718
679
711
728
725
722
707
692
692
677
637
657
668
663
651
640
641
627
631
643
623
570
526
571
591
587
599
607
601
596
609
622
610
621
616
609
615
621
620
618
622
634
623
640
634
638
639
642
653
666
667
672
664
687
686
675
681
657
481
672
684
688
699
701
711
717
725
725
620
720
700
719
734
739
734
732
733
717
715
723
727
724
706
727
718
713
704
526
726
728
739
741
746
737
745
749
747
747
742
727
742
740
749
736
752
750
747
664
735
726
729
722
692
547
657
685
694
695
659
698
708
722
721
716
718
704
684
673
668
661
657
630
628
615
605
593
572
549
541
535
521
499
148
443
442
416
409
127
22
21
22
22
43
55
61
66
76
73
76
85
93
102
101
66
101
104
103
313
330
338
347
356
358
375
370
379
382
387
390
426
421
432
441
459
471
473
492
480
472
491
491
485
460
458
450
327
439
448
450
443
450
448
442
449
446
441
439
437
437
430
429
434
422
422
424
413
418
350
335
249
279
279
247
273
275
274
237
284
298
309
312
239
443
450
449
453
474
473
476
479
486
482
251
525
537
540
543
559
568
573
584
580
584
587
588
595
594
587
594
585
576
555
566
560
557
553
561
542
465
469
473
455
497
549
556
560
556
377
574
584
610
617
613
613
614
615
610
599
592
417
559
551
545
621
640
642
642
646
636
639
643
638
634
630
625
617
608
601
602
589
589
577
537
460
460
456
441
452
453
458
455
456
450
430
378
201
201
172
219
224
223
183
212
216
169
490
527
610
620
637
649
645
656
655
653
655
660
678
683
697
698
683
682
684
670
664
653
633
451
505
502
508
514
507
470
532
663
687
693
699
709
704
714
713
716
702
708
701
687
536
687
727
733
743
754
755
763
760
769
774
769
766
775
779
771
770
767
776
783
783
785
782
779
789
787
783
782
795
773
788
786
790
794
778
785
778
782
755
761
759
752
738
736
731
723
721
717
697
692
689
669
666
655
647
639
639
658
641
658
664
648
666
658
654
641
642
627
598
424
592
587
604
581
574
577
574
567
526
559
572
581
583
556
522
562
575
573
570
576
570
559
541
369
466
474
452
585
602
612
620
615
627
641
645
654
656
659
656
662
663
657
651
639
627
635
630
632
642
646
645
641
615
581
600
612
622
643
648
654
652
636
626
633
618
619
611
611
603
609
601
591
590
576
551
514
512
523
392
537
557
564
560
558
559
556
553
550
539
525
532
525
528
538
542
544
545
542
545
558
559
559
563
552
552
540
545
533
534
544
526
528
524
528
532
526
523
515
508
498
503
493
494
477
483
482
480
477
467
461
457
448
441
437
424
417
415
414
405
398
346
385
364
383
337
344
335
259
174
167
167
168
168
175
177
180
197
201
237
108
216
229
238
243
248
260
269
276
280
290
278
299
312
306
310
318
315
309
310
317
318
318
319
326
330
326
327
324
319
327
333
334
323
328
326
325
317
320
317
313
315
319
325
329
342
342
345
345
337
333
331
331
327
321
328
322
318
315
317
310
305
297
287
282
279
277
270
249
249
251
245
248
238
202
201
203
199
200
186
185
184
179
168
169
158
151
137
129
124
114
19
77
78
79
73
73
66
58
1
1
1
1
124
150
165
177
186
196
211
226
237
238
235
238
237
236
237
237
237
239
186
317
324
341
351
357
373
377
381
382
382
369
154
364
372
382
382
391
385
380
378
372
352
288
288
253
358
409
430
455
470
482
493
511
506
513
512
508
495
430
427
431
428
448
455
469
426
639
656
662
690
709
717
738
748
763
769
779
789
801
821
828
841
845
851
851
872
869
860
851
853
861
860
860
865
862
865
862
872
872
870
867
872
871
856
854
852
865
868
880
874
860
866
868
861
855
862
868
863
858
856
850
843
834
828
832
836
837
815
811
788
792
797
789
786
785
769
774
757
771
771
765
763
771
757
752
735
725
600
565
483
654
660
673
688
682
681
714
714
711
723
730
737
748
751
750
745
745
725
663
654
696
705
713
731
739
723
712
691
640
652
689
700
708
712
706
707
711
716
708
704
707
693
698
667
666
659
648
662
659
638
653
649
644
630
621
624
629
628
620
621
627
622
620
615
613
611
605
615
606
597
591
577
569
553
547
538
510
497
484
365
464
464
445
433
428
413
405
325
343
340
341
331
319
302
292
280
22
21
12
19
18
11
27
32
31
32
32
20
14
40
49
52
54
55
76
87
99
100
99
293
321
332
347
365
364
378
388
388
398
403
413
421
431
435
445
454
463
470
461
455
444
448
449
437
436
429
430
444
435
435
418
311
419
437
446
448
444
460
459
467
472
480
474
483
485
492
499
493
495
497
502
505
499
504
499
498
495
500
503
509
515
512
516
510
519
513
500
310
471
478
470
465
453
417
325
326
327
332
340
294
431
493
501
511
524
524
535
544
543
538
548
540
542
546
554
549
551
548
548
543
534
500
554
554
562
574
575
587
586
576
573
571
571
572
573
571
582
572
594
594
596
596
606
614
608
596
611
617
613
618
630
645
645
652
638
623
610
628
652
663
673
674
681
688
681
682
690
700
700
709
693
703
714
719
719
727
725
715
719
719
718
722
731
716
709
712
692
679
681
687
656
660
666
664
653
645
648
626
557
556
560
548
617
620
629
643
637
642
645
639
659
657
675
671
671
674
674
667
661
650
644
630
619
607
614
598
580
569
555
122
90
63
34
1
2
19
294
293
489
503
523
556
561
574
586
610
611
625
617
608
617
440
605
606
601
571
651
659
670
677
679
683
679
684
688
692
699
698
685
681
669
664
668
675
677
681
676
681
684
684
683
684
690
704
703
719
719
701
712
713
717
710
718
716
706
730
726
728
729
736
747
737
735
739
744
717
716
729
730
732
735
740
737
745
728
703
701
713
723
707
723
743
745
753
747
758
754
731
723
727
723
732
730
730
742
741
734
746
736
740
747
747
746
758
765
755
748
753
753
756
751
762
772
774
777
774
786
781
760
756
761
763
753
740
732
727
734
721
707
702
705
716
713
709
702
704
704
710
716
724
726
716
719
704
717
710
705
705
674
666
671
673
680
673
671
661
663
650
658
660
663
657
659
652
654
657
644
647
654
659
646
648
643
645
640
629
633
627
627
625
604
602
602
603
599
590
586
575
569
578
571
573
566
562
558
562
549
542
545
543
558
556
546
549
549
543
543
538
540
544
535
532
530
527
512
518
508
505
499
489
488
486
490
489
495
487
508
511
510
515
515
514
511
508
504
511
510
516
520
519
523
523
529
536
543
560
563
567
565
568
568
567
566
575
583
588
598
600
616
609
611
609
613
413
632
668
668
701
717
709
744
746
768
785
781
803
812
816
811
817
842
892
916
922
936
965
1018
1010
1045
1042
1035
1030
689
1012
1025
1030
1031
1041
1070
1079
1077
1064
1049
1001
1101
1113
1128
1131
1125
1115
1131
1125
1103
1107
1132
1108
1095
1109
1092
1076
1074
1075
1099
1052
1042
1064
843
948
1019
1062
1131
1133
1145
1137
1128
1120
1103
1072
1094
1092
1100
1096
1102
1111
1112
1122
1123
1132
1136
1125
1102
1118
1133
1111
1111
1109
1088
1073
1099
1099
1100
1086
1076
1041
1059
1049
1048
1033
1008
1014
994
991
999
989
984
960
940
924
888
860
850
846
847
832
813
816
822
786
780
760
728
573
717
771
777
773
759
731
690
712
726
746
754
766
744
731
705
647
700
715
730
735
727
722
719
698
706
699
692
682
662
661
642
654
648
588
612
641
655
663
663
657
658
646
644
634
625
613
611
604
591
583
574
561
546
522
512
507
492
437
399
396
452
454
458
462
462
463
458
439
424
394
186
50
97
101
100
101
123
132
234
238
240
160
283
308
307
308
308
195
351
372
377
383
396
413
426
438
453
456
468
484
493
491
508
502
485
457
483
510
517
526
530
533
543
538
538
550
549
544
547
547
539
534
526
539
535
530
528
533
545
535
521
514
493
481
458
425
432
442
464
462
444
507
531
528
529
540
541
551
547
545
548
544
542
546
529
515
498
495
478
418
460
466
464
460
514
539
543
542
550
567
580
583
590
594
598
596
601
603
597
594
608
613
618
616
620
624
632
634
639
637
633
637
628
617
611
607
602
596
583
569
558
557
551
519
507
155
157
157
111
92
70
52
33
2
153
1
3
434
473
484
493
512
520
528
535
537
542
540
544
551
544
540
545
547
543
540
531
521
526
505
506
370
369
371
346
391
396
392
388
381
376
400
400
402
407
393
398
383
368
363
348
342
335
332
323
323
319
305
266
259
252
241
229
7
5
5
4
3
2
