246
334
517
560
600
617
613
620
633
693
695
706
724
738
819
821
820
822
29
28
46
903
910
978
984
992
1029
1070
1293
1355
1382
1388
1420
1505
1505
1523
1557
1549
1800
1836
1731
1763
1742
1757
1778
1739
1785
1810
1807
1842
1853
1838
1831
1840
1845
1848
2215
2348
2356
2457
2436
2699
2746
2776
2741
2794
2858
2974
3012
3053
3030
3086
3084
3101
3245
3270
3196
3289
3352
3336
3334
3699
3691
3703
3752
3705
3823
3942
3922
3987
4027
3972
4025
4101
4068
4037
4088
4116
4137
4135
4167
4186
4376
4434
4392
4417
4429
4409
4701
4795
4929
4963
5057
4989
5137
5019
5161
5112
5275
5223
5307
5296
5331
5411
5475
5411
5527
5527
5580
5603
5573
5577
5726
5776
5844
5825
5769
5898
5972
6042
6082
6027
5955
6031
6161
6232
6326
6071
6201
6358
6391
6428
6404
6406
6260
6614
6632
6621
6752
6769
6778
6652
6604
6602
6755
6671
6666
6749
6846
6838
6935
6904
6941
6794
6955
7008
6955
7004
6707
6844
6953
6999
7006
6923
6967
6972
6909
7124
6961
6935
6919
6971
7023
7164
7130
7475
7391
7636
7670
7773
7663
7573
7444
7612
7563
7056
7536
7466
7448
7411
7312
7113
7461
7531
7282
7515
7480
7431
7404
7340
7352
7426
7669
7696
7651
7642
7465
7658
7615
7994
7865
7863
7797
7727
7993
7720
8076
8093
8221
8271
8268
8148
8325
8411
8330
8589
8474
8560
8742
8727
9023
9095
8842
8914
8831
9096
9054
9018
8912
8857
8719
8797
8862
8861
8767
8684
8826
8852
8859
9237
9234
9211
9145
9163
9055
9224
9158
9235
9059
9202
9232
8831
9033
9160
9205
9286
9307
9174
8903
9128
9012
9184
9149
9140
9123
9175
9146
9205
8958
9002
9028
9035
9036
9039
9051
9005
9019
8991
8934
8888
9100
9233
9145
9046
9099
9114
9159
8990
8938
8799
8917
9024
8850
8743
8692
8794
8822
8930
9063
9114
9160
9179
9147
9180
9312
9190
9301
9132
9143
9100
9079
9095
8797
8401
8732
8580
8729
8684
8670
8652
8758
8647
8812
8896
8844
8971
9071
9027
9109
9036
8971
8909
8959
9176
9053
9180
9038
9084
8925
9060
9249
9253
9135
9079
9144
9346
9299
9307
9092
8967
9010
8993
9076
9189
9247
9187
9241
9200
9148
9206
9197
9218
9110
8994
8910
8762
8984
8979
8799
8926
8731
8748
8800
8779
8732
8566
8572
8557
8552
8666
8791
8685
8672
8735
8876
8959
9051
9022
8782
8680
8602
8568
8802
8917
8879
8984
9114
9200
9052
9058
9004
9037
9035
8942
9100
9077
8782
9202
9254
9246
9325
9303
9195
9244
9347
9301
9028
9227
9186
9146
9302
9340
9184
9303
9209
9114
9165
9127
9067
8918
9001
9012
9224
9275
9319
9301
9250
9303
9339
8959
9166
9165
9094
9176
9141
9171
9039
9188
9036
8999
8898
9027
8989
8856
8835
8685
8856
8955
8868
8857
8774
9127
9060
9030
9114
9228
9237
9087
9057
9128
9246
9339
9160
8889
8981
9061
8956
8955
9102
9075
8746
9210
9209
9060
9003
9025
9155
9230
9142
9227
9135
9275
9275
9380
9229
9201
9291
9314
9337
9360
9271
9291
9022
8928
8875
8987
9150
8898
8854
8942
9043
9022
9064
9026
9071
9005
9002
8970
8927
8878
8917
9016
9019
9115
9065
9211
9214
9360
9337
9168
9237
9196
9297
9245
9106
9024
8965
8926
8984
8784
8737
8771
8786
8924
8821
8800
8815
8956
8955
8930
9027
9137
9044
9054
9108
9105
9225
9135
9167
9236
9166
9160
9195
9141
9259
9290
9277
9248
9280
9412
9414
9384
9337
9347
9254
9340
9314
9376
9328
9262
9440
9186
8974
9102
9258
9200
9344
9338
9447
9452
9349
9477
9426
9397
9454
9282
9479
9400
9423
9403
9281
9192
9383
9223
9196
9336
9335
9132
9269
9085
9346
9154
9376
9326
9053
9212
9326
9317
9371
9317
9264
9353
9391
9364
9201
9181
9226
9254
9166
9155
9080
9115
9133
9166
9126
9059
9219
9280
9409
9358
9236
9133
9251
9205
9147
9120
8929
8919
9026
9028
8947
8844
8794
9023
9017
8812
8682
8731
8723
8712
8629
8704
8591
8620
8610
8620
8864
9033
9141
9107
9021
9056
9047
8948
8940
8776
8798
8715
8660
8762
8668
8428
8595
8612
8606
8680
8507
8780
8840
8932
8955
8960
8911
8839
8843
8880
8698
8736
8712
8531
8653
8535
8503
8616
8512
8659
8554
8581
8578
8612
8667
8546
8640
8693
8437
8515
8411
8701
8696
8697
8864
8982
9086
9015
9050
9029
9149
9220
9412
9352
9242
9206
9352
9279
9233
9174
9195
9298
9350
9312
9274
9305
9294
9329
9386
9273
9196
9292
9264
9392
9312
9198
9327
9402
9451
9379
9432
9402
9385
9505
9353
9035
8989
9095
9026
9203
9329
9308
9303
9239
9359
9280
9240
9333
9340
9330
9254
9179
9266
9388
9156
9267
9229
9172
9218
9222
9036
9000
8812
8895
8921
8893
8901
8958
9135
9069
9052
9106
9015
9098
9131
9209
9271
9153
9098
9221
9190
9107
9235
9292
9349
9248
9247
9219
9114
9104
8926
8968
9033
8731
8972
9020
8959
9006
8839
8735
8845
8883
8871
9001
8848
8808
9025
9076
9172
9079
9071
8789
8847
8744
8818
8838
8838
8806
8922
8902
8870
8827
8867
8936
8986
9058
9139
9053
9170
9076
8965
8778
9015
9037
9037
8984
8934
9131
9122
9188
9165
8993
9101
9058
8759
8764
8748
8994
9101
9065
9092
9045
8931
9033
8965
8923
8898
9185
9235
9146
9046
9014
8788
8852
8894
8869
9222
9232
9293
9376
9319
9306
9347
9362
9362
9316
9279
9236
9280
9425
9278
9348
9287
9298
9420
9355
9231
9320
9353
9130
9224
9126
9028
9122
9197
9212
9157
9076
8945
9119
9102
9225
9054
9148
9137
9015
9038
153
72
17
5
920
9323
9255
9289
9334
9283
9255
9174
9097
9241
9204
9126
9213
9205
8995
8915
9050
9173
9180
8895
9055
9237
9230
9358
9360
9275
9393
9366
9310
9276
9067
9099
9150
9193
9314
9251
9263
9326
9350
9288
9347
9328
9243
9183
9283
9279
9295
9336
9286
9357
9406
9413
9414
9203
9313
9317
9396
9302
9394
9247
9230
9339
9343
9189
9121
9178
9258
9209
9324
9345
9414
9384
9274
9286
9130
8963
481
304
213
149
255
254
722
1113
9135
9129
9165
9314
9326
9134
9047
8980
9255
9383
9293
9202
9240
9158
9088
8980
8922
9088
9101
9111
9190
9124
9171
9058
9007
9045
9109
9038
9044
9178
9138
9264
9162
9253
9309
9261
9227
9138
9216
9275
9292
9237
9278
9169
9142
9110
9224
9248
9326
9189
9173
9270
9358
9242
9303
9249
9311
9292
9182
9181
9153
9134
9036
9078
9085
8837
8763
8761
8821
8736
8800
8879
8788
8907
8891
8812
8990
9023
8978
9048
8988
8983
8965
9005
8878
8753
8920
8982
8914
9030
8899
8986
8680
8711
8983
8965
9233
9322
9271
9348
9201
9330
9404
9347
9287
9124
9230
9112
9083
9320
9285
9238
9153
9310
9223
9280
9323
9317
9272
9334
9407
9359
9285
9353
9313
9227
9342
9252
9229
9238
9144
9257
9317
9230
9026
9086
9146
9071
8861
8938
9187
9141
8981
8998
9103
9202
9220
9061
8861
9096
9163
9391
9362
9222
9165
9157
9304
9384
8926
8966
9129
8965
9125
9314
9071
9297
9173
9313
9282
9252
9106
9249
9282
9279
9330
9356
9254
9315
9100
9361
9350
9439
9370
9304
9436
9300
9458
9476
9191
9462
9466
9395
9542
9463
9337
9473
9537
9503
9334
9272
9460
9242
9356
9030
9374
9516
9503
9364
9391
9377
9525
9498
9344
9425
9396
9469
9389
9442
9515
9367
9357
9376
9375
9286
9453
9438
9375
9270
9441
9523
9212
9265
9339
9321
9343
9257
9267
9019
9190
9152
9172
9064
9000
9328
9036
9063
9140
9131
9085
9166
9272
9252
9197
9329
9294
9156
9199
9295
8873
9085
9213
9187
9367
9200
9397
9333
9111
9160
9144
9263
9205
9139
9308
9299
9317
9225
9329
9263
9204
9168
9023
9165
9142
9338
9165
9244
8972
9282
9099
9150
8918
9169
9257
8728
9094
9005
8973
8986
9091
8944
8751
8641
8631
8633
8783
8688
8738
8559
8560
8667
8568
8548
8479
8306
8423
8331
8443
8352
8111
7999
7918
8134
8068
8026
8307
8334
8359
8683
8665
8542
8493
8513
8363
8454
8413
8422
8515
8581
8570
8449
8606
8493
8670
8599
8387
8674
8665
8775
8762
8771
8902
9054
9287
9252
9250
9101
9317
9293
9358
9261
9303
9329
9343
9434
9347
9425
9357
9488
9472
9429
9026
9346
9379
9281
9154
9306
9361
9423
9366
9320
9347
9399
9463
9381
9428
9478
9308
9408
9342
9408
9481
9519
9502
9150
9409
9431
9386
9274
9535
9438
9304
9406
9416
9251
9165
9188
9164
9181
9287
9343
9203
9308
9270
9344
9302
9258
9208
9308
9192
9382
9249
9455
9495
9498
9432
9412
9289
9250
9417
9506
9391
9472
9461
9292
9341
9416
9404
9311
9219
9299
9296
9305
9426
9459
9454
9287
9263
9291
9289
9371
9315
9462
9386
9445
9388
9437
9355
9362
9453
9377
9423
9434
9410
9435
9351
9443
9269
9436
9448
9483
9360
9197
9241
9188
9288
9244
9238
8769
8856
8999
9187
8888
8967
9164
9083
9073
9227
9061
9063
9135
9036
9175
9426
9403
9317
9296
9303
9180
9219
9299
9128
8759
8758
8835
8791
8645
8745
8719
8625
8741
8600
8850
8969
8933
8735
8994
9055
8928
9104
9062
9218
9182
9365
9431
9289
9296
9273
9324
9160
9244
8949
9204
9051
9291
9334
9295
9347
9365
9332
9268
9236
9255
9406
9151
9117
8955
8951
9308
9301
9308
9304
9374
9303
9400
9309
9185
9238
9357
9244
9199
9026
8962
9419
9117
9269
9248
9195
8999
9192
9078
9183
9032
9198
9348
9387
9349
9491
9424
9358
9297
9398
9236
9167
9390
9153
9356
9353
9300
9316
9300
9242
9130
9122
9110
8995
9224
9389
9315
9361
9422
9485
9213
9403
9406
9412
9414
9292
9274
9230
9326
9340
9332
9350
9343
9359
9310
9305
9093
9252
9294
9430
9318
9474
9379
9332
9347
9317
9400
9155
9121
8959
9066
9271
9309
9327
9315
9310
9235
9038
9158
9078
8937
8975
8951
8980
9037
9262
9131
8934
8882
89
9011
8931
8935
8981
9109
8958
9029
8717
8635
8568
8913
9037
9022
9397
9325
9301
9436
9271
9230
9243
9231
9244
9165
9334
9341
9367
9282
9397
9292
9223
9379
9407
9252
9305
9323
9276
9362
9183
9052
9284
9345
9232
9342
9292
9346
9161
9225
9060
8981
8961
8490
8982
9076
9169
9115
9055
9098
9062
9043
9221
9179
9274
9211
9279
9162
9254
9190
9261
9411
9380
9362
9342
9255
9127
9087
8942
8928
9076
9083
9179
9145
9212
9131
9209
9093
9147
8944
9112
9160
9309
9207
9191
9365
9429
9462
9356
9343
9321
9344
9278
9298
9263
9356
9410
9360
9357
9311
9379
9441
9398
9392
9366
9351
9518
9441
9439
9213
9118
9098
9264
9294
9328
9267
9391
9415
9395
9429
9403
9421
9330
9418
9323
9095
9173
8841
9033
9318
9362
9464
9313
9239
9323
9267
9295
9189
9030
8997
8939
8684
8932
9016
8989
8958
9176
9043
9041
9246
9393
9254
9140
9194
9195
9210
9032
9068
9144
9211
9373
9407
9274
9302
9282
9241
9041
9162
8998
9196
9192
9295
9339
9237
9321
9274
9266
9359
9334
9184
9208
9232
9074
9127
9149
9084
9045
9183
9217
9207
8995
9001
9109
9045
9154
9279
9043
9241
9294
9282
9385
9203
9184
8951
9260
9251
9102
9314
9354
9331
9231
9213
9053
9118
9050
9127
9106
9228
9055
9226
9035
9077
9300
9278
9269
9226
9123
9270
9252
9319
9329
9213
9205
9194
9296
9100
9270
9198
9302
9426
9257
9257
9126
9372
9354
9068
9175
9261
9378
9269
9259
9275
9128
9024
9250
9337
9144
9201
9251
9238
9225
9256
9264
9228
9229
9155
9176
9173
9305
9022
9133
9165
9275
9231
9329
9286
9213
9168
9257
9113
9210
9180
9088
9059
8747
8584
9034
9074
8958
8943
9140
9297
9127
9129
9122
9138
9047
9136
8898
8910
8850
8907
9190
9211
9137
8944
9142
9126
9053
8845
8787
8971
8987
9076
9085
8986
8869
8893
8983
8822
8886
8830
8956
9011
9011
8998
8951
8944
9066
8959
9073
9196
9099
9318
9194
9284
9389
9316
9374
9392
9407
9398
9162
9116
8941
8859
9069
9144
9300
9300
9309
9357
9330
9278
9085
9082
9202
9127
9130
9073
9167
9107
9048
9019
8960
9127
9073
9005
9069
9066
9068
8955
9084
8961
8866
9159
9205
9151
9185
9219
9315
9239
9110
9173
9053
9309
8966
9001
8891
9409
9348
9417
9284
9469
9410
9391
9173
9251
9317
9336
9406
9433
9432
9454
9428
9285
9340
9409
9401
9421
9342
9351
9429
9422
9386
9233
9097
9163
9128
9389
9290
9304
9367
9485
9453
9397
9328
9311
9307
9204
9111
9000
9080
9109
9071
9097
9026
9185
9014
8968
8944
9077
9082
9140
9011
8940
9225
9143
9181
9105
9043
8989
9011
9065
9076
9013
8999
8913
8857
8893
8824
8718
8652
8757
8914
9052
9112
9175
9242
9233
9457
9406
9433
9279
9298
9342
9269
9238
9349
9303
9345
9279
9370
9270
9223
9505
9387
9411
9149
9409
9378
9413
9389
9416
9473
9457
9112
9080
8977
9018
8989
9056
9080
9103
9148
9173
9091
9198
9153
9094
9178
9152
9063
9449
9389
9243
9276
9384
9402
9290
9349
9352
9346
9373
9194
9015
9164
9115
9168
9177
9405
9317
9451
9253
9353
9311
9285
9019
8866
8896
8842
9025
9136
9079
9179
9209
9060
8945
9009
9087
8949
9196
9213
9054
9138
8851
115
8876
8900
8896
9290
9140
9323
9278
9235
9373
9324
9059
9232
9071
9082
9039
9037
8978
9022
9178
9136
9100
9134
9182
9075
9085
9115
9341
9186
9385
9269
9315
9272
9315
9299
9158
9125
9260
9272
9228
9346
8964
9017
8831
9002
9036
8892
8941
8925
8870
8809
8996
8834
8826
8688
8979
9083
9056
8695
8400
8525
8639
8705
8794
8909
8678
8757
8693
8750
8708
8914
9183
9277
9110
9302
9097
9186
9145
9348
9285
9068
9126
9109
9108
9280
9297
9290
9293
9413
9354
9248
9158
9141
9143
9166
9270
9196
9052
9057
9192
9120
9186
9221
9361
9328
9287
9286
9138
9107
9307
9346
9199
9180
9131
9114
9316
9256
9283
9146
9179
9135
8918
9044
9116
8939
8862
9130
9022
9099
9266
9211
9231
9131
9040
9185
8862
9143
9335
9302
9367
9356
9103
8873
8829
9213
9226
9170
9154
9141
9234
9028
8696
9117
9298
9265
9338
9453
9422
9140
9272
9140
9235
9197
9447
9205
9159
8863
9245
9074
9364
9312
9218
9123
9287
9416
9430
9351
9165
9255
9293
9420
9373
9402
9339
9484
9461
9416
9348
9292
9208
8919
8944
9113
9128
9102
9270
9390
9384
9288
9424
9363
9425
9361
9390
9265
9166
9185
9176
9101
9088
9149
9170
9092
9106
9117
9228
9127
9116
9009
8897
9032
8841
8727
8752
8744
9198
9160
9054
9079
8956
8951
9121
8990
9069
8903
8914
8923
9028
9013
8965
8891
8972
9263
9321
9501
9224
9368
9374
9317
9222
9388
9312
9255
9319
9354
9412
9383
9385
9319
9229
9166
9153
9189
9068
9097
9098
9307
9324
9213
9366
9365
9354
9385
9168
9324
9297
9241
9252
9107
9052
8950
9054
9031
8984
8962
9119
9059
8998
9101
9196
9367
9444
9470
9407
9342
9315
9360
9284
9214
9026
9169
9161
9217
9183
9230
9341
9334
9395
9384
9323
9257
9210
9420
9361
9411
9450
9439
9435
9468
9421
9354
9440
9378
9438
9361
9458
9411
9421
9391
9303
9282
9271
9362
9389
9273
9404
9400
9457
9346
9333
9316
9236
9360
9434
9429
9457
9424
9459
9473
9335
9396
9402
9392
9273
9312
9481
9504
9476
9465
9334
9403
9363
9303
9261
9148
9285
9367
9311
9272
9373
9226
9399
9494
9442
9192
8930
8828
8773
8708
8809
8989
8975
8847
8925
9089
9105
9040
9003
9111
9311
9368
8890
8951
9002
9185
9197
9303
9348
9373
9162
9153
9203
9227
9085
8847
9034
9015
9172
9173
9041
9161
9411
9366
9331
9023
9179
9177
9211
9228
9233
9174
9131
9199
9303
9156
9101
9306
9233
9295
9335
9242
9243
9273
9105
9019
8765
9064
9297
9254
9160
8756
8952
8918
9223
9243
9122
9085
9275
9273
9293
9109
8942
8920
8898
9067
9077
8987
9032
9195
9125
9159
9135
9067
9077
9060
8914
9026
9275
9311
9224
9253
9178
9183
9198
9164
9121
9242
9299
9316
9334
9247
9164
9074
9107
9079
9110
9203
9134
9125
9164
9087
9234
9130
9032
9069
9195
9151
9131
9003
9112
9048
9101
9079
9114
9166
9080
9062
9121
9123
9099
9020
9082
9185
9321
9177
9001
8889
8950
8959
8762
8934
8848
8723
8669
8843
8892
9015
9134
9153
9284
9271
9324
9321
9046
8776
8924
9110
9280
9168
8976
9010
8923
8858
8745
8328
8384
8462
8383
8374
8144
8372
8328
8348
8329
8228
8117
7965
8033
7708
7715
7743
7775
7659
7621
7381
6604
6558
6566
6538
6557
6530
6585
8988
9121
9109
9110
9285
9102
9241
9367
9309
9330
9045
9315
9189
9411
9273
9131
9110
9268
9207
9238
8851
8923
9020
9120
9148
9020
8894
8978
8565
8584
8859
8833
8694
8549
8771
8537
8621
9060
9140
8900
9156
9179
9222
9259
8976
9166
9339
9364
9395
9300
9208
9196
9383
9331
9248
9180
9126
8963
9329
9413
9343
9113
9284
9230
9159
8941
9312
9154
9166
9106
9024
9018
9196
9248
9409
9387
9282
8966
9205
9335
9319
9467
9318
9093
9186
9120
9055
9115
9052
9328
9336
9295
9031
8976
8997
8804
9060
9193
9128
9217
9250
9293
9249
9172
9202
8928
9223
8991
8811
8974
8938
8912
8845
8383
8441
8580
8743
8668
8733
8742
8768
8576
8859
8821
8851
8916
8911
8953
8891
8902
8591
7836
7820
7745
7644
7596
7695
7647
8231
8316
8461
8481
8387
8396
8391
8535
8366
8338
8277
8320
8179
8269
8157
7999
8208
8405
8278
8433
8514
8479
8542
8546
8651
8659
8638
8593
8430
8177
8475
8453
8483
8404
8349
8093
7937
8510
7963
7684
7181
8786
8931
8703
8868
9002
8439
8962
8965
8682
8374
8472
8985
9059
9074
9134
8777
8904
8985
9156
9150
9144
9006
9141
9126
9237
9041
9123
9143
9066
9138
9161
9010
9093
9221
9196
9076
9083
9033
9127
9044
9135
9003
8829
8927
8785
8717
8862
9010
9104
9107
9094
9022
8985
9186
9033
8996
8996
8954
8569
8581
8216
8158
8300
8162
8260
8914
9008
9115
9019
8920
8885
8338
8544
8656
8580
8500
8399
8365
8618
8904
8939
8803
8597
8897
9111
9044
9142
8218
8368
8441
8540
8561
8788
8705
8769
8619
7920
8424
8901
8606
8571
8716
8568
8806
8629
8405
8212
8217
8277
8648
8623
8733
8415
8397
8848
8957
8917
8858
8800
8853
8874
8878
8968
9152
8705
8801
8664
8809
8914
8827
8894
8791
8733
8742
9028
9024
9115
9166
8937
8834
8978
9152
8988
8876
8825
9121
9149
8908
8853
8657
8353
8369
8321
8199
8890
8986
8816
8892
8956
8637
8674
8932
8829
8991
8972
9023
8881
8907
8744
8764
8826
8739
8795
8840
8744
8935
8791
8784
8850
8763
8755
8842
8802
8714
8925
9062
9049
9117
9016
9058
9219
9135
9044
9164
9240
9166
9152
9158
9099
9018
9129
9194
9050
9148
9116
9127
9101
9016
8661
8675
8690
8847
9304
9316
9228
9301
9275
9257
9108
9339
9347
9184
9332
9227
9306
9344
9265
9113
9081
9211
9200
9273
9233
9171
9272
9240
9256
9302
9251
9240
9141
9086
8942
8995
8905
8750
8818
9163
9188
9217
9209
9209
9126
9027
8905
9038
9064
9114
9025
8987
9069
9066
8861
8852
8554
8746
8893
8790
8587
8665
8697
8550
8632
8787
8853
8616
8706
8708
8440
8551
8351
8158
8286
8263
8310
8495
8655
8780
8840
8634
8707
8695
8915
9159
9110
9072
9029
8823
8801
8933
9067
8963
9052
9040
9137
9103
9113
9067
9076
9061
9012
8745
8799
8782
8675
8636
8868
9091
9097
9114
9100
9051
9048
8996
8887
8654
8973
8998
9076
8957
9051
8967
8944
8718
8751
8841
9115
8886
8738
8804
8699
8575
8571
8781
8852
9019
9043
8950
8940
9055
8970
8997
8911
8953
8883
9128
9118
8667
8844
9014
9054
9049
9194
9105
9288
9103
9123
9112
9049
8855
9042
9053
9017
9097
9382
9361
9250
9071
9295
8961
9043
9103
9184
9231
9165
9083
9274
9334
9183
9211
9201
9262
9286
9262
9197
9001
8965
8953
9195
9157
9225
9032
9197
9124
9144
9162
9066
9181
9072
9093
9050
9245
9231
9222
9151
9135
9123
9141
9050
9152
9149
9208
9262
9332
9280
9225
9161
9378
9340
9324
9199
9189
9217
9122
9293
9143
9077
8980
9099
9105
9255
9343
9087
8928
8925
8974
9222
9293
9244
9304
9126
9145
8994
9213
8973
8911
8887
8949
9037
8950
9005
8871
8966
8997
8737
8728
8846
8977
8991
8976
8971
8872
9039
9023
8944
8972
9011
9082
8958
9056
9191
9168
9363
9250
9163
9164
8896
9005
9015
9046
9180
8981
8903
8873
9050
9199
9253
9251
9242
9085
9245
9198
9226
9164
9039
8993
8921
9131
9092
9009
9074
9103
9325
9195
9237
9152
9106
9135
9259
9303
9167
9018
8977
9340
9392
9363
9251
9291
9318
9186
9290
9188
9190
9110
8985
9080
9159
9238
9262
9283
9311
9161
9291
9288
9283
9245
9035
9092
9102
9167
9055
8853
8674
8693
9170
9276
9307
9155
9138
9193
9096
9047
9164
9216
9096
9047
9161
9130
9165
8925
9089
9161
9112
9160
9085
9216
9241
9102
9051
9050
9023
9282
9170
8968
9235
9193
9035
8994
8869
9024
9100
8930
8963
8933
9020
8974
8753
8934
8916
9097
8986
8886
8874
8601
8887
8889
8968
8893
9050
9030
9050
9107
8994
9004
9146
9103
9049
8952
8680
8700
8733
8711
8817
9158
9112
9064
9127
8918
8917
8973
8976
8881
8809
8896
8948
8949
8869
8969
8755
8818
8985
8906
8928
8960
8744
8433
8630
8576
8632
8589
8506
8495
8699
8656
8677
8629
8594
8674
8702
8740
8628
8604
8444
8608
8868
8876
8973
9003
9202
9218
9121
9224
8840
9063
9133
9217
9246
9264
9272
9250
9284
9236
9287
9065
9155
8996
8621
7462
9180
9266
8821
8985
9122
9066
9215
9124
9135
9012
9185
9101
8941
9314
8978
9138
8889
8929
9052
9328
9279
9347
9260
9274
9171
9277
9394
9364
9279
9191
9283
9283
9202
9317
9129
8929
9151
9258
9407
9315
9400
9344
9366
9237
9104
9352
9415
9350
9224
9179
9417
9264
9178
8961
9209
9155
9217
9139
9130
9004
9095
9261
9158
8826
9028
8991
8941
9068
9073
8829
9004
8958
9127
9389
9098
9058
9167
9046
9114
9072
9002
8809
8372
8386
8404
8473
8459
8389
9072
9292
9408
9410
9313
9262
9207
9225
9197
9095
8942
9210
9382
9336
9382
9288
9359
9212
9383
9329
9283
9248
9166
9226
9336
9145
9246
9184
9380
9387
9265
9066
9130
9196
9222
9262
9108
9015
8974
8829
8899
8701
8947
9038
9064
9104
8980
9416
9260
9386
9478
9384
9528
9462
9458
9446
9386
9418
9403
9384
9335
9157
9332
9313
9406
9456
9322
9310
9341
9426
9336
9256
9275
9310
9210
9274
8772
8894
9015
9111
9011
9116
9104
9109
8994
9065
8975
8974
8963
8933
9045
9178
9143
9122
9088
9150
9127
9081
9015
9080
9158
9145
9413
9406
9316
9354
9222
9241
9283
9350
9251
9346
9207
9194
9307
9200
9214
9220
9211
8937
9005
8626
8922
9056
9027
9081
9086
8875
8725
8670
8794
8526
8328
8278
8220
8467
8633
8736
8453
8554
8646
8579
8746
8686
8764
8591
8642
8701
8315
8422
8583
8585
8902
9154
9333
9341
9347
9180
9322
9342
9277
9127
9020
9099
9166
8986
8868
9028
9226
9222
9319
9375
9214
9364
9377
9449
9285
9270
9292
9331
9342
9348
9397
9284
9215
9008
8929
9047
9001
8931
8957
8850
8678
8512
8718
8869
9027
8451
8538
8549
8519
8485
8352
8645
8674
8406
8825
8979
9006
9116
8959
8639
8965
8852
9195
9368
9382
9375
9357
9395
9239
9323
9403
9395
9201
8843
9009
9279
9201
9328
9369
9332
9290
9393
9341
9056
9228
9249
9055
8920
8808
8809
8780
8923
9090
9396
9357
9226
9314
9299
9230
9300
9208
9197
9161
8984
9321
9424
9505
9258
9190
8942
9101
9354
9323
9190
9278
9164
9135
9059
9212
9114
9187
9322
9152
9246
9297
9271
9054
9292
9285
9305
9287
9315
9279
9340
9243
9164
9414
9361
9190
9169
9196
9274
9281
9462
9335
9238
9183
9232
9368
9336
8999
8620
8748
8794
8713
8712
8642
8308
8201
8343
8371
8252
8355
8130
9010
9138
9212
9129
9110
9236
9327
9183
9079
9147
9228
9222
9333
9363
9380
9337
9388
9227
9284
9227
9169
8166
8309
8298
8270
8287
8228
9006
9139
9202
9107
9196
9452
9383
9327
9051
9204
9203
9165
9300
9329
9265
9297
9251
9341
9224
9283
9175
9130
9301
9216
9071
8907
8911
9305
9288
8948
9052
9000
8998
9122
9241
9181
9164
9165
9185
9095
9184
9291
9349
9186
9234
9408
9245
9046
9194
9114
9043
9153
9264
9255
9207
9193
8975
8867
9024
8835
8885
9027
8860
8896
8803
8784
8812
8558
8598
8705
8752
8745
8794
8803
8763
8774
8886
8907
8846
8672
8666
8659
8586
8573
8601
8640
8757
8755
8708
8803
8680
8695
8739
8656
8821
8742
8753
8650
8804
8959
8878
8977
9057
9072
9152
9256
9289
9048
9117
9220
9209
9187
9353
9392
9233
9287
9195
9273
9315
9370
9361
9269
9062
9123
9120
9259
9246
9252
9177
9294
9069
9098
9268
9018
9201
9064
9384
9334
9341
9240
9100
8673
8876
9008
8890
9064
8987
9016
9006
9126
9221
8889
9130
9127
9082
9138
9197
9163
9243
9107
9303
9213
9104
9222
9323
9259
8995
8815
8797
9271
9238
9094
9125
9069
8978
9062
8919
8709
8754
9096
9139
9324
9285
9103
9303
9293
9189
9217
9191
9186
9040
8034
7881
8040
8163
8102
8157
8112
8261
8243
8155
9270
8985
9295
9100
9251
9284
9362
9290
9209
9389
9328
9376
9317
9324
9245
9347
9369
9299
9379
9208
9105
9151
9273
9265
9207
8983
8782
8868
8865
8786
9133
9302
9237
9128
9175
8968
9222
9202
9175
9149
8909
9075
9016
8979
9064
8946
9065
8936
8760
8615
8295
8173
8169
8197
8245
8381
8386
8603
8670
8752
8640
8472
8351
8574
8675
8619
8282
8333
8304
8260
8324
8411
8389
8349
8415
8365
8296
8243
8132
8230
8276
8251
8197
8102
8226
8146
7956
8170
8126
8288
8372
8201
8159
7918
8025
8094
8061
7991
7621
7727
7730
7619
8326
8573
8529
8651
8807
8969
8952
9026
9139
9150
8945
9153
8962
9237
9076
9249
9071
9183
9064
9252
9248
9348
9257
9036
9107
9468
9406
9404
9248
9216
9308
9162
8760
9140
9260
9289
9301
9439
9404
9138
9344
9162
9259
9382
9161
9032
9011
9216
9395
9191
9367
9233
9383
9350
9067
9418
9383
9401
9422
9226
9397
9305
9378
9117
9138
9425
9312
9417
9420
9335
9438
9372
9387
9345
9266
9301
9149
8964
9010
9027
9271
9314
9228
9030
9203
9246
9304
9251
9155
9213
9134
9248
9214
9129
9084
9116
9207
9175
9222
9155
9162
9229
9173
9149
9205
8826
8869
8480
8866
9018
8875
8967
8827
8938
9090
9099
9181
9150
9269
9168
9148
9078
9145
9104
9163
9103
9272
9251
9286
9275
9304
9234
9103
8773
8800
9056
9247
9139
9067
8940
8897
8864
9117
9052
9074
8809
8818
8967
8960
8998
8905
8882
8758
8502
8541
8518
8534
8337
8297
8525
8750
8588
8797
8675
8677
8729
8787
8799
8656
8293
8055
8232
8272
8241
8472
8682
8763
8853
8949
8862
8825
8873
8884
8811
8702
8498
8693
8773
8772
8987
8969
8862
8841
8767
8939
9025
9019
8882
8818
8907
9001
8883
8953
8977
8948
8990
8919
9084
9318
9330
9332
9314
9321
9387
9259
9405
9189
9126
9226
9178
9061
9138
9242
9236
9175
8920
9046
9126
9165
9290
9103
9046
9164
9072
9033
9089
9091
9026
9052
9070
9190
9152
9198
8972
9215
9397
9384
9373
9351
9216
9089
9262
9178
9272
9232
9181
9286
9311
9214
9235
9148
9132
9117
9056
8993
9261
9197
8961
9045
8899
9047
9054
8992
9141
9313
9317
9205
9223
9189
9257
9071
9236
9035
9055
9074
9100
9108
9260
9317
9227
9357
9229
9084
9093
9251
9120
8953
8959
8664
8659
8715
9042
9105
9138
9215
9194
9072
9203
9168
9015
8996
8785
9005
8879
8837
8742
8996
9022
9126
9327
9232
9008
9001
8778
8758
8851
8797
8490
8763
8665
8632
8842
8817
8855
9000
8802
8978
8974
8876
8760
8703
8686
8944
9072
8769
8513
8733
9069
8963
9037
8993
8991
9160
9102
9146
9073
9023
8953
8880
8950
8949
9176
9096
9078
8989
9113
9199
9130
9216
9087
9187
9261
9139
9000
8918
9122
9146
9117
8992
8914
9155
9219
9020
9115
9166
9141
9204
9263
9200
9175
9122
9093
9060
8995
9004
9006
9018
9296
9154
9320
8976
9162
9110
9133
9210
9159
8801
9155
9093
8779
9075
9058
8842
9187
9034
8924
8874
9079
9026
9069
9048
9010
8952
9139
9070
9044
9260
9281
9210
9222
9343
9051
9258
9266
9053
8980
9167
9145
9101
9224
9176
9205
9216
9320
9118
9096
9168
9027
8783
8425
8675
8605
8460
9069
8912
9248
9150
9176
9251
9172
8856
9244
8940
8866
8411
8609
8612
8313
8546
8586
8758
8726
8570
8497
8615
8731
8788
8946
8932
8963
8744
8837
8893
8880
9103
9241
9225
9050
9126
8992
9108
9172
9027
9132
9078
9174
8894
9088
9066
9103
9278
9257
9186
8970
9187
9079
9087
9116
9292
9259
9337
9171
9197
9189
9279
9291
9150
9186
9147
9299
9203
9258
9312
9295
9302
9199
9130
9244
9369
9194
9035
8883
9045
9216
9053
9079
9069
9107
9168
8943
8817
9257
9193
9130
9231
9286
9066
8927
8872
8831
9029
9199
9269
9457
9360
9308
9310
9194
9092
9105
9138
9050
9179
9066
9300
9250
9173
8960
9064
8894
8570
9079
8971
7933
8968
8995
8708
9006
9055
8976
8940
8809
8849
8720
8780
8904
9104
9058
8955
8882
8711
8499
9106
8887
9279
9141
9314
8820
8745
8673
8444
8447
8465
8576
8832
8833
8648
8853
8849
8879
8713
8760
8801
8746
8715
8562
8509
8651
8996
9095
9092
9035
8945
9000
9010
8700
9034
9058
8910
8960
9066
8871
8893
8752
8861
8680
8525
8463
8456
8417
8679
8571
8343
8404
8397
8606
8662
8659
8596
8668
8854
8675
8652
8794
8938
8923
8975
8940
8863
8744
8966
9054
8847
9058
9051
9060
9154
9171
9225
9178
8954
9127
9163
9243
9274
9227
9280
9034
9023
9029
9065
9027
9043
8891
9062
9109
9074
9220
9215
9120
9225
9193
9173
9183
9124
8883
9280
9260
9134
8827
8922
9153
9363
9166
9190
9172
9182
9125
9296
9265
9128
9228
9192
9264
9198
9303
9249
9224
9083
9375
9144
9146
9060
9049
8992
8923
8915
8852
8567
8849
8981
8974
8818
8714
8764
8831
8851
8823
8648
8770
8694
8564
8691
8631
8646
8533
8463
8683
8727
8603
8548
8448
8531
8540
8497
8362
381
225
449
763
9010
9065
9059
9147
9251
8874
8863
8926
9031
8939
9010
9165
9208
9114
9203
8989
9018
8954
8972
9121
9298
9158
9284
9197
9335
9485
9497
9446
9348
9098
9213
9133
9149
9229
9079
9117
9028
8991
8998
9102
9334
9406
9208
9190
9064
9243
9317
9399
9411
9048
8995
9070
9145
9175
9356
9454
9263
9169
9364
9206
8820
9352
9439
9420
9398
9292
9441
9469
9511
9329
9372
9326
9330
9336
9197
9128
9076
9061
9185
9154
9010
8996
9242
9422
9373
9347
9341
9417
9413
9382
9317
8946
9076
9047
9026
9234
9253
9392
9449
9411
9417
9395
9296
9227
9274
9278
9253
9368
9395
9361
9486
9454
9411
9510
9476
9308
9331
9354
9339
9272
9311
9342
9390
9443
9370
9310
9012
9245
9222
9429
9229
9280
9322
9297
9087
8608
9098
9154
9297
9218
8870
9370
9368
9285
9307
8948
8975
8801
8804
8901
8785
8779
9046
9238
9224
9130
9105
8962
9187
9161
9267
9060
9156
9230
9291
9383
9299
9365
9296
9194
9044
8990
9037
9136
9114
9069
9317
9380
9348
9317
9244
9261
9078
9056
8905
8894
9278
9373
9172
8804
8769
9025
9103
8990
9233
8976
9049
9044
9187
9078
9139
9240
9095
9025
9042
9123
8970
9166
9178
9123
9085
9234
9058
9285
9256
9273
9247
9275
9333
9364
9283
9220
9199
9198
9177
9239
9220
9204
9146
9193
9205
9321
9135
9124
9094
9338
9260
9168
9282
9174
9386
9341
9166
9063
9007
9127
9133
9350
9290
9167
9344
9246
9207
9160
9168
9196
9195
8948
9308
9297
9129
9309
9297
9350
9305
9381
9361
9269
9266
9353
9380
9295
9242
9352
9364
9321
9256
9323
9319
9365
9270
9256
9347
9312
9359
9280
9233
9217
9229
9302
9413
9205
9144
9289
9448
9449
9272
9349
9236
9264
9267
9267
9090
8925
8964
8890
8871
8703
8805
9149
8883
8991
8827
8739
8719
8837
8932
8722
8711
8676
8866
8967
8975
8846
9011
9024
8915
8979
9120
9099
9079
9091
9278
9387
9404
9218
9072
9134
9188
9040
8680
8660
8644
8972
8579
8685
8289
8286
8403
8206
8478
8472
8362
8197
8952
9369
9447
9377
9244
9146
9307
9291
9267
9093
9150
9257
9265
9367
9423
9410
9348
9335
9372
9464
9402
9374
9300
9381
9351
9020
9039
9270
9315
9149
9302
9272
9328
9306
9496
9399
9402
9357
9414
9381
9351
9304
9179
9237
9278
9309
9286
9256
9364
9287
9345
9351
9254
9201
9249
9211
9147
9187
9342
9090
9292
9344
9349
9355
9245
9171
9354
9258
9204
9322
9249
9331
9429
9390
9431
9338
9306
9292
9218
9340
9232
9252
9012
8987
9087
8891
9193
9257
9398
9246
9226
9164
9362
9365
9298
9357
9420
9405
9340
9286
9350
9249
9328
9372
9206
9107
9150
9195
9066
8901
8945
8901
9161
9200
9249
9290
9268
9270
9244
9148
8987
8984
8957
8965
8874
8946
8938
8800
8739
8684
8949
8968
8990
8947
8762
8875
8811
8892
8866
8769
8477
8542
8623
8540
8465
8433
8401
8456
8475
8428
8341
8398
8329
8348
8473
8502
8580
8606
8552
8715
8646
8404
8620
8642
8681
8868
8853
8801
8831
8904
8889
8996
8966
9049
9048
9014
9120
9038
8979
8989
8963
8736
8919
9049
8872
9037
9300
9407
9303
9184
8977
9323
9250
9362
9263
9087
9080
9075
8912
8532
8866
9077
9020
9055
9096
9264
9228
9262
9243
9187
9169
9234
9122
9324
9337
9273
9300
9251
9190
9077
8699
8657
8703
8680
8903
8896
8871
9162
9479
9513
9495
9383
9313
9402
9446
9492
9423
9405
9419
9484
9333
9280
9198
8992
8930
8970
8900
8903
9370
9372
9374
9406
9389
9390
9348
9197
9047
9110
9329
9315
9232
9250
9192
9294
9415
9316
9379
9277
9156
9299
9422
9338
9244
9054
9319
9217
9385
9249
9156
9333
9223
9375
9303
9037
9272
9093
9235
9032
9215
9253
9195
9361
9021
9197
9270
9302
9139
9181
9157
9186
9021
9019
9083
9012
9047
8956
9047
9075
9035
9005
8975
9093
8877
8879
8828
8548
8222
8327
8341
8231
8361
8548
8731
8671
8583
8523
8725
8924
8824
8849
8696
8757
8966
8988
9022
8974
8848
8810
8792
8858
8814
8866
8763
9021
8975
8962
8991
9156
9192
9263
9174
9107
9158
9089
8859
8706
8726
8748
8673
9017
8878
9028
9231
9211
9336
9206
9106
9156
9264
9253
9264
9103
9073
8962
8897
8897
8996
9063
8973
8883
8981
9059
8977
9031
9228
9152
9116
9224
9323
9250
9381
9314
9202
9191
9281
9352
9360
9272
9316
9370
9307
9235
9165
8920
9139
9038
9120
8981
9166
9156
9263
9342
9327
8915
9056
8890
9006
9112
9021
9140
9066
9127
9235
9271
9134
9082
8953
9002
8900
8932
8879
8622
9018
9064
8913
9071
8869
9053
9250
9234
8979
9035
8997
7823
9021
8920
8349
8786
8754
8918
8860
8973
8954
9191
8947
9163
8780
8889
8906
8930
8850
8354
8735
8746
8738
8682
8673
8484
8583
8657
8545
8389
8398
8394
8677
8517
8520
8446
8551
8427
8541
8579
8307
8285
8413
8510
8483
8591
8599
8670
8647
8764
8732
8492
8572
8609
8887
8884
8724
8764
8834
8742
8933
8829
8774
8443
8424
8348
8454
8536
8664
8700
8675
8628
8681
8581
8632
8485
8725
8746
8767
8573
8604
8570
8727
8777
8721
8522
8524
8259
8465
8654
8754
8521
8396
8382
7954
8014
8015
8374
9217
9142
9216
9144
9104
9128
9262
9091
9105
9142
9275
9321
9156
9317
9181
9184
9126
9182
9234
9036
8894
9069
9132
9085
9219
9156
9107
8947
8817
8854
8992
8921
8799
8811
8842
8658
8674
8800
8883
8829
8931
8902
8775
8700
8796
8681
8735
8765
8584
8516
8672
8687
8837
8751
9042
8968
8936
8857
8807
8704
8734
8799
8895
8666
8477
8698
8757
8739
8711
8887
8871
8951
8972
9020
9006
8994
8795
8789
8716
8746
9066
9039
9110
8951
8817
8755
8949
9004
9223
8938
9186
9188
9052
9185
9084
9197
9166
9226
9130
8925
8910
8765
8946
8873
8833
8916
8667
8683
8791
8763
8749
8721
8525
8545
8594
8589
8526
8475
8475
8530
8516
8417
8355
8451
8463
8366
8772
8856
8737
9014
9201
9217
9350
9263
9113
9214
9256
9245
9227
9291
9285
9195
9261
8909
9001
8973
8993
8860
8655
9112
9193
9218
9296
9265
9397
9287
9425
9445
9491
9386
9378
9410
9473
9439
9420
9417
9490
9394
9408
9385
9268
9481
9447
9368
9390
9432
9389
9429
9462
9478
9300
9363
9407
9469
9364
9471
9320
9342
9168
9073
8873
9329
9329
9415
9317
9423
9313
9186
9144
9219
9247
9372
9103
9007
9103
9073
9160
9447
9471
9396
9388
9362
9390
9355
9255
9430
9118
9277
9293
9041
8711
8700
8732
8713
9191
9255
9305
9379
9261
9332
9303
9226
9205
9246
9262
9228
9180
9234
9040
9110
9038
8786
9012
9066
9109
9167
9123
9097
9185
9155
9032
9019
8920
9058
8692
8675
8617
8573
8738
8710
8644
8524
8570
8770
8812
8986
8825
8830
8923
8905
8969
9020
8935
8951
8925
8974
8862
8834
8941
8732
8709
8683
8576
8556
8604
8663
8638
8462
8628
8772
8683
8669
8952
8992
8800
8900
8916
8931
8914
8651
8511
8435
8745
8848
8662
8717
8672
8945
8862
8835
8814
8843
9124
9240
9166
8981
9162
9269
9168
9040
9121
9048
9196
9146
9224
9179
9248
9168
9324
9113
9200
9234
9095
9234
9262
9156
9163
9210
9126
9286
9164
9225
9266
9201
9254
9184
9317
9216
9375
9115
8971
8900
8970
9004
9165
8948
8962
8849
8934
8879
8922
8861
8980
8995
8935
8844
8820
8190
8159
8241
8144
8019
8004
8143
8773
8886
8980
9039
9109
9184
9127
9156
9126
8862
9003
8984
9000
9264
9230
9321
9220
8900
9044
9004
8972
9339
9320
9456
9307
9332
9304
9266
9391
9242
9482
9486
9529
9490
9528
9527
9453
9426
9386
9004
9055
9076
9084
9221
9062
9178
8982
8602
8681
8701
8676
9071
9229
9229
9106
9096
8845
9512
9607
9662
9584
9608
9621
9466
9533
9178
9201
9055
8944
9016
8856
8652
8782
8638
8836
8693
8741
8872
8822
8749
8640
8642
8567
8548
8518
8658
8253
8203
8178
8180
8611
8925
8971
8772
9014
9022
8933
9253
9152
9223
9283
9152
9252
9359
9555
9290
9541
9482
9543
9463
9526
9414
9447
9560
9439
9372
9410
9284
9269
9475
9384
9454
9397
9355
9402
9462
9422
9349
9261
9328
9258
9291
9308
9423
9309
9389
9420
9427
9414
9299
9327
9369
9160
9245
9248
9184
9330
9059
9249
9293
8965
9181
9250
9180
9257
9180
9315
9312
9045
9015
9058
9363
9405
9268
9296
9295
9360
9254
9085
9080
8965
9086
8973
8939
9002
8979
8746
8954
9014
8981
8838
8842
8792
8892
8776
8750
8913
8910
8947
8801
8912
8955
8745
8941
8940
8753
8804
8546
8649
9037
9042
8939
8915
8822
8935
9018
8744
8804
8661
8723
8428
8557
8636
8458
8733
8715
8744
8576
8579
8667
8733
8805
8692
8825
8602
8675
8527
8506
8527
8589
8647
8587
8553
8541
8384
8805
8635
8704
8606
8281
8307
8240
8128
7402
7459
7404
7345
7303
7199
7293
7279
7260
7376
7350
7149
8487
8637
8681
8752
8808
8904
9043
8992
9053
9229
9250
9270
9286
9317
9173
9184
9311
9241
9270
9363
9370
9431
9425
9406
9370
9389
9273
9362
9346
9152
9272
9247
9344
9285
9354
9310
9334
9278
9232
9273
9278
9271
9310
9033
9243
9244
9272
9192
9209
8879
8949
9088
9280
9357
9321
9225
9168
9131
9222
8921
9108
9211
9186
9101
9155
9188
9098
9223
9221
9243
9173
9233
9269
9307
9306
9091
9188
9157
9034
9241
9225
9258
9320
9201
9103
9204
9244
9169
9202
9170
8953
8983
8891
8837
8555
8492
7536
7614
7570
7542
7586
7558
7575
7621
7622
8162
8248
8218
8278
8269
8306
8381
8647
8708
8793
8707
8847
8894
8812
8754
8752
8794
8587
8749
8782
8796
8686
8752
8893
8869
8620
8634
8786
8663
8737
8709
8769
8811
8785
8593
8228
8259
8599
8558
8390
8505
8486
8640
8634
8623
8417
8277
8318
8045
8168
8302
8081
8181
8193
8150
8053
7997
8203
8240
8406
8249
8213
8194
8214
8265
8331
8233
8334
8331
8417
8389
8587
8503
8436
8487
8372
8610
8639
8574
8619
8786
8805
9014
8974
9254
9261
9250
9322
9177
9169
9007
9220
9344
9089
8936
8935
8977
8979
8888
8935
8906
8983
8831
8843
8864
8838
8849
8817
8770
8824
8764
8744
8948
8832
8764
8773
9001
8971
8949
9035
9091
9151
9176
9212
8893
8900
9159
9239
9228
9325
9296
9226
9140
9294
9316
9336
9334
9348
9345
9292
9145
9174
9301
9287
9312
9274
9352
9318
9249
9205
9254
9199
9199
9133
9249
9090
9155
8893
8841
8795
8815
8844
8800
8906
8887
8916
8882
8875
8727
8698
8666
8739
8790
8737
8773
8772
8700
8713
8679
8743
8782
8739
8834
8748
8903
9101
9165
8930
8977
8753
8725
8772
8591
8413
8648
8560
8844
8501
8721
8795
8828
8856
8794
8505
8695
8769
8900
8549
8598
8233
8320
8454
8471
8323
8435
8118
8280
8232
8289
8478
8387
8181
8540
8674
8661
8660
8551
8453
8565
8553
8339
8234
8090
8214
7899
8057
8025
7965
7925
7985
7953
7885
7983
7962
7928
7995
7963
7712
7849
7777
7869
8340
8319
8633
8638
8691
8657
8824
8806
8844
8874
8723
8665
8745
8818
8789
8939
9126
9217
9020
9131
9303
9386
9091
9317
9227
9154
9102
9075
8896
9008
8882
8832
9066
9046
9012
9003
8979
9176
9176
9227
9271
9307
9357
9535
9523
9563
9454
9373
9457
9427
9173
9295
9143
9354
9492
9598
9599
9674
9670
9649
9540
9448
9480
9603
9503
9447
9538
9562
9518
9574
9523
9327
9203
9314
9509
9262
9392
9508
9507
9378
9290
9286
9098
8920
9078
9047
8992
8992
8996
8943
9033
9096
9053
8923
8805
8852
8905
8903
8719
8699
8742
8609
8830
8804
8744
8561
8440
8402
8663
8497
8478
8693
8853
8826
8935
8905
8726
8840
8680
8483
8665
8440
8572
8410
8493
8549
8634
8447
8419
8321
8504
8527
8531
8661
8640
8930
8954
8908
8941
8895
9173
9188
9246
8680
8944
9163
9022
8989
9056
8727
8832
8826
8556
8716
8921
8839
9194
9114
9121
9262
9190
9121
9284
9257
9001
8796
8684
8648
8819
8633
8640
8592
8565
8558
8534
8334
8726
8651
8731
8768
8843
9021
9056
9184
9322
9156
8808
9209
9225
9271
8955
8998
9209
9262
9248
9234
9267
9279
9284
9325
9311
9252
9195
9156
9006
9150
9061
9105
9195
9204
9228
9088
9077
9123
9307
9329
9154
9089
9298
9267
9111
9235
9007
9044
8940
8715
8753
8889
8881
9013
8932
8978
8994
8950
8896
8873
8813
8965
8980
8969
9038
9070
9118
9073
8978
9171
9276
9244
9075
9167
8932
9161
9170
9221
9271
9270
9105
9147
9060
9125
9045
9140
8917
8978
9086
9068
8890
9106
9139
9114
9142
9050
9045
9211
9243
9062
8960
9028
9143
9092
9110
8842
8985
8799
8628
8545
8522
8535
8616
8491
8341
8336
8363
8234
8327
8272
8281
8216
8223
8181
8276
8314
8324
8275
8304
8404
8116
7680
8111
8283
8359
8324
8533
8629
8473
8632
8684
8599
8520
8462
8667
8546
8239
8482
8569
8541
8716
8845
8833
8830
8736
8404
8827
8901
8811
8735
8745
8910
8961
9022
8931
8777
8895
8844
8930
8996
8880
8827
8871
8726
9253
9369
9258
9132
9200
9089
9114
9155
9193
9189
9257
9211
9255
9265
9103
9121
9108
9152
9172
9303
9103
9194
9205
9281
9250
9280
9208
9191
9223
9085
9172
9246
9009
9217
9217
8910
9181
9088
8879
8910
9018
8924
8848
8905
8576
8662
8703
8711
8997
9367
9288
9175
9310
9172
9160
9224
9253
9285
9290
9053
9357
9305
9299
9112
9250
9178
9009
9164
9213
9086
9122
9037
9217
9314
9374
9299
9228
9097
9086
9286
9346
9364
9365
9292
9272
9302
9252
9261
9236
9204
9260
9137
9091
9128
9212
9340
9340
9252
9322
9276
9190
9092
9065
9124
9042
8955
8860
9081
9194
9169
9291
9184
9096
8965
8908
8718
8673
9013
9184
9121
9066
9195
9257
9196
9329
9195
9172
8984
8908
9146
9134
9184
8828
9052
9057
9068
8839
8656
8791
8807
8853
8992
8671
8371
8517
8625
8672
8746
9023
8712
8828
8721
8918
8628
8790
8966
8869
8712
8595
8760
9110
9120
9088
9121
9093
9293
9231
9154
9229
9306
9360
9343
9172
9210
9177
9260
9291
9132
9147
9011
9153
9281
9304
9112
9059
8868
8932
9045
9077
9151
9009
9073
9008
8963
8729
8841
9022
9093
9083
8920
8965
9192
9258
9246
9228
9260
9214
9078
9319
9339
8968
9060
9144
9412
9375
9131
9165
9190
9126
9169
9210
9170
9160
9213
9249
9212
9163
9115
9052
9193
9258
9227
9227
9356
9376
9402
9359
9355
9325
9388
9238
9350
9188
9204
9291
9212
9279
9302
9375
9445
9467
9406
9450
9384
9210
9247
9031
8687
8727
8561
8629
8778
8848
8850
8813
8854
8795
8746
8728
8644
8608
8666
8689
8851
8974
9007
8947
9100
8969
9029
8958
8668
8863
8900
9430
9433
9292
9175
9228
9472
9418
9260
9240
8911
9091
9122
9145
9150
8875
8753
8753
9110
9208
9127
9183
9174
9135
9181
9153
9211
9057
9055
9015
8883
8821
8936
9004
8931
8876
8774
8887
8949
9099
9288
9199
9125
9090
9258
9236
9342
9334
9313
9292
9248
9270
9344
9260
9368
9168
9182
9286
9258
9287
9366
9291
9377
9399
9364
9242
9217
9195
9293
9123
8961
9246
9367
9392
9306
9375
9282
9268
9280
9127
9278
9388
9243
9284
9471
9422
9379
9247
9290
9293
9389
9395
9338
9477
9443
9480
9380
9382
9306
9298
9318
9354
9480
9468
9448
9409
9448
9438
9408
9226
9297
9305
9247
9244
9222
9196
9288
9205
9152
9386
9391
9482
9510
9432
9435
9261
9425
9337
9367
9260
9243
9304
9387
9461
9405
9481
9410
9267
9346
9257
9124
9001
9318
9328
9341
9445
9346
9457
9491
9389
9441
8782
8827
8822
8895
8996
8837
8905
9000
9232
9405
9353
9302
9308
9231
9314
9338
9347
9252
9031
9034
8942
9170
9315
9178
8940
9076
9082
9082
9107
9157
9100
9150
9074
9120
9075
9104
9071
9017
8889
8770
8825
8879
8976
8981
8910
8885
8855
8910
8843
8931
9030
8810
8727
8844
9075
9087
9058
9192
9210
9233
9144
9197
9176
8951
9232
9237
9173
8929
9017
9248
9368
9192
9221
9193
9118
9067
9036
9287
9188
9202
9262
9205
9214
9234
9179
9183
9170
9237
9194
8971
8725
8773
8840
8977
8935
8716
8648
8619
8530
8437
9212
9213
9266
9265
9229
9180
9279
9203
9010
8952
9035
9098
9100
9233
9174
9231
9249
9199
9045
8911
8787
8785
8739
8842
8974
9087
9072
9008
9155
8980
8874
8993
9082
9044
8835
9036
8926
9058
9189
9000
9036
8797
8712
8567
8401
9222
9208
9082
9225
9189
9297
9414
9287
9117
8767
8757
9041
9014
9049
8839
8822
8850
9012
9126
9055
9037
9012
9088
9024
8686
8750
8673
8727
8767
8754
8686
8616
8770
8859
8650
8755
8757
8851
8763
8883
9147
8990
9042
9011
8885
9088
9145
9033
9028
8956
8976
9144
9072
9152
9208
8894
9019
9052
9049
8686
8761
8680
8514
8683
8563
8421
8333
7847
8087
8155
8158
8385
9137
9228
9020
9076
9027
8992
9076
9140
8918
9069
9168
9112
8979
9124
9144
9280
9194
8935
9001
9046
9133
9108
9076
9087
8909
8744
8906
9116
9211
9174
9247
9107
9030
9111
9135
9073
9032
8876
9083
9296
9290
9010
9180
9133
9172
9244
9202
9093
8969
9254
9257
9068
9040
9178
9188
9250
9281
9090
9306
9251
9288
9232
9198
9045
9136
9090
8919
8889
8810
8884
8610
8777
8671
8498
9046
9118
9041
8975
8769
8638
8919
8947
8929
9117
8967
8930
8963
9055
8987
8951
8956
8997
8732
8847
8973
8744
8748
8466
8694
8974
9157
9107
9117
9206
9063
8998
9148
9167
9172
9089
9230
9131
8738
8850
8828
8816
9100
9143
9219
9040
9215
9148
9325
9097
8968
8844
8860
9019
8987
8966
8887
8862
8905
8808
8784
8798
8669
8588
8714
8923
9101
9134
9227
9154
9009
8954
8909
8961
8795
8950
8835
8692
8648
8824
8952
8975
8685
8910
8972
8773
8830
8730
8640
8726
8636
8787
8776
8348
8650
8616
8782
8847
8952
8735
8720
8595
8750
9015
9080
8969
8933
8778
8759
9051
9024
9206
8993
9153
9124
9169
9268
9109
9018
8804
9074
9020
8745
9271
9178
8992
8910
8962
9202
9036
9008
9001
8480
8738
8984
8880
8873
8673
8754
8706
8840
8791
9044
8893
9083
8987
9197
9082
9246
9276
9218
9126
8985
8737
9065
9127
8907
8818
8706
8873
8966
8847
8996
8865
8855
9047
9371
9312
9102
9225
9135
9302
9287
9306
9238
8983
8995
8886
9019
8800
8979
9082
8971
8970
9040
8672
8385
8344
8329
8456
8460
8441
9406
9450
9395
9399
9433
9417
9350
9413
9390
9404
9407
9371
9336
9332
9396
9421
9364
9350
9439
9340
9304
9175
9149
8924
8871
9141
9238
9271
9212
9258
9183
9262
9348
9215
9034
9113
9127
9091
9109
9223
9273
9152
9038
9081
8955
8839
8750
8119
8118
8102
8147
8656
9284
9266
9188
9111
9079
9172
9103
9235
9349
9206
9163
9393
9322
9326
9274
9251
9067
8962
8791
8719
8902
8980
9221
9254
9219
9205
8988
9005
9208
9173
9144
9226
9119
9038
8939
9313
9310
9147
9128
9112
8841
8822
8677
8862
8946
9159
9040
9088
9305
9265
9201
8895
8905
9091
9058
9241
9092
9167
9248
9276
9054
9078
8978
9108
9166
9023
9015
8941
9096
9091
9239
9084
8897
8733
9100
9115
9223
9125
9234
9273
9229
9069
8557
8774
9029
8831
8835
9173
9227
9235
9320
9116
9189
9004
8890
8618
8927
8838
8839
8773
8831
8899
9065
9098
9058
9216
9255
9247
9197
9216
9233
9250
9238
9197
9323
9255
9240
9009
9005
9166
9204
9160
9210
8989
8883
8827
9166
9187
9033
9046
8727
9249
9242
9282
9093
9190
9173
9096
9098
9138
9118
8917
8892
8990
8955
9083
8687
8687
8951
8818
8888
8900
8814
8871
9053
9038
9126
8905
8957
8849
9082
9076
8973
8823
8797
8920
8770
8867
8846
8663
8431
8308
8494
8888
9061
9015
8991
9010
8888
8786
8833
8645
8950
8926
8888
8905
9119
9131
8849
9014
9221
9282
9375
9273
9290
9173
9144
9214
9182
9369
9349
9266
9338
9164
9328
9301
9171
9202
9293
9201
8913
8904
9182
9174
9253
8878
8921
8850
8909
9078
9011
8952
8959
8591
8660
9098
9115
9083
9109
9015
9110
9110
8944
8839
8785
8780
8658
8660
8643
8663
8713
8775
8776
8805
8886
9039
9088
9074
9033
8889
8788
9253
9309
9284
9112
9018
9198
9279
9274
9027
9201
9163
9005
9252
9216
9322
9287
9287
9293
9261
9275
9090
9259
9279
9368
9130
8960
8764
9204
9257
9361
9158
9433
9369
9202
9383
9411
9331
9421
9296
9143
9075
9077
9160
9209
9079
9117
9034
9068
9019
9038
9151
9328
9262
9253
9207
9259
9244
9251
9263
9207
9156
9086
9355
9334
9176
9256
9274
8965
8970
9055
9138
9365
9218
9292
9331
9306
9285
9312
9323
9077
9101
9025
9233
9300
9025
9209
9251
9305
9200
9140
9070
9025
9240
9149
9193
9217
9178
9209
9133
9209
9207
9276
9248
9144
9233
9268
9127
9050
9021
8925
9032
9075
9021
8997
9055
9115
9118
9146
9084
9137
9030
8828
9203
9000
8765
8527
8466
8512
8595
8661
8647
8789
8680
8931
8983
8904
8921
8963
8775
8905
9106
9205
9166
9215
9067
8866
9191
8942
9045
9071
8720
8819
8962
8918
8819
8758
8858
8848
9071
9056
8967
8935
9065
9125
9240
9173
9197
9222
9248
9140
9117
8784
9068
9193
9171
9038
8982
9121
9032
9312
9280
9172
9215
9129
9202
9277
9424
9311
9287
9046
9215
9219
9080
9044
9233
9250
8973
9109
9171
9192
9062
9116
8997
9046
9254
9276
9188
9265
9255
9209
9079
9010
9069
9005
9016
9180
9076
9192
9234
9150
9019
9121
9146
9073
9202
9088
9066
9360
9399
9404
9294
9174
9211
9268
9197
9147
9349
9272
9239
9282
9213
9228
9161
9233
9110
9136
9006
9077
9282
9223
9278
8910
8958
9139
9307
9327
9353
9408
9383
9394
9357
9256
9265
9359
9381
9246
9132
9047
8909
9252
9344
9147
9286
9261
9332
9234
8837
8919
8747
8812
9260
9170
9231
9112
9257
9079
9004
9184
9180
9276
9235
9243
9250
9140
9174
9044
9152
9111
8966
9205
9362
9276
9315
9356
9164
9257
9159
9172
9280
9305
9206
9207
8969
9304
9299
9217
9143
9189
9264
9173
9299
9306
9182
9248
9306
9200
9212
9143
9239
9060
9044
9040
9062
9009
9111
8923
8609
8933
9211
9241
9249
9267
9272
9225
9247
9203
9200
9121
8911
8848
9092
9074
8963
8898
8878
8921
8953
8957
8875
8908
8850
9011
8847
8908
9005
9015
9297
9286
9257
9297
9230
9259
9283
9196
9301
9139
9171
9280
9326
9295
9228
9279
9315
9270
9230
9220
9067
9075
9027
9296
9275
9346
9273
9111
9155
9227
9244
9270
9315
9276
9077
9158
9270
9085
9126
9025
9258
9389
9377
9351
9400
9367
9246
9334
9414
9359
9321
9338
9176
9345
9307
9355
9314
9412
9366
9261
9279
9244
8977
9088
9105
9280
9411
9159
9305
9133
9111
9253
9342
9376
9418
9317
9303
9360
9371
9135
9116
9068
9004
8860
8880
8952
8884
8780
8875
9303
9414
9184
9209
9253
9312
9241
9439
8896
9149
9174
9125
9265
9162
9176
9185
9206
9285
9250
9227
9336
9267
9387
9361
9409
9398
9295
9266
9040
9122
9232
9267
9361
9115
9151
9055
9308
9333
9321
9309
9428
9305
9391
9390
9290
9355
9271
9391
9262
9257
9242
9208
9275
9404
9285
9075
9202
9300
9276
9108
9064
8964
8932
8911
8800
8908
8941
8942
9014
8786
8441
8657
8820
8690
8817
8856
8891
8841
8805
8775
8768
8819
8844
8765
8774
8637
8835
8872
8940
8854
8810
8878
8916
9034
9051
9093
9012
9167
9104
9331
9230
9176
9206
9293
9269
9364
9250
9250
9243
9386
9429
9388
9406
9328
9337
9314
9068
9353
9187
9186
9250
9266
9369
9359
9217
9089
9150
9155
9088
9186
9004
9300
9078
8906
9171
9326
9355
9455
9366
9293
9203
9371
9214
9265
9208
9287
9281
9323
9297
9324
9360
9337
9402
9411
9378
9090
9155
9087
9223
9044
8848
8837
8727
8730
8770
8762
9241
9164
9205
9173
8904
9014
8948
8806
8994
8834
8937
9011
9019
9080
9040
8791
9325
9355
9425
9403
9177
9358
9246
9149
9236
9299
9232
9052
9315
9162
9173
9279
9320
9424
9326
9320
9254
9056
9271
9208
9234
9270
9338
9402
9257
9079
8991
9074
9020
9319
9423
9444
9385
9369
9342
9198
9328
9306
9078
9221
9145
9327
9285
9301
9136
9158
9193
9158
9236
9364
9127
9119
8977
9081
9272
9244
9174
9052
9012
9144
9131
9200
9244
9071
9185
9115
9134
9004
9086
9302
9211
9088
9341
9231
9365
9290
9257
9276
9219
9190
9207
9160
9141
9146
9202
9086
9064
9084
9098
9249
9140
9074
9152
9135
9160
9032
8921
8895
8825
8811
8543
8937
8920
9189
9176
9189
9127
9222
9100
8955
8879
8814
8857
8914
8838
9025
8930
8879
8760
8882
9111
9001
8568
9072
8971
8911
8911
8979
8994
9003
9063
9147
9185
9227
9278
9269
9286
9335
9145
9249
9263
9216
9253
9135
9147
9172
9106
9137
9127
9222
9215
8889
9099
9142
9169
8871
9096
9112
8960
8986
9021
8969
9363
9328
9268
9347
9475
9392
9475
9334
9372
9161
9053
9076
9163
9298
9113
8871
8732
8857
8846
8906
9173
9301
9384
9359
9391
9314
9382
9348
9445
9423
9362
9437
9484
9461
9392
9251
9268
9134
9429
9393
9422
9395
9319
9296
9381
9218
9242
9081
9205
9137
9131
9194
9167
9275
9311
9099
9214
9116
9230
9252
9252
9313
9242
9216
9273
9227
9298
9214
9182
9339
9251
9169
9114
9065
9214
9240
9229
9072
9072
9084
9051
9266
9009
9100
9168
9140
9093
8956
8855
8934
8964
8857
8860
8823
9024
8964
8991
8948
8906
9080
9218
9177
9364
9302
9349
9471
9441
9335
9208
9481
9372
9389
9408
9425
9370
9302
9430
9364
9317
9207
9061
9023
8977
9242
9188
9115
9009
9032
9195
9027
9080
9047
8714
8765
8728
8663
8820
8783
8666
8608
8620
8531
8495
8526
8615
8706
8767
8454
8441
8275
8202
8322
8308
8444
8720
8713
8723
8937
9011
8681
8920
9018
9060
9200
9112
9176
8901
9077
8937
9015
9065
9211
9260
9116
8822
9077
9028
9208
9209
9399
9218
9208
9318
9224
9062
9222
9295
9318
9101
9246
9235
9271
9306
9286
9297
9026
8898
9020
8957
8991
9206
9218
9203
8813
8638
9019
8969
8903
8959
8919
8825
9000
9058
8956
8985
8853
8967
8950
9260
9080
9289
9252
9285
9027
8671
9165
9282
9228
9270
9235
9089
9037
8866
8569
8698
8742
8736
8649
8549
8712
9337
9288
9233
9256
9159
9162
9217
9288
9126
8767
8981
8832
8663
8690
8607
8635
8864
8923
8840
8604
8881
8849
8845
8821
8955
8907
8928
8824
8810
8816
8846
9099
9154
8909
8883
8850
9074
9042
8970
8839
8897
9051
9029
9234
9245
9221
9169
9018
8849
9139
9028
8938
8703
8788
8900
8836
8886
8921
8895
8933
8731
8739
8706
9025
9033
8892
8847
8487
7930
7889
7843
7857
7770
7876
7705
8337
8317
8404
8535
8543
8561
8358
8209
8216
8397
8390
8407
8454
8345
8366
8768
8672
8814
8854
8898
8970
8908
8880
8688
8242
8613
9414
9352
9400
9190
9186
9263
9362
9294
9345
9074
9202
9125
9297
9295
9297
9269
9303
9219
9279
9099
9136
8998
9066
9437
9443
9344
9061
9013
8908
8655
8682
8720
8578
8960
8913
8963
9316
9377
9377
9385
9280
9204
9416
9397
9360
9336
9243
9232
8964
9213
9437
9481
9274
9431
9328
9234
9157
9411
9337
9238
9408
9403
9272
9155
9422
9076
9209
9249
8965
9252
9074
9447
9400
9285
9209
9075
8987
9256
9397
9194
8927
9030
9058
9049
8998
9086
9125
9195
9178
9175
9127
9104
9236
9301
9355
9267
9288
9364
9326
9283
9244
9269
9280
9258
9273
9285
9097
9055
9227
9305
9200
9194
8829
8976
8900
8881
8812
8856
9190
9283
9278
9240
9167
9175
9180
9178
9171
8991
9058
9086
9099
9083
9126
9215
9211
9098
9013
8943
9097
9121
9053
9123
9014
8908
8748
8644
8593
8530
8595
8617
8536
8624
8546
8507
8522
8492
8558
8481
8662
8684
8546
8627
8665
8877
8960
8945
9076
9071
9165
9248
9249
9262
9178
8972
8530
8705
8831
8724
8606
8827
9050
8961
8980
8859
9026
9035
9119
9073
9200
9097
9247
9317
9374
9292
9324
9301
9195
9126
9086
9045
9156
9136
9243
9336
9255
9185
9226
9210
9122
9043
9033
9317
9348
9276
9161
9275
9142
8964
9035
9080
9101
9044
9066
9026
8932
8753
9139
9268
9206
9198
9136
9246
9167
9305
9338
9285
9207
9200
9067
9070
9293
9008
9087
9113
8965
9120
9031
9095
9114
9129
9246
9230
9245
9209
9285
9120
9244
9259
9237
9230
9187
9250
9225
9116
9127
9108
8762
8586
8692
8894
8908
8971
8956
8931
8982
8931
9103
9052
9000
8922
9059
9217
9134
8854
9143
9190
9239
9187
9042
8785
8718
8699
9078
9225
9273
9235
9241
9266
9188
9193
9149
9143
9097
9092
9251
9234
9181
9210
9028
9275
9334
9206
9201
8799
8823
8668
8582
8493
8140
8259
8446
8482
8527
8521
8294
8516
8509
8541
8561
8775
8657
8523
8428
8155
8267
8572
8618
8708
8674
8679
8780
8701
8739
8835
8765
8793
8792
8810
8858
8759
8662
8488
8318
8627
8462
8659
8826
8757
8590
8825
8823
8787
8904
8887
8756
8597
8867
9048
9008
8896
8624
8961
9019
9182
9221
8949
8554
8373
8113
8236
8192
8182
8097
8272
8147
8277
9303
9090
9081
9196
9089
9232
9025
9166
9047
9126
9067
9063
9116
9204
9097
9035
8887
8955
9101
9114
9104
9114
9189
9178
9242
9348
9333
9278
9301
9215
9300
9263
8599
8729
8800
8839
8875
8821
9326
9283
9346
9289
9327
9165
8892
9078
9066
9006
9189
8604
9168
9174
9282
9224
9013
9107
9037
8620
8063
8146
8198
8158
8195
8219
8285
8240
8373
8310
8253
8307
8251
8850
8908
8919
9000
9019
8899
8827
9244
9302
9102
9160
9184
9197
9091
8986
9078
9089
9099
8971
9148
8937
9180
9019
8895
9117
9120
9040
9129
8727
8685
8578
8659
8652
8540
8569
8536
8465
8487
8055
8455
8550
8498
8479
8590
8634
8669
8779
8847
8623
8634
8661
8103
7849
8059
8234
8125
8557
8715
8687
8612
8732
8781
8579
8672
8611
8775
8833
8866
8769
8786
8458
8071
7681
8421
8009
8393
8486
8473
8462
8611
8617
8859
8846
8885
8680
8781
8806
8925
9210
8996
9047
8962
9049
8853
8729
9181
9130
9023
9207
9201
9015
9074
9045
9029
9060
8872
8920
9148
9070
9190
9239
8917
9126
9064
8595
8728
8818
8859
9039
8976
9098
9235
9218
9111
8915
8990
8947
7795
7764
7813
7720
7763
7768
7476
7683
7661
7725
8353
8643
8675
8709
8744
8862
8939
8723
8422
8598
8555
8499
8937
9060
9055
9122
9097
8977
8964
9000
9068
9113
9057
8966
9142
9265
9212
9179
9242
9235
9220
9326
9097
9182
9111
9127
9074
9218
9263
9221
9169
9165
9254
9377
9325
9055
9239
9385
9417
9078
8873
8955
8790
8389
9073
9307
9316
9321
9271
9230
9212
9235
9249
9183
9101
9029
8937
8946
8578
8823
8906
8925
8552
8617
8511
8750
8610
7983
8514
8725
8826
9060
8993
8971
8929
9115
8892
9107
9048
8752
8806
9073
9043
8964
8800
8651
8948
8881
8873
8754
8778
8846
8950
9003
8874
8933
9069
8912
6845
8781
8874
8794
8685
8460
8329
8658
8447
8700
9124
8958
9184
9115
9141
9087
9262
9128
9126
9047
9016
8934
9045
8808
8818
8934
9027
8987
9176
9035
9252
9203
8335
9030
9234
9079
9139
9089
9195
9149
8992
9094
9091
8965
9151
8951
8775
8836
8787
8356
8383
8332
8227
8259
8318
8201
8187
8930
8776
8961
8886
8857
8856
8834
8756
8692
8743
8737
8886
8915
8955
8964
8785
8841
8909
9009
9008
9124
9059
9121
9102
9081
8855
8924
9034
9313
9295
9281
9152
9190
9113
9077
9194
9122
9173
9087
9171
9150
9342
9207
9311
9330
9126
9254
9203
9366
9373
9230
9246
9034
8989
9020
9049
9139
9152
9296
9029
9117
9076
8895
9015
9172
9175
9160
9062
9126
8943
8881
8937
9054
9117
9087
8956
8909
9063
9081
9133
9225
9027
8953
8862
8693
8802
8447
8391
8685
8621
8546
8516
8561
8516
8670
8749
8765
8494
8509
8482
8321
8311
8371
8794
8828
8828
9099
9302
9127
8951
8959
8406
8860
8619
9014
8908
9096
8927
9138
9217
9178
8892
8820
9068
8984
9109
9123
9224
9101
9215
9132
9133
9058
9194
9125
9204
9194
9145
9144
9179
9107
9175
9041
9063
9012
8891
8709
8857
8883
9045
9096
9106
9180
8830
9186
9196
9201
9108
9076
9204
9214
8991
9001
9184
9104
9267
8893
9000
9022
8981
8911
8893
8825
8793
8644
8932
9146
9144
9118
9188
9226
9204
9162
9165
9252
8986
9027
8957
9177
9142
9171
9022
9077
9279
8634
9273
9269
9025
9117
9230
9155
9216
9188
9132
9147
9118
8887
9013
9091
9191
9129
8979
8986
9032
9032
8985
9109
9156
9166
9075
9007
9048
9055
9074
8864
8571
8715
8819
8984
8855
8961
8800
8745
8908
9138
9032
8791
8913
8895
8631
8401
8591
8665
8975
9073
8946
8885
9159
9157
8896
8786
8894
8501
8768
8646
8565
8508
8476
8514
8722
8766
8729
8599
8617
8604
8727
8619
8603
8539
8479
8445
8464
8160
8292
8713
8514
8636
8608
8755
8888
8762
9028
8959
8862
8929
8774
8660
8590
8645
8642
8715
8752
8714
8068
9066
9145
9246
9216
9163
8786
8876
9148
9124
9055
9164
9240
9245
9091
9326
9128
9138
8564
8467
8555
8598
8504
8576
8648
9130
9140
9069
9116
9116
9266
9199
9194
8925
8998
8981
8814
8891
8717
8476
8962
8958
9139
8986
9206
8966
9056
9051
9056
8857
8981
8949
8993
9091
8983
9166
9017
9220
9161
9276
9163
9230
8983
8976
9149
9304
9253
8971
9243
9281
9188
9319
9317
9187
9204
9218
9175
9242
9131
9060
9117
9216
9247
8969
9078
9318
9265
9192
9344
9263
9119
9057
9007
8918
9190
9282
9275
9207
9197
9187
9190
9091
8911
9007
8745
9027
8929
8883
8712
8635
7728
8682
8664
8960
8944
8878
8828
8780
8837
8824
8512
8477
8506
8508
8807
8808
8746
8768
8709
8567
8512
8474
8259
8339
8383
8373
8035
8320
8213
7844
8326
8182
8246
8405
8389
8532
8468
8140
7675
7809
8298
8407
8316
8212
8168
8405
8441
8256
8341
8431
8481
8482
8522
8621
8510
8542
8602
8570
8609
8538
8512
8685
8737
8715
8688
8762
8823
8940
8978
9127
9194
9141
9098
9277
8915
9162
9091
9023
8585
8646
8778
8799
8742
8760
8554
8712
8540
8418
8314
8381
8233
8221
9012
8939
9080
8895
8869
8935
9013
8905
8746
9167
9128
9056
9216
9251
9395
9293
9186
9218
9156
8957
8922
8903
8880
8793
9330
9431
9379
9413
9116
8970
9054
8998
9153
9089
9007
9074
9149
9320
9423
9313
9156
9328
9137
9251
9374
9376
9292
9300
9234
9190
9186
9167
9288
9327
9281
9233
9262
9344
9238
9032
9042
9062
9041
9350
9408
9439
9186
9271
9396
9317
9267
9330
9407
9392
8941
9213
9346
9420
9347
9315
9219
9213
8759
8520
8355
8552
8583
8577
8631
8702
9140
9213
9099
9240
9213
9269
9312
9363
9138
9133
9230
9213
9017
9185
9130
8930
8961
9013
8809
9014
8963
9086
9183
9199
9247
9313
9255
9217
9009
9116
9150
8857
8739
8769
8978
8967
8862
8717
8573
8545
8655
8701
8799
8801
8695
8733
8616
8408
8476
8447
8504
8848
8883
8884
8856
8938
8976
8827
8757
8686
8712
8696
8530
8611
8595
8327
8525
8463
8633
8590
8570
8131
8004
8143
8061
8309
8497
8543
8548
8328
8455
8441
8436
8412
8423
8373
8413
8431
8412
8374
8224
8089
8369
8236
8179
8241
8225
8161
8396
8308
8509
8240
8527
8605
8690
8691
8687
8697
8740
8810
8786
8971
8850
8945
9081
9354
9292
9422
9281
9295
9327
9349
9344
9226
9163
9054
9063
9205
9445
9448
9452
9312
9317
9254
9311
9322
9286
9192
9384
9359
9431
9391
9306
9319
9372
9355
9409
9273
9163
8954
9154
9120
9069
9401
9355
9302
9259
9271
8977
9092
9155
9191
9171
8795
8796
8940
9037
9010
8892
8722
8457
8586
8722
8813
8711
8784
8584
8850
8540
8788
8737
9039
8931
8888
8778
8901
8798
8770
8862
8755
8775
8858
8789
8858
8866
8690
9022
9008
8905
8928
8837
8627
8770
8866
8873
8890
8752
8805
8712
8617
8649
8673
9057
9063
9148
9141
9005
9097
8977
9119
8993
8650
8772
8704
8724
9043
9077
9164
9177
9191
8835
9140
9065
9255
9221
9119
9270
9252
9210
9156
9122
9149
9067
9149
9180
9255
9156
8965
9105
8851
8996
9012
8768
8898
8918
8944
9019
9013
8903
8596
8637
8655
8663
8842
8652
8365
8414
8721
8888
8734
8791
8863
8759
8812
8867
8780
8663
8921
9113
9075
9182
9181
9286
9180
9146
9089
9376
9385
9299
9413
9438
9450
9380
9114
9195
9143
9319
9273
9306
9396
9166
9114
9226
9091
9327
9234
9228
9239
9211
9228
9025
9197
9082
9136
9216
9026
9153
9085
8981
8978
9308
9198
9142
9226
9229
9153
9186
9233
9331
9128
8617
8850
8775
9084
9388
9228
9380
9329
9383
9398
9089
8891
9061
9029
9078
9128
8862
8899
8777
8816
8783
8689
8583
8830
8990
9008
9011
9060
9085
9119
9142
9170
8872
8763
8647
8560
8655
8818
8988
8835
8852
8848
8976
8860
8877
8812
8936
8704
9147
9079
9203
9118
9251
9060
9274
9077
9063
9300
9047
9225
9090
9218
9212
9034
9146
9048
8436
8600
8601
8696
8633
8856
8876
8902
8910
8603
8671
8327
8429
8724
8826
8717
8270
8434
8582
8423
8562
8377
8260
8255
8488
8416
8080
8052
8324
8315
8205
8280
8301
8317
8211
8266
8066
8294
8107
8516
8489
8619
8615
8490
8529
8574
8693
8940
8904
9153
9181
8950
9252
9014
9062
9260
8956
9201
9047
9063
8988
9076
9204
8838
9098
9212
9144
9270
9248
9102
8940
8972
9101
9071
9102
8996
9151
9046
8881
9229
9253
9081
9111
8981
8467
9024
8919
8660
8797
8833
8695
8792
8856
8774
8628
8756
8961
9146
8880
9000
8998
8979
8927
8768
8836
8939
9040
8954
8908
8620
8680
8570
8825
8658
8511
8768
8795
8872
8667
8293
8848
8780
8733
8818
8731
8642
8335
8231
8476
8908
8759
8732
8727
8961
8892
8900
8910
8929
8964
8984
8715
8901
8889
9044
8924
9052
9157
9153
9064
9150
9080
9073
8960
8760
8903
8911
8974
9021
9020
9039
9094
9027
8999
9005
8982
9047
9001
8944
9046
8928
8957
8980
8977
9022
8946
8981
8938
8945
8958
8717
8506
8783
8770
8852
8875
8772
8897
8774
8442
8238
8222
8497
8586
8640
8662
8626
8446
8491
8449
8470
8419
8664
8645
8520
8662
8625
8666
8517
8602
8582
8510
8503
8463
8444
8497
8614
8683
8643
8722
8893
8899
8867
8870
9011
8985
9099
8951
9054
8998
9177
9184
9211
9210
9170
9123
8953
8930
8938
8736
8796
8783
8717
7922
7911
7845
7955
8789
8900
8868
9092
9221
9152
9196
9186
9262
9128
9121
8837
9231
9145
9148
8899
9075
8936
9132
9108
9014
8972
8958
9218
9201
9095
9164
9166
9233
9129
9036
8769
8689
8634
8766
8835
8708
8447
8354
8373
8378
8496
8440
8582
8470
8544
8591
8547
8640
8543
8519
8571
8550
8599
8601
8661
8707
8633
8530
8715
8581
8558
8380
8457
8453
8594
8604
8629
8608
8528
8510
8587
8422
8492
8568
8441
8397
8508
8523
8624
8603
8706
8650
8702
8523
8417
8639
8638
8810
8657
8551
8690
8679
8555
8231
8344
8201
8069
8146
8788
9027
9127
9063
8886
9051
8974
8982
8949
8828
9012
9040
9152
9275
9338
9257
9214
9251
9162
9124
9070
8891
8958
9123
8835
9294
9316
9090
9223
9160
9025
8986
8843
9029
9067
9116
8972
9207
9241
9415
9262
8404
8326
6997
6811
7313
7808
6935
8235
7482
8334
7219
8037
4100
8409
8718
7795
8136
8224
8211
8194
8840
9031
8744
9031
8574
9005
8988
8501
8040
7773
8320
8158
8047
8437
9020
9101
8511
8749
8862
8966
8997
8975
9161
8864
8947
9078
9321
9178
8898
8567
8977
8656
8510
8739
9235
8802
9207
9311
8870
9132
8934
8738
8985
8982
8876
8915
9021
8860
8978
8986
8837
8928
9023
8952
9195
9069
8996
9061
8976
8880
8875
8957
8934
9002
8756
8498
8988
8816
8496
8826
9151
8863
8978
8715
8709
8394
8534
8769
8733
8748
8465
8741
8589
8488
8424
8152
8240
8428
8586
8416
8516
8894
8562
8840
8956
8881
8431
8338
8637
8823
8556
8493
8538
8536
8493
8999
9018
8940
8964
8961
8635
8901
8685
8354
8622
8583
8715
8577
8767
8947
8906
8829
8205
8152
8323
8404
8491
8503
8596
8579
8546
8448
8452
8434
8357
8093
8116
8088
8048
8184
8125
8054
8135
8139
7795
8004
8090
8254
8143
7975
8023
7916
8026
7947
7773
7817
7848
7919
7914
7913
7910
7615
7778
7938
7822
8038
8110
7925
7992
8011
8187
8490
8460
8549
8513
8413
8411
8564
8436
8551
8532
8547
8543
8476
8297
8517
8541
8443
8470
8432
8402
8440
8139
8216
8216
8239
8156
8270
8505
8545
8643
8582
8433
8481
8548
8482
8527
8761
8626
8722
8693
8775
8810
8817
8610
8547
8666
8933
8798
8610
8614
8684
8776
8663
8731
8798
8623
8911
8966
9067
9028
8961
8877
9106
9053
8938
8585
8601
8660
8611
8687
8624
8585
8547
8235
8881
8975
8981
9070
9156
9233
8989
8983
8806
9008
9170
8944
9026
8903
9042
9155
9228
9087
9021
8498
8374
8343
8560
8614
8615
8910
9084
9274
9181
9239
9262
9250
9106
9006
9081
9115
9144
9173
9217
9149
9131
9123
8987
9038
8964
9128
9171
9238
9145
8896
9025
9142
9070
8953
9012
9117
9151
9241
9196
8914
8825
9116
9058
8976
9016
7994
7871
8006
7860
8044
8151
8129
7939
7927
7771
7646
7630
7593
7669
7707
7721
8946
8911
8953
8973
9239
9194
9152
9122
9185
9139
9068
9219
9234
9174
8987
9066
9186
9182
9172
8988
8750
9073
9056
8991
9056
9073
9114
8897
8998
9007
8898
9061
9074
9000
9067
8994
9053
9200
9200
9175
9134
8978
8935
8815
8970
8950
9097
9075
8954
9014
8907
8694
8612
8547
8724
8700
8590
8376
8484
8399
8450
8390
8433
8458
8352
8236
8011
8058
7695
7756
7758
7959
7766
7689
7651
7655
7914
8035
7810
7575
7583
7782
7739
7466
7547
7562
7549
7578
7590
7549
7468
7508
7749
7817
7455
7242
7449
7393
7418
7538
7715
7705
7601
7785
7638
7416
7329
7127
7247
7865
8000
7933
8074
8033
7930
8030
7936
8126
8162
8151
8461
8394
8750
8555
8617
8672
8576
8622
8491
8530
8424
8414
8142
8440
8536
8362
8218
8524
8551
8412
8229
8249
8046
8021
8107
8401
8392
8206
8241
8257
8450
8450
8463
8388
8041
7918
7936
7944
7890
7947
7853
7954
8848
8897
9011
9061
9197
9181
9111
9078
9233
9233
9158
8955
9062
9106
9165
9377
8997
9005
9193
9126
9271
9278
9249
9293
9133
9225
9177
9211
9185
9245
9312
9252
9277
9150
9077
9254
9154
9180
9189
9053
9229
9245
9131
8937
9184
9063
9118
8986
9144
9048
9075
9154
9228
9163
9171
9106
8958
9032
8827
8907
8984
9108
9186
9152
9031
8807
8707
9046
9199
9128
9053
9167
9285
9184
9068
9132
9141
9067
9070
9041
8608
8311
8268
8039
7816
7880
7919
7969
7988
7949
7964
8480
8418
8461
8584
8530
8401
8463
8429
8448
8297
8481
8414
8407
8456
8267
8318
8365
8131
8200
7996
8073
8155
8090
8298
8329
8370
8397
8309
8279
8296
8553
8568
8399
8525
8409
8409
8767
8591
8701
8626
8251
8430
8518
8609
8606
8529
8508
8425
8387
8217
8254
8278
8213
8258
8392
8615
8658
8520
8512
8404
8287
8220
8400
8511
8587
8476
8517
8455
8439
8568
8641
8663
8365
8381
8215
8342
8354
8416
8551
8469
8575
8861
8770
8799
8705
8898
8926
8948
9055
8986
8902
9179
9151
9216
9128
8996
8990
9129
9166
9246
9158
9161
9169
9178
9109
9161
9181
9067
9015
9130
9153
8666
8877
9058
9067
9089
8996
9002
8718
8825
8849
8787
8712
8684
8339
8223
8263
8152
8240
8241
8222
8646
8895
8995
8929
9075
9024
9104
9115
9265
9267
9234
9127
8873
8994
8816
8860
8939
8851
9014
9190
9247
9215
9159
9219
9188
9002
8902
9007
8888
8879
9259
9339
9236
9148
9155
9153
9227
9082
9042
9314
9400
9346
9046
8827
8801
8925
9081
8860
8602
8555
8608
8694
8719
8656
8609
8285
8019
7942
8047
7858
8254
8371
8316
8245
8683
8749
8912
8800
8279
8718
8702
8707
8842
8719
8365
8435
8441
8430
8972
9188
9115
9119
9169
9194
9258
9126
9116
9235
9043
9100
9191
9299
9139
9045
9216
9231
9144
9280
9248
9122
8893
8623
8883
8851
8846
8821
8507
8327
8501
8568
8659
8772
8754
8807
8812
8822
8769
8712
8652
8759
8658
8618
8839
8823
8856
8819
8809
8919
8928
9047
9080
8979
9068
9119
9101
9119
8959
8973
8786
8814
8922
8931
8943
8822
8967
8968
8905
8901
8979
9099
9009
9046
9054
8993
8916
8526
8692
8769
8633
8695
8563
8519
8297
8204
8112
8065
8188
8096
8083
8111
8070
7914
8018
7897
7863
7831
5509
5509
5482
5524
5518
5485
5488
5433
5446
5373
5214
5219
5133
5158
5124
5098
5097
5086
5085
5051
5097
5078
5207
5216
5343
5246
5272
5323
5338
5343
5368
7405
7349
7578
7654
7590
7753
7841
7935
8006
7992
8059
8328
8279
8342
8291
8188
8298
8274
8376
8198
7768
8143
8318
8388
8504
8406
8489
8402
8528
8663
8612
8596
8547
8540
8585
8723
8699
8724
8672
8743
8859
8733
8745
8748
8560
8762
8692
8625
8745
8782
8851
8822
8732
8795
8563
8393
8775
8810
8765
8751
8847
8765
8644
9004
9118
9022
9180
9113
9130
9017
9198
9200
9170
9099
9118
9006
8958
9095
9233
9290
9261
9270
9223
9328
9204
9191
9104
9183
9182
9278
9281
9174
8880
8987
9007
9140
9161
9298
9304
9314
9329
9292
9230
9218
9274
8890
9166
9313
9168
9308
9306
9130
9151
9194
9240
9245
9267
9191
8928
9007
9064
9170
9204
9266
9337
9258
9062
9012
9221
9247
9165
9160
8948
9033
9089
9009
9127
9136
9112
9018
8649
8840
9087
9114
9120
9087
9128
9190
9089
9245
9228
9237
9231
9053
9217
9116
9030
9073
9056
9073
9058
8862
8580
8766
8778
8840
8738
8711
8689
8586
8565
8438
8468
8511
8319
8384
8341
8224
8430
8118
8147
8181
8035
8213
8225
8251
8232
8132
7978
8077
8185
8187
8153
7826
7913
7985
8014
8140
8081
8103
8049
8068
8059
7741
7674
7945
7963
8102
8114
8068
8119
8154
7943
7972
7840
7755
7887
7971
8093
8074
7822
7856
7806
7737
7942
7834
7881
7671
7716
7896
7901
8025
7988
7880
7887
7862
8086
8098
8348
8353
8284
8229
8244
8201
8246
8066
8216
8038
8054
7902
8512
8608
8550
8765
8719
8684
8908
8789
8848
8976
8986
8933
8900
9070
8953
9075
9145
9035
9161
9168
8968
9137
9122
8905
8916
8886
8947
9111
9087
8970
9022
9181
9198
9071
9146
9107
9058
9118
8999
8809
8676
8463
8420
8356
8402
8537
8921
8749
8895
8877
8907
8829
8804
8818
8881
8287
8627
8654
8674
8891
8944
9075
9158
9084
9095
9135
9373
9330
9249
9123
9194
9004
8904
8758
8740
8654
8506
8432
8819
9077
9161
9040
9074
8851
8061
8419
8541
8569
8541
8536
8410
8250
8336
8295
8367
8188
8227
7825
7963
7918
7728
7951
7953
7774
8640
8746
8760
8568
8692
8805
8836
8563
8439
8683
8781
8666
8527
8914
8912
9017
8872
8894
8854
9045
8796
9116
8990
9275
9128
9222
9109
9075
9026
9157
8733
9000
9104
9124
8851
8925
8725
8876
8769
8889
8862
8967
8798
8998
9104
9130
9171
9120
9016
8955
8688
8706
8682
8672
8320
8736
8837
8822
8664
8594
8841
8899
8899
8967
8857
8835
8946
8796
8580
8691
8926
8919
8913
8862
8712
8872
8766
8966
8962
9000
9020
8999
9015
8951
9008
9001
9099
9140
9196
9231
9215
9335
9131
9040
8995
9121
9215
9142
9043
8943
9026
8750
8955
8979
8981
8997
8932
8964
8830
8983
8867
8900
8854
9046
9012
9095
9110
9097
9065
9008
8772
8973
8738
8712
8902
8796
8616
8519
8678
8505
7531
7565
7548
7466
7493
7349
7405
7416
7397
7387
7421
7438
7565
8796
8591
8928
9003
9038
9075
9225
9186
9353
9328
9193
9213
9293
9363
9231
8849
8912
8924
9082
9091
8854
8893
8375
8677
8873
8925
8814
9027
8952
8939
8770
8857
8717
8675
8420
8272
7045
7040
7130
7078
7048
6901
6888
6522
6872
7001
6893
6680
6812
6650
8302
8681
8489
8556
8613
8826
8879
8845
8819
8941
8884
8783
8705
8577
8822
8761
8398
8662
8728
8889
8808
8596
8621
8623
8590
8166
8735
8742
9108
9050
8948
9050
8916
9156
8868
8749
8934
8684
8754
8996
9076
8938
9252
9223
9102
8880
8946
9041
9050
8928
8922
8807
8845
9096
9136
9152
9091
9186
9146
9181
9118
9154
9121
9060
9115
9069
8925
8905
8818
8585
8384
8385
8316
8377
8426
9093
9136
9112
9038
9224
9181
9207
9140
9152
9151
9177
9167
9065
9041
8968
8981
9034
8877
8951
8966
8983
9051
9097
9002
9111
9197
9217
9243
9245
9146
9024
9048
8962
9067
9088
9182
9109
9239
9225
9393
9206
9172
9138
9190
9141
9217
8966
8986
9182
8783
8994
8971
9115
9239
9159
9032
9021
9064
9121
9036
9123
9048
8924
8916
8877
8773
8567
8446
8188
8242
8029
8427
8742
8795
8622
8678
8402
8366
8724
8672
8285
8620
8711
8576
8450
8585
8630
8582
8418
8461
8474
8306
8690
8917
8843
8940
8975
8946
8809
8778
8593
8581
8607
8642
8743
8755
8853
8700
8670
8638
8406
8340
8355
8223
8294
8418
8262
8517
8418
8405
8371
8377
8594
8683
8719
8862
9037
9148
9076
9091
9091
8970
9012
8838
8906
9268
9282
9129
9104
9375
9375
9328
9346
9222
9193
9255
9365
9123
8627
8704
8700
8716
9295
9351
9329
9232
9357
9320
9459
9504
9283
9309
9324
9139
9374
9289
9035
9171
9335
9306
9214
9205
9075
9103
9101
9115
9084
9145
9221
9272
9178
9352
9181
8952
8927
9013
9113
9197
9119
9132
9244
9307
9360
9221
9223
9247
9171
9178
9168
9079
9002
9217
9146
9137
8798
9247
9278
9133
8619
8805
8825
9169
9111
9187
9095
9105
9325
8951
9205
9220
9198
9256
9215
9144
9129
8847
8770
8930
9145
9169
9143
9166
9238
9138
9200
8891
9033
9139
8807
8910
8734
8343
8293
8833
8911
8852
9048
9063
9058
8999
8976
8864
8952
8727
8602
8880
8935
8898
8838
8828
9030
9015
8899
9089
9120
8779
9101
9097
9121
9024
9007
8896
8924
8635
8587
8592
8587
8645
8622
8575
8441
8482
8684
8589
8560
8430
8199
8350
8415
8291
8222
8223
8401
8197
8039
8120
8116
8301
8223
8074
7975
7846
7849
8031
7969
7842
8049
7963
8074
8068
8056
8090
8106
7983
8092
8172
8172
7955
8135
8089
8465
8425
8455
8437
8327
8306
8165
8326
8219
8108
8042
8118
8178
8388
8328
8232
8208
8240
8286
8220
8257
8263
8287
8294
8324
8333
8463
8285
8279
8586
8410
8367
8676
8593
8577
8463
8494
8628
8939
9005
8850
8982
9087
9113
9067
9181
9051
9169
9341
9467
9312
9359
9282
9182
9405
9370
9398
9100
9352
9396
9252
9434
9242
9337
9377
9361
9286
9065
8773
8789
8594
8653
9106
9159
9068
8901
8960
9004
9221
9366
9355
9368
9273
9399
9257
9448
9251
9299
9329
9276
9008
9262
9282
9406
9375
9047
9341
9285
9369
9151
9191
9025
9216
9243
9192
9015
9141
9112
9151
9045
8790
8841
8918
8955
9413
9377
9237
9337
9376
9378
9192
9284
9309
9263
9351
9250
9227
9258
9273
9310
9197
9118
9121
9267
9266
9294
9285
9159
9036
9179
9147
9172
9247
9291
9227
9129
9144
9103
9077
8014
8350
8454
7490
8651
6570
8469
8818
6060
5103
8319
8323
7220
8465
8692
8502
8810
8797
8903
8633
8928
9008
8901
8840
8978
8849
8945
8697
8938
8791
8601
8540
8614
8665
8739
8687
8807
8417
8512
8359
8105
8443
8440
8317
8209
8103
7972
7878
7774
8023
8145
8449
8421
8292
8218
8377
8330
8455
8332
8190
8051
8344
8430
8370
8579
8621
8364
8600
8435
8485
8478
8396
8381
8303
8223
8222
8240
8277
8199
8154
8125
8005
8494
8537
8629
8650
8639
8763
8681
8700
8523
8363
8454
8527
8948
9003
9059
8926
9118
9164
9202
9086
8988
9057
9272
9308
9301
9241
9191
9096
8793
8730
8535
8474
8443
8987
9149
9152
9180
9342
9407
9332
9308
9317
9229
9345
9218
9373
9430
9431
9345
9314
9346
9329
9410
9438
9307
9290
9192
9362
9432
9425
9322
9328
9207
9332
9374
9345
9190
8963
9025
9134
9272
9307
9279
9299
9361
9304
9150
9211
9067
9241
9117
9207
9274
9298
9216
9113
9098
8904
9110
9053
9033
8861
8715
8884
8999
9227
9111
8912
8915
8990
8974
9240
9111
9024
9153
9114
9050
9165
9263
8825
9197
9116
9078
9136
9061
9123
9038
9070
9037
8770
8740
8511
8523
8717
8652
8706
8684
8636
8665
8071
8455
8483
8386
8547
8575
8491
8518
8577
8506
8550
8396
8934
8942
8931
8664
9061
9106
8938
8603
8394
8462
8731
8859
8844
8815
8789
8766
8821
8942
8837
8710
8539
8489
8446
8257
8346
8373
8379
8413
8481
8382
8079
8173
8399
8454
8488
8455
8442
8596
8829
8776
8711
8604
8752
8702
8850
8757
8553
8513
8334
8555
7488
7397
7336
7244
7472
7503
7441
7606
7681
7695
7681
7500
7570
7548
7648
8671
8745
8904
8782
8880
8955
8894
9050
9222
9132
9218
9008
9006
9142
9186
9077
9154
9134
9085
9136
9257
9201
9137
9176
9195
9118
9177
9123
9126
9247
8940
8959
9008
9027
9213
9266
9251
9170
8981
8942
8696
8895
8927
8689
8521
8344
8801
8784
8799
8761
8592
8502
8450
8538
8615
8676
8541
8468
8600
8532
8563
8635
8728
8822
8688
8674
8524
8582
8637
8696
8528
8588
8598
8579
8565
8594
8504
8396
8461
8610
8364
7939
7929
7947
7779
7918
8057
8033
7905
7978
8061
8197
8207
8100
8095
8180
8076
8070
8207
8199
7943
8019
8057
8173
8193
8043
8126
8259
8300
8236
8281
8461
8492
8284
8280
8265
8345
8493
8417
8383
8378
8479
8172
7950
8043
8018
7971
7937
7923
7782
7768
8090
7800
7873
7782
7858
7945
7830
7710
7755
7733
7741
7737
7649
7563
7791
7760
7682
7557
7760
7409
7558
7595
7639
7689
7542
7414
7775
7848
8020
7992
8346
8451
8388
8374
8411
8463
8603
8454
8655
8529
8546
8596
8621
8793
8528
8818
9127
9004
9117
9029
9070
9101
9003
9192
9170
9276
9145
9069
9066
9030
9077
8744
8859
9025
8982
9040
8864
8984
8897
8862
9023
8919
9154
9177
9237
9203
9016
8783
9060
9065
8997
8715
8641
8791
8599
8611
9058
9108
9155
9119
9101
8960
9103
9042
9172
9033
9040
9065
9132
9045
9030
9002
9146
8988
8979
9097
8788
8836
8691
8502
8243
8874
8975
8840
8543
8657
8527
8318
8340
8587
8812
8899
8900
8686
8738
8883
8614
8730
8698
8651
8819
8584
8670
8693
8818
8770
8544
8445
8460
8229
8323
8586
8316
8280
8368
8328
8447
8571
8488
8460
8332
8121
8071
8066
8224
8185
8046
8096
8093
7824
7839
7941
7939
7894
7728
7545
7611
7741
7739
7605
7700
7588
7501
7328
7080
6068
6073
5978
6051
6170
6081
6111
6070
6081
6146
6945
7117
7217
7280
7432
7386
7161
7293
7433
7377
7182
7058
7326
7364
7337
7298
7312
7379
7346
7435
7359
7377
7419
7363
7346
7362
7354
7370
7231
7193
7343
7326
7351
7655
7718
7641
7542
7492
7551
7782
7645
7616
7579
7823
7895
7905
8191
8272
7890
7758
7792
7824
8038
8100
8204
8364
8210
8451
8554
8347
8725
8767
8652
8819
8609
8655
8899
9252
9334
9304
9085
9109
9186
9029
9175
9320
8937
8819
8875
9017
9175
9182
9218
9137
9089
9206
9158
9019
8900
9049
9196
9232
9148
9086
9032
9260
8987
8857
8985
8798
9098
9076
9172
9336
9234
9100
8973
8765
8942
9022
9115
8893
9012
8868
9091
9110
9076
9152
9100
9006
8940
9215
9185
9034
9103
8944
8902
9092
8895
9094
9128
9107
9184
9005
8997
8972
9127
8944
8992
9284
9293
8959
9277
9294
9190
9196
8850
8939
9056
8938
9009
8757
8837
8822
8815
8721
8731
8700
8638
8620
9000
8901
8561
8662
8734
8801
8782
8592
8625
8633
8685
8766
8869
8778
8591
8651
8475
8817
8711
8847
8730
8809
9006
8677
8773
8685
8533
8497
8481
8556
8615
8617
8585
8550
8524
8480
7675
6794
6855
6867
6930
6962
6975
6823
7053
7158
7209
7193
7924
8071
8324
8338
8226
8354
8333
8372
8425
8329
8356
8290
8396
8435
8310
8399
8506
8542
8783
8745
8793
8711
8567
8538
8662
8492
8270
8488
8616
8571
8588
8673
8527
8510
8454
8365
8384
8332
8526
8676
8719
8154
8597
8672
8613
8756
8774
8851
8947
8961
8857
8779
8803
8719
8896
8814
9025
8960
8939
8967
8945
8861
8729
8871
8976
8910
8985
8755
8987
8758
8646
8866
9005
8966
8971
8905
8921
8812
9231
9030
9240
9208
9071
9113
9115
9110
9098
9066
9021
9088
9158
9312
9394
9360
9269
9162
9176
9315
9317
9259
9272
9289
9341
9346
9397
9347
9358
9341
9285
9286
9020
9262
9310
9103
9091
9130
9269
9305
9315
9218
9187
9206
9160
9354
9260
9250
8943
9204
9247
9170
9210
9172
9198
9183
9257
9169
9301
9209
9246
9238
9199
9407
9314
9313
8859
8759
8673
8333
8225
8217
8219
8093
8583
8571
8692
8624
8642
8379
8400
8523
8584
8560
8522
8607
8594
8581
8453
8523
8360
8541
8585
8662
8631
8607
8667
8728
8661
8538
8579
8703
8752
8668
8769
8796
8633
8619
8389
8203
8613
8554
8664
8570
8642
8664
8658
8556
8492
8443
8343
8248
8391
8373
8393
8372
8347
8377
8422
8603
8713
8624
8568
8641
8748
8696
8642
8726
8628
8549
8628
8364
8571
8493
8645
8524
8653
8675
8642
8529
8312
8334
8253
8458
8258
8001
8301
8308
8208
8233
8279
8218
7957
8073
8174
8221
8257
8284
8344
8164
8178
8037
8199
8104
7987
8180
8046
8230
8297
8429
8443
8930
8443
7713
8630
9060
8492
8694
8730
8882
8430
8786
8438
9122
8391
8761
9037
8898
8198
8549
8596
8165
8963
8983
8149
8653
8267
8217
8620
8055
8865
8896
8817
8194
8866
8699
8720
8617
8448
8398
8799
8868
8943
9098
9031
8829
8987
8725
8992
8749
8528
8497
8662
8872
8899
8992
8761
8669
8728
8686
8929
8936
8659
8640
8955
8842
8820
8746
8477
8801
8970
8847
9280
9179
9203
9090
8919
9336
9250
9264
8802
8917
9056
9009
8864
9249
9153
9228
8544
9376
9273
9404
9177
8809
8859
8780
8961
8932
8880
8460
8786
8699
9010
9060
9054
9190
8684
9017
9239
9263
9205
9134
9010
9085
8864
8677
8915
8657
8813
8807
8824
8837
8710
8492
8587
8594
8465
8556
6595
5723
5748
5591
5753
5655
5631
5640
5825
5780
6047
5249
5741
6025
5937
5996
6138
6166
6038
5919
7719
7761
7814
7829
7470
7042
7622
7131
7406
7515
7433
7263
7755
7454
7709
8086
7738
8075
7402
7594
7964
8105
7912
7705
8124
7913
7892
7497
7476
7008
7492
7473
7619
7798
7887
7948
8429
7946
8504
8415
7985
8354
8423
7858
7997
8304
8152
8270
8502
8449
8575
8539
7652
8116
7992
7608
8019
7896
7667
7863
7860
7747
8192
8353
8343
8871
8903
9122
8807
8750
8545
9080
9047
8824
8808
8673
8790
9042
8946
8990
8977
8665
8961
9070
8894
9001
8850
8651
8898
8839
8710
9127
9150
9026
8503
8889
9049
9060
8955
8938
8822
8502
8395
8561
8112
8538
8704
8659
8613
8667
8550
8972
9125
9024
8893
9181
9052
8961
8951
8937
8996
9113
8727
8796
8777
8757
8961
9096
9110
9118
9016
9126
9061
9048
9029
9071
9089
8890
8884
8451
8778
9039
9147
9123
8993
8500
8309
8220
8039
8220
8332
8286
8218
8344
8060
8004
8144
7724
7512
7505
7430
7591
7504
7271
7438
7522
7335
7425
8433
8736
9116
9193
9196
9071
8943
8909
8978
9094
9042
8869
8890
8676
8909
9029
8422
8729
8812
8808
8896
8886
8471
7824
8036
7960
7873
8036
7922
8025
8010
8318
8527
8347
8463
8415
8434
8329
8260
8015
8428
8592
8568
8508
8393
8908
8977
8930
8981
8676
8937
8901
8769
8791
8775
8708
8649
8873
8830
8803
8952
9130
9188
9216
9252
9250
9313
9307
9184
9147
9219
9281
9187
9036
9071
8934
9001
9062
9090
9229
9050
9171
9076
9270
9265
9049
9203
9141
9053
9142
9019
9039
8970
9085
8919
8976
9204
8896
9074
8953
8671
9135
8972
9192
9158
9225
9043
9011
8940
9052
9120
9005
8916
8925
9092
9165
9291
9208
9244
9347
9305
9265
8636
8782
8917
8912
8924
8987
8766
9158
8990
9111
9189
9068
8978
8840
8519
8432
8351
8354
8330
8978
9010
9067
9155
9217
9003
8873
8846
9042
8934
8983
8870
8838
8894
9095
9260
9169
9070
9105
9067
9124
9072
9034
8890
8946
8565
8542
8653
8786
8801
9024
9002
8800
8616
8745
8951
8970
9015
9039
8945
9106
9043
9010
8908
9012
9049
8787
8683
8323
8369
8309
8331
8604
9169
9099
9017
8865
8795
8760
8825
8959
8978
8625
8841
8934
8990
8784
8781
8815
8876
8919
8743
8793
8675
8943
9041
8563
8804
8898
8970
9030
8778
8977
8841
8917
8626
8738
8646
8847
8756
8718
8760
8600
8721
8767
8748
8890
8870
8836
8667
8772
8630
8898
8786
8491
8526
8495
8608
8406
8603
8650
8336
8175
7723
8439
7994
8763
7755
8129
8193
7161
5642
5732
6026
6333
6497
6830
6959
6847
5891
6198
2107
7200
7113
7281
7318
7278
7445
7500
7536
5831
6185
5675
6970
7457
7667
7603
7912
6362
7861
6571
7305
6839
7519
7998
7594
8072
8229
8337
8224
6871
7695
7665
8116
7328
8257
7993
8620
7825
8404
8770
7924
8709
8467
8644
8416
7639
8005
7878
8397
7793
8611
8178
8451
8066
8376
8632
8465
8735
7880
8720
8724
8845
8754
9337
9069
8882
9199
8971
8986
8804
9269
8895
9100
9036
8966
9030
9010
9040
9051
8834
9265
9256
9397
9199
9254
9373
9370
9192
8895
8761
8707
8373
8588
8599
8549
8521
8529
8395
8465
7836
7839
7873
7810
9449
9571
9606
9534
9581
9496
9523
9624
9598
9573
9493
9300
9277
9236
9335
9415
9221
9380
9324
9505
9546
9371
9391
9477
9475
9517
9537
9330
9408
9305
9311
9251
9388
9344
9459
9340
9207
9341
9344
9167
9002
8631
8714
8639
8955
9139
9289
9287
9211
9202
9167
9430
9321
9298
9393
9333
9197
8802
8843
8915
8816
9164
9128
9103
8954
9240
9441
9356
9285
9054
9187
9242
9200
9083
9091
9252
9314
9322
9228
9170
9070
8953
8873
8981
9004
9146
9163
9184
9035
9060
9182
9241
9176
9112
9131
9062
9092
9194
9242
9043
9106
9029
8882
9048
9006
8855
8970
8871
8739
8672
8787
8546
8701
8753
8792
8773
8807
8775
8994
8863
8791
8630
8597
8607
8563
8621
8549
8231
8057
8629
8715
8566
8546
8579
8703
8896
8163
8795
8890
8908
8863
8979
9005
9106
9007
9087
8755
8721
8794
9003
9231
9261
9278
9407
9539
9558
9484
9519
9553
9507
9579
9497
9518
9428
9434
9505
9481
9313
9137
9219
9350
9331
9382
9433
9379
9513
9482
9154
9350
9495
9531
9453
9477
9469
9361
9470
9368
9544
9454
9314
9346
9507
9464
9531
9411
9402
9409
9456
9343
9388
9336
9199
9387
9307
9281
9259
9229
9357
9273
9212
9161
9258
9466
9344
9270
9165
9431
9448
9416
9366
9380
9371
9375
9283
9338
9018
8944
8988
8945
9002
9222
9036
9249
9232
9140
9098
8982
9070
9069
8887
8359
8702
8696
8558
8570
5914
5926
5881
5916
5890
5828
5829
6013
5970
6052
6040
5931
5977
6183
6282
6263
6199
6161
6399
6476
6689
6600
6737
8198
8437
8387
8057
8555
8588
8628
8780
8832
8917
8756
8825
8711
8774
8610
9102
8939
8716
8683
8815
8772
8743
8746
8616
8628
8715
8853
8814
8791
8829
8745
8602
8274
8451
8805
8837
9014
9137
9199
9210
9327
9211
9231
9291
9204
9235
9283
9158
8992
9230
9161
9235
9099
9235
9339
9296
9347
9252
9309
9258
9320
9249
9296
9306
9300
9209
9210
9274
9133
9132
9315
8839
9115
9052
8734
8236
8252
8222
8403
8410
8477
9161
9406
9415
9282
9324
9028
9354
9382
9233
9273
9224
9293
9116
9001
9218
9197
9174
9071
9026
9022
8618
8829
9280
9219
9263
9185
9289
9262
8988
8991
9062
9288
9347
9373
9220
9106
9095
8830
9088
8777
8934
8823
8579
8343
8436
8245
8389
8229
8296
8225
8156
8208
8165
8156
7867
7883
7930
7941
8067
8059
8021
8086
7991
7801
8007
8018
7729
7809
7712
7902
7927
7939
8117
8268
8226
8117
8017
7966
7775
7962
8015
8096
8029
7782
7819
8194
8125
7934
8090
7964
8094
8239
8280
8379
8346
8182
8051
8291
7829
7965
7916
7761
8142
8412
8566
8505
8397
8489
8525
8538
8811
8569
8786
8959
8920
9120
8992
9143
9083
9131
9230
9188
9207
9119
9172
9234
9272
9223
9148
1256
877
702
552
39
42
400
8250
8259
9122
9272
9439
9403
9403
9334
9383
9379
9288
9314
9220
9187
8939
8817
8958
9034
9055
9183
9256
9335
9253
9346
9264
9327
9185
9136
9280
9231
9167
9323
9321
9322
9264
9033
9117
9116
9142
9082
9054
8991
8919
9040
9047
9075
9046
9209
9138
9229
9137
8925
9239
9136
9235
8931
8941
9122
8869
9023
8909
8924
8980
9209
9175
9168
9198
9166
9144
8818
9028
9244
9049
9082
9267
9288
9310
9332
9313
9366
9138
9108
9226
9015
8946
8926
9077
8987
9043
9105
9140
9199
9201
9057
9159
9156
9284
8835
9080
9092
9159
9269
9188
9259
9260
9240
9155
9060
8855
8873
8864
8960
9179
9101
9023
9059
8923
8794
8699
8627
8567
8680
8630
8761
8676
8441
8482
8533
8562
8522
8523
8679
8626
8583
8526
8579
8416
8504
8668
8533
8412
8350
8313
8168
8116
8112
8077
7920
7872
8025
8008
7902
7964
7962
7937
7956
8070
8043
8261
8280
8516
8509
8593
8515
8434
8504
8482
8328
8373
8363
8328
8336
8379
8468
8492
8553
8608
8602
8591
8605
8583
8456
8549
8623
8576
8610
8654
8752
8857
8881
8813
8837
8643
8639
8628
8757
8632
8381
8386
8455
8453
8388
8537
8488
8532
8596
8535
8361
8411
8556
8515
8529
8524
8395
8427
8454
8402
8385
8350
8425
8609
8565
8585
8328
8354
8290
8427
8399
8294
8217
8446
8470
8454
8672
8502
8596
8449
8371
8264
8102
8080
8058
8049
8052
8066
8021
7828
7982
7972
7938
7832
7852
7957
7896
8034
8056
8049
8062
7865
7954
7694
7459
7417
7495
7536
7521
7421
7342
7344
7475
7505
7474
7639
7372
7590
7581
7438
7519
7558
7509
7418
7378
7431
7286
7039
7295
7304
7249
7087
7204
7215
7275
7181
7198
7228
7079
7004
7098
7083
7074
7262
7415
7368
7323
7383
7348
7116
6940
6818
6992
6991
7095
7049
7007
6778
7129
7149
7111
7058
7166
7203
7089
7212
7262
7212
7235
7202
7227
7149
7060
6827
6831
6612
6526
6627
6804
6801
6990
7066
6851
7048
6895
6995
6957
6920
6735
6390
6538
6540
6613
6562
6622
6524
6617
6355
6640
6590
6352
6530
6518
6467
6315
6559
6466
6460
6284
6475
6118
6458
6472
6252
6162
6052
6261
6426
6184
6288
6289
6291
6239
6145
6121
6256
6185
6169
6242
6300
6199
6292
6272
6302
6225
6266
6192
6089
5989
6117
6197
6180
6088
6030
5892
5645
5629
5645
5702
5825
5848
5666
5833
5728
5658
5808
5758
5708
5784
5554
5556
5514
5653
5645
5339
5311
5300
5395
5405
5345
5270
5297
5080
5139
5491
5474
5477
5542
5627
5733
5748
5589
5565
5551
5460
5532
5584
5581
5666
5792
5754
5724
5767
5638
5570
5614
5547
5415
5449
5502
5516
5587
5552
5594
5606
5631
5632
5494
5498
4671
4275
4340
4308
4315
4359
4375
4422
4766
4790
4797
4708
4927
4808
4885
4857
4865
4882
5119
5143
5239
5229
5368
5374
5386
5446
5620
5856
5979
5920
6064
6109
6193
6163
6209
6021
6115
6055
6096
6006
6069
6174
6128
6157
6268
5975
6122
6126
6033
6031
5991
6006
6006
6162
6128
6082
5988
5854
5723
5817
5962
5869
5801
5779
5687
5805
5775
5767
5815
5590
5554
5683
5601
5440
5709
5768
5763
5702
5680
5569
5478
5615
5700
5575
5737
5736
5718
5727
5738
5371
5606
5835
5665
5756
6222
6210
6148
6064
6128
6268
6174
6388
6251
6330
6291
6171
6452
6143
6456
6471
6454
6474
6338
6291
6178
6372
6272
6254
6060
6217
5933
5946
5982
5914
6035
6139
5973
6022
5780
5866
5583
5667
5722
5504
5463
5143
5242
5257
486
405
362
264
113
126
47
61
5227
5454
5601
5758
5710
5681
5765
5668
5659
5628
5476
5585
5579
5707
5651
5614
5579
5581
5567
5459
5173
5308
5177
5260
4582
4544
4319
4470
4517
4478
4478
4438
4281
4200
4303
4267
4266
4270
4086
4267
4207
4147
4111
4194
3989
4141
4131
4103
3999
4150
3987
4141
4114
4111
4101
4059
38
38
35
3
2
0
0
0
0
0
0
1
1
1
1
1
1
1
1
1
1
1
1
1
