2
12
40
59
72
82
95
107
122
139
157
176
189
215
235
255
275
284
297
311
317
321
335
342
348
355
373
384
385
394
406
422
434
443
450
453
465
471
485
495
502
511
515
529
537
537
542
552
559
551
555
552
522
387
444
378
527
548
556
571
579
583
584
584
584
586
573
576
584
572
579
586
589
594
601
605
599
598
590
580
549
604
630
641
655
656
673
672
679
669
673
667
669
680
675
678
683
687
690
697
696
689
688
688
701
717
709
710
717
719
727
731
739
747
764
764
777
781
788
788
794
790
793
793
791
793
793
794
795
792
799
800
796
788
788
799
797
796
791
788
782
766
775
773
767
767
767
755
763
759
754
743
753
745
741
740
727
721
720
721
727
724
721
715
708
691
691
675
671
656
651
642
629
620
609
613
613
605
594
582
590
594
587
593
571
564
553
551
550
556
559
553
556
537
540
532
529
528
527
521
513
519
529
530
529
524
518
527
536
548
549
546
548
545
544
542
542
533
541
543
548
544
544
534
537
531
530
545
546
553
551
535
532
523
549
558
553
567
582
575
576
588
584
591
606
611
613
612
616
614
609
616
617
618
623
628
631
622
635
625
638
655
649
648
661
667
671
675
681
683
690
699
700
709
708
714
724
708
685
721
723
734
745
752
758
765
759
770
774
784
786
790
781
793
802
806
797
778
787
801
789
799
799
787
790
804
804
804
806
811
829
821
824
813
807
804
807
808
807
802
807
815
812
809
817
831
822
831
832
830
832
815
809
821
818
836
840
841
837
824
835
834
835
812
816
809
815
820
822
808
824
825
817
809
812
810
792
825
815
816
809
812
817
813
802
831
825
836
838
845
835
835
840
830
838
854
847
862
877
872
876
872
871
885
876
883
890
889
866
874
882
886
877
890
893
884
874
895
903
913
923
924
911
934
937
932
939
945
928
931
940
939
933
936
932
940
935
928
929
936
927
933
934
934
937
949
949
934
929
924
954
975
984
977
967
983
924
982
985
1012
1000
1003
1001
999
1007
1009
1008
1021
1035
1031
1016
1027
1031
1040
1051
1046
1051
1050
1066
1064
1054
1062
1048
1039
1021
1002
1022
1023
1028
1021
1012
1018
1024
1015
1013
1011
1000
976
988
995
987
966
959
957
965
980
959
954
952
950
929
917
904
903
901
888
882
879
886
858
869
881
873
860
845
855
859
852
852
818
699
823
828
840
839
826
826
826
831
821
829
824
817
805
783
790
795
790
793
794
785
782
771
773
764
775
777
770
762
777
773
774
777
769
783
771
780
790
787
781
774
779
774
784
784
776
774
755
760
742
755
740
731
719
719
708
697
689
699
681
680
684
681
662
663
666
663
648
644
629
626
622
617
609
605
608
613
607
602
595
574
573
568
575
556
554
549
553
542
544
536
536
530
519
492
486
477
477
488
483
493
478
412
453
457
473
481
485
496
503
507
514
511
518
513
524
524
538
552
571
572
578
593
597
615
634
633
642
655
672
689
705
719
714
718
728
735
743
751
764
771
777
789
798
799
811
813
826
837
856
841
853
866
862
864
862
878
879
883
881
875
882
887
886
885
895
887
869
860
869
858
858
876
862
860
856
850
841
842
827
808
604
786
804
823
831
830
848
839
827
826
825
827
820
821
802
801
800
776
787
780
779
773
769
757
760
751
740
724
714
711
706
722
723
721
713
729
735
729
722
747
767
767
771
776
776
788
783
791
805
802
803
798
793
793
797
784
806
806
807
796
798
800
804
795
802
801
810
812
821
812
816
824
832
826
824
834
848
856
862
852
841
835
841
831
824
817
813
811
797
801
800
797
809
813
812
826
818
820
832
824
812
821
838
840
848
844
847
855
859
858
854
851
854
865
870
866
875
865
870
869
886
892
893
905
913
917
914
900
888
889
909
895
917
923
921
914
908
911
921
928
925
906
895
868
822
849
875
880
886
886
903
898
891
887
895
887
894
900
886
878
878
881
867
862
628
736
740
822
826
848
836
838
845
832
841
842
828
826
816
819
820
819
813
802
789
794
792
776
788
777
764
763
766
772
768
769
755
760
756
753
734
728
729
726
715
700
701
694
686
676
661
658
649
644
637
634
626
642
645
635
624
614
627
627
623
614
603
576
571
566
520
571
581
604
613
619
622
625
626
636
636
651
650
646
651
644
632
655
669
665
677
679
685
679
674
675
677
678
684
704
708
724
720
717
716
713
704
704
695
682
668
658
63
47
5
0
87
642
651
665
671
681
687
677
668
716
734
747
751
751
750
755
745
740
741
533
745
779
802
814
811
807
806
798
785
790
786
772
778
790
787
785
798
793
794
784
785
800
792
789
800
797
807
797
794
806
803
797
814
811
810
818
814
830
851
840
841
843
837
845
850
852
856
863
855
855
842
844
812
793
786
787
147
127
125
127
92
94
120
185
826
838
863
900
902
923
949
972
985
987
1001
1005
993
989
990
748
1047
1071
1086
1103
1118
1119
1124
1141
1129
1102
1109
1124
1116
1124
1107
1097
1129
1133
1137
1141
1130
1121
1121
1122
1135
1157
1163
1166
1173
1175
1168
1172
1153
1152
1167
1156
1154
1144
1146
1141
1146
1143
1156
1157
1151
1137
1137
1144
1139
1148
1140
1134
1140
1145
1145
1149
1142
1129
1135
1154
1150
1147
1132
1144
1146
1154
1152
1133
1131
1116
1129
1135
1134
1130
1112
1123
1113
1111
1095
1088
1114
1122
1114
1111
1103
1111
1096
1076
1082
1051
1069
1064
1058
1031
1040
1029
1031
1031
1026
1025
1021
990
986
996
991
979
985
982
981
978
966
962
954
966
949
932
942
934
927
914
911
903
888
874
886
899
880
879
881
870
866
879
875
872
884
889
885
903
878
891
886
889
878
890
896
875
907
916
903
917
918
919
910
925
908
903
888
881
667
894
914
912
925
932
945
959
955
959
962
954
978
971
960
973
969
957
973
974
962
965
958
973
968
974
990
994
1015
1022
1027
1037
1045
1051
1074
1094
1105
1102
1094
1115
1123
1142
1146
1135
1145
1156
1137
1137
1168
1161
1159
1168
1186
1196
1201
1210
1203
1194
1175
1176
1189
1176
1181
1159
1179
1179
1184
1176
1175
1187
1173
1176
1170
1171
1173
1175
1163
1162
1123
728
1120
1139
1141
1143
1123
1110
1096
1076
1096
1090
1098
1100
1097
1089
1114
1110
1126
1146
1154
1149
1133
1136
1137
1144
1155
1177
1174
1164
1177
1181
1186
1174
1187
1184
1167
1168
1182
1183
1207
1195
1200
1199
1198
1203
1197
1188
1187
1178
1180
1165
1140
1114
825
1093
1098
1089
1105
1114
1135
1128
1118
1097
1105
1109
1091
1009
728
1016
1028
1042
1086
1064
1063
1065
1062
1043
1025
1021
1025
1031
1026
1002
1008
1007
998
975
979
966
976
974
958
968
974
972
973
969
989
973
957
938
922
898
808
866
881
888
902
902
912
886
879
870
866
860
850
835
834
870
877
877
856
871
900
906
895
895
891
907
870
860
860
872
860
861
842
838
838
842
848
835
849
853
851
830
835
837
833
842
839
850
840
832
839
849
859
873
878
874
876
874
880
891
883
880
888
888
907
893
884
894
896
897
907
892
881
876
878
889
908
904
920
923
908
906
889
880
892
882
864
886
897
892
899
897
905
919
915
924
938
938
939
951
961
941
937
914
913
923
934
936
929
943
941
951
955
953
943
934
948
962
956
961
970
963
943
954
945
944
951
942
934
929
926
916
925
937
920
927
925
926
906
925
919
915
907
899
888
875
883
895
895
877
880
863
866
837
841
863
875
872
837
852
858
866
870
867
869
877
870
883
880
862
848
873
875
884
866
882
900
921
919
938
961
964
980
980
966
968
955
974
968
976
987
1003
1008
1034
1044
1041
1048
1047
1042
1050
1041
1066
1060
1059
1079
1064
1064
1050
1048
1047
1071
1061
1074
1083
1082
1075
1082
1076
1063
1047
1059
1062
1070
1052
1055
1048
1037
1033
1006
1005
994
992
989
982
984
999
1014
1003
1036
1024
1021
1038
1031
1021
1017
1000
999
1001
1009
1006
998
975
974
973
985
977
987
995
989
994
995
991
1018
991
986
1004
1003
989
992
1000
1006
996
986
991
983
983
988
974
966
948
966
956
965
965
963
950
936
929
921
913
905
897
869
825
5
832
858
867
873
867
873
878
841
826
833
881
888
903
895
862
863
850
855
846
823
810
780
810
802
797
805
792
786
791
800
779
781
781
770
778
779
777
771
765
774
783
776
773
790
796
787
787
788
782
778
785
772
764
772
783
786
775
778
787
787
781
784
777
786
781
774
760
777
782
777
790
788
782
801
799
811
816
807
809
817
807
793
789
794
792
783
774
788
797
793
773
796
790
783
785
789
780
790
807
812
820
832
826
827
827
825
815
818
819
818
818
816
828
818
797
779
746
585
780
796
830
839
842
852
841
858
847
849
867
876
871
860
859
868
837
603
847
868
864
854
869
869
867
873
869
862
868
855
616
854
894
910
917
933
931
942
951
940
930
933
929
920
914
908
909
894
902
904
898
912
924
927
925
927
936
917
934
910
906
901
904
905
933
928
939
929
923
922
916
902
911
899
908
899
901
902
899
889
895
888
890
896
888
900
904
926
951
948
951
952
955
950
955
944
919
925
934
930
928
913
908
902
904
901
918
920
924
927
932
932
938
925
925
899
898
911
914
895
913
900
908
886
877
868
860
861
867
857
862
859
867
867
853
843
855
862
869
847
855
852
852
858
883
889
884
894
910
909
909
914
912
915
916
913
916
917
895
888
885
891
908
903
901
903
898
906
896
891
896
886
878
848
790
838
849
859
862
872
884
849
819
809
824
830
831
836
857
851
848
846
851
853
845
833
829
827
828
826
834
830
842
846
842
831
835
848
847
847
852
872
869
859
848
850
853
856
857
863
867
857
854
854
835
862
848
854
863
853
861
854
854
864
873
860
869
873
886
880
889
878
884
888
876
875
872
880
886
892
905
906
916
925
921
932
941
948
943
958
950
954
959
930
988
982
987
998
1006
1000
996
965
963
959
957
941
917
864
927
948
966
984
977
979
998
992
994
999
1004
1002
1008
998
999
994
986
979
985
975
973
961
950
946
950
946
944
940
933
927
939
929
923
926
949
963
968
965
955
962
959
958
969
952
956
957
958
964
980
972
980
989
988
973
981
982
975
981
961
963
969
975
975
989
997
1007
1004
1020
991
984
986
980
975
972
970
967
969
965
959
964
955
922
878
912
933
940
926
953
957
949
948
930
920
914
910
900
915
908
912
903
883
871
862
867
862
853
841
863
869
865
872
863
867
865
870
868
881
848
858
859
844
844
849
853
849
838
849
854
826
813
803
826
834
840
859
846
865
862
877
870
858
853
846
851
840
841
838
820
835
827
830
818
845
866
886
880
883
885
896
882
882
882
867
864
843
806
14
845
916
945
962
976
975
978
982
966
968
989
978
996
992
1001
1006
1022
1003
1009
991
1006
1027
1022
1031
1040
1033
1040
1044
1042
1059
1057
1060
1053
1059
1063
1070
1076
1079
1066
1084
1099
1095
1094
1101
1111
1106
1094
1099
1106
1106
1085
1085
1084
1078
1069
1063
1011
987
967
942
968
996
1020
1055
1067
1066
1070
1046
1054
1036
1051
1048
1040
1009
1001
988
1003
1010
997
989
954
957
952
937
950
944
934
934
932
918
904
889
880
873
877
883
871
870
871
861
862
868
863
863
867
839
837
846
832
835
829
819
797
810
810
813
800
789
772
773
787
782
782
785
785
785
782
776
782
780
775
779
771
773
781
756
763
757
753
737
737
744
740
745
737
748
745
753
745
741
765
749
763
770
771
774
761
767
753
750
758
757
752
751
741
739
709
728
717
721
728
712
703
708
698
708
698
708
713
709
712
717
716
707
711
706
693
691
674
650
580
556
572
576
457
628
665
676
672
668
687
690
691
692
700
705
694
706
707
705
705
709
704
695
698
704
691
689
698
695
702
699
687
696
701
701
694
701
695
691
695
681
682
680
678
696
698
710
713
706
713
716
718
716
712
691
697
699
694
694
717
729
725
709
712
706
719
717
714
724
727
723
735
740
742
747
757
753
752
747
751
772
779
775
776
770
779
784
784
788
793
782
796
804
802
804
807
792
787
784
800
797
797
804
811
812
815
812
820
835
840
849
851
843
839
846
842
837
844
833
846
846
855
858
842
843
835
837
838
845
846
857
859
864
841
844
840
835
832
841
840
840
835
842
846
847
861
868
858
871
879
894
912
908
909
910
900
898
882
895
892
891
888
872
879
892
885
880
879
886
890
886
875
875
887
882
881
882
863
871
870
857
866
864
856
840
827
793
583
816
824
839
851
850
843
834
837
827
824
829
843
835
836
830
854
860
854
851
869
878
853
843
814
809
759
827
833
846
856
859
858
868
874
879
869
867
877
890
891
892
903
902
911
901
907
904
922
906
916
930
909
904
899
882
859
614
891
912
912
915
928
923
927
948
943
950
943
961
972
973
977
974
995
987
1001
1002
1004
1003
1022
1019
1008
1007
1016
1015
1008
1008
1013
1026
1016
1018
1025
1028
1030
1030
1037
1032
1036
1034
1043
1039
1047
1040
1049
1039
1045
1031
1045
1033
1045
1041
1033
1041
1034
1016
1000
1002
1006
1013
1014
1015
1014
992
985
966
959
970
978
984
980
986
976
987
991
994
992
978
944
951
954
950
970
956
950
938
927
928
906
913
906
902
894
897
892
843
763
767
778
636
816
831
839
853
872
871
858
800
837
844
841
854
879
888
865
875
868
862
862
854
852
843
834
827
804
787
746
520
610
616
592
599
603
542
741
777
786
797
799
813
830
835
837
838
828
821
826
822
813
813
804
813
802
809
813
796
788
767
754
733
555
767
786
785
784
773
751
744
722
672
763
775
777
785
786
760
760
759
757
773
766
760
764
751
687
747
761
773
782
788
784
775
795
803
799
778
778
767
755
505
704
718
735
748
756
754
749
730
734
731
720
731
733
725
725
731
727
728
711
710
684
406
673
691
692
693
626
561
540
518
533
534
530
575
586
661
680
681
701
700
725
732
724
740
735
736
750
756
755
755
772
789
766
763
755
757
774
783
790
778
775
767
783
781
770
783
785
789
781
795
791
789
796
786
775
767
748
694
770
786
789
813
811
817
809
815
820
522
809
822
813
798
792
796
781
782
785
791
779
793
778
509
781
784
791
790
775
688
672
765
773
791
724
826
808
794
809
808
693
798
826
836
835
829
832
826
823
825
827
831
844
842
828
824
818
834
830
818
818
847
839
853
854
863
856
856
625
841
851
870
881
905
890
904
899
881
881
866
869
858
834
825
818
813
802
792
793
757
749
738
708
695
674
550
546
547
539
531
618
619
619
616
606
588
557
432
577
579
569
564
502
470
498
503
521
515
523
518
500
487
469
408
366
354
379
390
391
392
422
380
441
464
463
462
462
457
446
400
271
322
320
322
398
399
413
439
439
451
460
460
447
451
445
438
451
430
426
410
384
263
376
396
398
405
388
341
380
393
396
415
427
428
420
427
430
436
442
442
451
448
452
445
438
424
450
480
492
509
526
527
538
536
523
556
585
597
607
618
619
620
631
626
625
630
631
631
628
633
634
626
620
605
584
405
563
567
567
566
556
553
540
532
526
514
484
439
451
456
452
444
434
405
388
348
224
219
212
206
220
219
215
198
202
191
468
497
510
523
539
545
554
561
569
572
581
587
580
590
591
593
594
601
612
603
601
577
556
477
539
557
561
575
568
586
592
573
566
556
546
358
567
573
578
579
575
580
585
593
595
590
599
587
588
589
584
585
568
305
538
534
540
537
533
495
256
298
295
313
360
365
376
372
374
374
376
320
586
605
622
642
673
683
693
707
723
735
755
760
762
770
774
796
815
827
829
843
839
815
805
805
805
790
781
774
771
760
758
752
747
739
708
694
679
637
595
697
702
712
702
732
730
752
742
757
757
759
746
736
724
722
703
687
675
515
588
595
599
723
738
744
747
769
777
771
787
785
780
770
769
749
506
709
735
745
761
777
781
778
762
760
753
747
534
728
730
735
739
727
675
759
775
785
792
812
829
831
837
838
848
848
848
844
836
840
851
843
849
832
795
752
776
803
813
812
816
837
850
845
866
854
852
846
853
857
852
851
844
847
827
812
820
813
824
810
803
805
583
802
823
824
833
840
838
849
859
863
858
862
866
858
853
861
859
863
884
888
873
890
901
915
929
920
938
931
954
953
965
964
976
980
990
992
1000
1007
1002
1011
1022
1027
1021
1025
1014
990
965
947
680
968
978
980
971
993
990
991
986
992
991
978
976
979
982
983
984
980
973
971
955
969
957
962
963
960
960
956
959
971
954
958
957
943
950
939
935
941
938
926
929
908
889
875
831
802
873
873
884
862
839
797
939
954
951
948
952
942
947
884
609
827
824
816
870
892
892
894
878
884
871
873
867
848
848
850
853
879
864
840
843
658
534
703
712
768
782
804
813
829
849
837
844
848
846
835
857
868
878
884
913
924
923
931
929
919
902
890
605
896
925
940
952
963
965
954
950
936
941
955
953
949
942
938
925
915
919
931
923
920
911
888
813
822
834
659
847
856
896
910
921
916
927
922
903
905
915
907
876
842
785
813
868
872
887
894
879
897
859
884
896
834
894
887
896
910
911
918
926
923
892
894
893
869
737
749
757
738
809
818
814
834
840
849
848
831
828
831
820
831
824
824
817
824
813
801
792
790
545
750
767
770
772
778
769
771
774
761
750
745
743
741
745
724
724
718
615
715
714
700
698
683
655
639
609
575
614
625
664
661
681
678
684
678
676
667
673
634
472
638
662
670
682
687
677
672
682
671
660
644
637
609
551
590
603
609
621
627
620
622
606
409
586
597
620
629
635
637
625
619
635
636
618
618
590
591
567
560
555
548
544
526
419
424
422
424
424
420
408
405
392
382
357
344
341
306
292
280
247
28
20
19
28
29
30
39
350
374
387
406
412
431
440
461
465
490
493
504
521
521
521
518
558
569
582
597
612
619
638
648
658
652
662
670
665
669
683
684
686
682
690
684
678
683
677
677
675
670
677
669
676
671
666
679
676
701
708
710
704
696
697
709
707
705
718
492
717
721
729
726
728
734
726
729
727
733
756
775
775
773
772
754
710
761
779
800
815
820
827
829
827
839
842
838
846
854
857
867
864
851
853
856
850
865
855
846
824
820
816
829
822
829
816
799
808
797
795
806
803
803
805
791
810
816
829
809
812
802
786
781
771
769
777
767
750
755
742
743
744
732
737
735
729
738
718
724
727
719
725
721
716
712
718
711
694
687
695
685
672
694
697
687
683
691
692
689
679
678
684
677
673
670
683
683
681
670
673
666
654
646
655
657
663
655
641
645
639
630
635
629
630
632
649
640
635
630
650
654
647
644
658
663
676
667
664
662
643
651
660
649
643
638
652
642
637
627
613
610
604
439
617
647
652
661
664
659
654
661
660
661
657
652
660
679
676
678
677
687
673
674
673
678
668
659
656
642
595
648
660
685
686
685
679
677
678
681
696
713
701
712
689
655
685
704
707
708
694
509
700
718
737
742
743
737
535
737
752
757
777
782
770
766
753
758
756
759
757
766
760
751
742
733
720
716
705
691
668
511
644
658
667
678
675
672
689
674
665
657
642
619
605
598
578
558
475
312
310
312
302
300
301
297
367
379
388
400
393
390
394
382
381
416
423
451
474
498
487
482
493
482
476
463
401
239
286
260
287
292
288
482
508
521
544
562
576
576
577
578
626
639
661
690
699
704
715
717
730
729
741
762
753
765
765
772
803
804
809
811
816
814
796
748
817
835
849
862
870
878
898
898
896
906
913
910
892
892
678
932
939
950
937
935
947
955
953
959
976
990
989
986
970
972
977
972
983
989
971
913
981
832
983
977
977
974
970
975
973
973
965
972
962
972
983
976
977
965
967
951
950
944
963
957
954
952
943
945
937
932
921
922
904
902
903
901
903
901
902
888
886
883
870
855
833
825
809
803
773
767
744
737
696
475
563
551
546
570
603
610
613
598
458
599
601
603
588
595
591
596
589
580
564
565
552
542
531
524
518
502
492
492
480
473
462
453
443
431
426
413
402
392
385
380
379
368
355
338
313
312
311
307
298
296
291
273
267
255
231
226
226
217
210
216
200
194
171
85
85
85
85
83
70
0
2
1
0
1
1
17
16
26
26
26
15
49
54
59
61
63
63
63
65
64
65
63
45
64
64
64
65
66
65
65
66
64
65
66
66
71
72
72
72
73
56
115
125
132
141
141
147
150
148
147
141
141
135
128
120
69
87
87
85
85
84
86
85
87
87
86
87
84
217
222
221
214
223
222
272
283
288
300
317
318
329
337
354
367
372
378
390
391
390
393
399
297
417
431
447
450
454
345
454
458
468
476
481
462
481
515
519
530
548
559
574
565
585
593
594
603
612
628
640
643
651
652
661
643
639
615
608
606
589
590
580
566
560
547
533
523
508
508
486
440
448
453
442
433
427
422
423
409
387
378
369
210
358
352
336
334
302
289
309
327
318
300
293
159
313
317
309
303
288
240
287
294
297
298
296
279
342
355
361
372
375
382
388
396
391
394
387
384
362
376
230
399
397
410
419
430
431
426
418
435
451
417
382
392
439
455
473
488
502
504
516
516
511
505
479
543
551
499
557
556
538
587
602
600
606
615
615
623
635
631
632
635
640
641
648
652
652
646
645
640
615
465
571
569
559
558
536
515
419
419
414
590
645
645
653
671
668
668
668
651
663
664
658
618
591
554
610
632
637
646
655
666
677
690
700
698
680
442
581
589
587
688
731
740
770
787
804
807
821
828
815
803
726
774
805
816
843
848
858
884
882
889
883
882
885
895
901
901
924
923
925
924
892
860
942
963
967
976
982
971
970
961
960
962
947
953
968
962
962
966
958
946
944
952
955
966
974
955
950
964
962
972
963
969
969
981
985
991
992
998
975
968
966
967
976
985
987
968
980
978
973
968
963
950
944
945
947
946
957
952
953
967
979
974
979
982
984
985
968
654
941
964
946
943
928
900
929
1058
1094
1090
1092
1098
1104
1099
1116
1125
1122
1100
1101
1104
1111
1127
1122
1133
1145
1099
1061
1083
1124
1137
1142
1141
1143
1160
1142
1135
1137
1155
1153
1166
1149
1139
1140
1143
1143
1137
1147
1137
1131
1116
1103
1112
1115
1118
1102
1103
1089
1088
1085
1063
1054
1063
1058
1059
1053
1043
1052
1051
1042
1039
1019
817
950
1013
1054
1050
1041
1063
1071
1068
1058
1060
1069
1031
976
931
867
969
983
991
996
995
993
976
969
956
941
946
918
897
876
870
871
865
863
856
845
849
852
845
826
830
826
833
826
832
851
860
845
842
837
837
821
824
819
803
810
797
819
840
847
846
861
857
860
880
891
872
866
869
844
815
845
837
856
854
871
874
876
868
867
849
834
832
825
812
810
808
809
813
802
801
797
788
760
757
727
690
735
751
756
760
762
761
747
721
715
703
684
597
603
596
592
576
559
547
513
469
265
268
269
263
264
264
238
522
533
578
589
589
621
629
644
646
650
655
640
625
613
549
627
633
645
655
663
657
665
649
670
655
659
668
657
651
648
646
644
389
618
620
636
638
656
448
612
636
653
688
695
715
725
727
739
748
764
774
766
586
737
748
761
783
800
810
820
837
843
860
854
875
882
885
911
902
931
927
918
923
921
906
922
923
904
889
860
636
738
767
799
810
822
827
835
836
838
855
841
828
812
808
789
803
792
778
772
773
769
771
777
768
733
787
778
771
751
738
730
731
715
719
688
511
677
683
674
661
654
646
602
689
693
713
696
706
664
646
570
561
570
572
659
744
762
756
783
785
772
779
775
772
773
785
768
770
781
789
803
795
795
801
803
803
800
807
789
796
801
803
790
789
787
779
780
776
763
763
749
751
752
752
743
750
734
730
730
732
735
742
747
757
752
745
748
748
758
754
760
757
739
720
669
665
743
761
770
780
779
779
779
772
779
787
771
786
789
796
788
787
793
785
591
754
769
780
784
799
805
807
809
802
794
787
781
794
779
765
544
716
732
741
742
761
758
754
754
748
751
743
740
737
718
715
715
708
706
714
711
697
702
690
703
699
699
694
694
687
700
712
706
705
704
687
695
682
691
692
683
669
668
675
678
677
667
666
658
662
662
662
634
628
612
604
582
64
13
47
63
510
524
544
551
574
581
597
602
613
605
627
639
650
652
661
665
675
692
697
696
698
698
718
724
722
728
747
735
744
748
768
767
754
763
766
757
781
778
790
789
800
809
808
824
824
825
816
818
808
785
774
818
820
821
817
809
801
805
803
801
761
795
799
798
794
802
801
811
806
807
803
823
827
817
804
807
806
797
790
772
761
793
797
804
811
807
805
789
782
769
747
520
653
650
644
736
771
787
813
820
827
828
834
852
864
869
876
872
869
877
881
891
891
899
903
895
905
903
919
902
896
909
897
889
876
868
586
871
878
886
889
884
873
863
806
745
814
833
856
875
869
872
874
869
875
883
895
891
883
880
880
897
901
898
907
875
844
783
822
834
869
865
850
863
843
842
814
769
832
843
859
875
897
902
898
896
897
902
899
914
919
903
902
898
896
903
899
889
902
900
882
896
897
902
909
923
927
915
904
907
918
918
902
904
915
928
930
931
947
953
957
961
958
977
977
979
995
993
984
986
987
983
980
963
962
973
949
948
945
946
940
928
922
910
898
906
911
895
901
898
891
876
880
842
788
852
869
865
880
880
887
903
884
892
892
883
876
885
891
874
864
869
866
863
867
873
862
869
863
866
859
857
849
855
850
864
867
873
867
862
860
855
855
833
841
838
837
829
818
816
825
820
817
829
834
825
833
825
811
814
805
810
817
830
836
831
830
828
824
822
800
794
773
747
787
806
804
789
767
572
764
802
813
828
831
826
813
810
818
828
826
835
820
826
840
835
815
801
774
766
569
811
816
805
776
750
709
807
827
830
825
806
791
579
796
827
851
853
855
859
849
853
860
857
868
864
847
852
850
834
770
816
831
847
855
862
860
851
855
588
804
830
846
858
880
869
880
877
868
870
853
859
871
862
865
863
865
884
889
870
875
865
872
879
886
875
867
863
856
853
858
846
852
840
836
831
820
820
811
817
808
792
764
748
706
748
760
769
766
750
739
749
736
739
725
701
430
580
567
565
674
694
711
726
743
749
763
751
756
763
771
771
778
793
798
780
774
766
766
739
537
697
676
664
685
699
753
755
762
760
765
761
765
774
788
784
766
774
777
778
784
785
780
766
787
805
797
792
802
820
812
835
829
844
855
848
848
841
846
858
862
869
871
889
879
873
883
902
894
888
894
898
906
909
897
909
928
924
935
932
930
926
926
919
893
912
906
885
894
880
882
870
865
864
865
860
857
845
836
832
806
795
701
683
657
697
719
736
748
748
761
766
776
770
762
763
756
737
690
638
678
698
728
724
725
724
692
704
684
663
649
643
635
629
407
477
478
388
593
607
624
649
655
666
668
660
648
658
658
653
654
652
651
662
672
663
649
618
387
571
564
404
610
613
669
661
660
669
678
672
411
684
707
724
723
740
728
736
749
755
741
730
529
730
737
750
765
771
787
778
789
793
798
799
806
821
824
825
827
827
837
837
851
844
835
833
810
816
801
798
791
790
784
774
773
768
769
765
769
749
745
735
726
713
699
697
671
658
640
602
459
460
456
450
482
500
519
512
505
472
530
554
565
568
574
578
576
582
574
575
565
547
508
502
454
492
513
519
536
528
477
517
537
559
566
574
594
600
593
600
597
593
433
616
618
629
641
642
652
656
662
658
657
657
644
645
633
625
626
627
643
640
625
601
619
634
650
662
665
654
609
636
647
663
661
659
663
664
672
675
665
667
663
661
669
691
695
484
671
685
686
673
701
697
722
708
714
717
735
731
756
750
764
780
782
790
794
804
795
800
790
781
789
800
803
781
786
770
747
747
736
729
714
693
668
671
656
493
635
627
598
592
470
558
551
538
517
441
403
401
402
333
415
473
506
502
516
508
502
484
358
412
410
399
397
397
282
401
422
437
446
438
432
408
392
360
405
413
426
440
449
452
461
468
478
478
468
441
433
414
406
395
377
314
313
318
318
317
307
210
213
213
212
243
260
275
284
288
301
310
309
308
297
286
102
267
284
296
305
309
304
294
287
143
236
253
260
264
262
256
246
263
200
299
425
442
456
466
478
505
509
513
560
576
586
602
617
622
627
639
659
675
683
701
699
720
719
750
748
755
769
777
790
804
800
793
794
783
809
808
819
822
829
823
834
832
839
852
853
852
860
868
869
866
868
867
880
877
878
877
881
875
885
878
890
896
887
872
816
883
901
907
922
928
922
941
937
940
895
878
627
894
952
956
952
967
977
971
948
968
972
960
972
951
983
982
980
1000
981
986
981
983
966
973
973
963
958
954
981
969
990
995
986
972
989
984
990
983
988
982
999
990
995
982
971
831
826
834
838
923
962
969
959
961
968
975
962
950
949
960
955
962
969
968
964
960
970
958
950
955
967
938
861
917
943
961
979
972
978
997
999
972
990
993
988
993
995
1000
1013
997
993
990
969
969
958
968
973
977
974
988
999
1017
1006
1003
1009
1010
1014
1030
1023
1032
1031
1015
990
980
721
967
981
980
980
979
979
980
957
969
953
943
950
955
945
949
944
944
932
945
934
935
939
927
923
900
904
898
906
855
613
760
769
597
872
914
922
934
928
943
956
960
959
952
941
936
939
945
932
920
895
832
906
923
922
934
939
924
934
936
932
940
929
915
900
893
883
885
880
871
853
778
747
766
777
783
781
763
766
764
754
723
732
715
703
703
674
677
668
665
657
643
638
643
636
636
634
628
622
609
596
582
589
587
570
559
559
542
532
515
481
303
464
490
490
484
473
471
454
444
274
434
462
469
477
472
487
490
507
507
503
502
500
510
508
501
498
492
486
485
478
485
491
498
494
496
482
486
484
483
484
484
476
477
480
472
467
462
464
458
455
445
435
436
422
379
407
400
394
381
371
360
350
329
318
298
286
196
252
248
237
221
216
199
222
228
238
235
230
232
231
228
223
200
189
183
204
210
207
204
198
189
208
211
213
211
210
204
210
212
215
216
212
210
214
209
206
200
195
169
172
173
175
176
174
168
167
161
155
149
137
76
75
77
74
79
81
80
81
79
78
80
80
81
81
81
80
77
74
72
70
70
71
69
68
68
68
65
62
57
54
47
40
35
34
25
23
21
18
9
4
5
5
3
26
37
46
54
63
68
75
83
89
95
96
100
107
115
122
125
129
130
135
141
144
151
158
104
163
171
174
184
185
187
191
196
205
209
209
215
214
220
221
226
234
238
244
247
258
264
262
263
263
269
271
279
287
287
295
288
286
289
281
272
311
325
330
343
339
351
351
372
376
379
393
392
399
401
416
429
430
444
452
464
485
500
497
508
510
498
479
534
551
557
569
576
566
565
557
527
599
604
632
645
657
662
672
687
695
694
714
723
738
739
735
741
751
763
780
792
804
821
823
833
809
841
875
884
886
890
903
911
914
913
912
918
915
917
913
927
936
945
946
948
943
947
940
954
965
947
945
932
923
922
926
928
891
734
744
746
754
750
598
726
731
565
840
869
867
874
863
878
866
861
869
868
856
860
858
856
846
828
822
823
824
831
829
824
823
827
827
835
837
832
822
807
813
812
793
807
802
818
805
815
810
799
821
817
834
822
812
823
838
854
850
851
844
847
861
872
870
861
849
868
855
873
874
890
884
891
903
916
927
936
936
933
945
933
950
965
951
950
955
968
972
976
973
995
1022
1028
1007
1017
1019
1032
1041
1035
1048
1042
1047
1041
1044
1021
1033
1030
1009
886
889
875
868
855
807
821
816
821
1073
1100
1131
1124
1149
1155
1150
1138
1136
1133
1109
1139
1129
1118
1107
1113
1109
1108
1091
1098
1095
1090
1091
1095
1076
1076
1036
1068
1042
1050
1047
1031
1016
1012
949
904
926
968
973
966
959
952
946
930
935
918
905
878
636
839
844
846
837
830
825
805
794
800
796
778
757
737
681
726
741
751
752
747
747
753
738
733
721
706
705
688
688
671
673
663
655
646
635
640
631
626
619
608
608
627
641
636
646
650
665
674
684
689
694
698
683
690
688
681
695
697
686
690
682
685
676
681
689
674
672
671
677
689
693
690
699
694
695
688
662
481
654
685
690
694
692
684
680
693
689
688
696
711
722
728
735
737
747
748
755
778
777
776
774
765
762
785
801
808
817
805
795
785
779
779
776
770
755
762
755
751
750
744
734
721
730
731
720
717
706
709
701
692
694
697
691
686
682
662
656
649
645
630
629
611
626
617
615
605
595
587
573
551
554
551
548
539
525
513
505
498
495
485
491
485
480
476
479
475
465
466
464
458
409
428
438
431
432
434
420
420
411
404
405
401
396
392
388
390
386
375
364
368
350
322
354
352
361
368
373
360
365
362
359
353
336
337
321
291
278
288
289
289
291
283
277
279
269
256
251
239
234
222
214
210
205
203
199
191
188
178
173
164
148
137
138
135
138
134
129
127
122
129
121
111
99
93
83
74
67
59
50
44
42
30
25
21
18
11
4
10
13
18
22
25
37
50
53
64
72
76
83
83
85
86
101
109
115
118
124
138
136
143
90
165
174
182
195
199
206
218
223
229
235
247
243
256
264
264
269
270
280
292
295
300
307
313
322
322
326
336
339
344
359
353
346
335
321
334
360
362
369
365
374
377
381
380
388
388
387
385
394
391
394
403
412
420
427
423
426
436
426
440
444
444
444
443
441
435
422
401
442
451
466
471
485
482
488
482
476
469
449
482
498
502
512
523
524
533
546
556
559
559
569
579
582
576
586
566
560
547
540
517
596
611
615
623
622
632
634
633
630
611
572
622
636
650
654
661
655
619
652
673
688
680
688
691
681
696
702
707
707
732
738
733
738
759
766
783
802
802
802
805
815
826
823
824
821
834
847
853
851
867
856
862
850
853
855
855
846
843
843
829
799
831
838
850
846
847
849
842
848
851
851
845
835
823
771
851
857
842
847
861
854
839
848
848
858
842
847
841
836
820
830
848
859
878
880
895
899
899
902
917
923
936
934
941
945
950
946
962
972
969
974
974
953
967
976
957
963
974
957
902
952
968
980
982
990
999
993
994
1009
1006
1001
1005
1015
1013
1022
1027
1036
1039
1028
1009
1011
1009
999
995
1006
1004
988
981
963
961
948
933
922
911
906
666
908
926
926
922
916
913
910
926
930
911
912
917
918
919
904
882
865
806
888
902
912
925
923
920
928
925
915
926
918
922
899
872
795
861
867
882
893
897
886
884
875
872
879
861
842
826
821
812
798
783
781
758
691
414
442
440
415
427
426
409
421
428
388
645
664
688
697
724
727
738
747
754
749
756
749
739
719
672
711
729
745
739
734
752
754
776
779
780
790
800
803
803
811
814
816
808
816
800
782
780
772
769
749
740
743
734
723
720
725
716
709
699
690
676
671
667
663
638
621
599
548
592
610
616
614
616
613
604
594
602
589
566
554
534
346
567
570
577
576
567
564
557
545
537
523
504
338
526
530
534
550
549
543
547
547
555
548
551
550
535
522
457
503
516
530
547
562
563
572
580
588
576
583
573
571
560
414
555
572
593
608
608
623
639
643
640
638
653
653
660
655
664
671
681
680
679
666
662
653
647
639
622
600
423
629
643
648
671
668
649
640
623
571
631
651
661
662
672
666
664
661
659
665
668
674
686
681
687
690
662
435
680
692
703
707
720
738
743
753
751
756
739
645
661
653
528
765
787
803
809
823
832
845
841
850
860
878
866
881
891
893
900
919
916
939
947
949
954
964
973
971
969
965
970
974
993
975
969
972
990
986
1000
1000
1000
1013
1020
1000
996
1001
1001
992
993
989
1000
984
991
1006
1011
976
694
954
977
986
971
955
926
946
998
982
971
938
862
928
945
955
945
917
881
924
1006
1008
1004
1032
1029
1025
1044
1032
1037
1032
1038
1034
1041
1028
1030
1034
1038
1025
1017
1025
1042
1035
1038
1016
1029
1027
1033
1035
1029
1024
1020
1016
1031
1010
1014
1007
1011
1021
1016
1003
1006
1015
998
1011
1012
1001
1005
988
989
980
969
931
667
943
956
966
968
951
919
855
918
941
942
958
961
974
964
969
982
991
985
998
1000
1003
1001
1001
990
988
972
984
982
977
964
947
935
887
921
958
952
952
872
854
834
860
873
894
962
973
988
990
993
985
991
996
994
985
978
979
995
994
1019
1028
1031
1029
1032
1022
1016
1002
938
987
1019
1011
1013
1010
1000
995
998
994
999
1023
1020
1022
1036
1047
1045
1071
1064
1047
998
972
1030
1080
1117
1128
1132
1121
1139
1169
1182
1169
1164
1187
1185
1191
1200
1198
1183
1191
1219
1206
1212
1215
1210
1205
1197
1193
1196
1191
1204
1202
1193
1186
1193
1201
1186
1175
1194
1196
1192
1180
1183
1178
1185
1172
1157
861
1150
1168
1194
1205
1218
1213
1212
1194
1180
1184
1179
1178
1168
1131
803
1127
1137
1153
1148
1134
1132
1072
738
1056
1073
1075
1083
1087
1093
1114
1095
1094
1091
1089
1091
1097
1102
1094
1085
1086
1085
1054
914
849
843
848
840
969
982
1010
1019
1037
1031
1031
1034
1016
1016
1017
1014
1011
1005
1005
991
969
949
920
876
661
768
756
765
852
875
883
883
883
886
890
875
872
855
850
849
839
569
820
823
835
830
843
845
830
831
813
793
841
835
847
853
859
852
857
850
851
863
851
860
874
869
867
895
895
884
879
859
855
790
827
840
820
621
886
893
889
900
914
923
915
925
923
924
919
913
916
914
895
914
923
935
921
922
913
917
914
887
869
847
799
808
804
795
605
506
471
468
468
445
467
477
476
470
466
428
460
831
860
881
885
899
907
908
907
910
918
918
939
921
924
944
939
930
884
868
644
866
865
908
919
918
912
916
911
894
892
881
878
877
860
830
822
803
735
813
828
833
829
848
857
850
849
842
845
853
858
856
830
826
820
814
809
813
801
803
789
785
762
753
736
714
706
687
546
561
580
578
582
570
548
664
671
668
660
637
399
664
720
720
727
726
726
745
745
730
736
729
722
499
671
675
684
672
638
767
791
819
840
856
872
872
867
885
885
882
890
890
878
869
874
814
626
809
852
864
874
899
893
906
910
920
934
928
952
967
973
965
988
997
1006
1009
1010
1029
1002
1012
1026
1021
1014
1018
1026
1052
1075
1079
1070
1071
1048
1080
1082
1064
1059
1050
1056
1051
1034
1041
1023
1003
1002
991
994
989
978
960
930
863
846
885
883
883
881
851
777
879
883
896
888
880
869
850
837
829
831
808
795
770
668
692
697
691
647
714
730
726
726
722
724
714
715
717
715
702
676
452
471
469
485
477
406
480
485
486
559
600
620
678
687
700
705
716
720
713
702
683
692
694
703
714
727
728
734
730
730
732
735
714
714
707
697
693
685
675
681
673
667
657
648
630
631
590
524
535
531
529
610
633
650
654
668
663
667
668
458
665
670
672
673
670
675
680
680
677
671
677
676
670
664
470
652
668
663
680
675
674
679
689
683
694
704
711
722
722
725
720
720
701
700
701
698
678
669
670
658
647
642
629
622
612
604
578
410
437
438
408
449
495
494
489
483
388
509
515
508
519
519
517
509
504
495
494
492
496
487
479
460
441
433
376
444
457
459
459
457
454
453
451
439
419
403
241
422
426
427
426
392
372
402
404
428
455
466
464
450
462
447
459
436
250
432
452
463
474
499
499
505
500
515
520
532
532
544
530
497
528
555
569
573
570
544
578
590
596
605
622
615
629
629
637
636
641
640
644
676
686
699
711
714
721
712
516
682
732
755
765
779
781
783
779
782
775
770
779
775
779
786
787
785
781
769
767
774
759
739
496
746
774
788
801
792
792
774
796
795
789
776
533
688
687
681
778
802
813
831
843
849
844
822
605
863
877
887
897
886
890
880
872
869
871
873
877
875
872
869
860
850
842
833
835
803
755
777
782
785
765
707
601
607
486
776
802
826
837
835
853
846
836
772
834
840
846
857
852
825
607
835
829
824
834
834
836
833
833
835
845
841
837
843
852
857
856
847
840
844
838
836
804
513
793
808
810
771
745
704
715
753
751
743
716
649
687
707
719
718
705
609
614
614
613
750
778
790
789
784
792
795
798
803
807
817
824
833
832
839
838
848
859
879
874
867
865
860
886
875
882
884
882
886
894
894
892
881
880
871
867
857
849
594
890
890
896
903
898
913
912
924
911
927
933
927
926
932
935
940
949
956
955
959
956
944
936
949
953
943
935
929
940
932
934
929
937
932
925
922
923
909
904
891
655
881
897
901
908
896
683
920
908
905
915
915
910
905
921
925
930
924
919
922
911
900
869
624
761
768
629
816
835
851
863
881
884
895
898
888
889
900
886
883
873
860
856
865
858
841
846
858
855
844
831
832
827
831
838
837
830
824
812
796
782
800
724
731
699
665
702
723
734
745
751
768
783
784
784
789
798
794
790
805
808
803
806
800
809
814
808
809
771
732
788
809
811
795
787
773
785
791
779
789
805
794
791
795
795
784
787
798
791
783
562
748
764
773
788
802
814
810
812
811
811
811
819
829
816
828
828
813
568
797
819
827
839
852
852
844
846
845
844
844
842
848
846
847
839
810
837
814
807
801
780
754
697
650
551
697
731
783
801
814
821
814
820
821
802
729
794
810
822
831
838
834
837
828
824
837
830
822
818
814
811
807
807
794
791
789
778
758
753
733
689
624
700
720
731
746
753
739
740
745
737
744
729
717
688
635
424
679
696
736
734
740
753
745
737
741
738
728
444
715
720
748
754
774
777
783
789
789
796
808
822
823
824
837
838
855
837
573
789
806
831
850
849
827
816
739
827
846
878
906
922
915
938
951
950
952
970
973
980
972
978
993
1000
1005
1005
1010
1023
1034
1025
1021
1025
1040
1051
1060
999
855
1040
1043
1027
1028
1019
1017
1013
1012
1003
1017
995
998
990
1015
1013
1023
1012
1008
1009
1006
1009
993
992
987
980
999
996
985
967
708
931
930
951
957
964
966
954
951
953
941
940
941
917
904
907
907
902
884
865
855
852
853
867
848
841
831
811
793
754
698
739
743
750
752
758
748
724
713
502
712
730
737
733
740
744
734
726
706
704
707
724
720
718
711
716
712
712
699
683
674
662
640
634
615
601
591
575
552
360
407
405
360
395
394
383
519
543
555
568
566
564
552
497
494
547
547
557
567
600
609
614
619
611
619
626
622
612
623
620
609
591
530
559
603
605
611
614
606
371
564
563
575
575
579
563
540
350
364
369
370
400
410
357
616
647
664
689
700
718
732
749
769
781
782
798
813
814
815
823
832
843
837
820
803
804
805
582
800
802
809
823
830
820
817
820
830
844
846
835
836
845
846
851
854
859
867
871
877
872
864
880
899
904
911
911
921
909
904
902
919
900
910
898
893
892
876
882
886
894
887
879
880
862
873
866
872
880
872
876
864
857
860
858
847
830
841
846
834
833
833
830
817
605
801
805
813
808
805
784
799
737
691
709
733
745
737
710
672
706
737
727
730
727
736
729
713
723
723
722
714
706
703
702
693
683
680
696
658
640
630
625
617
639
656
713
711
721
730
732
749
747
731
742
741
744
739
753
745
746
521
748
762
774
798
796
806
802
807
816
821
815
814
826
822
834
839
846
840
839
835
826
831
838
831
834
821
807
801
760
676
683
687
511
802
810
828
833
841
867
853
872
884
863
838
569
842
887
907
915
922
910
916
922
942
931
940
949
948
944
953
960
969
969
967
981
987
984
994
1003
1004
1005
1000
1008
1009
1022
1033
1034
1023
1030
1027
1025
1025
1017
1006
993
984
982
981
989
973
961
954
945
945
897
834
900
917
928
920
926
926
909
888
727
729
728
730
848
887
915
925
924
941
959
957
962
944
940
953
950
951
955
963
961
962
933
963
969
953
949
940
953
931
933
955
950
948
950
944
948
964
957
950
956
947
940
946
927
921
920
915
902
900
889
885
891
891
901
893
900
898
901
887
890
876
876
865
860
868
876
875
863
850
864
842
563
831
841
844
834
771
592
709
704
593
806
837
851
864
870
874
865
880
885
887
873
881
882
892
895
892
893
876
887
882
882
887
882
884
882
874
884
877
865
858
860
861
866
867
858
864
852
861
861
859
840
834
848
851
850
853
855
856
875
886
892
898
893
912
905
899
902
901
881
898
907
907
901
872
867
869
881
877
890
882
879
862
850
853
860
845
822
799
784
737
817
837
840
851
863
866
868
858
851
859
856
866
862
866
868
879
881
880
901
886
893
899
897
915
902
898
904
908
915
919
919
912
921
931
921
925
928
918
910
899
883
893
879
889
874
866
865
861
843
824
801
736
679
719
742
757
759
779
777
635
774
763
754
736
717
709
694
692
668
637
603
311
340
339
321
326
300
483
517
544
558
569
578
576
569
571
632
645
663
694
700
708
704
694
704
696
466
679
698
710
717
718
715
717
725
731
742
742
726
725
729
727
735
727
736
744
746
748
747
719
700
687
672
637
293
297
293
254
295
293
290
275
268
262
263
263
250
276
280
250
287
306
246
803
819
851
866
881
889
917
959
982
1003
1003
1028
1030
1048
1055
1056
1078
1105
1116
1121
1108
1114
1103
1100
1137
1125
1128
1129
1141
1132
1155
1176
1166
1170
1176
1161
1187
1193
1180
1163
1154
1154
1150
1138
1122
1124
1120
1120
1128
1113
1114
1111
1115
1114
1120
1108
1101
1090
1088
1066
1071
1067
1020
1007
982
956
944
905
667
692
690
676
769
820
827
838
847
858
876
876
858
840
825
825
743
694
497
603
598
600
644
655
673
675
671
675
461
698
796
801
822
838
864
834
831
822
841
848
854
859
853
841
827
827
831
825
805
792
787
786
779
782
785
770
755
756
746
699
480
688
686
683
670
655
546
564
578
578
574
441
652
679
693
691
700
665
702
724
710
710
707
700
689
542
587
621
627
639
637
631
555
532
534
543
409
601
651
709
776
792
810
813
862
873
879
882
874
875
900
896
913
921
928
935
951
960
960
942
958
958
938
910
846
921
941
971
980
976
980
972
971
980
976
988
992
984
986
1005
997
999
995
1007
994
1002
1000
1008
1011
983
1000
973
972
982
994
984
989
998
997
998
1029
1020
1023
1025
1033
1018
1026
1022
1037
1044
1045
1041
1045
1059
1071
1065
1059
1081
1087
1094
1085
1076
1091
1104
1087
1075
1080
1077
1081
1092
1068
1061
1069
1075
1086
1079
1085
1087
1085
1072
1076
1063
1066
1050
986
1024
1035
1053
1055
1059
1053
1039
1015
1012
1024
1008
1012
1017
1027
1018
1002
988
988
977
959
942
955
965
954
960
946
939
930
927
920
920
922
908
909
893
689
897
912
904
927
935
929
920
931
933
933
931
942
928
911
705
892
896
900
901
901
888
892
894
877
870
859
840
838
828
833
829
818
821
815
803
783
761
751
731
725
723
719
715
714
714
706
690
683
677
657
645
645
617
581
559
528
495
520
548
555
548
536
528
518
492
457
514
526
518
514
489
464
445
484
503
504
486
477
474
458
269
418
425
419
418
413
394
384
369
352
346
329
284
298
303
302
305
297
292
275
269
74
186
188
188
188
186
143
221
232
234
250
219
118
169
170
170
262
273
285
297
306
212
337
360
384
402
414
416
437
431
428
459
498
505
527
542
553
559
574
590
590
595
589
591
590
591
584
588
588
567
560
548
531
532
392
445
501
422
316
450
437
367
410
414
413
409
395
375
361
180
176
176
178
177
177
175
177
168
103
134
128
99
322
335
345
360
360
351
348
341
325
383
411
419
427
434
440
451
456
454
456
449
447
442
437
426
272
319
320
333
345
346
351
353
353
360
357
345
333
311
112
287
289
289
309
312
314
302
314
300
291
250
158
176
176
176
186
211
227
237
241
241
240
240
238
431
456
468
477
479
480
498
554
571
594
613
637
646
664
684
703
707
714
717
741
739
743
737
731
736
723
705
705
697
694
687
678
673
660
644
633
613
604
508
569
562
564
560
560
552
552
542
537
528
524
512
501
490
479
465
403
429
433
440
438
431
424
408
399
391
370
353
331
244
243
243
202
306
310
316
319
322
326
329
325
315
310
306
302
294
281
274
262
148
241
240
242
241
234
90
225
235
236
245
245
231
222
214
205
196
186
148
150
150
149
150
145
144
141
135
118
118
116
117
114
114
114
112
107
102
95
87
1
1
1
1
1
1
1
8
19
1
80
125
126
128
147
160
164
164
164
179
187
55
263
268
281
295
296
300
320
330
336
343
349
354
365
380
302
435
438
454
469
472
489
498
505
507
531
550
557
564
574
584
602
621
630
637
643
637
638
638
636
613
593
583
632
659
661
681
699
695
701
701
692
707
708
458
709
719
719
712
723
741
738
754
730
734
708
671
716
740
755
749
759
754
590
716
755
780
800
808
808
823
819
819
821
813
826
820
834
842
838
844
841
846
835
843
862
814
554
831
845
855
875
863
861
838
787
862
881
886
912
906
905
904
911
908
912
914
912
908
917
911
937
927
920
914
936
945
945
943
925
949
933
908
903
884
881
863
842
820
801
786
766
757
745
721
682
301
300
298
302
300
542
685
690
717
735
758
781
793
491
828
864
883
894
897
911
939
929
942
955
966
972
977
988
971
978
978
982
994
993
1000
1017
1020
1045
1042
1042
1048
1043
1048
1068
1068
1069
1058
1069
1064
1055
1061
1070
1072
1058
1049
1041
1060
1048
1039
1052
1024
786
1012
1033
1061
1063
1057
1056
1059
1047
772
1018
1038
1047
1066
1067
1064
1057
1035
1031
1040
1041
1035
1015
1004
1008
1019
999
1011
1006
1000
1001
989
980
964
959
958
942
926
920
915
909
892
903
899
902
906
909
839
804
847
889
905
931
927
919
917
924
922
927
912
605
918
937
944
948
943
933
923
896
842
879
905
903
930
937
928
909
894
886
860
852
845
847
834
820
820
820
808
798
775
763
754
730
545
695
705
705
688
685
678
668
659
638
622
609
550
581
586
582
573
578
574
572
571
553
544
544
531
510
486
479
433
477
486
479
466
468
463
460
460
457
458
444
445
429
418
406
393
327
350
367
295
380
384
367
367
357
337
330
320
298
298
285
152
158
155
157
158
157
159
290
304
313
317
339
346
357
365
371
380
372
351
260
315
317
434
492
511
533
551
565
579
588
600
608
619
623
604
613
597
654
665
670
687
690
700
716
718
727
722
721
720
721
723
730
728
734
744
738
709
710
678
662
643
634
612
444
502
501
490
580
600
599
605
603
598
610
610
608
615
583
572
566
536
501
539
550
548
533
488
451
503
519
526
531
524
517
494
501
495
254
450
460
473
486
473
458
443
238
316
318
303
314
318
321
509
528
543
551
564
575
574
594
589
591
591
590
604
570
538
561
569
584
595
612
608
622
609
624
626
631
645
656
667
670
676
680
688
687
698
709
710
714
721
705
718
720
698
685
679
669
660
654
649
652
654
658
650
649
649
637
624
610
594
387
602
613
624
628
615
605
584
562
384
556
566
575
588
587
591
597
593
589
599
599
602
617
627
614
603
582
551
605
629
635
646
646
642
653
632
403
531
534
378
601
630
646
670
655
683
693
697
691
692
675
483
659
692
692
697
714
732
739
738
745
749
749
739
722
729
758
766
770
778
771
774
759
751
746
553
727
722
734
745
746
744
742
741
729
738
735
727
728
716
714
722
715
724
726
720
723
723
705
705
702
712
714
708
699
691
679
664
660
648
629
615
575
554
497
499
492
406
552
581
585
588
598
601
580
557
524
554
569
591
594
582
574
573
575
568
551
508
409
417
421
350
529
544
554
548
551
554
572
546
532
592
600
649
659
676
690
707
717
707
712
724
720
723
727
719
719
733
741
746
737
735
733
734
722
721
723
719
712
688
508
699
722
727
746
745
755
754
755
756
753
729
666
688
709
705
716
719
715
691
612
589
588
632
698
706
723
732
728
739
741
742
748
765
753
759
765
751
755
758
760
757
754
749
752
754
750
743
727
733
724
716
715
712
712
713
689
684
669
630
446
623
619
609
606
613
609
587
582
566
553
545
536
525
482
383
405
428
275
495
529
548
559
560
551
558
538
493
547
549
565
583
547
520
546
549
558
561
563
435
515
525
521
651
695
694
715
743
747
761
772
771
789
795
802
821
833
838
866
880
890
880
867
867
864
837
838
821
803
706
694
755
817
834
865
876
886
895
893
883
883
896
898
919
905
908
902
896
908
898
896
886
865
589
597
774
874
902
912
915
939
926
928
923
890
829
914
947
963
963
961
969
967
958
963
959
914
621
898
923
932
931
933
952
939
941
936
938
937
912
828
959
953
919
962
963
962
967
961
958
950
970
965
982
976
979
969
996
993
1000
1007
997
977
952
950
923
880
962
973
993
1002
1007
1006
1010
1015
1020
1017
1022
1036
1046
1053
1048
1069
1062
1051
1053
1064
1065
1062
1068
1060
1062
1056
1065
1057
1028
1011
1013
987
809
821
820
803
888
923
920
924
927
685
946
954
970
994
993
1007
1005
994
973
982
989
975
972
963
968
961
956
950
954
942
938
934
923
928
932
926
919
928
919
918
921
914
915
900
878
604
880
902
899
907
900
906
908
899
884
818
857
868
872
867
847
843
818
801
762
806
820
826
833
851
851
850
851
846
857
859
865
851
862
866
868
889
883
883
893
907
896
887
874
887
891
899
905
899
905
908
912
921
932
937
924
923
932
918
916
924
925
917
918
911
912
901
895
879
856
860
845
833
821
737
619
686
730
809
868
886
907
910
921
928
922
918
912
910
867
626
867
891
898
907
915
914
902
876
844
783
844
871
881
873
896
903
896
904
925
932
935
956
960
973
969
978
972
974
968
978
979
974
977
974
971
976
991
994
990
969
949
695
951
967
987
997
991
996
1003
1006
994
1013
1042
1056
1051
1064
1068
1057
1065
1089
1085
1098
1087
1093
1089
1091
1088
1097
1117
1112
1118
1114
1103
1101
1101
1088
1092
1084
1094
1097
1098
1093
1080
1079
1075
1080
1065
1046
993
765
1003
1039
1046
1044
1031
1019
1016
1002
988
975
965
954
929
929
903
906
885
855
847
788
642
820
817
818
834
819
801
801
773
777
768
751
738
740
732
731
717
698
658
444
607
624
634
636
646
625
616
603
616
595
587
578
544
298
529
539
549
551
560
550
536
525
481
436
493
505
518
516
529
542
545
539
535
516
510
472
420
446
491
511
524
528
540
545
548
550
566
565
566
555
526
572
613
624
634
640
648
654
655
646
656
654
470
667
689
708
722
727
736
735
743
741
750
760
763
778
781
789
788
804
809
816
819
823
808
791
743
812
820
813
803
806
807
801
788
773
762
647
626
558
728
748
754
768
769
792
804
821
826
834
850
852
854
856
871
897
904
924
924
926
934
938
934
950
941
937
948
951
945
945
945
929
930
925
935
913
918
893
875
866
857
848
829
811
790
770
751
752
370
370
366
364
368
386
392
372
492
656
659
678
681
683
714
738
751
763
792
815
837
841
837
829
840
847
851
853
848
846
842
843
818
815
820
817
810
803
812
814
817
818
816
819
814
821
828
815
815
816
828
822
810
819
820
810
798
803
797
790
788
800
798
794
790
797
796
803
796
789
795
795
791
787
791
793
798
795
794
785
784
783
790
793
796
773
763
765
769
754
752
744
742
742
731
725
708
693
674
665
634
587
589
584
568
441
615
619
622
616
611
613
612
607
593
581
567
513
559
563
559
565
561
556
548
537
528
528
519
512
504
487
477
459
436
370
412
421
431
448
455
441
434
422
419
426
415
388
378
303
295
330
338
325
379
396
397
222
330
332
359
361
231
370
394
406
420
452
457
470
483
472
472
463
432
523
530
555
555
546
538
596
605
604
628
641
652
667
676
688
686
706
700
704
702
697
700
700
689
662
474
488
600
641
701
713
722
739
750
759
766
766
769
775
773
744
555
752
767
779
787
798
808
809
814
809
806
818
803
802
796
795
799
801
798
800
789
783
764
744
717
708
658
388
698
685
676
675
662
638
622
597
319
323
323
322
296
305
321
312
285
230
266
275
219
600
622
641
655
659
373
709
774
781
814
836
843
854
889
917
912
928
930
937
945
951
955
929
689
907
932
951
969
976
985
982
960
964
963
961
959
961
961
982
986
982
986
979
969
962
965
943
954
972
978
974
989
976
944
940
925
890
955
981
982
985
968
965
699
964
969
986
1016
1024
1024
992
1011
1010
1002
1003
1009
994
976
983
974
961
954
951
940
935
911
899
875
857
831
810
771
489
578
571
557
648
655
665
635
620
608
629
646
691
705
699
656
721
738
744
747
753
758
754
741
542
754
771
776
775
750
592
756
795
809
822
834
832
833
835
828
830
828
806
812
797
789
794
789
784
774
754
722
704
673
593
617
621
634
635
631
615
588
576
494
550
562
555
546
540
534
537
522
522
494
476
452
393
438
467
475
468
453
449
433
385
451
468
451
506
522
497
514
501
493
482
441
435
347
338
281
312
314
312
313
315
315
339
375
402
506
517
523
528
543
526
548
556
560
548
561
549
524
499
409
429
431
376
511
565
585
602
615
620
631
641
439
657
680
691
703
713
707
713
698
677
731
759
785
803
821
823
837
838
859
860
862
866
886
889
902
919
923
938
954
957
961
956
934
917
925
914
892
876
846
850
857
838
836
847
829
846
849
854
828
631
862
840
855
864
848
885
879
884
880
869
868
864
867
860
867
856
852
859
838
797
865
892
910
906
910
910
914
910
915
921
909
901
883
879
818
880
905
919
922
905
920
920
914
912
894
908
900
901
909
903
892
891
879
859
834
829
763
742
686
689
807
821
840
848
868
882
875
862
876
864
874
873
881
882
879
891
889
884
891
882
879
877
874
870
860
861
854
840
838
846
838
476
814
821
805
813
821
811
805
784
754
731
646
395
449
435
393
429
427
418
441
447
389
684
713
732
736
756
766
774
778
792
807
800
802
800
812
824
842
844
848
871
879
880
875
885
886
890
892
895
893
894
895
896
885
896
910
912
910
906
908
923
935
929
931
952
948
960
946
946
947
931
901
916
902
916
925
917
891
843
813
794
858
883
940
949
949
945
943
949
976
979
945
910
641
898
915
952
955
960
951
965
961
938
923
916
858
570
657
601
687
703
709
645
901
934
954
982
986
1000
1003
1014
1027
1019
1016
1018
1010
1005
1001
1008
1007
999
987
751
945
954
961
965
962
966
957
953
933
923
925
915
916
913
890
880
867
846
820
800
728
808
804
818
817
768
761
796
794
793
752
768
776
772
752
744
749
746
720
714
608
382
593
611
410
638
645
672
678
670
658
651
626
528
541
553
413
608
629
635
638
643
637
627
630
629
635
623
619
620
616
612
598
599
602
603
598
603
596
576
437
548
561
566
571
577
570
565
563
558
557
552
551
556
547
529
523
518
514
515
500
500
484
467
338
436
431
430
427
405
358
359
356
360
350
334
323
312
299
144
179
175
138
163
166
157
151
144
43
144
141
132
132
119
107
87
74
9
10
11
9
11
11
11
10
10
11
11
11
11
211
227
237
243
260
274
291
300
314
325
329
327
350
350
257
402
412
413
429
443
306
506
507
535
534
573
578
598
602
608
617
637
644
672
674
671
665
647
603
683
697
705
721
740
752
747
760
773
788
795
817
823
847
848
856
891
900
911
921
921
917
932
935
927
945
947
950
957
960
959
964
956
944
954
952
964
963
967
983
955
773
966
997
1007
1006
1003
1010
1004
1008
1013
1012
1004
1006
1003
1016
1005
1000
1003
994
996
979
963
953
945
945
933
916
912
893
902
890
881
874
863
860
838
809
802
769
760
735
685
509
591
579
564
681
698
696
685
684
668
654
634
606
596
584
427
425
426
334
429
432
416
413
410
406
388
372
349
333
327
319
175
115
2
1
2
2
19
24
39
37
39
8
38
39
41
248
270
287
291
297
127
378
403
412
434
437
449
478
483
509
538
545
563
571
575
573
616
636
655
670
682
694
730
729
746
751
746
761
778
780
791
787
795
800
800
813
819
811
810
795
798
793
608
853
874
889
889
891
900
883
820
901
934
936
929
916
906
847
951
979
984
996
1012
1026
1029
1032
1051
1065
1058
1060
1060
1060
1062
1067
1082
1083
1080
1076
1086
1084
1062
831
1032
1044
1056
1080
1082
1073
1059
1053
1048
1057
1067
1073
1075
1079
1074
1082
1061
1059
1053
1024
1037
1031
1041
1051
1061
1059
1058
1066
1060
1050
1051
1039
1031
1018
1013
1024
1015
1007
1008
999
992
1012
1033
1037
1019
1021
1005
983
868
825
769
787
786
787
858
962
981
998
992
1003
682
1058
1092
1100
1105
1117
1130
1139
1149
1169
1176
1193
1198
1199
1223
1245
1243
1247
1259
1266
1272
1278
1276
1269
1266
1263
1251
1245
1233
1225
1225
1222
1213
1200
1195
1194
1198
1175
1168
1153
1132
878
1131
1145
1146
1151
1138
1129
1123
1108
1108
1092
1070
1052
1031
1012
877
966
988
1001
1021
1029
1013
1017
986
952
907
883
803
904
919
929
927
932
935
939
955
956
938
936
944
933
939
949
954
909
873
609
825
861
870
890
908
904
893
887
885
860
851
846
831
793
724
794
827
845
854
860
851
859
860
858
852
855
856
852
850
841
854
832
830
828
812
804
810
806
798
779
785
763
755
737
719
676
435
647
663
671
678
662
647
640
616
598
509
507
509
506
541
553
551
559
561
550
559
548
547
533
519
497
515
511
508
498
494
470
450
330
459
460
456
455
449
448
433
415
219
370
376
370
362
350
346
336
320
306
282
266
127
218
220
217
213
205
86
154
155
152
148
131
95
95
94
94
95
90
28
60
71
76
76
50
34
37
46
7
47
50
52
21
211
265
277
298
303
311
335
346
366
374
394
399
407
411
420
427
423
426
459
465
481
488
501
515
526
534
536
541
538
532
539
547
548
548
558
558
564
571
574
566
544
513
534
537
546
548
396
544
553
555
558
522
406
462
460
460
566
603
605
606
602
425
656
669
680
685
691
685
684
678
677
676
669
663
659
661
669
669
679
687
695
696
689
691
695
674
666
652
596
669
683
701
695
701
696
703
694
714
728
727
721
705
688
676
665
651
643
628
612
605
594
586
575
569
558
536
522
137
135
134
113
104
122
121
115
131
148
149
109
146
167
188
192
186
114
198
199
200
542
574
631
640
655
669
663
665
342
698
726
725
721
727
716
731
731
725
723
729
729
729
729
731
690
604
582
515
58
59
58
45
11
23
8
9
8
8
25
25
25
18
24
26
601
632
672
694
724
752
776
800
817
837
857
870
899
919
928
966
988
1009
1025
1022
1006
1023
1023
728
1054
1057
1063
1058
1056
1056
1048
1062
1063
1066
1076
1077
1072
1069
1065
1082
1092
1094
1102
1092
1084
1079
1052
1006
1080
1093
1113
1115
1116
1105
1105
1084
700
1085
1112
1110
1130
1126
1140
1130
1120
1102
1082
1035
874
893
903
901
880
978
1005
1024
1034
1036
1052
1056
1060
1056
1045
1049
1047
1032
1027
1046
1052
1041
1024
1022
1006
1011
1006
1002
1000
989
978
977
983
964
970
964
949
929
925
920
904
887
886
879
876
868
857
862
845
857
858
852
846
847
846
840
838
845
849
832
824
835
832
829
830
824
822
815
825
824
828
821
817
807
792
797
782
784
785
777
770
764
753
753
752
455
686
751
755
741
746
751
697
456
598
600
590
649
680
688
697
694
704
697
691
648
698
710
722
733
740
747
743
744
753
754
753
755
766
774
773
777
781
770
766
752
743
740
708
545
720
732
772
776
788
789
778
797
800
786
791
786
755
551
747
769
774
764
769
781
797
802
811
803
788
775
699
746
765
774
785
784
721
793
802
812
810
804
721
819
826
827
862
876
839
883
867
878
899
907
882
903
911
916
929
936
936
933
928
934
936
934
953
971
969
976
973
981
987
993
986
991
993
990
995
992
1003
1000
1004
998
992
980
972
941
714
920
946
957
958
965
977
984
979
970
964
962
970
988
972
968
958
963
965
966
959
952
953
942
944
961
963
948
940
914
900
881
829
831
876
913
934
923
919
927
924
934
957
927
843
888
905
907
918
932
653
937
954
957
957
954
950
969
969
975
989
1003
999
994
990
997
1002
1009
993
960
926
877
971
995
1008
1014
1018
1024
1038
1039
1047
1060
1072
1072
1070
1032
725
1020
1045
1073
1098
1104
1100
1076
1066
1078
1091
1082
1084
1095
1097
1095
1097
1097
1100
1110
1101
1097
1076
1040
993
1025
1081
1107
1138
1120
1109
1086
1118
1114
1106
1115
1118
1112
1112
1110
1107
1115
1123
1128
1118
1127
1123
1120
1122
1125
1097
1119
1131
1132
1109
1099
1099
1092
1093
1084
1066
1050
1063
1075
1066
1044
1035
1031
1034
1034
1043
1019
1032
1028
1025
1016
1007
983
973
947
938
919
891
882
857
847
831
817
809
783
771
761
727
594
724
613
728
722
711
705
688
688
664
661
657
632
619
609
590
521
551
555
567
558
544
532
520
509
498
466
287
441
451
441
415
398
357
378
383
400
407
411
401
406
397
385
376
348
307
343
351
361
368
370
383
384
383
385
386
387
392
389
380
370
363
341
313
342
355
362
367
378
365
365
358
357
345
344
342
329
323
317
312
305
185
200
217
158
306
197
365
378
356
342
400
388
374
422
452
468
483
491
506
534
557
577
587
587
601
595
597
578
632
656
660
682
688
679
692
698
708
716
713
726
734
744
755
754
754
757
712
692
666
684
692
741
731
716
705
682
651
570
600
604
468
693
714
725
714
733
745
749
733
734
743
747
749
754
746
753
756
739
735
727
685
665
735
756
763
772
781
780
770
754
644
650
661
456
753
770
784
799
802
793
796
785
731
756
772
763
778
788
780
819
793
773
730
768
824
856
873
882
892
904
914
918
922
918
897
912
915
908
908
912
912
931
912
922
930
914
898
884
822
906
911
921
919
895
835
888
893
895
902
869
652
881
900
903
901
895
894
888
870
875
862
866
856
855
847
851
834
827
816
790
754
710
762
780
783
783
775
761
755
760
758
752
729
721
699
671
476
698
708
711
704
698
698
696
699
699
703
710
702
703
679
659
649
591
387
579
585
607
615
603
575
505
585
594
613
633
636
648
640
647
642
636
574
619
643
646
650
684
669
679
653
466
591
591
593
714
726
736
751
769
782
803
815
834
858
875
890
896
901
900
899
898
893
888
871
859
857
849
824
814
807
796
771
755
741
735
703
695
505
644
653
652
640
631
617
603
593
570
548
453
494
497
499
506
501
466
472
459
454
447
438
432
389
375
250
377
384
376
366
343
262
382
379
379
371
367
138
382
401
413
433
440
435
423
408
394
385
369
264
262
261
223
369
395
402
421
425
424
436
454
454
444
434
426
415
401
335
333
338
337
408
417
431
441
456
457
465
462
481
469
460
474
485
469
443
475
495
515
535
507
451
464
475
380
554
601
630
648
657
496
684
702
703
712
731
746
754
778
787
787
792
791
799
798
807
816
826
835
846
838
838
829
829
820
797
796
800
806
796
785
795
792
796
802
790
784
788
798
818
822
829
826
842
831
834
848
844
853
851
842
850
855
861
854
850
851
845
843
834
828
835
833
818
822
805
794
774
762
712
792
790
783
780
751
552
788
796
795
792
801
799
802
801
784
797
799
798
804
799
784
788
764
542
772
793
793
795
821
806
804
814
803
805
794
808
822
821
798
797
779
713
788
808
817
825
830
850
850
856
843
853
841
852
838
811
825
838
826
841
835
842
835
825
787
547
781
795
798
804
772
808
805
773
806
805
789
768
776
771
759
745
747
745
732
727
714
716
711
699
688
691
700
691
710
686
670
645
481
648
666
666
663
673
694
699
702
712
713
704
700
692
692
693
678
672
675
685
682
693
678
683
690
698
707
696
694
694
703
694
676
672
662
655
646
630
614
609
595
586
575
566
556
545
529
480
216
461
452
448
439
438
428
414
394
54
51
50
48
50
49
50
51
51
51
51
49
51
49
257
261
261
271
300
313
318
325
342
334
334
331
323
305
362
377
386
399
407
411
422
422
423
421
385
365
407
416
430
450
462
462
456
445
429
422
402
380
416
448
444
463
468
461
459
460
281
440
467
475
486
491
487
483
480
306
462
473
473
500
481
456
514
538
547
558
560
582
589
605
619
626
615
600
633
653
666
665
672
669
680
684
699
689
702
703
702
697
704
680
717
723
714
745
730
642
663
676
683
674
567
710
730
737
751
758
762
753
752
747
755
753
747
732
730
698
690
678
672
649
638
617
593
592
581
564
545
526
516
492
214
229
222
221
212
211
211
252
259
264
262
253
241
278
288
287
288
283
281
259
243
182
181
181
107
227
309
309
304
300
299
286
275
191
267
264
187
374
384
394
412
419
434
440
446
462
488
494
492
509
528
514
503
483
234
436
438
440
438
440
434
420
320
179
181
187
185
186
174
181
200
198
199
200
200
200
616
641
642
671
674
694
705
703
710
716
732
735
741
756
763
762
772
772
776
765
746
723
711
688
467
691
713
718
717
720
711
692
680
676
659
582
686
716
736
729
763
760
749
736
736
756
753
747
740
735
523
731
744
808
811
822
834
832
839
508
796
809
829
845
870
858
867
845
679
696
713
739
738
742
830
856
874
883
894
903
932
950
964
956
958
981
975
971
993
1012
1014
1027
1025
1011
1024
1033
1032
1027
1030
1021
1024
1018
1036
1027
1022
1028
1026
1030
1031
1039
1031
1026
1025
1016
1014
1018
1012
1010
1007
1001
998
992
990
986
974
977
984
995
1004
997
1003
993
986
967
973
953
954
949
958
965
963
967
964
952
944
884
785
787
796
632
942
975
987
1000
1010
1011
1028
1031
1044
1037
1027
1023
1032
1033
997
989
950
1005
1053
1070
1091
1097
1121
1138
1122
1109
1108
1103
1098
1100
1098
1114
1112
1108
1109
1124
1138
1127
1113
1129
1135
1134
1143
1160
1179
1186
1185
1186
1193
1189
1199
1201
1186
1191
1185
1189
1186
1185
1173
1151
1147
1134
1150
1156
1147
1146
1136
1121
1110
1105
1104
1080
1075
1060
1058
1055
1055
1054
1059
1043
1031
1044
1042
1037
1021
1016
1013
966
932
962
988
977
971
953
936
948
932
913
913
909
891
871
857
842
841
848
880
871
871
864
862
870
871
853
832
821
822
838
856
855
852
850
845
844
846
850
843
844
866
867
867
863
869
864
881
875
876
867
842
801
862
881
896
898
873
629
882
891
905
914
918
912
918
919
929
727
895
902
907
921
930
941
938
933
931
940
942
960
945
904
921
909
901
884
672
910
923
940
940
953
949
937
956
961
952
947
938
935
939
940
926
912
890
881
831
843
831
806
536
485
480
483
489
505
506
505
788
805
834
848
871
886
901
911
932
935
944
952
951
947
940
926
921
915
908
879
885
882
852
528
780
784
781
747
706
583
582
576
700
727
741
741
727
728
718
689
718
715
718
705
548
755
768
769
772
774
778
784
784
785
780
782
780
771
766
771
792
790
781
786
772
750
787
799
790
793
807
796
787
756
741
715
544
680
687
674
508
727
741
736
763
761
761
745
751
746
743
752
738
733
737
740
743
736
718
693
467
668
670
665
667
668
649
440
619
639
665
667
449
726
736
733
731
750
750
737
743
744
730
454
765
802
811
811
846
853
858
863
869
874
885
884
894
895
901
914
909
909
892
915
911
903
903
894
881
819
873
889
914
907
926
920
933
914
617
897
917
945
949
951
950
950
931
935
922
904
669
837
829
828
916
947
957
955
966
968
967
976
977
973
972
971
975
972
987
989
981
995
998
932
904
936
967
972
990
985
625
958
965
953
948
923
870
898
970
975
981
936
615
911
929
933
933
941
990
988
976
973
961
966
963
970
976
981
997
995
1002
1005
994
1001
1011
1011
1014
1028
1030
1008
1015
1011
996
979
945
724
932
942
968
965
977
980
978
972
972
983
979
983
972
968
963
977
985
989
993
986
982
984
988
989
988
972
974
984
968
959
949
880
833
868
896
904
925
925
935
943
933
943
935
916
915
915
910
914
892
902
881
886
864
876
873
860
846
857
846
843
839
813
784
781
781
779
782
772
752
742
730
774
786
800
808
794
793
801
782
772
758
743
717
526
732
744
771
764
748
741
738
723
666
715
742
754
756
725
672
736
755
757
761
777
771
746
724
426
606
604
575
730
759
778
789
792
785
792
793
532
832
880
902
919
937
951
959
952
946
956
967
969
982
994
993
998
1002
999
1007
1016
1021
1026
1040
1036
1040
1023
1021
1031
1038
1023
1029
1020
1012
1019
1026
1039
1037
1040
1036
1026
1017
997
734
949
963
975
953
956
957
947
934
921
908
905
923
925
918
937
956
957
961
949
944
940
939
935
943
930
915
911
904
881
872
876
877
886
873
878
877
865
875
878
861
857
855
841
820
805
808
813
792
788
762
738
745
726
709
692
681
669
667
645
621
609
524
582
540
566
493
501
493
395
237
239
236
240
248
242
249
261
285
289
137
326
340
359
366
372
381
392
404
415
430
424
453
461
462
460
458
455
462
454
473
466
469
473
464
470
478
474
472
460
470
473
480
475
480
472
469
458
465
461
448
455
461
458
459
461
461
464
468
453
454
459
464
475
473
477
478
486
481
487
489
492
479
478
473
463
450
439
412
409
411
401
392
393
388
378
373
367
355
323
317
318
312
304
302
286
271
262
242
33
21
14
21
20
20
18
17
10
5
0
0
0
45
314
335
364
371
403
415
431
443
457
466
475
484
499
494
498
509
532
536
458
604
620
647
658
669
699
711
728
743
735
737
751
756
755
763
767
775
780
780
793
808
809
808
822
827
832
842
850
859
878
875
880
891
905
905
914
905
903
891
886
850
782
844
851
848
672
926
949
961
975
1000
1010
1015
1022
1022
1031
1037
1009
1014
1015
1012
1026
1022
1010
1012
1029
1035
1021
1014
998
1004
992
993
985
980
977
982
994
989
990
985
1000
993
994
986
977
970
980
974
963
933
925
900
883
850
738
575
529
575
643
676
703
820
829
848
876
894
889
901
900
902
904
894
888
882
884
887
799
876
868
852
845
830
811
796
774
762
595
560
484
714
717
737
740
720
705
706
695
384
714
725
726
735
739
732
719
603
582
558
544
567
576
589
698
717
737
746
753
778
780
777
793
796
806
817
803
774
568
782
796
809
822
838
831
830
825
826
829
844
836
837
847
853
847
845
845
855
864
867
863
883
876
874
870
874
871
863
869
866
864
859
851
859
835
831
810
764
745
732
551
705
708
714
717
714
690
699
698
690
663
637
603
599
569
545
526
128
131
110
133
135
122
150
159
162
161
162
144
129
176
194
207
208
213
577
600
627
659
677
693
706
722
724
755
769
791
798
816
824
828
836
848
859
856
863
868
854
855
847
847
835
845
841
832
834
828
832
837
827
824
795
598
784
799
806
820
819
824
823
815
810
806
801
801
802
815
814
809
795
803
808
799
801
799
774
790
791
784
774
781
777
786
776
759
763
746
736
440
675
687
666
659
649
588
460
458
455
469
480
408
626
707
723
727
761
757
776
782
782
778
798
780
783
796
807
798
787
772
762
754
736
694
766
772
787
811
799
803
809
815
802
803
800
803
793
795
806
810
826
828
839
837
833
835
834
808
817
802
813
822
833
844
840
828
816
807
782
793
847
856
857
868
851
848
856
856
858
859
858
852
858
859
871
866
873
876
862
858
867
854
842
852
852
835
833
845
833
818
812
804
772
770
778
769
766
754
758
719
621
641
638
633
734
747
752
778
784
777
791
793
817
812
833
826
832
843
843
842
830
820
814
788
764
754
758
738
717
705
698
141
109
77
43
2
2
41
369
372
610
630
658
693
697
715
736
761
768
787
783
772
778
557
752
765
756
730
825
835
848
863
866
879
870
891
898
898
891
900
908
896
894
895
900
915
919
929
925
919
910
905
915
916
934
939
912
937
921
917
921
920
908
912
922
930
924
931
925
927
921
928
940
936
944
952
945
909
913
907
909
922
935
936
943
942
941
938
924
930
944
919
928
932
932
932
938
930
927
933
926
927
944
944
933
933
929
927
918
937
922
905
898
909
901
911
909
898
890
900
899
893
895
889
894
903
907
908
910
899
892
894
882
897
887
886
883
890
886
885
875
867
877
875
886
876
875
873
877
896
887
892
893
881
886
881
883
892
890
897
885
879
880
884
879
875
870
860
867
861
854
873
871
874
864
869
856
857
855
851
850
851
843
849
843
836
831
824
814
801
807
804
801
784
773
765
776
760
760
739
741
745
750
746
743
732
726
729
711
695
706
708
710
716
698
685
682
675
675
673
669
652
653
645
652
636
632
631
621
617
612
597
608
609
604
599
605
593
624
624
612
617
614
617
602
602
611
596
595
595
601
593
581
575
569
579
590
603
602
599
588
586
585
603
606
616
615
626
633
647
673
665
670
673
679
440
703
720
723
744
754
762
778
780
798
798
799
808
817
806
811
825
850
905
939
950
965
1004
1035
1042
1061
1047
1050
1034
686
1036
1048
1047
1046
1072
1087
1098
1104
1100
1073
1024
1116
1136
1143
1164
1159
1145
1155
1159
1155
1174
1189
1168
1159
1177
1165
1146
1146
1143
1169
1130
1113
1152
888
1005
1052
1106
1169
1179
1205
1200
1196
1191
1157
1132
1151
1139
1149
1156
1178
1185
1189
1205
1205
1212
1213
1219
1198
1250
1258
1238
1259
1246
1238
1225
1251
1260
1264
1262
1262
1227
1260
1254
1243
1232
1234
1264
1277
1252
1266
1253
1252
1237
1223
1245
1231
1194
1194
1203
1224
1202
1193
1188
1200
1178
1149
1133
1106
830
1114
1263
1256
1251
1242
1194
1131
1180
1204
1224
1238
1255
1232
1209
1174
1113
1212
1244
1257
1271
1277
1269
1265
1254
1263
1254
1258
1248
1237
1227
1192
1196
1181
1089
1145
1183
1207
1214
1230
1221
1223
1203
1189
1204
1187
1175
1190
1195
1184
1173
1158
1165
1139
1135
1133
1106
1085
991
915
905
1075
1114
1183
1201
1202
1210
1210
1198
1169
1127
1042
752
966
1048
1096
1108
1142
1163
1172
1195
1201
1197
1205
1210
1195
1184
1168
1181
1179
1188
1190
1167
1172
1164
1146
1159
1117
1117
1123
1122
1112
1090
1089
1072
1027
981
1028
1078
1084
1093
1085
1078
1069
1056
1050
1053
1056
1059
1053
1056
1050
1039
1041
1037
1034
1040
1035
1023
1013
1005
992
1006
959
928
888
841
844
855
892
870
847
922
945
937
935
962
947
938
918
912
908
893
878
865
853
852
852
844
836
836
829
826
823
804
795
802
792
799
772
767
758
756
738
734
732
712
714
697
699
685
688
692
677
683
659
662
659
647
634
639
617
617
603
597
586
569
541
530
505
344
472
465
463
442
424
420
398
373
123
104
94
57
34
3
1
0
11
17
21
24
28
33
34
35
36
37
37
36
37
34
51
61
61
59
61
61
61
61
58
59
61
61
61
61
60
61
61
61
61
61
61
61
61
61
61
61
61
61
60
59
56
52
48
43
39
26
25
21
19
1
1
1
1
1
0
