0
0
0
0
0
0
0
0
0
0
0
0
0
0
0
0
0
0
0
0
0
0
0
0
0
0
0
0
0.001695
0
0
0
0
0
0
0
0
0
0.002561
0
0
0
0
0
0
0
0
0
0
0
0
0
0.001245
0
0
0
0
0
0
0.000862
0
0
0
0
0
0
0
0
0
0
0
0
0
0
0.000651
0.000632
0.000628
0
0
0
0
0.000577
0
0.000572
0
0
0
0
0
0
0
0
0
0
0.000515
0
0
0
0.000505
0
0.000505
0
0
0
0.00096
0.000478
0
0
0
0.000864
0
0
0
0
0
0
0
0
0.000404
0.000404
0
0
0
0
0
0.00039
0
0
0
0.001519
0
0
0.000376
0
0.000366
0
0
0
0.000359
0
0
0
0
0
0
0.000346
0
0
0
0
0.000335
0
0.000332
0
0
0
0
0
0.000638
0.000639
0
0.000635
0.00064
0
0
0
0.000652
0
0.000313
0
0
0.000308
0.000315
0.00031
0
0.000307
0.000613
0.000311
0.00031
0
0
0
0
0.000315
0.000307
0.000609
0.000611
0.000297
0
0
0
0.000298
0
0
0.000292
0
0
0.000281
0.000558
0.000833
0.000276
0.000282
0
0.00028
0
0.000283
0
0
0
0
0.000862
0.000284
0.000289
0.000285
0
0.000287
0
0
0.000286
0
0.000286
0.000584
0
0
0
0
0.000277
0
0.000547
0
0
0
0.000526
0
0.000534
0.000255
0.000256
0.000508
0
0
0.000519
0.000252
0.00076
0
0.000498
0.000244
0
0
0
0
0
0
0
0
0
0
0
0.000459
0
0.000235
0
0
0.000471
0.000707
0
0.00072
0.000479
0
0
0
0.000229
0
0
0.00046
0.000231
0
0
0.000229
0
0.000231
0
0
0
0
0.000225
0.000224
0
0
0.000227
0.000227
0.000451
0.000449
0
0.000223
0.000221
0.000439
0.000221
0
0
0
0.000221
0.000222
0.000221
0
0
0.000221
0
0
0
0
0
0
0.00044
0
0.000446
0
0.000667
0.000222
0.000896
0
0
0.000224
0
0.000223
0.000996
0
0.000225
0.000225
0
0.000221
0
0.000435
0
0.000213
0.000213
0.000213
0.000209
0.000422
0
0.000213
0
0
0.000433
0
0.000432
0.000214
0
0.000218
0
0.000218
0.000215
0.000216
0.001266
0
0
0.000419
0
0.000208
0.000413
0.000207
0.000416
0
0.000419
0
0.000208
0.000207
0
0
0
0.000209
0.0002
0
0
0.000202
0.000403
0.0002
0
0.000403
0.000201
0
0
0.0002
0.000598
0.000197
0.000197
0.000393
0
0.000774
0
0.000194
0
0.000585
0.000196
0
0.000394
0.000196
0
0.000399
0
0.000593
0
0
0.000395
0.000394
0
0
0.0004
0
0
0.000198
0.000198
0.000201
0
0.000198
0.000194
0.000194
0.000192
0.000193
0.000194
0.001163
0.000198
0.017384
0
0.000194
0.000194
0.000585
0.000193
0.000192
0
0
0
0.000387
0.000192
0
0
0
0.000194
0.000191
0.000189
0.000188
0
0.00019
0
0.000381
0.000761
0
0
0.000391
0.000388
0.00019
0.000384
0.000379
0.000189
0
0.000375
0.00019
0
0.00019
0
0
0.000191
0
0.000371
0
0
0.000191
0.000185
0.000185
0
0
0.000746
0
0
0
0.00037
0.000368
0.00056
0.000185
0
0.000185
0.000186
0.000186
0.000187
0
0.000379
0
0.000188
0.00038
0
0.000189
0.000372
0.000373
0
0
0
0.000186
0.000373
0.000187
0.00019
0.000186
0
0
0
0.000372
0.00056
0
0.000193
0.000194
0.000185
0.000389
0.000187
0.000185
0.000551
0.000185
0
0.000188
0.00037
0.000185
0.000368
0
0
0
0.00019
0
0
0
0
0.000187
0.000945
0.000562
0
0.000754
0
0.00039
0
0.000193
0
0
0.000195
0.000195
0.000197
0.000194
0
0.000387
0.000588
0.000991
0.000601
0
0
0.0006
0.000201
0.000202
0.000201
0
0
0.000198
0.000196
0.000196
0.000195
0.000392
0
0.000388
0.000194
0.000391
0.000195
0.000396
0.000198
0.000798
0
0
0
0.000408
0.000408
0
0
0
0.0002
0
0
0.0002
0.000205
0
0
0.000399
0
0
0
0.000196
0
0
0.000197
0
0
0
0
0.00038
0.000189
0.00038
0
0.000189
0.000382
0.000579
0.000192
0
0.000761
0.00038
0
0.000394
0.000385
0.000188
0.000558
0.000376
0
0
0.000392
0.000386
0
0.000384
0.000195
0
0.000397
0
0.000387
0
0.000389
0
0
0.000392
0.000393
0
0
0
0.000197
0.000193
0
0.000194
0.00098
0
0
0
0
0.000193
0
0
0
0.000194
0
0.00038
0.000188
0.000188
0.00019
0.00019
0.000381
0.000194
0.000193
0
0
0
0.000197
0.000197
0
0.000198
0.000396
0
0
0.0002
0
0.000389
0
0.000194
0
0.000198
0.000199
0.000197
0.000198
0.000402
0.000414
0.000412
0
0
0.000418
0
0.000927
0
0
0
0.000437
0.00304
0.000217
0
0
0.016971
0.000219
0.000442
0
0
0.000435
0
0.000215
0
0.000216
0.000214
0.000214
0.000876
0
0.000668
0.000219
0
0.000222
0.000222
0
0
0
0
0.000679
0.000227
0
0.000227
0.000225
0.000224
0
0
0
0.000221
0
0
0
0
0.000224
0
0.000465
0
0
0
0.00023
0
0.000231
0.00023
0
0.000232
0.00023
0.000229
0
0
0
0
0.000249
0.000243
0.000486
0
0.000238
0
0
0
0.000478
0
0.000238
0
0
0.00024
0.000237
0.000478
0
0.000233
0.000467
0
0.000231
0.000713
0
0
0
0.000229
0.000232
0
0
0
0.000236
0.000459
0
0.000226
0
0.00023
0.000222
0
0
0.000214
0
0
0
0.000217
0.000216
0
0
0.000908
0
0.000224
0.000218
0
0.001214
0.000231
0
0.00023
0
0.000472
0.000228
0
0.000925
0.000474
0.000232
0
0
0
0
0.000229
0.000228
0.000228
0.000226
0
0.000702
0
0
0.000698
0.000463
0
0.000913
0.000227
0.000229
0.000455
0.000229
0.000688
0.000226
0
0.000447
0.000227
0.000907
0.017183
0
0
0.000223
0.000223
0
0
0.000225
0
0.000673
0.000226
0.000222
0
0
0.000445
0.00067
0.000221
0
0.000896
0.000223
0.001366
0.000226
0.002709
0.000221
0
0.00067
0.00022
0.00022
0.00022
0
0.000442
0
0
0.000225
0.000675
0
0.000224
0
0
0
0.000224
0.000447
0.000224
0.000665
0.000223
0
0.000443
0
0
0.000661
0
0
0
0.000224
0
0.000222
0
0
0.000442
0.000671
0.00022
0.000221
0.000445
0.000222
0
0.000225
0
0
0.000218
0.000657
0
0
0.000443
0.000442
0.000225
0.00068
0.00023
0.000235
0
0.000458
0
0
0
0
0
0
0.007297
0
0
0.000222
0.000663
0
0
0
0.000226
0.000683
0
0.000225
0.000232
0
0
0.000234
0.000468
0
0.000234
0
0
0.000232
0.000232
0
0
0
0.000458
0.000462
0.000228
0
0
0
0.00024
0
0
0
0.000459
0
0
0
0
0
0
0
0
0
0
0.000226
0
0
0.000222
0
0
0
0.016258
0.000219
0.000218
0.00022
0.000218
0
0
0.000217
0.000862
0.000218
0
0.000449
0
0
0
0.000211
0
0.000208
0.000624
0.000207
0.000206
0
0
0.000205
0.000208
0
0.000205
0.000205
0
0.000413
0.000212
0
0
0
0.000198
0
0
0
0
0.000199
0.000198
0.000386
0
0.000191
0.000774
0.000393
0
0.000187
0
0.000367
0
0.000183
0
0.000184
0.000184
0
0.000379
0
0.000184
0
0
0.001626
0
0.000182
0.000181
0.000728
0.000368
0
0
0
0
0.020202
0
0
0
0
0.000182
0.000362
0.00018
0
0.000173
0.000174
0
0
0.000175
0.000171
0.000175
0
0
0.00017
0
0.000176
0
0.00034
0
0.000343
0.000343
0
0.000173
0.000683
0.000173
0
0
0.000171
0.000173
0
0
0
0
0.000515
0
0.000168
0.000343
0.00034
0.000172
0.000169
0.00017
0.000344
0.000172
0.000694
0.000174
0.023215
0
0
0.000172
0.00017
0.000174
0
0.000173
0
0
0
0.000342
0.00052
0.000343
0.000702
0.000174
0.000174
0.000174
0.000175
0.000689
0
0.000173
0.000177
0
0
0
0.000354
0.000358
0.000186
0.000354
0.000355
0.00018
0
0.000177
0.00018
0.000355
0.000357
0
0.000355
0
0.000365
0.000352
0.000537
0.000176
0.00018
0
0.000357
0.000353
0.000546
0.000179
0
0.00018
0.000176
0
0.000544
0.000538
0
0.00073
0
0.000718
0.000171
0
0.000172
0.000174
0.000171
0
0
0.000343
0.000171
0.000508
0.000332
0.000328
0.000337
0.02403
0.000341
0.000325
0.000327
0.000323
0
0.000161
0.000482
0.000164
0.000164
0.000164
0.000164
0.000322
0.000968
0.000163
0.000334
0.000166
0.000164
0.000163
0.000162
0.000163
0
0
0
0
0.000324
0
0.000319
0
0.000317
0.00016
0.000479
0.000157
0.000621
0
0.000157
0.000316
0
0.000161
0.000481
0.000642
0.000161
0
0.000337
0.000165
0.000326
0.000161
0
0
0.000164
0.000325
0.000162
0.000486
0
0
0
0.019304
0.000162
0.000832
0
0.000321
0.000159
0.00016
0.00048
0
0.000317
0
0.00016
0
0.000157
0.000158
0.000158
0
0
0.000468
0
0.000462
0
0.000307
0.000154
0.000148
0
0.000148
0.000149
0.000301
0.000151
0
0.000149
0
0
0.000155
0
0
0.000142
0.000571
0
0
0.000139
0
0
0.000138
0
0.000277
0.000279
0
0.000139
0.000278
0.000138
0
0
0
0.000447
0.000274
0.000412
0
0.000545
0.000272
0.000268
0.0004
0.000135
0
0
0.000268
0.000136
0.000275
0.000134
0
0.000136
0
0.00027
0.000271
0.000272
0.000135
0.000401
0.000136
0.002594
0.000136
0.001368
0.000132
0.000265
0
0.000811
0.000267
0
0.000267
0.000264
0.000265
0.000269
0.000411
0.000281
0.00014
0.000282
0
0
0
0.000142
0.00029
0.000146
0.000146
0
0
0.000433
0
0.000146
0.000144
0
0.000145
0.000144
0.000441
0.000429
0
0
0
0.000148
0
0
0.000145
0.000435
0.000293
0.000149
0
0
0
0.000151
0.00015
0
0
0
0.002246
0.000306
0.00015
0.000151
0.000453
0.000152
0.000304
0
0.000469
0.000154
0.000467
0.000156
0.000156
0.000322
0.000477
0.000157
0.000315
0
0
0.000153
0
0.000152
0.00015
0
0
0.000463
0.000472
0.000308
0
0
0.000302
0
0
0.001942
0.000468
0
0.000488
0.00016
0
0.000158
0.000153
0.000155
0.00062
0.000159
0.000161
0.000158
0
0.000155
0.000624
0.000312
0.016941
0.000307
0.000154
0
0.000154
0.000161
0
0
0.000164
0
0
0.000163
0.000164
0.000161
0.000318
0.000158
0
0.000158
0
0
0.000159
0.00016
0.00016
0.000323
0.000162
0.000481
0.000161
0.000323
0.000317
0
0
0
0.00016
0.000159
0
0.000157
0
0
0
0.000155
0
0
0
0.000153
0.000305
0
0
0
0.000466
0.000158
0.000314
0
0.000162
0.000163
0
0.000165
0
0.000328
0
0.000165
0.000165
0
0
0.000165
0.000162
0.000319
0.000159
0
0
0.00016
0.00016
0.000484
0.000319
0
0.000158
0.000157
0.000471
0.000157
0
0.000157
0
0.000317
0
0.000161
0.000161
0.000484
0.000159
0
0.000161
0
0.000965
0.000161
0
0
0
0.000642
0.000477
0.000321
0.000479
0
0.000159
0
0.000314
0.000158
0
0.000156
0.000313
0
0.000156
0.000312
0.000158
0.000154
0.000308
0.00031
0
0.000157
0
0.000156
0
0.000312
0.000795
0.000487
0.000161
0.000159
0.000159
0.000319
0
0
0.000161
0.00049
0.000798
0.00016
0.000495
0
0.000312
0
0
0.000153
0
0
0.000155
0
0.000472
0.000461
0.000314
0.000467
0.000632
0.00081
0.000323
0.000161
0.000322
0.00049
0.000336
0.000166
0.000169
0.000333
0.000328
0.000678
0.000663
0.000328
0.000327
0.000491
0.000164
0.000328
0.000335
0.000331
0.000167
0.000163
0.000161
0
0.000161
0.000163
0.000331
0.000166
0.00016
0.000159
0
0.000649
0.000478
0.000319
0.000161
0.000158
0.00032
0
0.000162
0.001313
0.000167
0.00017
0.000169
0.000169
0.000335
0
0.000168
0
0.000167
0.000337
0
0.00083
0
0.000666
0
0
0.000164
0.000166
0.000517
0.000491
0.000322
0
0.000162
0.000325
0.000162
0.000162
0
0
0
0.000168
0.000169
0.001173
0
0
0.00016
0.000319
0.000159
0.000802
0.00016
0.000325
0.000324
0.000813
0.000161
0.000161
0.000321
0
0.00113
0
0.000826
0
0.000487
0.000163
0.000333
0.000487
0.000163
0.000491
0
0.000162
0.000322
0
0
0.000164
0.000163
0.000326
0.000164
0
0.000331
0.000165
0
0
0.000334
0
0.000167
0.000333
0
0.000165
0
0.000498
0.000164
0.000161
0
0.000321
0
0.000162
0
0.000325
0.000327
0
0.000167
0.000331
0.000331
0.000652
0.000163
0.000162
0
0
0
0.000328
0.000165
0
0.000339
0
0.000171
0
0
0.000338
0.00017
0
0.5
0
0
0.000344
0
0.00017
0.000168
0
0.000169
0.000347
0.019704
0
0
0
0
0
0.000167
0.000163
0
0
0.000327
0
0
0
0
0.000333
0.000165
0
0.000163
0
0.000158
0.000158
0
0.00048
0
0.000161
0
0.000482
0.000328
0.000161
0.000484
0.000161
0.000161
0.000315
0.000158
0.000154
0.000309
0
0.000159
0
0.000157
0.017253
0
0
0.000309
0
0.000157
0.000314
0
0.000158
0.000157
0.000156
0.000468
0
0.000159
0.000314
0
0
0.000158
0.000157
0
0.001104
0.000313
0.000318
0
0.000159
0
0.000164
0.000652
0
0
0
0.000165
0
0
0.000165
0
0
0.000334
0.000166
0.000166
0
0
0.000328
0
0.000329
0
0.000163
0
0.000325
0
0.000164
0.000165
0.000331
0.000166
0.000504
0
0.000168
0.000168
0.000328
0.000164
0
0.000655
0.000163
0.000161
0.00016
0
0
0.001155
0.000165
0
0
0
0.000325
0.000656
0
0
0.000162
0.000163
0
0.000164
0.000489
0
0.000328
0.000165
0.000337
0.000169
0.000164
0
0.000165
0
0
0.000328
0
0
0
0.000329
0.000166
0.000332
0.000344
0
0
0.000165
0
0.000165
0
0
0.000164
0.000321
0
0
0.000487
0.000321
0.000161
0.000473
0
0.000158
0.000158
0
0.000155
0.000469
0.00047
0
0.000469
0
0.000319
0.000476
0
0
0.000157
0.00047
0
0
0.000323
0
0.000323
0.000324
0.000162
0.000325
0
0.000163
0
0
0.000162
0.000332
0
0.000339
0.00017
0.000347
0
0
0.000174
0.000173
0.00017
0.000509
0
0.000329
0.000164
0
0.000163
0.000494
0.000331
0.000329
0.000163
0
0
0
0
0
0.000162
0.00032
0.00032
0.000482
0.00064
0.000481
0.000159
0.000477
0.000318
0.000958
0.00016
0
0.000314
0.00016
0
0
0.000158
0.000157
0.000314
0
0
0
0.000319
0.000312
0.000158
0
0.000465
0.000156
0.000155
0
0
0.000156
0.000155
0.000155
0.000156
0
0.000155
0.000153
0
0.000153
0.000154
0
0
0.000313
0.000153
0.000307
0.000465
0.000154
0.000157
0.000157
0
0.000161
0.000781
0.000157
0.000159
0.000317
0
0.000154
0.000309
0.000467
0.000312
0.000154
0
0.000309
0.000308
0.000155
0.000155
0
0.0003
0.000153
0.000469
0
0.000476
0.000486
0.000793
0.000154
0
0.000323
0.000153
0.000305
0
0.000454
0.000152
0.000152
0.000152
0.000154
0
0
0
0.000158
0.000159
0
0.000156
0.000158
0.000157
0.000319
0.000159
0.000159
0.000162
0
0.000165
0.000163
0.000329
0.000163
0.000329
0
0
0
0
0
0.000341
0
0
0.000341
0
0
0
0.000168
0
0
0
0
0.00034
0.00017
0
0.000333
0
0.000494
0.000162
0.000161
0.000322
0.000487
0.000163
0.000164
0.000162
0
0.000167
0.000172
0
0
0
0.000349
0.000172
0.00017
0
0.000346
0.00036
0.000177
0.000533
0.000888
0.000178
0.00054
0.000367
0.000364
0.000179
0
0
0.00093
0.000181
0.00018
0.000361
0.000182
0
0.000181
0
0.000539
0
0.000182
0.000183
0
0
0.000182
0
0
0.000181
0
0.000555
0.001888
0.000355
0
0
0.000174
0.000175
0.000349
0
0.000354
0.000176
0.00036
0.000179
0.000179
0.000179
0.000179
0
0.00018
0.000179
0.000368
0.000366
0
0
0
0.000177
0.000177
0
0
0.000179
0.000181
0.000362
0
0
0.000184
0.000183
0.000365
0
0.000183
0.000183
0.00037
0.000185
0.000377
0.000188
0
0
0
0
0.000193
0
0.000769
0.000575
0.000191
0.000194
0.000386
0.000386
0
0.000584
0
0.000194
0.000774
0
0.000193
0
0.000195
0.000396
0
0
0.000197
0.000395
0
0
0
0
0.0002
0
0.000408
0.000403
0
0.000194
0.000194
0
0
0.000382
0.000186
0.017081
0.000182
0
0
0.00037
0.000188
0.000188
0.000371
0.000189
0
0
0
0.000186
0.000184
0.000184
0.000182
0.000183
0
0.000186
0.000183
0
0
0.000185
0
0
0
0
0.000386
0
0.000389
0.000194
0
0
0
0.000193
0
0.000391
0
0
0.000978
0.000196
0
0
0
0
0
0.000182
0
0.000179
0
0
0.000354
0.000356
0
0.000182
0.000176
0.000178
0.000914
0
0.00035
0.000691
0
0.000171
0.000335
0
0
0.00052
0
0.001045
0.000173
0
0
0.000176
0
0
0
0.000176
0.000178
0
0.00018
0
0.000175
0
0
0
0
0
0
0
0
0
0.000175
0
0
0
0
0.000175
0.000351
0.000176
0.000351
0.000178
0
0.00054
0.000357
0.000179
0
0.000355
0.000178
0.000177
0.000178
0
0
0
0.00035
0
0.000178
0.000177
0.000175
0
0.000176
0.000175
0.000176
0.000177
0.000175
0.000174
0.000522
0.000351
0.000353
0.000176
0.000177
0.000179
0.000528
0
0.000358
0.000178
0.000178
0
0
0
0
0.000528
0
0.000177
0.000179
0.015832
0.000181
0.000179
0.000534
0.000181
0
0
0
0
0
0.000368
0.000184
0.00018
0.000177
0
0.000179
0.00018
0.000182
0
0
0
0.000183
0
0
0
0
0
0.000188
0
0.000746
0
0
0.000365
0
0.000364
0.000182
0
0
0.00074
0
0.00018
0.000179
0.000179
0.000355
0.000179
0.000175
0
0.000349
0
0.00073
0.000177
0.000711
0
0.000544
0.000189
0
0.000185
0
0.000375
0.00018
0.000182
0
0
0
0.000365
0
0.000375
0.000554
0.000189
0.000753
0.00019
0
0.000382
0.000386
0.0006
0.000406
0.000572
0.00019
0
0.000191
0.000191
0.000191
0.00076
0.000375
0.000387
0.00019
0
0
0
0
0
0.000576
0.000189
0
0.000185
0.000186
0.000567
0.000188
0.000189
0
0.000188
0
0
0.000187
0
0
0.000774
0.000187
0.000183
0.000184
0.000181
0
0.000187
0.00018
0.000179
0
0.000179
0.000179
0.00018
0
0.000362
0
0
0
0
0
0.000359
0.000181
0.000181
0
0
0.00037
0.000186
0
0
0.004293
0.000367
0
0
0.000374
0
0.000178
0
0.000357
0.000178
0
0.000182
0.000182
0.000181
0
0.00036
0.000908
0
0
0
0.00018
0.00036
0
0
0
0.000182
0.00018
0
0.000182
0
0.000184
0.000177
0
0.000356
0.000359
0
0
0.000181
0.000181
0.000362
0
0
0.000187
0.000188
0.000749
0.000188
0
0.000944
0
0.000189
0.00019
0.000373
0
0.000574
0.000944
0
0.000187
0
0
0.000192
0
0.000193
0
0
0
0.000196
0.000594
0.000199
0.000199
0
0
0
0.000197
0
0.000405
0
0
0.000202
0.000201
0.000403
0
0
0.000409
0
0
0.000208
0.000415
0.000208
0
0
0
0
0.000212
0.000213
0
0.00021
0
0
0.000208
0
0.00021
0
0
0
0
0.000214
0
0
0
0
0
0.000436
0
0
0
0.000438
0.000655
0.00022
0
0
0
0
0
0.00022
0
0
0.000223
0.00022
0.000219
0.000442
0.000446
0
0.000221
0
0.000221
0.000223
0.000223
0.000223
0
0
0
0
0.000229
0.000218
0
0.000221
0.000436
0.000221
0.000218
0
0
0
0
0
0.000442
0.000217
0.000215
0.000214
0.000215
0.000213
0
0
0
0.00021
0
0
0.000211
0
0
0.000419
0
0
0
0.000424
0
0.000212
0.000419
0.000209
0
0.000203
0.000207
0.000207
0
0
0.000215
0.000424
0
0
0.000215
0.000211
0
0
0.000212
0.000209
0
0
0
0
0.000206
0.000206
0
0.000203
0
0.000403
0
0.000414
0
0.000209
0.00021
0
0.000649
0.000213
0.000208
0.00021
0
0
0.000411
0
0
0.000201
0.000202
0.000202
0.000199
0
0.000202
0
0.000204
0.000606
0
0.000202
0.000398
0
0.000197
0.00039
0
0
0
0.000187
0
0.000186
0.00038
0.000577
0.000376
0.000188
0
0
0.000384
0
0.00055
0.000179
0.00018
0
0.000356
0
0.000176
0
0.000178
0
0
0.000355
0
0.000527
0
0
0.000177
0
0.000177
0.000359
0.000359
0
0.000534
0
0
0
0.00018
0.000357
0.000179
0.000358
0
0.000182
0.000182
0.000361
0
0.000363
0.000542
0.000179
0.000734
0.000184
0.000183
0
0
0.000183
0
0.000184
0
0.000184
0
0
0
0.000183
0.000184
0
0.000184
0.000185
0.000554
0
0
0.000191
0
0.000379
0.00019
0
0.000191
0.000189
0.000191
0.00039
0.000387
0.000389
0.000386
0
0.000193
0.000193
0.000389
0
0.000408
0
0
0
0
0
0
0.000805
0
0.000197
0.000198
0.000198
0
0
0
0.000199
0.00166
0
0
0.014493
0.0002
0
0
0.000205
0.000208
0.000617
0
0
0.000214
0
0
0
0
0.014807
0
0
0
0
0
0.000232
0
0.016088
0
0.000233
0
0
0
0.002574
0
0
0
0.016361
0.00059
0
0
0
0
0.000236
0.00024
0.00047
0.000233
0.000463
0
0
0
0
0.000236
0
0.000236
0
0
0
0
0.000247
0
0.000264
0
0
0
0
0.014876
0.00028
0
0.015459
0
0
0
0
0
0.000292
0
0
0.000277
0.000276
0
0
0.000275
0.000542
0
0.000541
0
0.000526
0
0
0.013288
0
0.000254
0
0
0
0
0.000519
0
0.000257
0.000255
0
0
0
0
0.000781
0
0.000259
0.000259
0
0
0.015148
0.000513
0
0
0.000248
0
0
0
0
0
0
0.000239
0.016687
0
0.000248
0.017799
0.015731
0
0
0
0.000238
0.000242
0
0
0.000242
0
0
0
0
0
0
0
0.00024
0
0.000232
0.000466
0
0.000234
0.000237
0.000237
0.000236
0
0.021664
0
0.000244
0.000243
0
0
0
0.000243
0.000242
0
0.000245
0.000242
0
0
0
0
0.000235
0.000238
0.000237
0.000237
0
0.023874
0
0
0.020204
0.000237
0
0.000467
0.000233
0
0.020741
0
0
0
0
0
0
0.000231
0.000237
0.000236
0.000476
0
0
0
0
0
0.000469
0.00023
0
0
0.000237
0
0
0
0.002446
0
0.000238
0
0.00049
0.00048
0.000241
0.000484
0.000475
0
0
0
0.000238
0.000237
0
0.022269
0.000486
0
0.00045
0.000227
0.000232
0.024667
0
0
0
0.000227
0
0.000231
0.000227
0
0.00023
0.000232
0
0.000714
0
0
0.000235
0
0
0.000242
0.000481
0
0.000724
0
0
0.003056
0
0.000234
0.000236
0.001642
0.000231
0.000231
0
0.000469
0.000711
0
0.000233
0.002101
0
0
0.000235
0
0
0
0
0
0.023499
0.000485
0
0.000262
0.000876
0
0.00058
0
0
0.031765
0
0.00028
0
0.000269
0
0
0.000326
0
0.030609
0
0.000284
0.052142
0
0.003655
0
0
0
0.000894
0.000295
0.003199
0.00029
0.000259
0
0.00029
0.001855
0.000882
0.000555
0
0
0
0
0.000314
0
0
0
0.000276
0
0
0
0.000255
0.00029
0.002389
0
0.000264
0.003902
0
0.000878
0
0
0
0.000521
0
0.000281
0
0.024121
0.001655
0.000504
0.001395
0.000263
0
0.000243
0.000547
0.000803
0.020094
0.000259
0
0
0
0.006995
0.000494
0.000782
0
0.000508
0
0
0
0.000533
0.004497
0
0.000781
0.001442
0.000744
0
0
0
0.00077
0
0
0
0.024087
0.000244
0.000239
0
0
0.000498
0
0.000733
0.000244
0.000234
0
0
0.000229
0.000717
0.00049
0
0.000498
0
0.000976
0.000243
0
0.001691
0.000245
0.000248
0
0
0.00024
0
0.000242
0
0.022065
0.000247
0.000246
0.00049
0.00048
0.000241
0.000244
0
0.000242
0.00074
0.000245
0.000238
0.000239
0
0
0.000236
0
0.000951
0.001673
0.000238
0
0.018628
0.000237
0
0.00024
0.000243
0
0
0
0
0
0
0
0
0
0
0
0
0
0.000219
0.000643
0.000214
0.000215
0.000217
0.000214
0.000215
0.000653
0
0.000418
0
0
0.024023
0.000422
0
0.000206
0.000414
0
0
0.000207
0
0
0.00021
0
0.000212
0.000206
0
0
0.000207
0.000205
0
0.000426
0.000419
0.000628
0
0.000206
0.000621
0.000207
0.000209
0.00021
0
0
0.000666
0.000213
0
0
0.000216
0
0
0
0
0.01657
0.000216
0.000438
0
0
0.000449
0.00045
0.000224
0
0.017187
0.000674
0
0.000222
0.000453
0
0.000218
0.000219
0.000222
0
0
0.000211
0
0
0.000652
0.000221
0.000222
0.000215
0
0.000219
0.000213
0
0
0
0.000213
0.000213
0
0
0.000436
0.000221
0.020022
0
0.000222
0.02008
0
0
0.000213
0
0
0.018676
0.000203
0
0
0
0
0.000416
0.000206
0.000207
0
0
0.000205
0.000826
0.000417
0
0
0
0
0
0.001522
0.000217
0.004337
0.000433
0.000212
0.000213
0.000641
0.000213
0
0.000209
0
0.000427
0
0
0.002066
0
0
0.000211
0
0
0
0
0.000401
0.00061
0
0.000205
0
0.000208
0.00021
0.001573
0
0
0.002427
0.000219
0
0.014608
0
0
0
0
0
0
0
0
0.016471
0
0
0
0
0
0
0.000447
0
0.00022
0
0.000221
0.000224
0
0.000223
0.000221
0
0
0.000221
0
0
0
0.00022
0.000219
0.00022
0
0.000437
0.000214
0
0
0
0.000213
0.000213
0
0.000214
0
0
0
0.00064
0.015599
0
0
0.000427
0.000628
0
0.00021
0
0
0.00021
0
0.000208
0
0
0
0.000422
0
0.000618
0.000406
0.000617
0.000618
0.000208
0.000207
0.000201
0
0
0
0
0.000203
0.000608
0.000407
0
0.00021
0.000624
0.000421
0.000207
0
0.000209
0
0
0.000211
0
0
0
0
0.000434
0.000218
0.000217
0
0
0.000218
0
0.000432
0
0
0.000218
0
0.000432
0.000664
0.000215
0.000217
0.000219
0.000219
0
0.000664
0.000439
0.001761
0.000435
0.00022
0.000228
0.000219
0
0
0.000428
0.000212
0
0.000431
0
0.000412
0
0.000204
0.000205
0.000209
0.000422
0
0.000202
0.000204
0
0
0.000395
0
0
0
0.000207
0
0.000203
0
0.0002
0.000204
0
0
0
0
0
0
0
0
0.000198
0.017371
0
0.0002
0.000605
0.000404
0.000396
0.000196
0.000397
0
0
0
0.0002
0
0.000198
0
0
0
0.0002
0
0
0.000207
0.002075
0
0
0
0
0
0.000392
0.000197
0
0.000598
0
0
0.000196
0
0
0.000195
0.000194
0
0.000578
0.00019
0.000191
0
0
0
0
0
0
0.000595
0
0.000195
0.000195
0.000194
0
0.000195
0.000392
0.0002
0
0.000592
0
0
0
0
0
0
0.000199
0.000201
0.000197
0
0.000595
0
0.0004
0.000203
0
0
0.01785
0
0.000195
0
0.000196
0
0
0.000391
0.000196
0.000592
0.000195
0
0.018016
0.000411
0.000404
0.000203
0
0.000193
0.000388
0
0
0
0.000399
0.0002
0
0.000199
0.000399
0.000399
0.000198
0.000399
0
0.000198
0.000396
0.0006
0.000601
0.000199
0.000199
0.000598
0.0002
0.001844
0
0.000204
0.016663
0.000205
0
0
0
0.000414
0.001033
0.000415
0.000415
0.000207
0
0
0
0.000211
0
0.003953
0
0
0
0
0.000402
0.001214
0.000203
0
0.018263
0
0.000206
0.00041
0.00041
0
0
0
0.000206
0
0
0.000204
0.000413
0.000211
0.000231
0.000214
0
0.000202
0.000604
0
0.0002
0
0.000199
0
0.014162
0.000388
0.000197
0.000601
0
0
0
0.000197
0.000204
0.014925
0.000201
0
0
0.014082
0
0.004813
0.000204
0.000399
0
0
0
0
0.000205
0
0
0.000206
0.000213
0.000216
0
0.000419
0
0
0
0
0
0.000209
0.000211
0
0.000205
0.000413
0.000424
0.000204
0
0
0
0.000403
0.000618
0.000209
0
0.000814
0
0
0
0.000204
0.000204
0
0
0.001872
0
0
0
0
0.000418
0.00043
0.000431
0
0.000206
0.000212
0
0
0
0.000206
0
0
0.000441
0
0.000221
0
0.013623
0.000451
0.00021
0.000412
0
0
0
0.00041
0.000407
0
0.000205
0
0.000205
0
0.000206
0
0
0
0
0
0.000406
0
0
0
0
0
0
0
0.0002
0.0002
0.000386
0.000768
0.000191
0.000193
0.000385
0
0
0.000192
0
0
0.000197
0
0.0002
0
0.000794
0
0
0
0
0
0.000192
0.000383
0
0
0.000198
0
0
0.00019
0
0
0.000196
0.016283
0
0
0
0
0.000198
0.000196
0
0.000198
0.000202
0.000193
0
0.000195
0.000194
0
0
0.000196
0.000603
0
0.0002
0.000198
0
0
0
0.000394
0.000396
0
0
0.0004
0.000602
0.0002
0.000198
0
0.001021
0
0.000393
0
0
0
0
0
0.000397
0.000574
0
0.000373
0
0.000376
0.000183
0.000183
0.000364
0
0.000188
0
0
0.000186
0.000371
0
0.000386
0.0004
0.000408
0.000187
0
0
0.000189
0.000185
0
0.000376
0.000189
0.000187
0
0.000775
0.000381
0.000378
0.000574
0.01649
0.000586
0.000191
0
0
0.000185
0.000185
0.000186
0.000185
0.000185
0.000186
0.000184
0
0.000183
0.00037
0.000185
0
0.000187
0.000185
0.000363
0
0.000359
0
0.000364
0.000181
0.000177
0.000176
0.000528
0
0.000176
0.000176
0.000176
0
0.000356
0.000358
0.000177
0.000176
0
0.000349
0.00035
0.000353
0
0.000517
0
0.000344
0
0.000348
0.001533
0
0.000345
0.000526
0
0.000176
0.000524
0
0.000175
0.000175
0.000174
0.000711
0.000177
0
0
0.000354
0
0.000355
0
0
0.000551
0.000554
0
0.000175
0.000176
0
0.000926
0.000712
0
0
0.000175
0
0.00036
0.000539
0
0.000173
0.000173
0
0.000173
0.000518
0
0.000177
0
0.000349
0
0
0.000175
0.000181
0.000357
0
0
0
0.000902
0.000173
0.000349
0.000174
0.000178
0.000532
0.000178
0
0.002166
0.000184
0
0.01814
0
0
0
0
0.000169
0
0
0.000694
0.000173
0
0.000363
0
0
0
0.000351
0
0.000176
0.001459
0
0
0
0.000184
0
0
0.00018
0.000175
0
0
0.000349
0.000173
0.000173
0.000172
0
0.000173
0.00035
0
0
0.000171
0.000345
0.000171
0.00017
0.000173
0.000172
0.000173
0
0.000329
0.000333
0.017451
0.000169
0
0
0
0.000162
0.016714
0.000504
0.000168
0.002081
0.000322
0.000162
0.000328
0.000167
0
0
0
0
0.000177
0.000353
0
0.000178
0.000175
0
0
0
0.000167
0.000338
0.000334
0
0.000165
0
0.000169
0.000169
0.000168
0
0
0
0.000162
0
0.000322
0.00016
0
0
0
0
0.002646
0
0.000351
0
0
0
0.000163
0.000164
0
0.000329
0
0
0.000159
0
0.000163
0
0
0.000324
0
0.000157
0.000474
0.000155
0
0
0
0
0
0
0
0
0
0
0
0.000305
0.00046
0.019197
0
0.000156
0
0.000155
0
0.000156
0.000312
0
0
0.000155
0.000154
0.000154
0.000474
0
0
0
0
0.000306
0
0.000151
0.000152
0.000154
0.000149
0.000151
0
0
0.000465
0
0.000155
0.020594
0.000156
0.000156
0.000479
0
0.000625
0.000157
0
0.000159
0
0.00032
0.000159
0.000161
0
0.000317
0
0
0.000156
0.000314
0.000159
0
0.000162
0.000161
0.00016
0
0.000491
0.000164
0.000163
0.000163
0
0.000163
0
0.000329
0.000329
0.000164
0.000165
0.000498
0.000676
0.000172
0.000684
0.00017
0.000505
0.000337
0.00017
0.000172
0
0.000168
0
0.000168
0.000516
0
0.000175
0.000173
0
0.044818
0.000176
0.000176
0.00034
0.00017
0
0
0.000332
0.000343
0.000349
0
0
0.016045
0.000334
0
0
0
0.000336
0.001546
0.000343
0
0.000339
0.000168
0.000178
0.000712
0.000181
0.000175
0.000563
0.000579
0.000175
0.000352
0.000176
0.000548
0
0
0.000175
0.000728
0.000356
0
0.000971
0.000357
0.000171
0
0
0
0
0.000167
0.00034
0.000693
0.001611
0.000169
0
0
0.000179
0.001677
0.000549
0.000173
0.000176
0.000179
0.000362
0.000181
0.000361
0.000363
0
0.00019
0.00058
0.001173
0
0.000174
0
0
0
0.01452
0
0.000348
0.000173
0
0
0.000198
0
0.000392
0.000197
0
0
0.000197
0
0
0
0.000179
0.000535
0.000178
0.000179
0.00018
0.000175
0.000175
0
0
0
0
0
0
0
0.00017
0.000363
0.000169
0.016096
0.000169
0
0
0
0.000337
0
0.000168
0.000342
0.001052
0.000174
0
0.001216
0
0.00017
0.00017
0
0
0.001109
0
0
0.000171
0
0
0
0
0.000341
0.00017
0
0
0.000345
0
0
0.004018
0
0.000366
0.015354
0.000184
0.000181
0.000361
0
0.000177
0.014291
0
0.000181
0.000371
0
0.000363
0.000366
0.000191
0
0.015674
0
0
0.000196
0
0
0
0.000196
0
0.000198
0.000221
0.000202
0
0
0
0
0
0
0.015463
0
0
0.000202
0
0.000399
0.014895
0.017417
0.000627
0
0
0
0.000216
0
0.000435
0.018773
0
0
0
0
0.0002
0
0.00042
0
0
0
0
0
0
0
0.000421
0.000208
0
0.000421
0
0.000418
0.000206
0.000207
0
0.000218
0
0.000209
0
0
0.00043
0.001923
0.000212
0.000216
0
0
0.00021
0.000214
0
0
0.000423
0.000213
0
0.000213
0
0
0.002281
0
0.000432
0.000417
0
0
0.000215
0.00022
0
0.000622
0
0
0.004158
0
0
0
0
0.000198
0.01543
0
0
0.000386
0
0.000196
0.015941
0.000195
0.000191
0
0
0
0.000385
0.000188
0
0.018849
0
0
0
0
0.000191
0
0
0
0.000188
0
0
0.000189
0.000188
0.000191
0.000193
0.000389
0.000187
0.0159
0
0.000377
0
0.000561
0
0
0
0.000186
0.003343
0.000188
0.000381
0
0
0
0.000187
0.000573
0.000192
0.017612
0
0.000187
0.000185
0.00037
0.000184
0
0
0
0.000188
0
0.000187
0.000187
0
0
0
0.000361
0
0
0.000357
0.000179
0
0.00036
0
0.000355
0.000179
0.000356
0
0.014576
0.000176
0.014716
0.000358
0.000178
0.001065
0.00018
0.000177
0.000178
0.000179
0
0
0.002547
0
0.000909
0
0.000182
0.000185
0
0.000179
0
0.000357
0.000177
0
0
0.00018
0
0
0.000182
0.000193
0
0
0.00019
0.000365
0
0.000181
0.000178
0
0.000179
0
0
0
0
0
0.000187
0.000185
0.000182
0.00018
0
0
0
0
0.000183
0.000362
0
0.000183
0
0.00997
0
0.000185
0.00075
0.000187
0.000378
0
0
0.001192
0.00039
0
0
0.000193
0
0
0
0
0.000378
0
0.000188
0.000189
0
0
0
0
0.00019
0.000775
0.000193
0
0.000397
0.000195
0
0.000391
0
0.000982
0
0
0
0
0.000394
0
0.000198
0.000981
0.000196
0
0.014973
0.000383
0.000191
0.00019
0.000189
0
0.000556
0.000566
0.000187
0.000185
0.000187
0
0.000187
0.000183
0
0.000358
0
0.000553
0.000182
0.000183
0.000183
0
0.000361
0
0.000184
0.000183
0.000184
0
0.000183
0
0.00054
0.000179
0.00018
0.00054
0.000179
0.014025
0.000176
0.000525
0
0.000175
0
0.000174
0.000176
0.00017
0.00017
0.000168
0.000169
0.000339
0.000506
0.000503
0.000836
0.000167
0.000168
0
0.000175
0
0.000175
0.000173
0.000166
0.000328
0.000163
0.000325
0.000162
0.000319
0.000161
0.000164
0.000817
0.000322
0.000166
0
0
0.012486
0.000328
0
0.000162
0
0.000158
0
0.000163
0.00033
0.000163
0.000324
0.000325
0.000164
0
0.000328
0
0
0.000501
0
0.000161
0
0.00016
0.000317
0.000159
0.000161
0.00048
0
0
0.00016
0.00016
0.000988
0
0
0.000326
0
0.000161
0
0
0.00016
0.00016
0.000323
0.00016
0.000161
0.000162
0.000813
0.012245
0.000162
0.000484
0.000323
0.000163
0.000165
0.000333
0.000164
0.000164
0
0.000492
0.000162
0.000162
0.000163
0.000164
0.000164
0.000164
0
0
0.000329
0.000166
0.000166
0
0.000493
0.003135
0
0
0.000164
0.000162
0
0
0.000319
0
0.000162
0
0.000334
0.008174
0.000157
0
0
0.000158
0
0.000159
0.000952
0.000158
0.000158
0.000158
0
0.00016
0.003232
0.00016
0
0.012062
0
0.000158
0.012579
0
0
0
0.000155
0.000313
0
0.000312
0.000156
0.000156
0.000473
0.000471
0.000156
0.000155
0.000157
0
0.000321
0.000161
0.00016
0.000162
0
0
0.000162
0.000165
0.000165
0
0.010744
0.000168
0
0.000165
0.000501
0
0
0
0
0.012232
0
0.000903
0.000363
0.000177
0.000175
0
0
0.000718
0.000179
0
0.00036
0.010202
0.000178
0.00019
0.000577
0
0
0.000195
0
0
0.009461
0.000191
0.000187
0.012856
0
0
0
0.000187
0
0
0
0.000191
0.01183
0
0
0.000181
0.00018
0.000183
0
0.000181
0.000184
0
0.000186
0.000179
0.000366
0.000549
0.000181
0.000184
0
0.000185
0.012219
0.000359
0.000181
0.000357
0.000361
0.000362
0.000544
0
0
0.000356
0.000177
0.000179
0.000366
0.000354
0.000176
0.000524
0.000347
0
0.000353
0.000345
0.013229
0.000171
0.000695
0.000171
0.00034
0.000344
0.00035
0.00035
0.000837
0.00017
0.000345
0.01417
0
0.00017
0
0.010607
0.000169
0
0
0
0
0
0.000175
0.000529
0.00053
0.000175
0.000175
0.000181
0.004833
0.000561
0.000742
0
0.000357
0
0
0
0
0.000176
0.000178
0.000173
0
0
0.000541
0.017025
0.000534
0.000174
0.000349
0.000361
0
0
0.000732
0.00018
0.000178
0
0
0.000177
0.000359
0.001094
0.000364
0
0.000181
0
0.000549
0.00019
0.003703
0
0
0
0
0
0.000186
0.000753
0.000372
0.00037
0
0.000367
0.00036
0.000748
0
0.000189
0.000383
0.000189
0
0
0
0.002412
0
0
0.000187
0
0.000184
0
0.000185
0.000185
0
0
0.000183
0.000727
0
0.000546
0
0.00018
0
0.000182
0
0.000367
0.000548
0
0.00036
0.000181
0.000181
0.00018
0
0.000368
0.000183
0
0.000377
0
0
0.00019
0.000188
0.00019
0
0.000192
0.000385
0
0.000188
0.000192
0
0.000187
0.000187
0.000191
0.000381
0
0
0
0.000384
0
0.000583
0.00078
0.000577
0.000569
0.000191
0
0.000583
0.000387
0
0
0.000193
0
0.000193
0.000589
0
0
0.000195
0.000195
0.000782
0
0.000198
0.000407
0.000205
0.000203
0.000615
0.000208
0.000203
0.000202
0.000402
0
0.000404
0
0.000205
0.000208
0.000207
0.000411
0
0
0.000201
0
0
0.000206
0.000204
0.000609
0.000196
0
0
0
0.00042
0.000414
0.000413
0
0.000417
0
0
0
0.000418
0.000418
0
0.000865
0
0.000208
0.000417
0.001258
0.000213
0.000215
0.000425
0
0
0.000436
0
0.00043
0.000216
0.000217
0
0
0.000222
0.00022
0.000221
0.000658
0.000219
0.000218
0
0
0.000444
0.000222
0
0.000676
0
0.000445
0
0
0.000225
0
0
0
0
0
0
0
0
0
0
0.000225
0
0
0
0
0
0.000226
0
0
0
0
0
0
0
0
0
0.000231
0
0.000458
0.000676
0
0
0
0
0.000216
0.000215
0.000211
0.000213
0.000216
0
0.000214
0.000213
0.000632
0.000218
0
0
0
0
0
0
0.000427
0
0
0
0.000429
0
0.000211
0.000427
0.000646
0.000221
0.00022
0
0
0
0.000213
0
0.003489
0
0.000219
0
0
0
0.000214
0.000429
0.000212
0
0.000207
0.000414
0.000208
0.000414
0
0
0.000207
0.000631
0.000418
0
0
0.00021
0
0.00021
0
0
0
0.000205
0
0.000419
0.000421
0.000206
0
0.000205
0.000439
0
0.000217
0.000436
0
0.000209
0
0
0
0.000201
0.0002
0.000202
0.000205
0
0.000204
0.000205
0.000407
0.000206
0.000209
0
0.000416
0.000206
0
0.000207
0.000409
0.000205
0.000203
0.000205
0
0.000203
0.000204
0
0.000199
0
0.000201
0
0.000203
0
0.000394
0
0.000197
0.0002
0
0.000398
0.001219
0.000404
0
0
0.0002
0
0.000198
0
0
0.000198
0.000397
0.0004
0.001
0.000608
0
0.000203
0.000203
0.000197
0.000197
0.00021
0.000198
0
0.000595
0
0.000195
0.000194
0.000588
0
0
0
0.00019
0.000189
0.014942
0.000186
0
0
0
0.00019
0.000189
0
0
0.000189
0
0
0
0.000187
0.000378
0
0.00019
0
0
0
0.000185
0.000183
0.000189
0
0
0
0
0.000184
0
0
0.00019
0
0.000377
0
0.000374
0.000185
0
0
0
0
0.000191
0
0
0.000377
0.000191
0
0
0.000191
0
0.000192
0.000386
0
0.000194
0.000194
0
0.000195
0
0
0
0
0
0.000193
0
0
0.000384
0
0.000385
0.000194
0.000385
0.000383
0.000375
0
0
0
0.000194
0
0
0
0
0
0
0
0.000197
0
0
0.000201
0
0.000194
0
0
0.000196
0.000195
0.000196
0.000388
0.000194
0.000385
0.000193
0.00019
0
0
0
0
0.000383
0
0.000189
0.000189
0
0.000193
0
0.000383
0
0.000195
0
0.000194
0
0
0.000193
0.000193
0
0
0.000197
0.000195
0.000193
0.000387
0
0
0
0.000189
0
0
0.000189
0.000188
0.000187
0
0.000188
0.000188
0
0.000193
0
0.000193
0.000393
0.000195
0
0
0.000191
0
0.013669
0
0
0.000197
0.000201
0.000208
0
0
0
0.0002
0
0
0.0002
0
0.000201
0
0.000202
0
0
0.000198
0
0.000198
0
0.000396
0.000402
0
0
0
0
0.000663
0.00021
0
0.000625
0.000213
0
0
0.014536
0.000217
0
0
0.000872
0
0
0.000396
0.000203
0.000204
0
0
0
0
0.000405
0.000411
0
0.000202
0
0
0
0
0.000194
0
0
0.000382
0
0.000189
0
0
0.00411
0.000192
0
0.000384
0.000387
0
0
0
0
0
0.000194
0
0
0.000384
0
0
0.000195
0
0.000195
0
0
0.000195
0.000399
0.000196
0.000195
0
0.000385
0
0.000384
0
0.000384
0
0.00019
0
0
0.000189
0
0
0
0
0
0
0.00019
0.000189
0
0.000195
0
0
0
0.00019
0
0
0.000384
0
0.000189
0.000379
0.000191
0.000195
0.000391
0
0
0.000191
0
0.000189
0
0
0.013058
0
0.00019
0.000192
0.000579
0
0.000379
0.000576
0.00019
0
0
0.000186
0
0.00037
0
0.011447
0
0
0.000189
0.000189
0.000187
0.000373
0
0
0
0.000185
0
0.000185
0
0
0
0
0.000381
0
0
0
0.00019
0
0
0
0.000379
0
0.000189
0.000192
0.000192
0.000382
0.000378
0.000565
0
0.000809
0
0
0.000193
0.000192
0.000387
0.000381
0.00019
0.000191
0.000193
0.000191
0
0
0.000192
0.000376
0
0.000188
0
0.000187
0.00056
0
0.000189
0.000372
0.00037
0
0.000373
0
0
0.000189
0
0.000193
0
0
0.000194
0
0.000194
0
0.000195
0
0
0.000197
0.015703
0.000786
0.000193
0.000395
0.001285
0.000191
0.000191
0
0.000199
0.014872
0
0
0
0
0
0
0.000194
0
0.015718
0.000199
0
0
0.000204
0
0.014561
0
0
0
0.000198
0.000195
0.0002
0
0
0.0002
0.000198
0.000197
0
0
0
0
0
0
0.00382
0.000203
0.000202
0.002633
0
0
0
0.000204
0
0.000203
0
0
0.0002
0
0
0
0
0.000196
0
0.000199
0
0.000455
0
0
0.000228
0
0.000454
0.051607
0
0
0.000207
0
0.000211
0.00042
0
0.000203
0
0.000203
0
0
0.000405
0
0
0
0.000203
0.005525
0.000399
0.000198
0
0.000398
0.000201
0.000386
0
0.000192
0
0.000194
0
0.000191
0
0.000193
0
0.000578
0
0.000194
0
0.000194
0
0
0.000191
0.000382
0.000382
0.000194
0
0
0.00057
0
0
0
0
0.000192
0
0.000191
0
0
0
0
0.000194
0
0
0.000197
0
0.000194
0
0
0
0.000405
0.000204
0
0.000201
0
0
0
0.000401
0.000591
0
0
0.000195
0
0
0.000589
0.000196
0.000195
0
0
0
0
0
0.018031
0
0.000207
0.000208
0.000635
0
0.000624
0.000206
0
0
0
0
0
0.000205
0.000206
0.019507
0
0
0.002364
0
0.000209
0
0
0.000209
0.000208
0.000425
0
0.018676
0.000212
0.000417
0.000207
0
0.000211
0.000212
0
0.000216
0
0
0
0
0
0
0.00022
0
0
0.000213
0.00022
0.000219
0.000216
0
0.000212
0.000213
0.000217
0
0.000451
0.000454
0.00022
0.000219
0
0
0.000673
0.000451
0
0.003687
0.000216
0
0
0.000214
0.000216
0.00022
0.00087
0
0.000212
0
0
0.000215
0
0
0
0.000217
0
0
0
0.00022
0
0.000445
0.000225
0.000227
0
0.000224
0
0.000231
0
0.000451
0
0.000224
0.000227
0.000223
0.000224
0.000223
0.000224
0.000233
0.000232
0
0
0
0
0.000247
0.001706
0
0
0.000249
0
0
0.013768
0
0.000247
0.014397
0.000247
0
0.000493
0.000247
0
0.00025
0.000498
0
0.014858
0
0.000497
0
0
0.000253
0
0.000252
0
0
0
0.00025
0
0.00025
0.000247
0.001491
0.000257
0.000254
0
0.000497
0.000248
0.000247
0.000245
0.000246
0
0
0
0.000251
0.000501
0.00025
0.000245
0.000249
0.000249
0.01385
0
0.000251
0
0
0
0.014085
0
0.00026
0
0
0
0.000255
0.000515
0
0
0.000805
0
0.014562
0
0
0.001306
0
0
0
0.000263
0
0.000528
0
0.000528
0.000852
0.000275
0
0
0
0
0.017554
0.000289
0.000289
0
0.00028
0
0
0.000248
0
0
0
0
0
0
0
0.000241
0.00024
0.00047
0
0
0.000248
0.000998
0
0.000245
0
0
0.001242
0.000496
0.000254
0.000247
0
0
0.00025
0.000503
0.000251
0
0.000508
0
0
0
0.000257
0.000256
0
0
0
0
0
0
0
0
0
0
0
0
0.013856
0
0
0
0
0.000247
0.000249
0
0.001015
0.002014
0
0
0.000501
0
0
0
0.000253
0
0.000507
0
0
0
0.000252
0.000247
0.000249
0
0.000249
0
0.000512
0
0.014325
0
0
0.000246
0
0
0.01351
0
0.000251
0
0
0
0
0
0.000237
0.000236
0.000714
0.000237
0
0.000237
0
0.00024
0.000488
0.000241
0
0.000241
0.000242
0
0
0.000488
0.000243
0.000246
0
0
0.000244
0.000245
0.000245
0
0
0
0.000245
0.000489
0.00452
0.000513
0
0.000748
0
0.000243
0.000243
0
0
0
0
0.000459
0
0.000225
0.000445
0
0.000225
0
0
0.000218
0
0
0.000455
0
0
0
0.000232
0.000712
0
0.00023
0
0.000227
0.000708
0.00023
0
0
0
0
0
0.000241
0
0
0
0
0
0.000249
0.000249
0.000254
0.000255
0
0.000252
0.001012
0.000255
0
0.000253
0.000252
0
0
0
0.000254
0
0
0.000751
0
0.000248
0.000496
0
0.000502
0
0.000259
0
0.000239
0
0.000704
0.000235
0.000468
0.001691
0.000237
0.00047
0.000236
0
0.000233
0
0.000706
0.000472
0
0.000914
0
0
0
0
0.000225
0
0.00022
0
0
0.000668
0
0
0.000231
0.000463
0.000229
0
0
0
0.00022
0.000221
0.000663
0.000222
0
0
0
0.000215
0.000216
0.000431
0
0
0
0
0
0.000679
0
0
0
0.000439
0
0.000218
0.00022
0
0
0
0.000221
0
0
0.00069
0.019119
0.000233
0.000232
0
0
0.00047
0
0.000235
0
0.00046
0.000231
0
0.000461
0.000696
0.000232
0
0.001195
0
0
0
0
0
0
0
0
0.000477
0.000239
0
0
0.000485
0.000244
0.000244
0.00024
0
0
0.000244
0
0
0
0.000244
0.000243
0
0
0
0
0.00025
0.000246
0
0
0.000246
0
0
0
0
0.000741
0.00076
0
0
0.000246
0
0
0
0
0.000244
0
0.000236
0.000239
0
0
0
0.00024
0
0.000476
0
0
0.000239
0.000483
0
0
0.000233
0
0.000482
0
0
0
0
0.000243
0
0
0.00025
0.000254
0.000249
0.000248
0.000249
0
0.001052
0.00026
0.00026
0
0.000258
0.000267
0
0
0
0
0.015916
0
0.000275
0
0
0
0.001227
0.000927
0
0.020365
0
0
0.002758
0
0
0
0
0
0
0.000285
0.000286
0
0
0
0
0
0
0
0
0.000296
0.000304
0
0
0.019602
0
0.000296
0
0
0
0
0
0
0.001706
0
0.000292
0.000295
0.000293
0.000297
0.018031
0
0.000295
0
0.00094
0.000312
0.000313
0.00031
0.000309
0
0.000308
0.000628
0
0
0
0.000985
0
0
0
0.000315
0.000317
0
0.000305
0
0
0
0
0
0.000288
0
0
0
0.000302
0.000308
0.000307
0
0.000311
0
0
0.000311
0
0.000636
0
0.000313
0.000311
0.00031
0
0
0.000316
0.000311
0
0.000331
0.000333
0.00033
0
0
0
0
0.000619
0.00031
0
0
0.000305
0.000618
0.00031
0
0
0
0
0
0
0
0
0
0.000305
0
0
0
0.016105
0
0.000307
0.000306
0
0
0
0
0
0.000596
0.000302
0
0.000297
0
0.000297
0.01627
0.000879
0
0.000291
0
0
0.000281
0
0
0.000565
0.000278
0
0
0
0
0.000541
0
0
0
0
0
0.014945
0
0
0
0
0.000255
0
0.00025
0
0.001518
0.014959
0.000253
0.000971
0
0
0
0.001203
0.000706
0.000236
0
0
0.000241
0.000239
0
0
0.000238
0.00024
0.013394
0
0
0.00048
0.000239
0.000985
0
0
0.000241
0
0.00024
0
0.000238
0
0.000237
0.000236
0
0.000237
0.000235
0
0.000235
0.01847
0.000237
0
0
0
0
0
0.00023
0
0.000227
0.00046
0.00023
0
0
0.000236
0
0.00023
0.000231
0.000231
0
0
0
0
0.00023
0
0.000236
0
0.000228
0.00023
0
0
0.000227
0.000229
0.000457
0
0.000228
0.000226
0
0
0
0.000221
0
0
0
0
0
0
0
0
0
0
0.000265
0.00052
0
0.00026
0
0.00026
0.014953
0
0.000231
0
0.000226
0.000455
0
0
0
0
0.00022
0.000217
0
0.000218
0.000433
0.000219
0.000216
0
0.002813
0
0.000217
0.000855
0
0.000212
0.000213
0.000214
0
0
0
0.000204
0.000206
0
0.000207
0
0
0.000196
0
0
0.000202
0.000399
0.000198
0
0
0.000197
0.000399
0.000201
0.000199
0.000399
0
0.000201
0.000412
0.014268
0
0.000396
0.000593
0
0
0
0
0.000199
0.015507
0
0.000201
0.000202
0
0
0
0
0
0.0002
0.000393
0.000198
0.0002
0
0.000196
0
0
0
0
0
0
0
0.000387
0
0.000195
0.000388
0
0
0
0.000194
0
0
0.000197
0.000198
0
0.000405
0.00041
0.000224
0.004256
0.017265
0
0
0.000449
0.000224
0.000224
0.000223
0
0.000208
0.000415
0
0
0.018758
0
0.000202
0.000425
0
0
0
0.000201
0.000199
0
0
0
0
0
0
0.000199
0.000399
0.000201
0.000199
0
0.000394
0
0.0002
0
0
0.000394
0.000196
0.000198
0
0.000808
0
0.000202
0
0
0
0.0002
0
0.000199
0
0.000201
0
0.000202
0.000205
0.000208
0.000203
0
0
0.000204
0
0
0.000205
0.000206
0
0
0
0.000597
0.000604
0.018167
0.000201
0
0.00041
0.000203
0.000203
0
0.000415
0.00084
0.000202
0.00021
0.000213
0
0
0.000207
0.000208
0
0
0.000212
0.000211
0.000212
0.00086
0
0.00021
0
0
0.000418
0.000214
0.000949
0.000628
0
0.000212
0.000215
0.000217
0.000213
0.000211
0
0.000657
0
0.000433
0
0
0.000217
0
0
0
0
0
0
0.000218
0
0.000438
0.000677
0.000221
0.000439
0.000218
0.000218
0.000218
0
0.000436
0.000435
0.000217
0.000219
0.000221
0
0.000216
0
0.000641
0
0.000435
0.000214
0
0
0
0.000423
0
0
0.000209
0.001247
0
0.000631
0
0.00042
0.000208
0.000411
0
0.000204
0.000206
0
0.000206
0.000827
0.000418
0
0.000414
0.00021
0.000217
0
0
0
0.000218
0
0.00022
0.000221
0.000219
0
0.000223
0.000225
0.000227
0
0
0
0.000223
0
0.000227
0.000226
0.000226
0.000226
0.000452
0
0
0
0
0.000448
0
0
0.000223
0
0.000686
0.000229
0
0
0.000231
0
0.00046
0.000695
0
0.000231
0
0
0.000234
0
0.00071
0.000237
0
0.000473
0
0.000246
0
0
0.000503
0.00076
0
0
0
0.00026
0
0.013148
0.003328
0
0.00026
0
0.000254
0.000509
0
0.00026
0
0
0
0
0.000272
0
0.000278
0
0.000283
0.002274
0
0.000293
0.013962
0.000294
0.000591
0
0
0
0.000299
0
0.014824
0.000312
0
0.016114
0
0
0
0.015099
0
0.000292
0
0
0.000868
0
0
0.000297
0
0
0
0.000292
0.000287
0
0
0.000577
0.000289
0.000287
0.000288
0.00029
0.000587
0.000299
0.000305
0.000305
0.013624
0
0
0.000313
0.000314
0.000953
0.000319
0.000322
0
0
0
0.000314
0
0.000322
0.000323
0
0
0.00033
0.000342
0.000346
0
0
0
0.000344
0.001046
0
0.000683
0
0.000345
0
0.000687
0
0
0
0
0
0
0.000349
0
0.001039
0
0
0
0.000352
0.000346
0
0.000353
0
0.006681
0
0
0
0.000357
0
0.000377
0
0
0
0.000386
0.000384
0
0.000387
0
0
0
0
0
0.000443
0
0
0
0
0
0
0
0
0
0.000423
0.004748
0
0.000418
0
0
0
0.000405
0
0
0
0.000409
0
0
0.000425
0
0
0
0
0.000442
0
0
0
0.00045
0
0.000443
0.000882
0
0
0
0
0
0
0
0
0
0.000397
0.0008
0
0
0
0.000422
0
0
0
0.000409
0.00041
0
0
0.001197
0
0
0.00037
0
0
0
0
0.000733
0
0.000365
0.000758
0.00038
0
0
0
0.000756
0
0
0
0
0.000386
0
0.000373
0.000372
0
0.000735
0
0.000715
0.000356
0
0
0.000356
0.000348
0
0
0.000347
0.000345
0.000343
0.01271
0
0.000333
0
0.000332
0
0
0
0
0
0
0
0
0
0
0.000322
0
0
0.014098
0
0
0
0
0
0
0
0
0
0.000308
0
0.00031
0
0
0.013531
0.000314
0.000315
0.000309
0.000311
0
0.000313
0.000313
0.00031
0
0.014906
0.000627
0.000621
0.000307
0.000305
0
0
0.000614
0.015456
0
0
0
0.000297
0.000594
0.0003
0.000293
0.000293
0.000291
0.00029
0
0
0.000283
0
0.000845
0
0.00056
0
0.000564
0.000277
0.00028
0
0.000547
0
0
0
0.000273
0.000265
0.000261
0.000771
0.000515
0.000261
0.000511
0
0
0.00025
0
0.000255
0.000258
0.00129
0.000258
0.00026
0.000257
0.000773
0.000259
0.000519
0
0
0.000263
0.000791
0.014941
0
0
0.000265
0
0.000263
0
0.000264
0
0.00052
0.000256
0.000255
0.017847
0
0.000261
0
0
0
0
0
0.000253
0.000253
0.000509
0
0
0.000506
0.000257
0.017085
0
0
0
0
0
0.000501
0.00025
0
0
0.000244
0
0
0.000486
0.000489
0
0.000239
0.000476
0.000239
0
0
0
0
0.000238
0
0
0
0.000249
0
0
0.000236
0
0
0.01957
0
0.000237
0
0
0
0
0
0.000235
0.000238
0
0
0.021038
0
0
0
0
0
0
0
0.000225
0
0.000461
0
0.019292
0.000444
0
0
0.000216
0
0.017305
0.000206
0
0
0
0
0.001866
0.000204
0
0.000633
0
0
0.019928
0.000813
0.000198
0
0.0002
0
0.000201
0
0.0002
0
0
0.000408
0
0.000201
0
0
0
0
0.000404
0.000198
0.0002
0.000199
0
0
0
0.000402
0.000409
0
0
0.000206
0
0
0.000203
0
0
0
0.0002
0.000397
0
0.0002
0
0
0
0
0
0
0.000202
0.000199
0
0
0.000771
0.000193
0.000386
0.000192
0.000193
0.018472
0.000194
0
0.000193
0.00019
0
0
0.000188
0
0.000187
0.000188
0.000379
0.000191
0
0.001563
0
0
0.000186
0
0
0
0
0
0
0.000186
0.000186
0
0
0
0
0.000555
0.000187
0
0.000185
0
0.018083
0
0.000187
0
0.000552
0
0.000383
0.000189
0.000378
0.000188
0
0.000183
0
0.000188
0.000379
0.000193
0
0.000189
0.000187
0.000185
0.000378
0.000192
0.000187
0.000183
0
0.000368
0
0.000182
0
0.00055
0
0
0
0
0
0.000182
0
0.000744
0.000362
0.00018
0
0
0
0.000185
0.000183
0.000182
0.000553
0
0
0
0.000198
0
0
0
0
0.000394
0
0.0004
0.000398
0
0.000198
0.000804
0.000618
0.017596
0.000194
0
0.000192
0
0
0
0
0
0.000186
0.000187
0.000374
0
0.000188
0.000558
0.000183
0
0.000376
0.001151
0.000191
0
0
0
0.000183
0.015413
0
0.00056
0.000191
0
0
0.000187
0
0
0.000382
0
0
0.000191
0.000187
0.000187
0
0.000186
0.000187
0.000185
0
0
0.000186
0
0
0.000375
0
0.000186
0.000185
0.000185
0.000185
0.000186
0.000187
0
0.000197
0.000394
0
0.00179
0.000397
0
0
0
0
0
0.000197
0
0
0.000598
0.0002
0
0.000196
0.000195
0
0
0
0.000196
0
0
0.000602
0
0.000385
0
0
0
0.000382
0
0
0.000181
0
0.000183
0.000186
0
0
0
0
0
0.000576
0
0.000187
0.000186
0
0.000189
0
0
0
0
0
0.00019
0
0.000191
0
0.018318
0.000389
0
0
0
0
0.000198
0.000387
0
0
0
0.000194
0.018011
0
0
0
0.000193
0.000384
0.000194
0.000194
0
0
0.000193
0.000194
0
0.000393
0.000196
0
0
0.000193
0.0004
0.000191
0
0.00019
0
0
0
0.00019
0.000383
0.000402
0
0
0
0
0.000185
0
0.016015
0.000572
0.000192
0.000189
0.000571
0.000195
0.000194
0.000192
0
0
0.000191
0.000192
0
0.000384
0.000191
0
0.000387
0.000191
0.000381
0.000188
0
0
0.000562
0.000192
0
0
0.016541
0.000187
0.000193
0.000192
0.000191
0.000381
0.000377
0.000959
0
0.000191
0
0.000379
0.00019
0.000384
0.000774
0
0.000195
0.000192
0
0.000383
0.000191
0.000583
0.000194
0.000577
0
0
0
0
0.000189
0
0.000188
0
0.000189
0.0163
0.000193
0
0
0.000391
0.000197
0.000575
0.000386
0.000386
0.000192
0
0.000574
0
0.00038
0.000191
0.000398
0.000421
0
0
0.000796
0.000606
0.016653
0
0
0.000202
0.000603
0.000199
0
0
0
0.000195
0.000395
0.000198
0.000201
0.000405
0.00061
0.000198
0.000199
0.000609
0.000205
0.000402
0.000615
0
0
0
0
0
0.000199
0
0.0002
0
0.000203
0
0
0.000416
0
0
0
0.000208
0
0
0
0
0.000208
0
0
0.000208
0.015955
0.000206
0
0.000203
0
0.0002
0
0.000395
0.000195
0.000193
0.000604
0.018876
0.000205
0.000201
0
0.000208
0
0
0
0
0.000201
0.000207
0.00021
0.000842
0
0
0.000207
0
0.000647
0
0.000205
0.000208
0
0
0
0
0.000206
0
0.018033
0.000214
0
0.000211
0.000216
0
0.000221
0
0
0.000225
0
0
0.000202
0.000403
0
0
0.000199
0
0.015912
0
0.000616
0.000415
0
0.000202
0
0.000204
0
0
0
0
0.001662
0
0
0
0
0.000403
0
0
0
0
0
0
0
0
0
0.000417
0.000846
0.014186
0.0002
0
0.000201
0
0.000627
0
0.018722
0.0002
0
0
0.001006
0.000201
0.000197
0.000792
0
0
0.000415
0.000407
0
0
0
0
0
0.000206
0
0
0.000201
0.000203
0.000207
0
0
0.000844
0
0.00084
0
0.002538
0.000213
0.000211
0.017256
0.000209
0.000209
0
0.00021
0.000211
0.000842
0.00043
0.000206
0
0
0
0.000206
0.000409
0.000609
0
0
0
0.000205
0.000407
0
0.000201
0.000194
0
0.0002
0.000198
0
0.00021
0
0
0.000209
0
0.000415
0.01258
0.000207
0
0.000202
0.007546
0.000626
0.000427
0.013008
0
0
0
0
0.000217
0.000216
0
0.000212
0.000213
0
0
0.000651
0.000628
0
0.000423
0
0
0
0.000218
0
0
0.000212
0.000212
0.00021
0.000216
0.016216
0
0.000409
0
0
0.000395
0.000396
0
0.000204
0.000407
0
0
0.005277
0.000628
0.000407
0.000409
0
0
0.000415
0.000204
0.00082
0
0.000209
0.000211
0.000205
0.000207
0
0.000202
0.000203
0.000404
0
0.000413
0.000202
0
0
0
0
0.000198
0
0
0
0
0.01871
0
0.000197
0.000197
0
0
0.000201
0
0.000184
0.000187
0.000558
0
0.00077
0
0
0.000569
0
0.000192
0.000587
0.000193
0.000194
0
0.000196
0.000195
0.000196
0
0
0
0.000196
0
0
0
0
0
0.000193
0
0
0.000375
0.000187
0.000188
0
0
0.000188
0
0.000372
0.016222
0.000192
0
0.000762
0.000183
0.000541
0.0018
0.000182
0.000183
0.000363
0
0
0
0.000547
0
0
0
0
0.000363
0
0
0
0.000187
0.00019
0.00056
0
0.000377
0
0
0
0.000364
0.000181
0.00074
0
0.000371
0
0
0.000187
0
0.000188
0.000744
0.000185
0
0.000188
0
0.000183
0.000184
0.000185
0
0.000186
0
0
0
0
0
0.000185
0.000187
0.000573
0
0
0
0
0.00037
0.000384
0
0.000188
0.000188
0
0
0.018296
0.000388
0
0
0.00038
0.000193
0
0
0.015934
0.000193
0
0
0.000201
0
0.000198
0.001992
0
0
0
0
0
0.000753
0.000383
0.00019
0.000386
0.000201
0.000408
0.000195
0.000198
0
0.01588
0
0
0
0
0
0.000399
0.000414
0
0.000196
0
0
0
0
0
0.000402
0.000609
0
0.000198
0.000201
0
0.002023
0
0.000597
0
0
0.000201
0.000405
0.000387
0
0
0
0
0.000194
0.000192
0
0.00019
0
0.000199
0
0
0
0
0
0
0.015734
0
0
0
0.018658
0
0.019094
0
0.00022
0
0
0.0002
0.000602
0
0
0.000198
0
0
0.000205
0
0
0.000202
0.000203
0
0.016226
0
0.0002
0.000199
0
0.000399
0
0
0.001004
0.000204
0
0.000201
0
0
0.0002
0.000201
0
0
0.000198
0
0.000203
0
0
0
0
0
0
0
0
0.000204
0.000207
0.002888
0.000207
0.001799
0
0
0.000221
0
0.000205
0
0
0
0.016604
0
0.000404
0.000201
0
0.000402
0
0
0
0.000194
0
0
0
0
0
0.016983
0
0
0.016807
0.000205
0.000194
0
0.000196
0.000194
0.000398
0
0
0.000201
0
0.000201
0.00021
0
0.000198
0
0
0
0.000211
0
0
0.000212
0.000208
0
0
0
0.000206
0.000209
0.011794
0.000219
0.000213
0
0.00021
0.000209
0.000211
0.000212
0.000632
0
0
0.000213
0.00021
0.000207
0.00021
0.000211
0.000213
0
0.000207
0.000206
0.000205
0
0
0.000639
0
0
0.000205
0.000408
0
0.000205
0.000411
0.00041
0.015009
0
0
0
0.000407
0.000617
0.000409
0.000202
0.000398
0.0002
0
0.000206
0.001442
0
0
0.000208
0
0
0.01615
0.000426
0.000636
0
0
0
0.000209
0
0.000205
0
0.000203
0
0
0
0.000618
0
0.0002
0
0
0
0.000198
0.000199
0
0
0.000201
0
0
0.029382
0.000411
0
0.000205
0
0
0.017435
0.00019
0
0.000384
0.000389
0
0.000376
0
0
0.016839
0.000191
0.00019
0.000189
0.000191
0
0
0.00038
0.000189
0
0
0.000188
0
0
0.000192
0.000191
0
0.000189
0
0
0.000191
0
0.004151
0
0.001569
0
0.000197
0
0.000415
0
0.000207
0
0.000392
0.000196
0.000197
0
0
0
0
0
0.000204
0
0.000201
0.000201
0
0.000201
0
0
0.000199
0.000196
0
0
0
0
0
0
0
0.000197
0
0
0
0.000198
0
0.000195
0
0
0
0
0.000199
0.00059
0
0
0.000583
0.000835
0.0002
0
0.000405
0
0.000201
0
0.000203
0.002733
0.000209
0.0002
0
0
0.000208
0.014932
0
0.000207
0.014173
0
0
0
0.000212
0
0.000215
0.000435
0.000215
0.000216
0.000216
0
0.000648
0.000211
0
0.000211
0.000214
0
0.016493
0
0.000209
0
0.000216
0.00043
0.000215
0
0
0
0.000221
0.000222
0.016078
0
0
0
0
0
0.013558
0
0
0.000687
0
0.000222
0
0
0.00023
0.017152
0
0
0.000452
0.000225
0.000222
0
0.000453
0.000229
0
0
0
0.000226
0.000232
0.000473
0
0
0
0.000235
0.000234
0.000465
0.001181
0
0
0
0
0
0
0.000453
0
0.000457
0.000455
0
0
0
0.000459
0
0
0
0
0
0.000231
0
0.001837
0
0.000456
0
0
0.000671
0
0.000222
0
0.000218
0
0.000219
0.000437
0
0.000215
0.000657
0.000219
0
0.014316
0.000646
0.000216
0.000217
0.000219
0.000654
0.000218
0
0.000216
0
0.000219
0.00022
0.000218
0
0.000222
0
0
0.000448
0.000222
0
0.000225
0.000228
0.000229
0.000225
0.000225
0.000226
0.000682
0
0
0
0
0.000227
0
0.000226
0.000227
0.000453
0
0.000233
0
0.000237
0.000712
0
0
0
0
0.000462
0
0.000229
0
0
0.000229
0.017597
0
0
0.000226
0.000225
0
0.000225
0
0.000224
0
0
0
0.015697
0.00023
0.000229
0
0.00023
0
0
0
0
0.00023
0
0.000229
0.00023
0
0.000231
0.000232
0.000468
0.000231
0.00046
0.000234
0
0
0
0
0.000226
0
0
0
0.000464
0
0.000231
0.000458
0.000231
0
0.000481
0.000463
0.000231
0
0.000236
0.000722
0.000236
0.000238
0
0
0
0
0.000484
0.000241
0
0
0.000238
0
0.000242
0
0.000499
0
0
0
0.000246
0.000247
0.000248
0.00025
0
0
0.002794
0.012593
0
0.000494
0
0.00025
0
0.000252
0
0
0
0
0.00026
0.000257
0
0.000261
0
0
0
0.000263
0
0
0.000266
0
0
0.00027
0
0
0
0
0
0.000274
0.01652
0.000262
0
0.000262
0
0
0
0.000272
0.000264
0.000272
0.000271
0
0
0.000264
0
0
0.000799
0
0
0
0.000263
0.000263
0
0.000259
0
0
0
0
0
0
0.017507
0
0.000258
0.001297
0
0.000487
0
0
0.000241
0.000249
0
0.000992
0
0.000492
0.000246
0.000247
0
0
0
0.000496
0.000247
0
0.000504
0.000251
0
0.000244
0.000486
0
0
0.00097
0.013983
0
0.000233
0.000941
0.001997
0.000473
0.00024
0
0.000231
0.000232
0.000233
0.000953
0.000479
0.000967
0.000237
0.000236
0
0.000725
0.000242
0.000243
0.00024
0.000241
0.000241
0
0
0.000244
0.000492
0.000495
0
0
0.000246
0.000491
0
0
0.000244
0
0
0.000488
0.000242
0
0
0
0.000503
0.000497
0
0
0.000506
0
0.00025
0.001004
0
0
0
0
0.000252
0.000754
0
0.000252
0
0
0.015571
0
0
0.000248
0
0.000246
0.000241
0
0.000242
0.000488
0.000488
0.000242
0.000242
0
0.000246
0
0.000244
0.000485
0
0
0.00073
0
0
0
0
0
0
0.000244
0
0
0.014833
0
0
0.000241
0
0.000237
0
0.000242
0
0.000492
0
0.00024
0.000237
0.000481
0
0.000239
0
0
0
0
0
0
0.000692
0.000234
0
0
0
0
0
0
0
0
0
0.000484
0
0
0
0.000233
0.000471
0
0
0
0.014709
0
0
0.012181
0.000455
0
0
0
0
0
0.000456
0
0.012286
0.000477
0.000237
0.011111
0
0
0
0
0.000438
0
0
0.000219
0.000218
0.000227
0
0.000458
0.000684
0.000458
0.011431
0.000229
0
0
0
0
0
0.001373
0
0
0
0
0.000228
0.000229
0
0.000698
0
0
0.010733
0
0.000464
0.010862
0
0
0.000226
0
0.00045
0
0
0
0
0
0.000216
0
0.000862
0.000862
0
0.000212
0
0.000208
0
0
0
0
0.000611
0.009887
0
0.000201
0
0
0
0.005031
0.000203
0.000204
0.000206
0
0
0.009446
0.00021
0.000208
0
0.000207
0
0
0.00042
0
0
0
0
0.000209
0
0
0
0.00021
0
0.000621
0
0
0
0.000207
0
0
0.000201
0
0
0
0.000401
0
0
0.000406
0
0.000204
0
0
0
0.000207
0.000201
0
0.000594
0
0
0.000592
0
0.000196
0
0
0
0
0
0.000394
0.000591
0.010321
0.000394
0.000198
0
0.000199
0
0
0
0.000398
0
0.000199
0.000392
0
0
0.000196
0.010443
0
0.000188
0
0.000189
0
0
0
0.000182
0.000183
0
0
0
0
0
0.000185
0
0.000187
0
0.000187
0.000375
0
0
0.00019
0
0.000193
0
0.000182
0.000367
0.000184
0.000369
0.000188
0
0
0
0
0
0
0
0.000184
0
0.000185
0.002812
0
0
0
0.000172
0
0.000857
0
0
0
0.000179
0.000178
0.00018
0
0.000357
0.000543
0.000362
0.00018
0
0.000181
0.000182
0
0
0.000184
0
0.00257
0
0.000184
0
0
0.000379
0.000189
0
0.000569
0.000198
0.000183
0.000182
0
0.00036
0.000179
0
0
0
0
0
0
0
0
0.000169
0.000337
0
0
0.000172
0.0005
0
0.000335
0.000168
0.013259
0
0.000328
0
0
0
0
0.000488
0
0
0.000685
0.000164
0.000163
0.000162
0.000323
0.000161
0
0
0
0
0.000317
0.00016
0.000322
0
0.000161
0
0.000638
0.00016
0
0
0.00016
0.000639
0.000803
0.000161
0
0.000491
0.000165
0.000327
0.000163
0.000163
0.000163
0.00098
0
0.000328
0.000328
0.002119
0.000494
0.000334
0.000169
0.000167
0.000336
0.013232
0.000162
0.000162
0
0.000163
0.000165
0.000168
0.00017
0.000351
0.000517
0
0.000173
0.000167
0
0.000348
0
0.000871
0
0.000169
0
0.00017
0.000169
0.000172
0
0
0
0.000337
0.000172
0.000334
0.000168
0
0.000167
0.000335
0.000166
0.000165
0.000165
0
0.00033
0.000164
0.000162
0.000161
0.000161
0.000326
0.000165
0.000166
0
0.000497
0.000166
0.00017
0.000338
0.000497
0.000167
0.000167
0.000168
0.000336
0
0
0
0.000168
0.000163
0
0.000329
0
0.000163
0
0
0.000488
0.000324
0.000165
0.00017
0.000171
0.00033
0
0.000167
0
0.000348
0.000173
0.000173
0.000173
0.000168
0
0.000497
0
0
0.000508
0.000339
0
0.00067
0
0
0
0.000339
0.00017
0.000169
0
0
0.000175
0.000698
0.000175
0
0.000172
0
0.000352
0.000525
0.000175
0
0
0.000354
0
0
0.000532
0
0.000174
0.000525
0
0.000352
0.000357
0.000179
0.0009
0
0
0
0
0.000186
0.000188
0.001137
0.000191
0.000385
0
0.000192
0.00096
0.000192
0.000192
0.000194
0.000383
0.000385
0.00058
0
0.000392
0
0.000582
0.000194
0.000393
0
0.000193
0.010453
0.000194
0
0
0.000396
0
0.000199
0.000984
0.000196
0.000585
0.000196
0
0.000393
0.015349
0.000193
0.000375
0.000559
0.000186
0.000184
0
0.000181
0.000181
0.000735
0.000362
0.00018
0.000531
0
0.000176
0
0
0.000528
0.000702
0.000352
0
0
0
0.000179
0.000174
0.000173
0.000527
0.000358
0
0.000184
0.000181
0
0.000537
0
0
0.000184
0
0.000182
0.000368
0
0
0.000186
0
0.000373
0.016099
0
0.000186
0.000183
0
0
0.017497
0
0
0.000194
0.000189
0.000548
0.000371
0
0.000179
0.000355
0.000538
0
0
0
0
0.000178
0.000179
0.00018
0
0.000182
0.000179
0.000181
0.001243
0.000543
0
0
0.000189
0.00019
0.000377
0.000185
0
0.000372
0.000185
0
0
0
0
0
0
0
0.000361
0
0
0
0
0
0.000173
0.00314
0.000518
0.000175
0.000173
0.00017
0
0
0.000175
0
0.000173
0
0.000176
0.000173
0.000348
0
0
0.000173
0.000172
0.000174
0
0
0
0
0.000172
0.000171
0
0.000169
0
0.000171
0.000172
0.00017
0.014877
0
0
0.000517
0.00051
0
0.000352
0
0
0.000174
0.000175
0
0
0
0.000165
0.014314
0.000326
0.000324
0.000323
0
0.000324
0.000649
0
0
0
0
0.00017
0
0.000171
0
0
0
0
0.000171
0
0.000345
0
0.00035
0.000346
0.000345
0
0
0.000699
0.000342
0.000171
0
0
0.000176
0.000173
0
0.000174
0.000347
0.000177
0.000348
0
0.000175
0
0.000171
0.000171
0.000172
0.000174
0
0.000173
0
0
0.000179
0.000177
0.000533
0.000177
0.000179
0
0.000536
0
0
0.000179
0.000177
0
0.000177
0.000355
0
0
0.018051
0
0.000192
0.000194
0
0.000192
0.000195
0.000379
0.000377
0
0
0
0.000189
0.000375
0.00135
0
0
0.000572
0
0
0.000383
0.000968
0.000188
0
0.016114
0.000374
0.000189
0.000191
0
0
0
0.006852
0.000209
0.000196
0
0.000389
0.001437
0
0
0.000206
0
0.000207
0
0
0
0
0.00021
0
0
0
0
0
0.000421
0
0.000663
0.000218
0.000207
0.000205
0.000829
0.000207
0.000213
0.000222
0
0
0.00023
0.017393
0
0
0
0.014823
0.000207
0.000204
0.000201
0.000205
0
0
0
0.000203
0.000407
0.003287
0.000206
0.02016
0.000427
0
0
0
0.000418
0
0.012372
0.000421
0.00021
0.000209
0
0.000415
0
0
0.011782
0
0
0.012263
0.000216
0
0.000219
0.000224
0.000212
0.000212
0
0.000434
0
0
0.000214
0.000213
0
0.000222
0.000223
0.000221
0
0.000225
0
0
0.000224
0
0
0
0.000223
0.000223
0.000225
0.011026
0
0
0.000222
0.000223
0
0
0
0.000222
0.00022
0
0
0
0
0
0.000218
0
0.000218
0.000225
0
0
0
0
0
0
0
0.000219
0
0.000217
0.000217
0.000217
0
0.000437
0.000442
0
0
0.000219
0
0
0
0
0
0.000219
0
0.000216
0.000218
0
0.00022
0.000442
0.000223
0
0
0
0
0.000226
0.000226
0
0.000227
0
0.000459
0
0.000229
0.00023
0
0
0
0.000228
0
0.000226
0.000222
0.000222
0.000223
0
0.000216
0.000431
0
0
0.000431
0
0.000214
0.000226
0
0
0.000224
0.013592
0.000441
0
0
0.000215
0.000655
0
0.000219
0.000219
0
0
0.000223
0
0
0
0.000217
0.003899
0.000217
0
0.000218
0.000216
0.000222
0
0.000226
0.000667
0.000222
0.000222
0.000221
0.000448
0
0.000225
0
0
0
0.000222
0
0.000222
0
0.000224
0.000451
0
0.000225
0
0.000446
0
0.000231
0
0.000236
0
0
0.000226
0
0.000228
0.000227
0.000225
0
0.000224
0
0.000446
0.000223
0.000222
0
0
0.000664
0
0.000218
0
0
0.011168
0.000224
0
0
0
0.000224
0
0
0
0
0
0.000454
0
0
0
0
0
0
0
0
0
0
0
0
0.000449
0.000448
0.000224
0.000224
0.000445
0.000223
0.009868
0
0.000223
0.000224
0
0
0
0.010298
0
0.000222
0.000223
0.000223
0.000224
0
0
0.000458
0
0
0
0
0.000223
0.000223
0.000222
0.000445
0.003777
0.000222
0
0.00067
0.000432
0
0.000215
0.000214
0.000438
0.000216
0
0.000209
0.007381
0.000214
0.000216
0
0
0.00022
0.000708
0
0
0
0.000463
0
0.009951
0
0.000235
0.010748
0.00023
0
0.001808
0
0.000232
0
0
0
0
0.00023
0.000465
0.000237
0.000466
0
0.01359
0.000472
0.000239
0.00024
0.000245
0.000469
0.000237
0
0
0.000502
0.014496
0.000241
0.000732
0.000719
0.000238
0.000238
0.000483
0
0.000241
0.00024
0.000482
0
0.000482
0.002173
0
0
0.000229
0
0.000472
0
0
0
0.000227
0
0
0.000502
0.014945
0
0.000256
0
0
0.000257
0.000257
0
0
0
0
0
0.016333
0.000238
0.000234
0.013161
0.000474
0
0.000476
0
0.000474
0
0
0.000472
0.000238
0.000236
0.000233
0.000238
0
0.000231
0
0
0
0
0.000233
0.000228
0
0.000668
0.000444
0.000444
0.000235
0.000702
0.014526
0
0
0.015473
0.000224
0.000222
0.000223
0.000222
0
0.000223
0.000223
0
0.014929
0
0
0.000442
0.000222
0
0.000445
0
0.000218
0
0
0.000229
0.00047
0
0
0
0
0
0.000231
0
0
0
0
0
0.000237
0
0
0
0.000223
0
0.000228
0
0.000666
0
0
0
0
0.000219
0.000216
0.000212
0
0.000648
0.000215
0
0.000429
0
0
0
0.000428
0.00063
0.000211
0.000211
0.00042
0
0.000221
0.000443
0.000218
0
0.00022
0.000454
0
0
0
0.001819
0
0
0
0.00044
0.013837
0.000437
0
0
0
0.000217
0
0.00022
0
0.014318
0.000228
0
0.000221
0.000433
0
0
0.000207
0.000425
0.000212
0
0.000221
0.000434
0
0.000424
0.000437
0.014251
0
0.000225
0.000476
0
0.002015
0.000221
0.000228
0.000223
0
0
0.000446
0
0
0.000451
0
0
0.000459
0.014767
0.000668
0.014365
0
0
0.000223
0
0.000226
0
0
0
0.000214
0.000428
0
0.000209
0.000215
0
0
0.000429
0.000215
0.000216
0.000414
0
0.000207
0.000207
0.000206
0.002288
0.000205
0.000207
0.000422
0
0.000629
0.000204
0.000207
0.000202
0.000203
0
0.000206
0
0
0
0
0.000232
0
0.000233
0.000234
0
0.005381
0.000702
0
0
0
0
0
0
0
0
0
0
0.000873
0
0
0.001101
0
0.000209
0
0
0.000211
0
0.000211
0
0
0
0.000215
0.000643
0
0.000419
0.015189
0
0
0
0.000213
0
0
0.000213
0.000213
0
0.000219
0
0
0.000215
0.000222
0
0.000213
0
0
0
0
0.000212
0.000416
0
0.017987
0
0
0.000426
0.000213
0.000406
0.000201
0.000816
0
0
0
0
0
0.00062
0
0.015466
0
0
0
0
0
0.000633
0
0.000411
0.000408
0
0
0.00063
0
0
0
0.000199
0
0
0.014925
0.000797
0.000602
0.000198
0.000201
0
0.0002
0
0
0.000404
0.000204
0.000202
0
0
0
0.000209
0.000207
0.000207
0.000208
0
0
0
0
0
0
0.000881
0
0
0
0.018084
0.00022
0
0.000226
0.000216
0.000423
0
0
0.000211
0.000424
0
0.000213
0.00021
0.000425
0.000438
0
0
0.000221
0.00044
0
0
0
0
0
0.00022
0
0.000217
0.000217
0.000218
0
0.000218
0
0
0
0.000213
0
0
0
0.000213
0
0
0
0.000217
0
0
0.015481
0.015766
0.000226
0.00045
0
0.000225
0.016438
0.000415
0
0
0.000206
0
0
0
0
0
0
0.000412
0
0
0
0
0
0
0
0.000205
0
0.000202
0.000202
0.000598
0.000199
0.000198
0
0.015251
0
0
0.000198
0
0.000397
0
0.000199
0
0.000203
0
0.000198
0.000198
0.000205
0
0
0.000203
0
0
0.000207
0.000411
0
0.000205
0.000414
0.000615
0.000206
0.00021
0.000421
0.000212
0.000209
0
0.000207
0
0.000209
0
0
0.026187
0
0.000207
0.000207
0.000408
0
0.000207
0
0.000208
0.00021
0
0.000205
0.000203
0
0.000206
0.000207
0.000207
0.000203
0.000203
0
0
0
0
0.000211
0.012846
0.000218
0
0
0
0
0.00107
0
0.000212
0
0
0.000214
0.000217
0.000219
0
0.000221
0
0.000212
0.000642
0.000651
0
0
0
0.000213
0.000217
0
0.000217
0.004169
0.000215
0
0.000213
0
0
0
0.000212
0.000433
0.000218
0.000212
0
0
0
0
0
0
0.000861
0.000863
0
0
0.000215
0.000214
0.000432
0
0.000436
0.000429
0
0
0.000431
0
0
0
0.000225
0
0.000218
0
0
0
0
0
0.000216
0.000217
0.000217
0.000219
0.000438
0.000216
0
0.000221
0.000218
0
0.000217
0.00065
0.000218
0.000218
0.000215
0
0.000216
0
0
0.00022
0.00023
0
0.000222
0
0
0
0.000439
0.00044
0
0.00022
0
0
0
0.000232
0.000229
0.001139
0
0.000466
0
0.000691
0
0.00023
0.000229
0
0
0.000227
0
0
0
0
0.000225
0
0.000233
0.000231
0.000222
0.010862
0
0
0
0.000225
0.00045
0.000226
0.00023
0
0
0
0.000222
0
0
0.000217
0
0.00111
0.000443
0.011404
0.00022
0.000222
0.000664
0
0.000225
0
0.000442
0
0
0
0
0.012647
0
0
0.000689
0
0.00022
0
0.00022
0.000433
0.000902
0.000696
0.000441
0
0.000226
0
0.000221
0
0.001205
0.000231
0.000459
0
0.000226
0
0.00023
0
0
0.000232
0.001925
0
0.000477
0.011683
0
0
0
0.000243
0
0
0.000232
0.000472
0
0.000475
0
0
0
0
0.000466
0.000251
0
0
0.000241
0.000244
0.000471
0.000238
0
0
0
0
0
0
0.00023
0
0
0
0
0.010668
0.000233
0
0.00047
0
0
0.000472
0.000237
0.000253
0
0.0005
0
0.000507
0.001279
0.011684
0
0
0
0
0
0
0.000238
0
0
0.000241
0
0.000244
0.000241
0
0.000499
0.00049
0
0
0
0.000479
0
0.000479
0
0.000482
0
0
0.000485
0.00048
0
0.000727
0
0.000238
0
0
0.000475
0
0
0
0.012072
0
0
0.00024
0
0
0.001702
0.00024
0
0
0
0.000237
0.00048
0
0
0.000239
0
0.000494
0
0
0
0
0.000242
0.000239
0
0.000235
0
0.00024
0
0
0
0.000228
0
0
0
0.000229
0.000228
0
0.000455
0
0.000229
0
0
0
0.000241
0.011508
0
0.000467
0
0
0.000228
0
0
0
0.001605
0
0
0.001167
0
0
0.000233
0.000229
0
0
0
0.000229
0.00023
0.000232
0
0.000467
0.000233
0.000234
0.010159
0
0.000232
0.002762
0.00023
0
0.013081
0
0.000233
0
0
0.000229
0.000233
0
0
0.000232
0.000233
0.000466
0.011896
0.000236
0.000234
0
0
0.000229
0.010326
0.000231
0
0.000459
0
0
0
0.000457
0
0.00023
0.00023
0
0
0.00023
0
0.000227
0.000461
0.000227
0
0
0.000222
0.000221
0.000219
0
0.000225
0.000692
0
0
0
0
0
0
0.000227
0.000227
0
0
0
0.000466
0.000475
0.000234
0.000237
0.00049
0.000471
0
0.000452
0
0
0
0.000222
0
0
0.00023
0.000226
0
0
0.000663
0.000221
0
0.000223
0
0
0.000225
0.000239
0
0
0.000492
0.007176
0
0.000223
0
0
0.000446
0
0
0.000442
0.010617
0.000225
0.000228
0.01229
0.000236
0
0
0
0
0.000224
0
0
0.000226
0
0.000227
0
0
0
0.01236
0
0
0
0
0
0.000248
0.000472
0.00023
0.013161
0
0.000232
0.001849
0.000224
0.000219
0
0.000218
0
0
0
0
0
0
0.000432
0
0
0
0.000424
0
0
0
0.000212
0
0.000447
0
0.000223
0.000224
0
0
0.01211
0
0.000212
0.000211
0.000212
0.000213
0.000416
0
0
0
0
0
0
0
0.000415
0
0
0.000621
0.000209
0
0
0
0
0.000203
0
0.000197
0.000196
0.000196
0
0
0
0
0
0.000205
0
0.000411
0
0.000203
0.000407
0
0.000209
0.000209
0
0.000417
0
0.000411
0.000206
0.000208
0.000212
0
0
0.00021
0.000206
0.000205
0.000207
0.000212
0
0
0.000203
0
0.012487
0.00062
0.000205
0
0.000208
0.000208
0.011645
0.000639
0
0
0
0
0
0
0
0.033135
0.000637
0
0.00021
0.000432
0.000209
0
0
0
0
0
0
0.000218
0
0.000221
0
0
0
0.000223
0.000223
0
0
0
0
0
0.00022
0.000223
0
0.010916
0.000223
0
0.000224
0
0
0
0.000215
0
0.000214
0.00021
0.000213
0
0.000208
0.000207
0.000207
0
0
0
0
0.000212
0.000217
0
0.000228
0.003407
0
0
0
0
0.00043
0
0.000218
0
0
0
0.000446
0
0.000209
0
0
0
0.00041
0
0
0
0
0.000203
0.000618
0.000414
0
0.013983
0.000199
0.000197
0
0
0.000196
0
0.000397
0
0.000199
0.000201
0
0.013459
0.0002
0
0
0
0
0.013713
0
0.000202
0
0.000206
0
0.014114
0.000206
0.000411
0
0.000205
0
0
0
0.000205
0.000205
0
0
0.013161
0.000204
0
0
0.000201
0
0
0.000205
0
0.000402
0.000201
0
0.000205
0.014271
0
0.000201
0
0.000204
0.000203
0.000205
0.00062
0.000205
0.000206
0
0
0
0.00059
0
0
0.000197
0.000199
0
0.000199
0.000202
0
0.000399
0
0.000402
0
0
0
0
0.001801
0
0.000196
0
0
0
0.000195
0
0
0
0
0
0.000196
0.000193
0
0.000191
0.000758
0.000194
0
0
0.000192
0
0.000389
0.000195
0.000197
0.000395
0
0.000201
0.000205
0.000196
0.000199
0.000204
0.000411
0.00059
0
0
0
0
0.000608
0
0
0.000403
0
0.000411
0.000205
0.000208
0.000208
0
0.000406
0.000205
0
0.001836
0
0
0
0
0
0
0.000208
0
0
0.000214
0
0.000215
0.000218
0
0.000224
0.000224
0.000222
0.000221
0.000447
0
0
0
0.000224
0
0
0
0
0.000228
0.000226
0
0
0.000226
0
0.00023
0.000225
0.000227
0.000465
0
0
0
0
0
0
0
0.000222
0.00022
0
0.000223
0
0.000692
0.015837
0.000458
0.000219
0.000217
0
0.000429
0
0.000213
0
0.000659
0.01644
0.000217
0
0
0
0
0
0.000223
0.000226
0
0.000233
0
0
0
0.002525
0.000458
0.000225
0
0.000223
0
0.000229
0.000455
0
0
0
0
0.000224
0
0
0
0
0
0.000228
0
0
0.019266
0
0.000446
0.000223
0.000222
0.000435
0
0.000217
0.000222
0.000445
0.000439
0
0
0.000221
0
0
0.001436
0
0.000225
0
0.000468
0.000461
0.000676
0.000225
0
0.000223
0.000668
0.000669
0.000225
0
0
0
0.000449
0
0
0.000219
0.00044
0
0
0.000224
0.000671
0.000454
0.019279
0
0
0
0
0
0
0.00023
0.000227
0.000233
0.000229
0
0
0.000228
0
0
0
0
0.000223
0
0
0.018846
0.000681
0
0.00022
0.000219
0.000433
0.018747
0
0
0
0.000215
0.000431
0
0.000213
0.000217
0
0.000444
0
0.000217
0
0
0
0.00044
0
0
0.000221
0.000464
0.000901
0
0
0
0.000219
0
0.000436
0.018588
0
0
0
0.000442
0
0.000218
0
0.000219
0
0.000225
0.000226
0.000692
0.000461
0.000228
0.000229
0
0.000459
0
0.000225
0.000226
0
0
0.000226
0
0.000229
0
0
0
0.000441
0
0
0
0
0
0.000225
0
0
0
0
0.00023
0
0
0
0.000234
0
0.000466
0
0.000716
0.00073
0.00072
0
0.000232
0.000233
0
0
0.000233
0
0.000236
0
0.000478
0
0.000241
0.000488
0
0.000241
0.000489
0.000237
0
0.00023
0
0.000234
0.000233
0.000467
0
0.026505
0
0.000237
0
0.000237
0.000234
0
0
0.000706
0
0
0
0
0.000472
0.000236
0.000237
0.000236
0.000239
0
0.000238
0.000236
0.000238
0.000238
0
0.022972
0
0
0.02342
0.000484
0.000485
0
0
0
0
0
0.000253
0
0
0.00025
0
0
0
0.0005
0
0
0
0
0.000507
0.000505
0.000505
0.000252
0
0
0
0.000253
0
0
0.000257
0
0
0.000256
0
0
0
0
0.000252
0
0
0.000253
0
0.000514
0.000257
0
0
0
0
0.000257
0.000258
0
0.000253
0
0
0.000522
0
0.000262
0
0.017772
0
0.000268
0.001212
0.000302
0.03188
0
0.018405
0
0
0
0
0.000272
0.000272
0.000538
0
0
0
0
0
0
0
0.000263
0.000267
0
0
0.000266
0
0.000267
0.000799
0.000264
0.000529
0
0.000527
0.000261
0
0.000259
0.000261
0.000267
0
0.000272
0
0.00109
0.000275
0.000562
0
0.000284
0
0
0.00028
0.000566
0
0
0.000282
0.000283
0.000281
0.000282
0.0003
0.000295
0
0
0
0.000296
0.000296
0
0
0
0
0.000301
0.000602
0
0.000297
0
0
0.000302
0
0.019406
0
0.000604
0
0
0
0
0.000302
0.000299
0
0
0
0
0
0.000896
0.001204
0
0
0.000291
0.00029
0
0
0.000592
0
0
0
0
0
0.000312
0.000938
0.000295
0
0.000839
0.000278
0
0.000288
0.00029
0.000289
0
0.000295
0.000296
0.011663
0.00028
0
0.001924
0.000548
0.000272
0.000274
0.000265
0.000546
0.000578
0
0
0.000266
0
0
0
0
0
0.02622
0.000815
0
0
0.000257
0
0
0.000259
0
0.000589
0.000525
0.000262
0.001434
0.000438
0
0.000336
0
0
0.000886
0.00146
0.009215
0.003377
0.00046
0.008618
0.007396
0.004923
0.003495
0.025358
0
0.000319
0.0003
0.000283
0.002895
0
0.000841
0.002203
0.002436
0.002567
0
0.000578
0.000331
0
0.027881
0.001278
0
0.000874
0
0.000558
0.00028
0
0.000284
0.000271
0.000272
0.000815
0
0.000547
0.000258
0.000256
0
0
0.000261
0
0
0.022443
0.000814
0.001273
0.021195
0.000255
0
0
0
0
0.000708
0.000727
0.000484
0
0.000461
0
0
0.000434
0.000693
0.000679
0
0.000229
0.00069
0.000234
0.000221
0
0
0.000218
0.000223
0
0.001186
0.024711
0.00022
0.000217
0
0.000661
0
0
0.000449
0.000212
0
0
0.000218
0.000435
0.000221
0.001189
0.002524
0.000218
0.000221
0.000217
0.000216
0.00022
0
0
0.000218
0.000224
0
0
0
0
0.000212
0
0
0.000214
0.019359
0.000211
0.000208
0
0.000644
0.000206
0.000206
0.000211
0.000424
0.001465
0.000211
0.000203
0.000401
0.00061
0
0
0.000205
0.000203
0.001006
0
0
0.000202
0
0
0.000828
0.000203
0
0.0214
0.022823
0.000213
0
0
0
0
0.000205
0
0
0
0.000207
0.000208
0.000211
0.000639
0.000215
0.000431
0
0.000213
0
0
0
0
0
0.000213
0.000423
0
0
0
0
0.000211
0.000214
0
0.000436
0
0.000214
0.000217
0.000219
0
0
0
0
0
0
0
0.00021
0
0
0.021959
0
0
0
0
0
0.000209
0
0.000206
0.000205
0
0.000208
0.000417
0
0
0
0
0
0.002201
0
0
0.004205
0
0
0.004899
0.000937
0
0.019402
0
0
0.018295
0.000224
0
0
0
0.000223
0
0.000224
0
0
0
0
0
0
0
0.002893
0
0
0
0
0
0.002493
0.000225
0
0.000224
0
0.000224
0
0
0
0.000225
0
0
0.000442
0
0
0.00022
0
0.000232
0
0
0
0.000229
0.000234
0
0.00024
0.000228
0.000226
0
0.000222
0.000221
0
0
0.000455
0.015932
0
0.000222
0
0.000455
0
0
0
0
0
0
0
0.015236
0
0
0
0
0
0
0
0
0.013354
0.000221
0.000215
0.000215
0
0.000216
0
0.000217
0.000216
0
0.000215
0
0
0
0.001117
0.000218
0
0
0.011662
0
0
0.0117
0
0
0
0
0
0
0.000424
0
0
0.000215
0.000211
0.000212
0
0
0.013934
0
0.000467
0
0
0.000228
0.013755
0
0
0
0.015093
0
0.014646
0.000238
0.000238
0.000713
0
0
0.000437
0.000212
0.000212
0.000212
0
0
0
0
0.000207
0.000205
0
0.000614
0.000419
0.001108
0
0
0
0.00021
0.013322
0
0.000209
0.000421
0.000215
0
0.002313
0
0.000212
0.000213
0.000214
0.000211
0.000213
0
0
0
0.000212
0.000212
0.00085
0
0.000212
0.000426
0
0
0.003429
0.000216
0
0.000213
0.001103
0
0.000215
0.000217
0.000664
0
0.000218
0.000444
0.000445
0.000233
0
0.000227
0.000455
0
0
0
0
0
0.000241
0
0.000246
0.000489
0
0
0.000245
0
0
0.00026
0
0.000245
0
0.001028
0
0
0.000254
0.001049
0.000522
0
0.000261
0
0
0.000264
0
0.000535
0
0.000527
0
0.017769
0
0
0.016558
0
0
0
0
0.000284
0
0
0
0
0
0
0.000591
0
0
0
0
0
0.023912
0
0
0.019045
0
0
0.000289
0.000289
0
0.000289
0.0003
0
0
0.000308
0.000305
0
0.000312
0.000628
0
0
0
0.000314
0
0.000321
0.017269
0.000968
0
0.019588
0
0.000323
0
0.000324
0.000325
0.000325
0
0
0.018041
0
0
0.000379
0
0
0
0.000391
0
0.00039
0
0
0
0
0
0
0.000334
0
0
0.000339
0
0.000335
0
0
0
0
0
0.024984
0
0
0
0.000607
0
0
0
0
0.000305
0
0.000605
0
0.000299
0
0
0.000302
0
0
0
0
0.000297
0.000296
0
0.000298
0.000305
0
0.000295
0
0
0
0.000575
0
0.000284
0.000284
0
0.000286
0.000562
0
0.000273
0
0.000556
0.000279
0.000283
0.021672
0.000275
0.00027
0
0
0.000838
0
0
0
0.00027
0.001857
0
0
0.000265
0
0.000259
0.00026
0.000257
0
0
0.000539
0
0.022228
0.023455
0.00028
0.000857
0
0
0
0
0
0.003258
0
0.000265
0.019807
0
0
0.00027
0.000269
0
0.000268
0
0.000269
0
0.000271
0.000281
0.000272
0.000272
0.000546
0.003051
0
0
0
0
0.00027
0
0.000273
0
0
0
0
0.000266
0
0.000534
0.000266
0
0
0
0
0
0
0.000264
0
0.000261
0.000263
0.000537
0
0
0.000267
0
0
0
0
0
0.000528
0.000798
0.001068
0.000263
0
0.000522
0.000534
0.04478
0
0.000266
0.021503
0
0
0
0.000537
0.00026
0
0.000259
0
0.022402
0
0
0
0
0
0.000278
0.000548
0.000273
0.000273
0
0.000278
0
0
0.000546
0
0
0
0
0.001101
0
0
0.000565
0
0
0
0
0.022556
0.00027
0.00081
0.00054
0.000528
0
0
0.000267
0
0.000278
0.00083
0
0
0
0.000281
0.000287
0.000598
0
0.023174
0
0
0
0.000293
0
0.000317
0
0
0.027001
0
0
0
0
0
0
0.000328
0
0
0
0
0.021008
0
0
0.003079
0.000276
0.000288
0.023506
0.000292
0
0.000877
0
0
0.000277
0
0
0
0.000281
0.000286
0
0.000576
0
0.000294
0
0
0
0
0
0.019995
0
0
0.002698
0.000262
0
0
0
0.000532
0.000267
0.000266
0
0.00026
0.002622
0.000272
0
0
0
0.018573
0
0
0.021104
0
0.000865
0.022016
0
0
0
0
0
0
0
0
0.019569
0
0
0
0
0
0.023803
0.0008
0
0.00026
0
0
0
0
0.000237
0.00048
0.000241
0
0
0.000236
0
0.000696
0
0
0.000454
0
0.000223
0
0.000218
0
0
0
0
0.015011
0
0.000221
0.000217
0.000216
0
0.002835
0
0.000218
0
0.000217
0.000216
0
0
0
0
0
0.000217
0.015863
0.000659
0.000453
0.000664
0.000876
0.000221
0
0.000221
0
0
0.000431
0
0
0
0.000215
0.000436
0
0.000216
0.000216
0.00022
0.000436
0
0
0.000215
0
0.000215
0
0
0
0.000424
0.000211
0
0
0.000213
0
0.000215
0.01626
0
0.000216
0.000436
0
0
0.015618
0.000887
0
0.000453
0
0
0
0
0.000216
0
0.000218
0.000219
0
0
0
0
0
0.000235
0
0
0
0.000231
0
0
0
0.016997
0
0.000479
0
0
0.024854
0
0
0.00031
0.000617
0
0.000615
0
0
0
0
0.000302
0.000913
0
0
0
0
0.000246
0
0
0
0.016913
0
0
0.000235
0
0
0.00023
0
0
0
0
0.000231
0
0
0.000231
0.000476
0
0.000225
0
0.000222
0
0.000224
0.00023
0
0.000441
0.000225
0
0
0
0.000227
0
0.000235
0.000476
0
0
0.000492
0.000245
0.000244
0
0.000247
0.000245
0
0
0
0.000245
0
0
0
0.000492
0
0.000254
0.000246
0.000245
0
0
0
0
0.000737
0
0
0
0
0
0.000487
0.000234
0
0
0
0
0.000233
0.00024
0.000463
0.000231
0.000234
0.000233
0
0
0.000232
0
0
0.000228
0
0
0
0.000455
0.000228
0
0.019816
0
0
0.000464
0.000227
0.000226
0.000679
0.000226
0.000226
0.000229
0
0.000225
0.000225
0.017665
0
0
0.000223
0.000222
0.000446
0.000224
0.00022
0
0
0
0
0
0.000227
0.016655
0
0
0
0
0.000433
0.000876
0
0.00022
0
0.000213
0
0
0
0.000634
0.000209
0.00042
0
0.017835
0
0.000425
0
0.000213
0
0.000211
0
0.000415
0.000418
0.016862
0
0.000206
0
0.000202
0.000203
0.00041
0.000406
0.000202
0
0.000203
0.014165
0
0
0.000616
0.000209
0.000633
0
0.000208
0.000421
0.000211
0
0
0.000428
0
0.000217
0.000431
0
0
0
0
0.000217
0.000216
0
0.000219
0
0.000443
0.000222
0
0.000224
0
0.017524
0
0.000226
0.000227
0.000455
0.000225
0.017476
0.000229
0.000226
0.000675
0
0
0.000227
0
0
0
0.000229
0
0.000224
0
0.000224
0.000224
0
0.000219
0
0
0
0.000231
0
0
0.000449
0.000225
0.000229
0
0
0.000237
0.00023
0.000229
0
0.02351
0.000238
0
0.000471
0.000234
0.000233
0
0.019262
0
0
0.000237
0.000229
0.000912
0
0
0
0.000473
0.000233
0.000473
0
0
0
0.000249
0.000237
0.000236
0
0
0
0.000475
0
0
0.000234
0
0.000234
0.000242
0.000234
0
0
0
0.000234
0.0007
0
0
0
0.000225
0.000442
0.000225
0.000233
0.019849
0
0
0.014762
0.000238
0
0.01708
0.000476
0
0
0
0.000481
0.00024
0
0
0.000248
0.000253
0.000516
0.01873
0.01857
0.000252
0
0.000236
0
0.00264
0
0.000243
0
0.000264
0
0.021069
0.00025
0
0.020275
0.000733
0.000246
0
0.000238
0.000244
0.00024
0
0
0
0
0.000248
0.002107
0
0
0.018795
0
0
0.021214
0
0.000252
0.037518
0
0
0
0
0
0.001804
0
0.000501
0.000252
0
0.000255
0
0
0
0
0
0.000529
0
0
0.000539
0.002947
0
0
0.000268
0
0
0.00023
0.000226
0.000461
0.016516
0
0
0
0
0
0.000232
0.000471
0.000224
0.000455
0
0
0.022003
0.000222
0
0.000446
0.000432
0
0
0
0.000426
0.000212
0
0
0.000205
0
0.000208
0
0.000412
0.000207
0.000208
0.000438
0
0
0.000635
0.000632
0
0
0
0.000201
0.0002
0
0.000202
0
0
0.020054
0.00021
0.000412
0
0.000413
0
0
0
0.000204
0.000206
0
0
0
0
0
0.017777
0.000202
0.000211
0
0.000211
0.000205
0.000613
0
0
0.019468
0
0
0.000626
0.000812
0.000202
0.000207
0.000845
0.000206
0.000625
0
0.000199
0
0
0.000199
0
0
0
0.000196
0.000998
0
0.003058
0
0.000376
0.000191
0.000392
0
0.000196
0.000386
0.000191
0
0.000191
0.000193
0.00019
0.000194
0
0
0.000195
0.000584
0.000189
0
0.000191
0.000191
0.000378
0.000572
0.000379
0.000191
0.00019
0.000193
0.000193
0
0
0
0.000201
0.000199
0
0.000437
0
0
0
0.021924
0
0
0
0
0
0.023671
0
0
0
0
0
0.000191
0.018075
0.00019
0.000189
0.01833
0
0
0
0.000185
0.000186
0
0.000184
0.000185
0.007422
0.00019
0
0
0
0.000194
0
0.000377
0.000185
0.000556
0
0
0
0
0
0
0.00037
0.000374
0.00095
0
0.000419
0
0
0.000218
0.001962
0
0.003469
0.000205
0
0.01484
0
0.003222
0
0.004651
0.000201
0.016988
0
0
0
0.000192
0
0
0
0.000188
0.00308
0.000196
0.000199
0.000565
0
0.000193
0
0.000198
0.000192
0
0
0
0.000191
0
0
0.000197
0.000195
0.00019
0
0.000188
0
0
0
0.000187
0.000386
0
0
0.023591
0.017383
0.000385
0.000369
0
0.000183
0
0
0
0.000188
0.000191
0
0
0.000193
0.000193
0
0
0
0.000197
0
0.000197
0.021206
0.000196
0.000401
0
0.000197
0
0.000197
0
0.000201
0
0
0.000211
0.000215
0.000217
0
0.022308
0.000216
0.000202
0
0.000201
0
0.000388
0.000196
0
0
0.000376
0.000373
0
0
0.000189
0.000195
0.000394
0
0.00019
0.000193
0.000193
0.000195
0
0
0
0.000192
0.000193
0
0.000383
0
0
0
0.00061
0.000197
0
0.000194
0
0.000193
0.000192
0
0
0
0
0.000189
0.000761
0
0.000978
0.000382
0.001743
0
0.000191
0.000189
0.000573
0.000384
0
0.000934
0
0.006243
0.000751
0
0
0
0.000367
0
0.000374
0.000569
0.000191
0
0
0.000196
0.020134
0.000204
0.018018
0
0.000383
0.00038
0
0.000379
0.002328
0.000193
0.000196
0.000201
0
0
0.000196
0
0
0.000392
0
0
0.0008
0.0004
0.0004
0
0
0
0.000194
0
0
0.000388
0
0
0
0.000197
0
0
0.000394
0.000197
0
0
0.000392
0.000589
0.000195
0.000201
0
0.000207
0.0002
0.000202
0.000203
0
0.000201
0.000203
0
0.00398
0.000597
0.000195
0.015989
0.000195
0.00019
0
0.000192
0.000189
0
0.000385
0
0
0
0
0.000192
0
0.000191
0
0
0.000185
0
0
0.000188
0
0
0.000193
0.022882
0.000206
0.000204
0.001036
0
0.000195
0.003153
0
0
0.000201
0
0.000199
0.000202
0
0.000201
0.000203
0
0.0002
0.000201
0.000201
0
0
0
0
0
0
0
0.000201
0
0
0
0.000584
0
0.00019
0
0.000198
0.017492
0.000581
0.000192
0
0
0.000193
0.001936
0.000388
0
0
0
0.000194
0.000195
0.000193
0.000195
0.000193
0.000596
0
0
0.000634
0.000196
0.002634
0
0
0
0.002269
0.018591
0.000204
0.000857
0
0
0.000194
0.000192
0.000192
0.000387
0
0.00019
0.000189
0.00019
0
0
0
0.000194
0
0.00078
0
0
0.000194
0.00019
0.00019
0
0.000741
0.000187
0
0.000188
0.000189
0
0.000194
0.00019
0
0.000375
0.000185
0
0
0.000374
0.000373
0
0.00019
0
0.000383
0.000379
0.000379
0
0
0
0
0
0.000186
0
0.000183
0.000182
0
0.000181
0.00018
0.000361
0
0
0
0
0
0
0.000187
0
0.000187
0.000188
0.000189
0
0
0.000186
0
0
0.000191
0.000392
0.000388
0
0
0.000196
0
0.000386
0
0.0002
0.002826
0.000199
0
0.000197
0
0.000199
0
0
0
0
0.000202
0.000203
0.000202
0.000609
0.000404
0.000202
0
0.000202
0.000203
0
0
0
0.000405
0.000202
0.017647
0
0.000197
0
0
0.0002
0
0
0.000201
0.000407
0.000425
0
0
0
0.000428
0
0
0
0.000215
0
0.000213
0.000211
0
0.000214
0
0.000215
0.000216
0.00044
0.000224
0
0.000214
0
0.000212
0
0.000216
0.000213
0.000219
0.000635
0
0.000209
0
0
0
0
0.000208
0
0
0
0
0.000425
0
0
0.000429
0.000216
0.019135
0.000209
0.000207
0.0002
0
0.000198
0
0.0002
0
0
0.000197
0.000198
0
0.000198
0
0
0
0
0.017959
0.000209
0.000203
0
0
0.000416
0.018105
0
0.000202
0.000203
0.000206
0.000203
0
0.016905
0.000201
0.000202
0.0002
0
0.0002
0
0
0
0.000396
0
0.01671
0
0
0.000394
0.000202
0.000404
0.000201
0
0.000198
0.000196
0.000197
0.000196
0
0
0.000197
0.002621
0
0.000197
0
0
0
0
0.000191
0.000189
0
0.000191
0
0
0.000376
0
0
0
0.000186
0
0.000186
0.000186
0.001124
0
0.000552
0
0.000184
0
0
0.00018
0
0
0
0
0.000359
0
0
0
0.000367
0
0
0.000183
0.000182
0.000383
0
0
0.054094
0.000357
0
0.000182
0
0
0.000184
0.00037
0
0
0.000542
0
0
0.000179
0.000353
0.003191
0
0
0
0.00036
0.000357
0.002547
0.000176
0.000177
0
0.017078
0.000368
0.00018
0.000179
0.000542
0.000181
0.000371
0
0
0.000186
0.000184
0.000184
0
0
0.000564
0
0
0.017432
0
0.000187
0.000184
0.000367
0.000186
0.017517
0.000188
0.000187
0.015687
0
0.000766
0.012364
0.000206
0.000205
0
0.000205
0
0.000201
0
0.000204
0.003085
0.000205
0
0
0
0
0
0
0
0
0.000204
0
0.000208
0
0
0.0002
0.000403
0
0
0.000203
0
0.000207
0
0.000207
0
0
0
0
0
0
0
0
0.000405
0
0
0.000198
0
0.000195
0.000198
0
0.000405
0
0.000428
0
0.000217
0.019422
0
0.00021
0.000204
0
0
0.0002
0
0
0.000203
0
0.000203
0.000204
0.000206
0
0
0
0.000201
0.000202
0
0.000201
0
0.000201
0.000403
0.000621
0.000403
0.0002
0.0002
0
0
0.000208
0
0.000204
0
0
0.000209
0.000213
0
0.000413
0.000204
0.000202
0
0
0.000407
0
0.00041
0.000204
0.000409
0
0.000207
0
0
0
0.000206
0.000208
0.00021
0
0.018538
0.000213
0.000642
0.020509
0.000212
0
0.000209
0
0
0.000208
0.00021
0.000208
0
0
0
0.021179
0
0.000213
0
0.000208
0.00021
0
0.000209
0
0.00021
0.000208
0.000208
0
0.00021
0
0
0.000219
0.000722
0.003511
0.000218
0.000217
0
0
0
0.000218
0
0.000221
0.00022
0
0
0
0
0
0
0.000222
0
0.000225
0
0.000429
0
0.000211
0.000212
0
0.000212
0
0
0
0.000666
0.021071
0
0.000438
0
0.000221
0.000439
0
0.00022
0
0.000228
0
0
0.022067
0
0.000456
0.000461
0
0.000227
0
0
0.00023
0
0.000232
0.000693
0.000229
0
0
0.000221
0
0
0
0
0.000222
0.000444
0.017191
0.000461
0.00047
0.000234
0
0.021522
0
0
0.01997
0
0
0
0
0
0.000236
0
0
0.000241
0.019268
0
0.000935
0
0
0
0
0
0.000238
0.00047
0.000233
0.000235
0
0.000536
0.002765
0
0
0
0
0
0
0
0
0.00024
0
0
0
0.000488
0
0
0
0.000243
0
0.000247
0.000248
0.000748
0
0.000454
0
0
0.000463
0.000237
0
0
0.000231
0
0.000243
0.002688
0
0.000236
0.018368
0
0
0
0.00025
0
0
0
0.000247
0
0
0
0
0.000487
0
0.000244
0.000244
0
0.000249
0
0
0.000244
0
0
0.016667
0
0
0.018088
0
0
0.014622
0.000492
0.000248
0.00026
0
0.000257
0.018765
0
0.000258
0
0
0
0
0
0
0
0
0
0.000253
0
0
0.002514
0.000518
0.000514
0.000515
0.00102
0
0.019467
0
0
0.000252
0
0
0
0
0
0
0.000802
0.000251
0
0
0
0
0
0.000245
0.000498
0.000257
0
0.000251
0
0.000262
0
0.000522
0
0.000521
0.000261
0
0.000261
0.000518
0.00052
0
0
0
0.00026
0
0
0.000263
0
0.000263
0
0
0.000796
0.00085
0
0
0.000285
0.000287
0.047989
0.000862
0
0.000259
0.000258
0
0
0
0.000244
0.000248
0.0005
0.000247
0
0.000502
0
0.000251
0.000254
0.000249
0.000253
0.016815
0.000759
0.00025
0
0.00048
0.000235
0.000238
0.000979
0.000241
0.003148
0.000237
0.000481
0.000239
0
0
0.000251
0.001281
0
0.00227
0.000249
0.000246
0.000247
0.000249
0.000497
0
0.000514
0.000255
0
0.000506
0
0
0
0.000484
0.000243
0
0.000469
0.000478
0.000237
0.000241
0.00048
0.000243
0
0.000987
0.000934
0
0.000239
0.000236
0.0007
0.000466
0
0
0
0
0.000689
0
0
0.000457
0
0.000223
0.000222
0
0.004478
0.004827
0.000229
0.000448
0.000219
0
0
0.002018
0.001998
0
0.020171
0.002723
0
0.000237
0.001947
0.000224
0.00022
0
0.000427
0.000211
0.000496
0
0.000498
0.002165
0.001773
0.002118
0
0
0.000743
0.000253
0.000219
0
0.000947
0.00043
0
0.00201
0.000711
0.000216
0
0.001417
0.001222
0.00119
0.000709
0.000224
0.000226
0
0.000446
0.000492
0.001708
0.001235
0.000229
0.000223
0.001174
0.000501
0.000963
0.000247
0.016795
0
0
0.000481
0.000254
0.000783
0.000746
0
0.00024
0
0.000241
0
0
0.000507
0
0.000268
0.000274
0.001448
0.001097
0
0
0.001124
0.000278
0
0.000267
0.000249
0
0.011
0.0136
0.000244
0
0.00024
0.000238
0.000481
0
0.000238
0.000248
0.000701
0.000472
0
0
0.000241
0.017827
0
0
0
0
0.000249
0.000249
0
0
0.000247
0
0
0
0
0
0.015133
0
0
0
0
0.000244
0
0
0.000491
0.000247
0.004672
0.000481
0.000486
0.001008
0.000235
0.000231
0.000241
0.000496
0.001007
0
0
0
0
0
0
0
0
0.000237
0
0.000228
0.000227
0
0.000231
0.000715
0
0.000225
0
0.000219
0
0.000219
0
0
0.000226
0
0.000229
0.004229
0.00023
0
0
0
0
0.000661
0
0.000458
0
0.000226
0
0.000228
0.001413
0
0.000218
0
0
0
0.000438
0
0.000218
0.000217
0
0.000217
0.00021
0
0.01553
0.000209
0
0.000428
0
0
0
0.016372
0.000434
0
0
0
0.016362
0.000212
0.00021
0
0
0
0.000419
0
0.000212
0.000212
0.000208
0.000208
0.016545
0.001048
0
0
0.000406
0
0
0
0
0
0
0
0.014328
0
0
0
0
0.000383
0.000392
0.000191
0.000188
0.00019
0
0.000191
0
0
0
0
0.000193
0
0
0.000391
0
0
0
0
0
0
0.000191
0.019122
0
0.00019
0.015753
0
0
0.00019
0
0
0.017602
0
0
0.000186
0
0.000372
0
0
0.000183
0
0
0
0.000569
0
0
0.000188
0
0
0.004479
0
0
0
0
0.000216
0.000424
0.00041
0
0.000612
0
0.000198
0
0.000199
0.000391
0.000192
0
0.000558
0
0
0.000564
0.002357
0
0.000185
0.000187
0
0
0.000374
0.000378
0.000186
0
0.000183
0
0
0
0.000182
0
0
0.000362
0
0.003434
0
0
0.000589
0
0
0
0.000578
0
0.000389
0
0
0.000191
0.000192
0.003862
0.000413
0
0.000191
0.000194
0
0
0.000368
0.000185
0.000371
0
0
0
0
0
0.00089
0
0.000181
0
0.000179
0
0.000183
0
0
0.047098
0.000362
0.000543
0.000178
0
0.000179
0
0
0
0.000351
0
0.016143
0
0.000708
0.000697
0.000349
0.000348
0
0.000698
0.000175
0.000354
0.000355
0.000718
0
0.000184
0
0.00018
0.00036
0
0
0.00036
0
0.000368
0
0.000361
0.000734
0.000745
0.000929
0
0
0.000368
0.000181
0.000182
0.000182
0.000182
0.000367
0
0.000185
0.000373
0.000185
0.00056
0.000556
0.000364
0.000182
0
0.000181
0.000184
0.000739
0
0.000181
0.000182
0.000182
0.000182
0.000363
0.000183
0.000366
0.001854
0.000182
0.00018
0
0.000356
0.000175
0
0.000173
0
0.000524
0
0
0
0.000348
0.000364
0.000183
0
0.000189
0.008633
0
0.00058
0
0.000185
0
0.008611
0
0.000183
0.000184
0.000184
0
0.000185
0.000183
0.000545
0.000181
0.000362
0.00054
0.000366
0.000186
0.000188
0
0.000181
0.000182
0
0
0.000372
0.000181
0.000182
0
0
0
0
0.00036
0.000359
0.000179
0
0.000184
0
0
0
0.000182
0.000182
0.000183
0.000181
0
0
0.000183
0.000185
0.000185
0.000381
0.000192
0.000581
0.000381
0
0
0.000382
0.000192
0.000189
0.000749
0.002812
0
0.000559
0.000187
0.000188
0.000191
0
0
0.000749
0.000191
0.000378
0.000565
0.001146
0.000188
0
0
0.000379
0.005873
0
0
0.000586
0
0.000196
0
0.0006
0.018578
0.000199
0
0
0
0
0
0
0
0.000199
0
0
0
0.000409
0.000216
0
0.018245
0
0.000218
0.000218
0.000427
0.000208
0
0
0
0.000442
0
0
0.023912
0.001165
0.000232
0.003391
0
0
0
0.000634
0.00042
0.00021
0.000659
0.000208
0.000445
0.001086
0.000619
0
0.001882
0
0.000205
0.004344
0.000913
0.000407
0
0
0
0.000656
0.000209
0.000432
0.001969
0.000655
0.023006
0.000428
0.001333
0.000216
0.000838
0.000856
0.000214
0
0
0
0
0.000214
0.000201
0.000419
0
0.000203
0
0.000611
0.000641
0
0
0.000203
0.000203
0.000203
0.000425
0.000207
0.000415
0.000213
0.000634
0.000418
0.000416
0.000822
0
0.000416
0.000208
0.000214
0
0.000826
0.000201
0.000202
0.000202
0
0
0.000403
0
0
0
0.00041
0.000205
0.000207
0
0.000412
0.000614
0.00042
0
0.000418
0
0.001062
0
0.000427
0.002986
0.000656
0.000443
0.02393
0.000216
0.000438
0.000224
0.001616
0
0.000453
0
0.000222
0.000229
0
0.000687
0.000463
0.000457
0
0.000232
0.000232
0
0
0
0.000735
0
0
0.00024
0.000493
0.000253
0
0.000746
0
0.000254
0
0
0.000809
0.000476
0
0.000475
0.052103
0
0
0.000447
0
0
0.000443
0.000436
0
0
0
0.001279
0.000883
0.000422
0.000418
0.04802
0
0
0.000336
0.000321
0.000321
0
0.000333
0.000617
0
0
0.00031
0
0.000329
0.002864
0.000638
0.000615
0.000944
0.03296
0.000642
0.000632
0.000319
0.000624
0
0.000324
0
0
0
0
0.002114
0
0.000613
0.000608
0.027369
0.000586
0.000584
0
0.00184
0.003308
0.000907
0.0003
0
0.0003
0.000303
0.000285
0.000294
0
0
0
0
0
0.000567
0.000577
0.003941
0.000297
0.0006
0.029517
0.000301
0.000301
0
0.000312
0.000613
0
0.00029
0.000289
0.001735
0
0
0
0
0.000559
0.000526
0.000498
0
0
0.000776
0.000782
0
0.000252
0
0
0.000507
0.000255
0
0.000497
0.000239
0.000239
0
0.000508
0
0.000504
0.001524
0
0
0
0.000483
0.000498
0.000237
0.00073
0
0
0.000998
0.030977
0
0
0.026575
0.000243
0.000494
0.002686
0.000241
0
0.001232
0
0
0.000235
0.000232
0
0.000465
0.000466
0.000238
0.000236
0.000232
0
0.000954
0.000473
0
0.000237
0.000234
0
0.000231
0
0
0.000463
0.001182
0
0.000457
0.000229
0
0
0.00023
0
0.00023
0.000222
0.000223
0.000458
0
0
0.029034
0
0.000238
0.027499
0
0
0.002582
0
0
0
0
0
0.000255
0.000255
0.028241
0
0.000255
0.001122
0.000515
0
0
0.028403
0.00023
0
0
0.000225
0
0
0
0
0
0
0.000436
0
0.000454
0
0.000875
0.00022
0
0
0
0
0.00022
0
0
0.028758
0.00074
0.025974
0
0
0.00024
0.001474
0.000243
0.000227
0
0
0.000227
0
0
0.000227
0.000231
0
0
0
0
0.000442
0.026163
0.000649
0
0.000213
0
0.000222
0.00067
0
0
0
0.000231
0.000458
0.000233
0
0
0
0.000453
0.000458
0.026153
0
0.000227
0
0.000226
0
0
0.00022
0.000433
0.000657
0.00045
0.000434
0.000661
0.00022
0
0.000454
0.000223
0.000224
0
0.000226
0
0.000438
0
0.000217
0.000648
0.000659
0
0.000219
0.000213
0.000216
0
0.000655
0.000212
0
0.000215
0
0.000206
0
0
0.000203
0
0.000199
0.0008
0.000396
0.000397
0.000199
0.000784
0
0
0.000198
0
0.004904
0.000191
0.000188
0.000186
0.000191
0
0.00019
0
0
0.000196
0
0.000195
0
0.000823
0
0
0.000574
0
0.000386
0.002106
0.000812
0.000579
0.000191
0
0.004226
0.000398
0
0
0.000572
0.000191
0
0.000188
0.000186
0.000189
0.000386
0.000385
0.01564
0.000183
0.000594
0.000564
0.000385
0.000566
0
0.000537
0.000536
0
0.000181
0.00018
0
0.000548
0.000552
0.000552
0.000947
0.000383
0.015631
0.000741
0.000179
0.000365
0.000767
0.000371
0.000586
0.000763
0.001342
0
0.00115
0.00018
0
0.000369
0.000179
0.00056
0.001139
0
0.002675
0.000362
0
0
0
0.000944
0.000375
0.000766
0.000188
0.000183
0.000365
0.000642
0.000187
0
0
0.00077
0.00037
0
0
0
0.002267
0.00119
0.000189
0.000188
0
0
0.000382
0.001565
0.000373
0
0.000566
0.000191
0.000385
0.001242
0.000589
0.000197
0.001476
0.001254
0.000816
0.000594
0.000196
0.000598
0.002848
0.001514
0.000405
0.000404
0.000614
0.000613
0.002439
0.000628
0.000413
0
0.000643
0.000213
0.000424
0.000634
0.00042
0
0.00089
0.000437
0.000425
0
0.0034
0.001346
0.00075
0.000447
0.000225
0.001522
0.005995
0
0
0
0
0
0
0.000274
0
0
0.000881
0.000443
0.000444
0
0.00043
0
0.000431
0.701226
0.00372
0.1571
0
0
0.000319
0
0
0.000315
0.000941
0.000313
0.002352
0.001842
0.000607
0.000304
0.000303
0.000302
0.000611
0
0
0.000301
0.000304
0.0003
0
0.000292
0.000287
0.000866
0.000564
0.000563
0.000842
0.000572
0.000562
0.00028
0.000572
0.00085
0.000831
0.000275
0.001331
0
0.000792
0.001322
0.000265
0.000527
0.000527
0.000269
0.000547
0.000285
0.00142
0
0
0.000275
0
0.000559
0
0
0.000839
0.000277
0.000278
0
0.000278
0
0
0
0
0.000261
0
0.000251
0.000247
0
0.00049
0.003758
0
0
0.000741
0.000242
0.000495
0.02159
0
0
0
0
0.000729
0.000231
0
0
0
0
0.000454
0.000228
0
0
0.00024
0.017076
0.029689
0
0
0.000247
0.000245
0.000248
0
0
0.001321
0
0
0.022667
0
0
0
0
0
0.000215
0
0.000641
0.000427
0
0
0
0.000203
0
0.000205
0
0
0
0.000403
0
0
0.000382
0.000191
0
0
0
0
0.000567
0
0.000189
0.020536
0.000575
0.000748
0
0
0
0
0
0
0
0
0.021715
0
0.023868
0.000182
0.000359
0.00036
0
0
0.000183
0.000182
0.000356
0.00036
0.000176
0
0.000175
0
0.019704
0
0.00018
0.000364
0.000178
0.000355
0.000179
0.001301
0
0.000335
0
0
0
0.00102
0
0.000338
0.000168
0.000337
0.001554
0.000167
0
0
0
0
0.000341
0.000511
0.000169
0
0.000501
0.000167
0
0.000168
0.017095
0.000165
0
0.000166
0.000331
0.000165
0
0.000501
0.000164
0
0.000165
0.000496
0.000499
0.000166
0.000166
0.000164
0.000327
0
0
0.000165
0.000999
0.000335
0
0.000507
0.000337
0.000172
0.015897
0.016053
0.016003
0.000674
0.000166
0.000688
0.000338
0
0.000344
0.000343
0.00034
0.000171
0.000177
0.000878
0.000174
0.00035
0
0
0.000534
0.000527
0.00035
0.000526
0
0.000177
0.00053
0.00053
0.000355
0
0
0
0.000359
0.000186
0.000375
0
0.000181
0
0.001608
0
0.000173
0.015228
0
0
0.003276
0
0
0
0
0
0.000348
0.000174
0
0
0.005358
0.003623
0
0
0
0.00018
0.000176
0.001437
0.000175
0.000532
0.029591
0.000358
0.000173
0.000175
0.000348
0.000344
0.000343
0.000518
0
0.020087
0.00017
0.00034
0.000751
0.000342
0.00017
0.000653
0.000162
0.000161
0.000319
0.000161
0.000478
0.00016
0.00032
0.000478
0.000321
0.000476
0.000161
0
0.000488
0.000327
0
0.000164
0.000507
0.000343
0
0
0.000163
0.000659
0.00033
0
0.000162
0.000322
0.000324
0
0.000316
0.000316
0
0.000156
0
0.000164
0.000329
0.000491
0
0.00048
0
0.00016
0.00016
0
0
0.023675
0
0
0.000165
0.000165
0
0
0.000348
0.000526
0
0
0.000633
0
0.000212
0.001293
0.000429
0.000211
0
0
0
0.000837
0.001044
0
0
0.000411
0
0
0.000199
0.000196
0
0.000193
0.02538
0
0.000158
0.00016
0
0.000158
0
0
0
0.00046
0.000152
0
0
0.000312
0.000315
0.000304
0.000149
0
0.000306
0
0.000151
0
0
0.000948
0
0.000151
0
0
0.00015
0.00015
0.0003
0.000297
0.000301
0.00352
0.000303
0.000593
0.000148
0
0
0.000448
0
0
0.000302
0.000301
0.000299
0.000603
0.000607
0
0.000296
0.000442
0
0.000442
0.000291
0
0.000145
0.000435
0.000582
0.000148
0
0
0.000146
0
0.000295
0.000147
0.000293
0.000146
0.000142
0.000142
0
0.001315
0.000285
0.000141
0.000141
0.000144
0
0.000149
0
0.000312
0.000311
0.000452
0.000151
0.030182
0.000148
0
0.000148
0.000452
0.000586
0.000585
0.000146
0.000146
0
0.000443
0
0
0
0.0003
0.000299
0.000449
0.00015
0
0
0.000152
0.000153
0
0.00015
0
0.000452
0.000452
0.000299
0.000148
0
0.000477
0.000151
0
0
0
0.000147
0.000146
0.000456
0.000304
0.000447
0
0.000449
0.000304
0.000309
0.000158
0
0.000782
0
0
0
0.000477
0.000803
0
0.000328
0.000162
0.00016
0.000161
0
0.000318
0.00016
0.000162
0.000163
0.00016
0.000159
0.00048
0.000318
0
0
0.00048
0
0.000638
0.000159
0
0.000324
0.000156
0.000316
0
0.000158
0.00032
0.00016
0.000161
0.000159
0.000312
0.000482
0.000477
0
0.000317
0.000319
0.00016
0
0.00016
0
0.000158
0
0.00063
0.000158
0.000156
0.000157
0
0.000328
0.000327
0
0.000499
0
0
0.000156
0
0.000313
0
0.000155
0
0.00046
0.000783
0.001291
0
0.000154
0
0
0.000158
0.000327
0.000475
0
0.000158
0
0
0
0.000153
0
0.000155
0
0
0
0
0
1
0
0
0
0.001521
0
0
0
0.000169
0.000165
0.000328
0
0
0
0.000318
0
0
0.000162
0.000333
0
0.000327
0
0.000163
0.00033
0.000316
0.000155
0
0
0.000308
0.000154
0
0.000155
0
0.000154
0.000153
0.000306
0
0.000305
0
0.000154
0
0
0.000157
0.000314
0.000316
0.000315
0.000159
0.000159
0.000159
0.000315
0.000156
0.000157
0.000159
0.00016
0.000159
0.000319
0
0.000323
0.000323
0.000164
0.000326
0
0
0.000162
0.000163
0.00016
0
0.000321
0.000161
0.000161
0.000161
0
0.000161
0
0.00016
0.00016
0.000325
0
0.000161
0.000159
0.000478
0
0.000153
0
0.000469
0.000156
0.000158
0
0.000794
0.000156
0.000311
0.000155
0.000156
0
0
0.000468
0
0
0.000156
0.000308
0
0.000314
0.000311
0
0.000156
0.000311
0.000157
0
0.00046
0.000613
0.000307
0.000313
0.000156
0
0
0.000153
0.00016
0.000308
0.000465
0.000311
0.000156
0.000156
0
0
0.000158
0
0
0
0.000328
0.000161
0
0
0
0.000161
0.000159
0
0.000322
0
0.000492
0
0.000326
0.000164
0.000163
0.000169
0.000169
0
0.00017
0
0
0.000173
0.000525
0
0.000517
0.000174
0.000522
0
0
0
0
0.00069
0.000178
0.000174
0.001727
0.000169
0.000167
0.00017
0.00017
0
0.000172
0
0.000346
0.00052
0
0
0
0
0
0
0.00018
0.000361
0
0.000363
0.000182
0.000182
0
0
0.000183
0.000184
0
0
0
0.000181
0.000179
0
0.000357
0
0
0
0
0.000368
0.000363
0
0
0.000182
0
0
0.000896
0.000179
0.000359
0
0
0.000181
0
0.000537
0
0.00035
0.000549
0.000879
0.000359
0.000176
0
0.000177
0.000353
0.00017
0.000175
0.00017
0.00017
0
0
0.000878
0.000172
0.00017
0.000521
0.000544
0.000369
0.000171
0.000347
0.000345
0.000174
0
0.000171
0
0.000358
0
0
0
0.000179
0.000175
0
0.000172
0.000171
0.000349
0
0
0.000872
0.000168
0
0.000161
0.000685
0.00033
0.000834
0.000165
0.000506
0
0
0.000172
0
0.001017
0.000671
0
0.000688
0.000337
0
0.000165
0.000503
0.000167
0.000329
0.000163
0.000497
0.00066
0.000335
0.000336
0.00033
0.00034
0.000164
0.000507
0.000168
0.000168
0.000338
0.000504
0
0.000504
0.000527
0.00017
0.000166
0
0.000169
0.000167
0
0
0
0
0.000338
0.000166
0.001904
0.00017
0.000343
0
0.000169
0.000337
0.000349
0.000534
0.00017
0.00034
0
0.00034
0.00017
0.000517
0.000336
0.000167
0.000526
0
0
0.000331
0
0.000166
0
0.000163
0.000163
0.000491
0
0
0.000685
0.000341
0
0.000173
0.021567
0.00034
0.000167
0.000523
0.000171
0.000329
0.000164
0
0
0.00033
0.000493
0.000492
0.000331
0.000338
0
0
0
0.000336
0.000336
0
0
0.00017
0.000168
0.001364
0.001023
0.000349
0
0
0.002406
0
0
0
0.00017
0.00017
0.000682
0.00017
0
0
0.000176
0.001435
0.000348
0.00106
0.000174
0.000352
0.000528
0
0.000174
0.000176
0.000182
0.00203
0.00018
0
0.000178
0
0.000176
0
0.000177
0
0.000725
0
0
0.000548
0.000373
0.000182
0
0.000355
0.000178
0.000181
0.000185
0.000787
0
0
0.000189
0.000193
0.000381
0.000379
0
0.000191
0.0004
0.000192
0
0.000196
0
0.00039
0
0
0
0
0.000201
0.000203
0.000201
0
0.000206
0.000205
0.000209
0
0.000652
0
0
0.000601
0.000198
0.004118
0.000194
0
0.000195
0
0.000404
0
0.000202
0
0
0.000197
0
0.000193
0
0.000193
0
0
0
0
0.000203
0.000408
0.000407
0
0.000198
0
0
0.000202
0
0
0
0
0
0
0
0
0.000808
0
0.025405
0
0.000241
0.000456
0.000227
0.000227
0.024752
0
0.000222
0
0.00022
0
0.022364
0.000213
0
0.000424
0.000622
0.000215
0.000427
0.000206
0.000414
0
0
0
0.000195
0.000196
0
0.000191
0.000387
0
0
0.000392
0
0
0.000388
0
0.000194
0.000385
0.000775
0.000386
0.000391
0.000398
0
0
0
0
0
0.000196
0
0.000397
0.000606
0.000821
0
0.000206
0.000205
0.000205
0
0
0
0.000208
0.000211
0
0.000212
0.000211
0
0.000222
0
0.000217
0
0
0
0
0
0
0.000677
0.00118
0.00161
0
0
0
0
0.000226
0
0
0.025569
0.000915
0
0.000445
0.026213
0.000216
0.000214
0
0
0
0.000213
0
0.002201
0.001523
0.000213
0.000214
0
0.000213
0
0
0.000215
0
0
0
0.000218
0
0.000443
0.000225
0.000224
0.000227
0.000931
0
0.000463
0
0.000234
0.000466
0.000945
0
0.000487
0.000245
0.023497
0
0
0.000264
0
0
0.023587
0
0
0
0
0
0
0
0.016393
0
0.754098
0
0
0.008852
0.000283
0
0.00029
0.000284
0
0
0.000291
0.000935
0
0
0
0
0.00029
0.008413
0.006783
0
0
0.001538
0
0.000311
0.000311
0.001096
0
0.000733
0.023671
0
0
0
0
0
0.000811
0
0
0.000409
0.011415
0
0
0
0.000834
0
0
0
0.000835
0
0.000413
0.000847
0.000408
0
0
0
0
0
0
0
0
0
0
0
