0
0
0
0
0
0
0
0.012048
0
0
0
0
0
0
0
0
0
0
0
0
0
0.004425
0
0.004149
0
0
0
0.003663
0
0
0
0
0
0
0
0
0
0
0
0
0
0
0
0.002717
0
0.00271
0
0
0.005277
0
0
0
0.00277
0.003802
0
0.003922
0
0
0
0.002725
0
0
0
0
0
0.002695
0.002725
0
0.005391
0.002674
0
0
0.002584
0
0
0
0
0
0
0
0
0
0
0
0
0.002591
0
0
0
0.002532
0
0
0
0
0
0
0
0.002532
0.002551
0
0
0.002618
0
0
0
0
0
0
0
0
0
0
0
0
0.004706
0
0
0
0
0.002252
0
0
0.002198
0
0.002183
0
0.004405
0.002174
0
0.006479
0
0.004283
0
0.002155
0.00211
0
0.002105
0
0.004246
0
0
0
0
0.002237
0
0.002217
0
0
0.004415
0.002174
0.002188
0
0.00216
0
0
0
0
0
0
0
0.002193
0
0.002273
0.002288
0.004587
0
0
0
0
0
0
0.002513
0
0
0
0
0.002625
0.002564
0
0.007853
0.005195
0.010309
0
0
0
0
0
0
0.002681
0
0.00266
0
0.002703
0
0.00274
0
0
0
0.002865
0
0
0
0
0
0.002933
0
0
0
0.005988
0
0.003003
0.003012
0.009009
0
0
0
0
0
0
0.006173
0
0.00627
0.006369
0.003096
0.003086
0.003096
0
0
0.002915
0
0
0
0
0
0.005587
0
0.005682
0.00277
0
0
0
0
0
0.002667
0
0.002551
0
0
0
0.002577
0
0
0
0.004975
0
0.002427
0
0
0
0
0
0
0.00232
0.002315
0
0
0
0
0
0
0
0
0.002262
0
0
0
0.002137
0
0.006944
0
0.00216
0
0.002198
0.002198
0
0
0.006637
0.002146
0
0
0
0.004158
0
0
0
0
0
0
0
0.002037
0
0.002049
0.004124
0.004175
0.004032
0.002016
0.009881
0.001988
0
0
0
0
0
0
0
0.001976
0.001969
0
0
0
0.001923
0.003899
0.001901
0
0.001949
0
0
0.003795
0
0.003802
0.001894
0.003788
0
0
0.005597
0.003745
0
0
0.005556
0
0
0.00369
0.001876
0.001901
0
0.001873
0
0
0
0
0.001855
0
0
0.001876
0
0
0.001965
0
0.001953
0
0.001916
0
0.003937
0
0.001965
0.009597
0.003906
0.001908
0
0
0.001866
0.007561
0
0.001942
0.003868
0.015385
0
0.001905
0
0.001859
0
0.001873
0
0
0.001862
0.001852
0
0
0.001855
0
0
0
0.001779
0
0
0.001742
0.003527
0
0.001709
0
0.001695
0.001701
0.001669
0.003205
0
0
0
0
0.006299
0.00158
0
0
0
0.001553
0
0.001555
0.012384
0
0.001585
0.007788
0.003106
0.001565
0
0
0.001529
0
0.00744
0.00149
0.001517
0
0
0.001484
0.002999
0.001502
0
0.001499
0
0
0
0.001466
0.001495
0
0
0
0.001479
0.002967
0.002946
0.001464
0
0.001456
0.001481
0.001481
0.001497
0
0
0
0.001536
0
0
0
0
0.00156
0
0
0.001631
0.003311
0
0
0.001613
0.003257
0.001634
0.003231
0.001626
0
0.001658
0
0
0.00335
0
0
0
0
0
0
0
0
0.003284
0.001631
0.001658
0
0.003356
0.001712
0.001715
0
0
0.001727
0.001742
0.005357
0.001779
0.001818
0.007299
0.009025
0
0
0
0
0
0
0.001946
0.00207
0.007463
0.002096
0.006148
0
0.002105
0.002169
0
0.002242
0
0.002299
0.002294
0
0.002398
0
0.002433
0.004751
0
0
0
0
0
0
0.002481
0
0.009804
0
0.002463
0.002439
0
0.002375
0
0
0
0.002347
0.004662
0
0
0
0
0
0.002392
0
0
0
0.007026
0
0
0
0
0.002481
0
0
0.002506
0
0.002532
0
0.002558
0
0
0
0
0.002646
0.005405
0.002725
0.002725
0
0.005602
0.002755
0.00565
0
0
0.002907
0.002959
0
0
0
0
0.006173
0
0.003086
0
0
0
0
0
0.006494
0
0.003247
0.006623
0
0
0
0
0
0
0
0.007326
0.00361
0
0.003704
0
0
0.004545
0
0
0
0
0.003922
0.02
0.015936
0.003759
0.003731
0
0
0
0
0.003356
0.003247
0.003145
0
0.002994
0
0.005764
0
0
0
0
0.002688
0
0
0
0.002538
0
0
0
0
0
0
0
0
0
0
0.002283
0.002273
0.002252
0
0
0
0
0.002119
0
0.002146
0
0.002096
0.002079
0
0.002062
0.004141
0
0.001984
0
0
0
0
0
0
0
0
0.004016
0.002049
0.002088
0
0
0
0
0
0
0.00207
0.002066
0.002096
0.023913
0.019663
0
0.002146
0
0.002066
0
0.002053
0.002053
0
0.002075
0.002066
0
0.004219
0
0.004264
0
0
0.008677
0
0
0.002203
0.002203
0
0.002193
0
0
0
0.004695
0
0
0.002398
0.004785
0
0
0.002387
0.002353
0
0
0
0.002331
0
0
0.006772
0.002288
0
0
0.002288
0
0.002283
0
0
0
0
0
0.002273
0.004577
0
0.004494
0.004454
0
0.002242
0.002232
0.002247
0
0.002252
0.002242
0.002227
0.002237
0
0
0
0
0.002193
0
0.002183
0
0
0.002114
0.004283
0
0.002137
0
0
0
0
0.002198
0.006579
0.006579
0
0.006494
0
0
0.00432
0.004274
0.004255
0
0
0.002083
0.004107
0
0
0
0
0.002033
0.01004
0
0.003922
0.003868
0
0.001931
0.001946
0.003846
0.001912
0.003824
0.001908
0.001905
0
0.00189
0.001908
0.001898
0.005629
0
0
0.001862
0
0
0
0.003704
0
0
0
0
0
0
0
0.003584
0.001855
0
0
0
0.001835
0
0
0.001938
0.004107
0
0
0
0.007722
0
0
0.001901
0
0
0
0.001938
0.005814
0.001927
0
0
0.001976
0
0.00202
0
0.002762
0.004796
0.002392
0
0.002193
0.002174
0.002179
0
0.002183
0
0
0
0
0.002146
0
0
0.002155
0
0
0
0
0
0.004348
0.002193
0
0.002198
0
0
0
0
0
0.002299
0
0.004662
0.004751
0.002315
0.002364
0
0
0
0.002519
0
0
0.002525
0
0
0
0
0
0
0
0
0
0.002747
0.002732
0.002793
0.002755
0.00277
0.002747
0
0
0
0.002841
0
0.015106
0.003086
0.020408
0
0
0
0.002801
0
0
0
0.002857
0
0
0
0
0.002703
0
0.002646
0
0
0.005089
0.005063
0.002457
0
0
0
0
0.002392
0
0.00232
0.002283
0
0
0
0
0
0
0
0
0.002188
0
0
0
0
0
0
0
0
0
0
0
0
0
0
0
0
0
0
0
0
0.002155
0
0
0.002155
0.002179
0
0
0
0.002079
0
0
0.003992
0
0.001976
0
0
0
0.004115
0
0
0.002092
0.00207
0.008299
0
0.002037
0
0.00616
0.004124
0.001988
0.007968
0.00198
0
0
0
0
0
0.002008
0.008247
0.002045
0
0
0
0.002041
0.00616
0
0
0
0
0.002024
0
0
0
0
0
0.002045
0.008333
0.002141
0
0
0
0.002304
0
0
0
0
0
0
0
0
0
0
0
0
0
0
0
0
0
0
0
0.007449
0
0
0
0
0
0.004673
0
0
0
0
0
0
0.003273
0.003247
0
0
0
0
0.001605
0.001608
0.001626
0
0
0.001577
0
0
0.001582
0
0
0.004673
0
0
0
0
0.001506
0
0
0.002999
0
0.001513
0
0
0.003086
0.003101
0
0
0
0.001585
0.006329
0.0048
0.001618
0
0.003339
0.003333
0
0
0
0
0.001698
0
0.001678
0
0.001664
0.001684
0.001675
0
0
0.001669
0.003361
0
0
0
0.001639
0.001656
0.001672
0
0
0
0
0.001642
0.003306
0.001642
0
0.001658
0
0
0.003306
0
0.00495
0
0
0.001642
0.003273
0
0
0
0
0.003339
0
0.001637
0
0
0
0
0
0.001706
0
0.001754
0.001783
0.001761
0
0.001783
0.00177
0
0.001757
0
0.001779
0
0
0
0
0.001795
0.001783
0
0
0
0.00369
0
0.001852
0
0
0
0.001934
0
0
0
0.001898
0.003738
0
0
0
0.001852
0
0
0.003759
0
0.003663
0.001795
0
0.003597
0
0.00177
0
0
0
0
0
0.001745
0
0
0
0
0.003521
0.001825
0.002404
0
0
0
0.003396
0
0.001647
0.003247
0.003231
0.003205
0
0.001582
0
0
0
0.003115
0
0.003115
0
0
0
0.0048
0.004673
0.001534
0.001536
0
0.008876
0.001468
0.002915
0.001447
0.00436
0.008487
0.009804
0
0
0
0.002649
0
0.002703
0.001333
0
0.001307
0
0.002608
0
0
0
0
0
0.003979
0
0
0
0
0
0
0.00128
0
0.002656
0
0
0.007812
0.001309
0.001337
0.001326
0
0
0
0
0
0
0.006729
0.004021
0
0
0
0.001372
0
0
0
0
0
0
0
0
0
0
0
0
0
0.00156
0
0.00159
0.001603
0
0
0
0.00311
0.003067
0.001541
0
0.001543
0
0.001511
0.004498
0
0
0.001468
0
0.007267
0
0
0
0
0
0.001439
0
0
0.00141
0
0
0
0
0.002837
0.002837
0
0
0
0
0
0
0
0.002041
0.003017
0
0.003086
0
0
0.001513
0
0.001508
0.001527
0.001517
0.001502
0
0
0.002392
0
0.003268
0
0.003125
0
0
0.003231
0.001642
0.001672
0.001704
0
0.001678
0
0.001675
0.00339
0.001704
0.005102
0.001704
0
0.001712
0
0
0.001761
0
0
0.001724
0.001748
0.007092
0
0
0.007156
0.001779
0.001818
0
0.001912
0.004237
0.001972
0.003861
0
0.001887
0.001852
0.001855
0.001916
0.003854
0.003922
0.001961
0
0
0.002012
0.003914
0.001894
0
0
0.001938
0
0
0.001795
0
0
0.001795
0.001792
0
0
0
0.001869
0.001916
0
0.001934
0.003868
0.003891
0.003876
0
0.001912
0
0.001905
0
0
0
0.001957
0
0.002
0.005964
0.001976
0.001957
0
0
0
0.001923
0
0
0
0
0.001949
0
0.001887
0.001901
0.003868
0
0.001949
0
0.003922
0
0.001934
0
0.005725
0.003876
0
0.00202
0.005964
0.005859
0.005725
0.003781
0
0.00565
0
0.011299
0.001876
0.001901
0.00578
0.009416
0.001908
0.001949
0
0.001901
0
0.001934
0
0
0
0.001825
0.001818
0
0
0
0
0.001767
0.001789
0
0
0.001866
0
0
0.001838
0.001873
0
0
0
0.001832
0
0
0.001821
0.001832
0.003617
0
0
0
0
0
0
0
0
0.001742
0
0.003466
0
0.001748
0
0
0
0
0
0
0
0.001767
0
0
0
0
0.001751
0
0
0.001721
0
0
0.001736
0.001733
0
0
0
0.001709
0.006908
0.001721
0.001695
0.003419
0
0.001661
0.001656
0.004967
0.003289
0.006601
0.0033
0.001661
0
0
0.003373
0
0.006579
0
0
0.003333
0.001647
0.003328
0.00321
0.011272
0.003231
0.001603
0
0
0.013029
0.001629
0.003273
0
0
0
0.001629
0
0.001597
0
0
0
0
0
0.001522
0
0
0
0
0.003026
0
0.003026
0.00156
0.003115
0.001613
0
0
0.00156
0.004724
0.001517
0
0.001484
0.001488
0.002946
0.002937
0
0
0.001499
0
0.001504
0.001517
0
0
0.004658
0.001555
0.001577
0.00155
0.00161
0
0
0
0
0
0
0
0.00156
0.001585
0
0
0.001543
0.003115
0
0.004777
0.006462
0.006441
0.00641
0
0.001639
0.00335
0.001686
0
0
0.001727
0.001715
0.001698
0
0.010204
0
0.001718
0.001678
0.003436
0
0
0
0
0
0
0
0
0.001779
0
0
0
0
0.003717
0
0
0
0
0
0.003704
0
0
0
0.001953
0.001972
0
0
0
0
0
0
0
0
0
0
0
0
0.002016
0
0.004386
0
0
0
0
0
0.004098
0.002045
0
0
0.002092
0.002105
0
0
0.002105
0
0.002188
0
0
0
0.002268
0.004577
0
0
0
0
0
0
0
0
0.006803
0.006772
0
0.002193
0
0
0
0
0
0
0.002137
0
0
0
0
0.002169
0
0
0.002174
0.004292
0.002151
0
0
0
0
0
0
0
0
0
0
0
0.002105
0
0.002128
0
0
0
0
0.002193
0.002151
0.002155
0
0
0
0
0.004494
0.002283
0.002331
0
0.002283
0.004515
0
0
0.004464
0.002237
0.002237
0
0
0
0.002155
0.002132
0.002132
0
0.002146
0
0.002123
0
0
0
0.002105
0
0
0
0
0.004202
0.002174
0.002242
0
0.003175
0
0
0.002132
0
0
0
0
0
0
0
0
0
0.002028
0
0
0.002024
0
0
0
0.001923
0.001916
0.001919
0
0.001912
0
0
0
0
0
0.001992
0.00542
0
0
0
0.003795
0.003676
0
0
0
0
0
0
0
0
0
0
0
0.003824
0
0.001919
0.001931
0
0
0
0.008913
0.003552
0
0
0
0
0
0
0.001876
0
0.001795
0.00354
0.003509
0.001764
0.001767
0.008818
0
0.001808
0.001795
0
0
0.00692
0.003448
0
0.001718
0.003448
0.008591
0.003448
0
0
0.005059
0.001667
0
0.00318
0
0
0
0
0
0
0
0
0.00156
0
0
0
0
0
0
0.004777
0.00156
0.003195
0
0
0
0
0.001486
0.004525
0
0
0.001527
0.001553
0.001553
0.004587
0.01072
0
0
0
0
0
0
0
0.001701
0.003373
0
0.001718
0
0.003425
0.006897
0.001733
0.001751
0
0.001764
0
0
0.005291
0.001779
0
0
0.001838
0
0
0
0.001792
0.003559
0
0
0.001786
0.001818
0.003565
0.003711
0
0.001821
0
0
0
0
0
0
0
0
0
0.001908
0
0.001961
0
0
0
0
0
0.002193
0
0
0
0
0.004264
0
0
0
0.004494
0
0.004474
0.002262
0.004535
0.002278
0
0
0.004717
0.004773
0.00237
0
0.002488
0.007538
0.005013
0.002506
0
0
0.007538
0
0
0
0.0025
0
0
0
0.002488
0
0
0.002469
0.002525
0.002551
0.002494
0.005063
0.002475
0.005089
0.002445
0
0.002463
0.002439
0
0.002475
0.007444
0
0.002469
0.004926
0
0.002445
0.002463
0
0
0.004796
0
0.007075
0
0.002309
0
0
0
0
0
0.004525
0
0.002262
0
0
0.006579
0
0
0.002151
0
0.00216
0.002155
0
0
0
0
0
0
0
0.002232
0
0.002114
0
0
0
0
0
0
0
0
0
0
0
0
0.006508
0.00211
0.002041
0.002045
0.002037
0
0
0
0.002049
0.008147
0.002037
0
0.002
0
0.001984
0
0
0
0.008247
0.006211
0.002123
0
0.002123
0
0.004175
0
0
0
0.002033
0.002075
0.002033
0
0
0
0.004065
0.001953
0
0
0.001965
0.007782
0.001949
0
0
0
0.001934
0.005769
0.009766
0.001942
0.001919
0
0.001905
0
0
0
0.001876
0
0
0
0
0
0
0.001894
0.003824
0
0.003717
0.007353
0
0
0
0
0
0.007519
0
0
0.009452
0.005693
0.011342
0
0
0
0
0.001953
0.006198
0.001931
0
0
0.001898
0
0
0
0
0.003846
0.001919
0.001949
0.001957
0
0
0.001984
0.001969
0
0
0
0
0.00813
0.002024
0.001984
0.001996
0
0.003945
0
0.003984
0.002028
0.002008
0.001992
0
0
0
0.005964
0.002004
0.001976
0.002016
0
0
0.004082
0
0.00207
0
0
0.002174
0
0
0.004386
0
0
0.002128
0
0.002101
0.002096
0.002079
0
0.006303
0.002114
0.006369
0
0.006369
0.002096
0.002096
0
0.010482
0
0
0
0
0.004024
0.001949
0.001972
0.001923
0
0
0
0
0
0
0.001996
0.00404
0.002119
0.166667
0
0
0.001786
0
0
0.003419
0.001692
0
0.005111
0.003431
0.001695
0
0.005059
0
0
0.004967
0
0.001618
0.001597
0
0.00158
0
0
0.002985
0.002994
0.001497
0.00295
0.001479
0.001471
0.00292
0
0.005806
0
0
0.001441
0.00142
0
0
0
0.001418
0
0
0
0.002874
0
0.001429
0
0
0.001425
0
0
0
0
0
0.001513
0
0.001613
0
0
0.008787
0
0
0.001647
0
0
0.001631
0
0
0
0.001712
0
0
0.001739
0.001812
0
0
0.001795
0.001776
0
0.001808
0.003717
0
0
0.003636
0
0.001838
0.003738
0.009208
0.003663
0
0
0
0
0.00207
0.00207
0.002062
0
0
0
0.002141
0
0
0.002217
0
0.002208
0.002222
0
0
0
0
0
0
0
0
0.00241
0.002421
0
0
0
0
0
0
0
0.002475
0.002494
0
0.0025
0
0
0.002551
0.005181
0
0.002584
0.002597
0.005222
0
0.002604
0.002577
0
0
0
0
0
0.002786
0.002817
0
0
0.002778
0
0
0
0.008475
0.002747
0.002755
0.002809
0
0
0
0
0
0.002841
0.005666
0.005666
0
0
0
0.002899
0.002874
0
0
0
0
0
0
0
0
0
0
0
0.002915
0
0
0
0.005618
0
0
0
0
0.002841
0
0.009464
0.013423
0
0.003257
0.025316
0.006061
0
0
0
0
0.002865
0.003289
0.005682
0
0.002809
0.002825
0.002874
0
0.002841
0
0.002841
0
0
0
0.002924
0
0.002899
0.002959
0
0.002933
0.002933
0.00295
0
0
0
0.002941
0.002933
0
0
0
0
0
0.011905
0
0
0
0.00578
0.002874
0.002849
0.002874
0
0
0
0
0
0
0.002915
0
0.00295
0.002915
0.011461
0.002793
0
0
0.002933
0
0
0
0
0
0
0.005571
0.002681
0
0
0
0
0
0
0
0
0
0
0
0.005464
0.002681
0
0.002639
0
0
0.002639
0.005168
0.005181
0.007692
0
0.002564
0
0
0.002451
0.00489
0.004878
0
0.002457
0.004843
0
0
0.00241
0
0
0.009547
0.007075
0.002364
0.002331
0
0
0
0.002342
0
0.002331
0.002288
0
0.006977
0
0.002299
0
0.002268
0
0
0.002336
0
0
0
0
0.004464
0
0.004494
0.004515
0
0
0
0.002257
0
0
0.002273
0
0
0
0
0
0.002119
0
0
0.005964
0.002
0.001934
0
0
0
0
0
0.003929
0.001957
0
0
0
0
0.00578
0
0
0
0
0.001961
0
0
0
0.005906
0.01
0
0
0
0
0.006073
0
0.001976
0
0
0
0
0
0
0
0
0
0.006024
0.004016
0
0
0
0
0
0
0.004228
0.002141
0.002151
0
0.004098
0
0.006479
0
0.002079
0.00216
0.002188
0
0
0.007109
0.004405
0
0
0
0
0.002092
0
0
0
0.002088
0
0.002096
0
0
0
0.001996
0
0.006073
0.01
0
0.004049
0
0.002037
0
0
0
0.004065
0
0.002119
0
0.003205
0.002123
0
0
0.002062
0.002016
0.002041
0.004073
0.002004
0
0
0.001942
0
0
0
0
0.001916
0
0
0
0.001838
0.001835
0.001835
0.003584
0
0.001786
0.001783
0
0.003617
0
0.005607
0.001859
0.003676
0.011152
0.001845
0
0.001818
0
0.003676
0
0
0
0
0.005505
0.001815
0
0
0
0
0
0.001852
0
0
0.001792
0
0
0
0.001855
0.001887
0
0
0
0
0.003922
0
0
0
0
0
0
0
0
0.002053
0
0
0
0
0.00211
0
0.002128
0
0
0
0
0.004515
0
0
0.002232
0
0
0.002288
0.002309
0
0
0
0
0.002309
0.002342
0
0.00542
0
0
0.003257
0
0
0
0.002342
0
0
0
0.002494
0
0
0
0
0.002232
0
0
0
0
0
0
0
0
0.002342
0
0
0
0
0
0.007353
0.003236
0
0.006711
0
0
0.003534
0
0
0
0
0
0.002481
0.004785
0
0
0
0
0
0.004684
0.002331
0
0
0
0
0
0.002288
0
0.004673
0
0
0
0
0.0033
0
0.002398
0
0
0.004819
0
0
0
0
0
0.002421
0
0
0
0
0.002445
0
0.002427
0
0
0.004808
0
0
0.005587
0.007732
0
0
0
0
0
0.002545
0.002469
0.002488
0
0.002653
0
0
0
0.003922
0.002933
0
0
0
0
0.002778
0.002874
0
0
0
0.002907
0
0
0
0
0
0
0
0
0
0
0.005495
0.003165
0
0
0
0
0
0
0.004065
0
0
0.00823
0
0
0
0.003205
0
0
0
0
0
0
0.003058
0
0.003049
0.003077
0.003003
0.002976
0
0
0
0
0
0
0
0
0
0
0
0
0
0
0
0
0
0
0
0
0
0.002985
0
0
0
0.003096
0
0.003195
0
0.003086
0
0
0
0
0
0
0
0.003067
0
0
0
0
0
0.003021
0
0
0
0.002924
0
0
0
0
0
0
0
0
0
0
0
0
0.002695
0
0
0.006024
0
0.002538
0
0
0.005089
0.009901
0
0
0
0
0
0
0
0
0.002415
0.007264
0.002331
0.002315
0
0.002342
0.002294
0
0
0
0.002299
0
0
0.002237
0.002278
0
0.002268
0
0
0.003257
0
0
0
0.00216
0
0
0
0
0
0
0.002165
0
0
0
0
0
0.002203
0
0.002257
0.004545
0
0
0.00237
0
0
0
0.003003
0
0
0
0.003145
0
0
0
0
0
0.003021
0
0
0
0
0
0
0
0
0
0.00365
0
0
0
0
0
0
0
0
0
0
0
0
0
0
0
0
0
0
0
0
0
0
0
0.005128
0
0
0
0
0.005263
0
0
0
0.009524
0
0
0.004566
0
0
0
0
0
0
0
0
0
0
0
0
0
0
0
0.012739
0
0
0
0
0.005291
0
0
0.005208
0
0
0
0.005155
0.005102
0
0
0
0
0.010256
0
0
0
0
0
0
0.004219
0.00431
0.004367
0.004016
0
0
0
0
0
0
0
0
0
0
0
0
0
0
0
0
0
0
0
0
0
0
0
0
0.007576
0.003846
0
0
0
0
0
0
0
0
0
0
0.009662
0
0
0
0
0
0
0
0
0
0
0
0
0.009346
0
0
0
0
0
0
0
0
0
0
0
0
0
0
0
0
0
0
0
0.003571
0
0
0
0
0.003906
0
0
0
0.007353
0
0
0
0
0.003745
0
0
0
0
0
0
0
0
0
0
0
0
0
0
0
0
0
0
0
0
0
0
0
0
0
0
0
0
0
0
0
0
0
0
0
0
0
0.006173
0
0
0
0
0
0
0
0
0
0
0
0
0
0
0
0
0.002481
0
0
0
0.004673
0
0.002415
0
0.00241
0
0
0
0.002469
0
0
0
0
0.002639
0
0
0
0
0.003135
0
0
0.002571
0
0
0
0
0
0
0
0
0
0.002433
0.004914
0
0
0
0
0.02069
0
0.041791
0
0.002513
0
0
0
0
0.002331
0.002347
0
0
0
0
0.002342
0
0
0.002577
0
0
0
0
0
0
0
0
0
0
0
0
0
0.002481
0
0
0
0.002488
0
0
0
0
0
0.002294
0
0
0
0
0
0
0
0.002252
0
0
0
0.002299
0.002433
0
0.004926
0.004762
0
0.007143
0
0
0.002227
0.002288
0.006494
0
0
0
0
0
0
0
0
0
0.004535
0
0
0
0.002364
0.00241
0
0
0
0
0
0.002457
0
0
0.002387
0
0
0
0.002336
0
0
0
0
0.002342
0
0.002358
0
0
0.004577
0
0
0
0
0
0
0.002237
0
0
0.002151
0
0
0
0
0
0.002062
0.002037
0
0
0
0
0
0
0.001972
0.002053
0.002083
0
0
0
0
0
0
0
0.002004
0
0
0
0
0
0.002045
0.002028
0.002058
0
0.00207
0
0
0
0
0.002146
0
0
0
0
0
0
0.002155
0
0
0
0
0
0
0
0
0
0
0
0
0
0
0
0
0
0
0
0
0
0.002469
0.002667
0.002179
0
0
0
0.002132
0
0
0
0
0
0
0
0.002268
0
0.002179
0
0
0
0.004425
0.002169
0
0
0
0
0
0
0
0
0
0.00271
0
0
0
0
0
0
0
0.002208
0
0
0.002212
0
0
0.002217
0.002174
0
0
0.004107
0
0
0
0
0
0
0.001953
0
0.002907
0
0
0
0.003774
0
0.00188
0
0
0
0
0
0.001908
0
0
0
0
0
0
0
0
0
0
0.001946
0.004246
0.002092
0
0
0
0
0.001961
0
0.001931
0
0.001894
0
0
0
0.001946
0
0
0.002062
0.002242
0
0
0
0
0
0.002083
0.004032
0
0
0.004008
0.004292
0
0
0
0
0
0
0
0
0
0
0
0
0.005181
0
0
0
0
0
0
0
0
0.004505
0
0.002299
0
0
0
0
0
0.002375
0
0
0.002326
0
0.00232
0
0.003831
0.002451
0.004854
0
0
0
0
0
0
0
0
0
0
0.0025
0
0
0.002532
0.005013
0
0
0
0.002558
0
0
0
0
0
0
0
0
0
0.002646
0
0
0.002597
0
0
0
0
0
0
0.002841
0
0
0
0.002732
0
0
0.00565
0
0
0.002976
0
0
0.006826
0.003175
0
0
0
0.006079
0
0
0
0.009009
0
0.003215
0
0.003077
0.00304
0
0
0
0
0
0
0
0
0
0
0
0
0
0
0
0.009174
0
0
0
0
0
0.004566
0
0
0
0.005051
0
0
0
0
0
0
0.166667
0
0
0
0.285714
0.285714
0.375
0
0
0
0
0
0
0.005102
0.004717
0
0
0
0
0
0
0
0
0
0
0
0
0
0
0
0.003257
0.006689
0.003322
0
0
0.003236
0
0.006289
0
0
0.003125
0.006211
0
0
0
0
0.003115
0
0
0.003096
0.003115
0
0.003096
0
0
0.003049
0
0
0.005865
0
0
0
0
0
0
0.005952
0.008969
0
0
0.00303
0.003049
0.003003
0
0.003058
0
0
0
0.002967
0
0
0
0
0
0.00627
0.002985
0.002841
0
0
0
0.002778
0.00271
0
0
0
0
0
0
0
0
0.002625
0
0
0
0
0.002611
0
0.00266
0.002755
0
0
0
0.002732
0
0
0
0
0.002882
0.002833
0
0.00277
0
0
0
0
0
0
0
0
0.002882
0
0
0.005814
0
0
0
0
0.002967
0
0
0
0
0.003021
0.00303
0
0.002874
0.002933
0
0
0
0
0.003012
0
0
0
0
0.003049
0
0
0.003058
0
0
0.003145
0
0
0
0.003096
0
0
0
0
0.003185
0
0
0
0
0
0
0.003279
0
0
0
0.01
0.003367
0
0.003322
0.003311
0.003236
0
0
0
0
0
0
0
0
0
0
0
0.003257
0
0
0
0
0
0
0
0.003185
0
0.006369
0
0
0
0
0.003145
0
0
0
0
0
0
0.009302
0
0.006098
0.003067
0
0
0
0.002967
0
0
0
0.00304
0
0.006079
0
0
0
0
0
0
0.002959
0
0
0.003058
0
0
0
0
0
0
0
0
0
0
0
0
0
0
0
0
0.002762
0
0.00578
0.002809
0
0.00545
0
0
0
0.002915
0.005618
0.002778
0
0
0
0
0
0
0
0
0
0
0
0
0
0
0
0
0
0
0
0
0
0
0
0
0
0
0
0
0
0
0
0
0
0.003571
0
0.003788
0
0
0.004032
0
0
0
0
0
0
0
0
0
0
0
0
0
0
0
0
0
0
0
0
0
0
0
0
0
0.004545
0
0
0
0
0
0
0
0
0
0
0
0
0
0
0
0
0
0
0
0
0
0
0
0
0
0.003195
0
0.003049
0.003012
0.005917
0.002825
0.002833
0.008427
0
0.002755
0
0
0
0.00489
0
0
0
0.002347
0.004684
0
0.002538
0.002427
0
0
0.002278
0.004494
0
0
0
0
0
0
0.002137
0
0.002179
0
0
0
0.002058
0
0
0.00202
0
0
0.002004
0
0
0
0.001984
0.002012
0
0
0
0
0.002049
0
0.004505
0
0
0.002083
0
0.002096
0
0
0
0
0
0
0.002119
0
0.002174
0.004228
0
0
0.002123
0
0
0
0
0
0.002146
0
0
0
0
0.002294
0
0.002299
0
0
0.002309
0
0
0.006865
0
0
0
0
0.004695
0.002415
0.002439
0
0.010283
0.002604
0
0
0
0.00289
0
0.003236
0
0
0
0
0
0
0
0
0
0
0
0
0
0
0
0
0
0
0
0
0
0.003846
0
0
0
0.004237
0
0
0
0
0
0.00463
0
0
0
0
0
0
0
0
0
0
0.005525
0
0
0
0
0
0.006452
0
0
0
0
0
0
0
0
0
0
0
0
0
0
0
0
0
0
0
0
0
0
0
0
0
0
0
0
0
0
0
0
0
0
0
0
0
0
0
0
0
0
0
0
0
0
0
0
0
0
0
0
0
0
0
0
0
0
0
0
0
0
0
0
0
0
0
0
0
0
0
0
0
0
0
0
0
0
0
0
0
0
0
0
0
0
0
0
0
0
0
0
0
0
0
0
0
0
0
0
0
0
0
0
0
0
0
0
0
0
0.004525
0
0
0
0
0
0
0
0
0
0
0
0
0
0
0.003546
0
0.00346
0
0
0
0
0
0
0
0.006024
0.002941
0
0
0
0
0
0
0
0.003165
0
0.003145
0
0
0.003344
0
0
0
0.003597
0.00369
0.003745
0
0.017021
0
0
0
0
0
0
0
0
0
0
0
0
0
0
0
0
0
0
0
0
0
0
0.007092
0
0
0
0
0
0
0.008264
0
0
0
0
0
0.014493
0
0
0
0.006024
0
0
0
0
0
0
0
0
0
0
0.010204
0
0
0
0
0
0
0
0
0
0
0
0.005051
0
0
0
0
0
0
0
0
0
0.003472
0
0
0
0
0
0
0
0
0
0
0
0
0
0
0
0
0
0
0
0
0
0
0
0
0
0
0
0
0
0
0
0
0
0
0
0.012
0
0
0
0
0
0
0
0
0
0
0
0
0
0
0
0
0.003215
0
0.002841
0.002865
0
0
0
0
0
0
0
0
0
0
0
0
0
0
0
0
0
0
0.002451
0
0
0
0.002506
0.008219
0
0.002551
0
0
0
0
0
0
0
0.002381
0
0
0
0
0
0
0
0
0
0
0
0.002242
0.002179
0
0
0
0
0
0
0
0
0
0
0
0.00216
0
0
0.00431
0
0.002203
0.002132
0
0.002096
0
0
0
0
0.002096
0
0
0
0
0
0
0
0.002058
0
0.004211
0
0
0
0
0
0.002
0
0.004008
0
0
0
0.002053
0
0
0
0
0
0
0
0.002033
0
0
0
0
0
0.001992
0
0.002066
0
0.004211
0
0
0
0
0.002227
0
0
0.003442
0.001639
0
0.001605
0
0
0.006329
0
0
0
0.004673
0.001536
0
0
0.001499
0.001473
0
0
0.001529
0
0
0
0
0
0.002865
0
0.001437
0
0.001443
0
0
0
0
0.001429
0
0.001437
0.001441
0
0
0
0.001464
0
0
0.00149
0
0
0.001484
0.004464
0.001524
0.005988
0.001517
0
0.001534
0
0.001538
0
0.001502
0.001513
0
0.001508
0.001541
0.004594
0
0.001905
0
0
0.00146
0
0
0
0.001447
0
0
0
0
0
0
0
0.003509
0
0
0.003263
0
0
0
0
0
0
0
0
0.001828
0.001815
0
0
0
0
0
0
0
0
0.004211
0
0
0
0
0
0
0
0
0.002198
0.004367
0
0.002208
0
0
0.002222
0
0.002299
0
0
0.002217
0.002217
0.004376
0
0.004292
0
0
0
0
0
0
0
0
0
0
0.002151
0.00211
0
0
0
0
0
0.00211
0
0
0
0
0
0
0
0.002304
0
0.004651
0.002358
0
0.002457
0.0025
0
0
0
0
0
0
0
0
0
0
0.00545
0
0
0
0.012579
0
0
0
0
0
0
0
0
0
0
0
0
0
0
0
0
0
0
0
0
0
0
0
0
0
0
0
0
0
0.00813
0
0
0
0.003333
0
0
0
0
0
0
0
0
0
0
0
0
0
0
0
0.007168
0
0.003497
0
0
0
0
0
0
0
0
0.003058
0
0.002976
0
0
0
0
0
0
0
0
0.002667
0
0
0
0
0
0.002469
0
0.002421
0.00241
0.002404
0
0
0
0
0
0
0
0
0.002212
0
0
0.002222
0
0
0.005391
0
0
0
0
0.002381
0
0
0
0
0
0
0
0
0
0
0
0
0.002433
0
0.002451
0
0
0
0
0.002392
0
0
0
0
0
0.002551
0
0.002513
0
0.003472
0
0.002632
0
0.002688
0
0
0.015015
0
0.002618
0
0
0
0.002688
0
0
0
0
0.025
0.002857
0
0
0
0.002564
0.002584
0
0.002494
0
0
0
0
0
0.002564
0
0
0
0
0
0
0
0
0
0
0.002532
0
0
0
0
0
0
0
0.005222
0.002591
0
0.002695
0
0.007853
0
0
0
0
0
0
0
0
0.002625
0
0
0
0
0
0
0
0
0
0
0
0
0
0.002994
0.003086
0
0
0
0
0.005102
0
0
0
0
0
0.002611
0.002584
0
0
0
0
0.002551
0
0
0
0.002681
0
0
0
0
0
0
0
0
0
0
0
0.00271
0
0
0
0
0.002857
0.005495
0.008108
0
0
0
0.002762
0
0
0
0.002857
0
0.00289
0
0
0
0
0
0.002778
0.008427
0
0
0
0
0.006024
0.003021
0
0.003106
0
0
0
0
0
0
0
0
0.003195
0
0
0
0
0
0
0
0
0
0
0
0
0.003322
0
0
0.003584
0
0
0
0
0
0
0
0
0
0
0
0
0
0
0.003413
0
0
0.003268
0
0
0
0
0
0
0.002959
0.0059
0
0
0
0
0.002809
0
0.002747
0
0.00271
0
0
0.002667
0
0
0
0
0
0
0.002611
0.002604
0
0
0
0
0.002513
0
0.002532
0
0
0
0
0.002433
0
0
0
0
0.005435
0
0
0
0
0.002506
0
0.004975
0
0
0
0.004926
0
0
0.002433
0.00241
0.002433
0
0
0
0.00241
0.002421
0
0.002532
0
0.002457
0
0
0
0.005076
0.002577
0
0
0
0
0
0
0.003322
0
0
0
0.005038
0
0
0.002475
0
0
0.002375
0
0
0
0
0
0.002387
0
0.004728
0
0
0
0.002347
0.002336
0
0
0
0
0
0
0
0.002364
0.003333
0
0.002347
0
0
0
0.004684
0
0
0.005464
0
0
0.002364
0.002262
0
0
0
0
0.002257
0
0
0.002257
0
0
0
0
0
0
0.002222
0.002232
0
0
0
0
0
0.002257
0
0
0
0
0
0
0
0.002353
0
0.002247
0
0.002193
0.004386
0.002169
0
0
0
0
0.004444
0.002208
0
0
0
0.002294
0.002278
0.002304
0
0
0
0
0
0.004535
0
0
0.002304
0.002398
0
0
0
0
0
0
0
0
0
0
0
0
0
0.002278
0.004525
0
0.002257
0
0
0.002183
0
0
0
0
0
0
0.002268
0
0
0.002288
0
0.002252
0
0.002268
0
0
0.002353
0
0
0
0
0.002392
0.002326
0
0.002421
0
0.005155
0
0.007109
0
0
0.002304
0
0
0.002331
0.002347
0
0.002427
0
0.002421
0
0
0
0.005195
0.002625
0
0
0.002646
0
0
0
0
0.005128
0
0
0
0
0.002584
0
0
0
0
0
0
0
0
0.005168
0.002577
0
0
0.002674
0
0
0.005376
0
0.002653
0.002681
0
0.002604
0
0
0.002618
0
0
0
0
0.002674
0.00266
0
0
0.00266
0.002674
0
0.002674
0
0.008721
0
0.002778
0
0
0.00289
0
0
0
0
0
0
0
0
0
0
0.00295
0.002933
0
0.002941
0
0
0
0
0
0
0
0.00463
0.006173
0
0.006154
0
0
0
0.00295
0
0
0.005714
0
0
0.004255
0.002874
0
0
0.002755
0
0
0
0
0
0.00274
0.002695
0
0.00813
0
0
0
0.008596
0
0.002674
0.002632
0
0.005181
0
0
0
0
0
0
0
0
0.002725
0.002695
0
0
0
0
0
0
0
0
0
0
0
0
0
0
0
0
0
0.002604
0
0
0.005181
0.002639
0
0
0.002681
0
0
0
0.005479
0.002732
0
0.002849
0.002874
0
0
0
0
0.006135
0
0
0
0
0
0.003049
0
0
0
0
0
0
0
0
0
0
0.003135
0
0
0
0
0
0
0
0.00542
0
0.002688
0
0
0
0
0
0
0.005348
0.002667
0.002674
0
0
0
0
0
0
0
0
0
0
0
0
0.005222
0.002577
0
0
0.002564
0.002525
0
0
0.002463
0
0
0
0
0.002427
0
0
0.002336
0
0
0
0.004651
0
0
0.002358
0
0
0.002326
0
0.002268
0.004454
0
0
0.002203
0
0
0.00211
0
0
0
0
0
0.00198
0
0
0
0
0.00188
0
0
0
0
0.001957
0.002012
0
0
0
0.001969
0
0
0.003929
0
0.004024
0
0.004032
0
0.004073
0
0
0.004255
0
0.002375
0
0.007692
0
0
0
0
0
0
0
0
0.002208
0.002262
0.002222
0
0
0
0.005556
0.00266
0
0
0
0
0.002415
0
0.002494
0.002584
0
0
0
0
0.005831
0
0
0
0.004739
0
0
0
0
0
0
0.005618
0
0
0
0
0
0.002976
0
0
0.003049
0
0
0
0
0
0
0
0
0.003195
0
0
0
0
0
0
0
0
0
0.002882
0.002833
0.002793
0
0
0
0
0
0
0
0.003597
0.002703
0
0.002646
0
0.002551
0
0.002451
0
0
0
0
0
0.00464
0.00232
0
0.002304
0
0
0
0.002283
0
0
0.006912
0.002387
0
0
0
0
0.002381
0
0
0
0
0
0
0.002639
0
0
0
0
0.002786
0.008696
0
0
0
0
0
0.008403
0.004202
0
0
0.004098
0
0
0.003802
0
0
0
0
0
0
0
0
0
0
0
0
0.003401
0
0
0
0.004444
0
0
0
0
0
0.004149
0
0.003759
0
0
0
0
0
0
0
0
0
0.004739
0
0
0
0
0
0
0.002985
0
0
0
0
0
0
0
0
0.003077
0
0.002985
0
0
0.003155
0
0
0
0
0.002841
0
0
0
0
0
0
0
0.002941
0.002924
0
0
0
0
0
0
0
0
0
0
0
0
0
0
0
0.005348
0.002639
0
0
0
0
0.002653
0
0
0.007634
0.002506
0
0
0.002451
0
0
0
0.002481
0.002506
0
0.002488
0
0.002525
0
0.002525
0.002611
0.002611
0
0
0
0
0
0
0
0
0.002899
0
0
0
0
0
0
0
0
0
0.004651
0
0
0
0
0
0
0
0
0
0
0
0.015625
0
0
0
0
0
0
0
0
0
0
0
0
0
0
0.011561
0
0
0
0
0
0
0
0
0
0
0
0
0
0
0
0
0
0
0
0
0
0
0
0.024096
0
0
0
0
0
0
0
0
0
0
0
0
0
0
0
0
0
0
0
0
0
0
0.007042
0
0
0
0
0
0
0.058824
0.051282
0
0
0
0
0
0
0
0.008264
0.007968
0
0.003802
0
0
0
0
0
0.003135
0
0
0
0
0
0
0
0
0
0.002415
0
0.002331
0
0.002278
0.002273
0.004494
0.002165
0.002174
0
0.002141
0
0.004193
0.004193
0
0
0
0.002075
0.002049
0
0.002024
0.002
0
0.001972
0
0.001976
0.003929
0
0
0
0
0.001949
0
0
0
0
0
0.001901
0
0
0
0
0.004292
0
0
0.001942
0
0.001923
0
0
0
0
0.001976
0
0.002809
0
0
0
0
0
0.001931
0
0.001984
0.005976
0
0.001976
0
0
0
0
0.002012
0
0
0.002053
0.002083
0.004107
0.002079
0.002058
0
0
0
0
0
0
0
0.002088
0.002083
0
0
0
0
0.002079
0
0
0
0
0
0
0
0.008219
0
0
0.005464
0
0.007042
0
0.002387
0
0
0
0.002342
0
0.00241
0
0
0
0
0
0
0
0
0
0
0
0.002551
0
0
0
0
0
0
0
0.002433
0.002433
0
0
0
0
0
0.00489
0.002404
0
0
0
0
0
0
0
0
0
0.002294
0
0
0
0.002358
0
0.00237
0
0
0
0.00232
0
0
0.002273
0
0
0
0.002398
0.003247
0
0
0
0
0
0.002381
0.00241
0.002415
0.002381
0.002381
0
0
0
0
0
0
0.002481
0
0
0.002525
0.002525
0
0
0
0.005038
0
0
0
0
0
0
0
0.003484
0
0
0
0
0
0
0
0
0
0
0.002488
0
0
0.002494
0
0.002577
0.002625
0.005479
0
0
0
0
0
0
0
0.0025
0
0.002475
0.002513
0
0
0.002632
0
0
0
0
0.00277
0.00303
0
0.006289
0.003021
0.00295
0
0
0
0.003115
0
0
0
0
0
0
0
0
0
0
0
0
0
0
0
0
0
0
0
0
0
0.008032
0
0
0
0
0.004167
0.004292
0.00431
0
0
0.014286
0.005051
0.004808
0
0
0.004673
0
0
0
0.010101
0
0
0
0
0
0
0
0
0
0.004878
0
0
0
0.004926
0
0.009756
0
0.004926
0
0
0.005051
0
0
0
0
0
0
0.004739
0
0
0
0
0
0
0
0
0
0
0
0
0
0
0
0
0.005814
0
0
0.011364
0
0
0
0
0.00641
0.006579
0
0
0
0
0
0
0
0
0.020619
0.009901
0.009615
0
0
0
0
0
0
0
0
0
0
0
0
0
0
0
0.025974
0
0
0
0.010526
0
0
0
0
0
0
0
0
0
0
0
0
0
0
0
0
0
0
0
0
0
0
0
0
0
0
0
0
0
0
0
0
0
0
0.030303
0
0
0
0
0
0
0
0
0
0
0
0
0
0
0
0
0
0
0
0
0
0
0
0
0
0
0
0
0
0.75
0
0
0
0
0
0
0
0
0
0
0
0
0
0
0
0
0
0
0
0
0
0
0
0
0
0
0
0
0
0
0
0
0
0
0
0.011364
0
0
0
0
0
0
0
0
0
0
0
0
0
0
0
0
0
0
0.007937
0
0.007874
0
0
0
0
0
0.008547
0
0
0
0
0
0
0
0
0
0
0
0
0
0.005236
0
0
0
0
0
0
0
0
0
0
0.004292
0
0
0.004184
0
0
0
0
0.004016
0
0
0
0
0
0
0
0
0
0.003333
0
0
0.003322
0
0
0
0
0
0.003012
0
0.002874
0
0
0
0
0
0
0
0.005405
0
0
0
0
0
0
0
0
0
0.002469
0.002433
0
0
0
0.002315
0.004566
0
0
0
0
0
0
0.002222
0.002273
0
0.004587
0
0
0
0
0
0.009091
0
0
0
0
0.003984
0
0.003205
0
0
0
0
0.002681
0
0
0.002703
0.00274
0
0
0
0
0
0
0
0
0
0
0
0
0
0.002646
0
0
0
0
0
0
0
0.002688
0.002681
0
0
0.002646
0.002688
0.002653
0.002681
0
0
0
0.00266
0
0
0
0
0
0
0
0.002532
0
0
0
0.004988
0
0
0
0
0
0
0.004831
0
0.004773
0
0.002387
0
0
0
0
0.002252
0
0
0
0
0
0
0
0
0
0
0.002096
0
0
0.002037
0.002062
0.002096
0
0
0
0
0
0.004149
0
0
0
0
0.004193
0.00211
0
0
0.007299
0.00241
0
0
0
0.002703
0
0.002632
0.002632
0
0
0.001866
0
0
0
0.001852
0
0
0
0
0
0
0.003738
0
0
0
0
0
0
0
0
0.001923
0
0
0
0.001965
0
0
0
0
0.001908
0
0.001931
0
0
0
0
0.003831
0.001912
0
0
0
0
0
0.002114
0.00211
0
0.002924
0
0
0.002174
0.002232
0
0
0
0
0
0
0
0
0.002532
0.002717
0.002564
0
0
0
0
0.002481
0
0
0
0.002564
0
0
0.002717
0
0.002725
0.005479
0
0
0
0
0.002924
0
0
0
0
0
0.003106
0
0
0
0.00303
0.003012
0.003058
0
0
0.002924
0
0
0
0
0
0
0
0.002959
0
0
0.002985
0
0
0
0
0
0
0
0.003049
0
0.002994
0.002899
0
0
0
0
0
0
0
0
0
0
0
0
0
0
0
0.002786
0
0.002747
0
0
0
0
0
0.002809
0.013661
0.002755
0.00274
0
0
0
0.002695
0.005319
0
0
0
0
0
0
0
0.00565
0
0
0
0.002959
0
0
0.003077
0
0
0.00627
0.003145
0
0
0
0.003236
0
0
0
0
0
0
0.003226
0
0.006557
0.006689
0
0
0.003484
0
0
0.00365
0
0
0
0
0
0
0
0
0.003906
0
0
0
0
0
0
0.008696
0
0.012931
0
0
0
0
0
0
0
0
0
0
0
0
0
0
0
0
0.005051
0
0.005025
0
0
0
0
0
0
0.005464
0
0
0.006061
0
0
0
0
0
0
0
0
0
0.006173
0.006173
0
0
0
0.007042
0.014815
0
0
0.014493
0
0
0
0.007463
0
0
0
0
0
0
0
0
0
0
0
0
0
0
0
0
0
0
0.013699
0
0
0
0
0
0
0
0.015152
0
0
0
0
0.018182
0
0
0.05
0
0.037037
0
0
0
0
0
0
0
0
0
0
0
0
0
0
0
0
0
0
0.028571
0
0
1
0
0
0
0
0
0
0
0
1
0
0
0
0
0
0
0
0
0
0
0.009434
0
0
0
0
0
0
0.007692
0
0
0
0
0
0
0.006993
0
0
0
0.006849
0
0.006452
0
0
1
0
0
0.006061
0
0
0
0
0
0
0
0
0
0.005348
0
0
0
0
0
0
0.004902
0
0
0
0
0
0
0
0.004505
0
0
0
0
0.004975
0
0
0
0.004444
0
0
0
0
0
0.004202
0
0
0
0
0
0
0
0
0
0
0
0
0
0
0
0
0
0
0
0
0
0
0
0
0
0
0
0
0.003521
0
0
0
0.007843
0
0
0.003378
0
0
0.003378
0.014235
0
0
0
0.003311
0.003257
0
0
0
0.006431
0.003145
0
0
0.00304
0
0
0
0
0
0
0
0
0.002681
0
0
0
0
0.002646
0
0
0
0.002494
0
0
0
0.004926
0
0.002494
0
0
0
0
0.002519
0
0
0.002481
0.002451
0
0.00241
0
0.002445
0.002433
0
0
0
0
0
0.002571
0.002315
0
0
0.004494
0
0.002237
0
0.002268
0
0
0.002288
0
0
0
0
0
0
0
0
0
0.002179
0
0
0
0
0
0.002193
0
0
0
0
0.00216
0
0
0.002151
0
0
0.002141
0
0
0
0
0
0.002262
0
0.002242
0
0
0
0.002165
0
0.002132
0
0.002137
0
0
0.004211
0
0
0.002088
0
0
0.002083
0
0
0.002105
0
0
0.00216
0.002114
0
0
0
0.00216
0.002174
0.002183
0.002217
0.006696
0.002309
0
0.006711
0
0
0
0.002252
0
0
0
0.004608
0.002336
0.002381
0.00237
0
0
0
0
0
0
0.002809
0.002488
0.002439
0
0.002433
0
0
0
0
0
0.002331
0.004577
0
0
0
0.005222
0
0
0
0
0
0
0
0.002451
0
0
0
0
0
0
0
0
0
0
0
0
0
0
0
0
0
0
0
0
0
0.017045
0
0
0
0
0
0
0
0.006079
0.003003
0
0.002976
0
0
0.006329
0.010239
0
0
0
0
0
0
0
0
0
0
0
0
0.002849
0
0
0
0
0
0
0.005764
0.002907
0
0.00295
0.002907
0.002967
0
0
0
0
0
0
0.003205
0
0
0
0
0
0.003436
0
0
0
0.003817
0.008299
0
0
0
0
0
0
0
0
0
0
0
0.003906
0
0
0
0
0
0.003759
0
0.003953
0
0
0
0
0
0.00625
0
0
0
0
0
0
0
0
0
0
0.00369
0
0.003731
0
0
0
0
0
0
0
0.003534
0
0
0
0
0
0
0
0
0.004425
0.007018
0
0
0
0
0.00627
0
0
0
0
0
0
0
0
0
0
0
0
0
0.002941
0.00295
0
0.002959
0
0.003096
0
0
0
0
0
0
0
0.003145
0
0
0.00346
0
0
0.002874
0.00565
0
0
0.002825
0
0
0
0.002924
0
0
0.002985
0.002933
0
0
0.004608
0
0
0
0
0
0.002632
0
0
0
0
0
0
0
0
0
0
0
0
0.002463
0
0
0.002342
0.002326
0.002315
0
0
0
0
0
0
0.002203
0.004329
0
0
0
0.002193
0
0
0
0
0
0
0.002146
0
0.002132
0
0
0
0
0
0
0
0
0
0
0
0.002193
0
0.002141
0
0
0
0.004329
0
0
0.004454
0
0
0.003311
0
0
0.002294
0
0
0.002457
0
0
0
0
0
0.00551
0
0
0.002445
0.002481
0
0.007874
0.002488
0
0
0
0
0
0
0.002242
0
0
0.004608
0
0
0
0
0
0
0
0
0
0
0
0
0.004376
0
0
0
0.004348
0.002123
0
0
0.004107
0
0
0.002045
0
0
0
0.004049
0.003976
0
0.00198
0.003922
0
0
0.001992
0
0
0.003906
0
0
0
0
0.002915
0
0
0
0
0
0.002045
0.006652
0
0
0
0
0
0
0
0.001934
0.003817
0
0.001953
0.001949
0.001923
0
0
0.005848
0
0.001923
0
0
0
0.001883
0
0.001923
0.003861
0.004008
0
0
0
0.001934
0.001919
0
0
0
0
0
0.001938
0
0
0
0.001905
0
0
0
0
0
0
0
0
0
0
0
0.001912
0
0.001923
0.003802
0.003883
0.001976
0.002075
0
0.001938
0.001923
0
0.001923
0
0
0
0
0
0.001931
0.003906
0.001965
0
0
0
0.001953
0
0.002
0
0
0.002062
0.001996
0
0
0
0
0
0.001859
0.001845
0.001845
0
0.003704
0
0.003676
0.001818
0
0
0.003597
0
0
0.001795
0
0
0.001764
0
0
0
0
0
0
0
0
0.003697
0.003676
0.001842
0.001873
0.001852
0
0
0
0.001848
0.001862
0
0
0
0
0
0
0
0.001776
0
0
0
0
0.001802
0
0
0
0
0.001855
0
0.001855
0
0
0
0
0
0
0.00266
0.001869
0
0
0.003676
0
0.001812
0
0.001802
0
0
0
0.003559
0
0.001754
0
0
0
0
0
0.004073
0
0
0
0.002151
0
0
0
0.003717
0
0.001835
0
0
0
0.00369
0
0
0
0.001873
0
0
0
0
0
0
0.002941
0
0.002584
0.005038
0
0
0
0
0
0
0
0.002273
0
0
0
0.007075
0.004684
0.007042
0
0
0
0.004739
0
0
0
0.002331
0
0
0
0
0
0.002387
0
0
0.002358
0.007177
0
0
0
0.002364
0
0.004651
0.004695
0.004717
0
0.002358
0
0
0.00241
0.002625
0
0
0
0.003279
0
0
0
0
0
0.004158
0.004124
0
0
0
0.002033
0
0
0.004167
0.002079
0.002028
0.002024
0
0
0
0
0
0.002033
0
0
0
0.004454
0.002165
0
0
0
0
0
0
0
0
0
0
0
0
0
0
0.003802
0
0
0
0
0
0.002066
0
0.002062
0.002058
0.002012
0
0.001996
0
0
0
0
0
0.002174
0
0
0
0
0.002137
0.006303
0
0
0
0.002151
0.002123
0
0.002101
0
0
0
0
0
0
0.01005
0.004464
0
0
0
0
0
0
0
0
0
0
0
0
0
0
0.002315
0
0
0.004695
0.002463
0
0
0.002469
0
0.002513
0
0
0
0.00542
0.003401
0
0
0
0
0
0.006873
0
0
0
0
0
0.004444
0
0
0.002525
0
0.002525
0
0
0
0
0
0
0.002604
0.00369
0
0
0
0.002857
0
0
0
0
0
0
0.002079
0
0
0
0
0
0
0
0
0
0
0
0
0
0
0
0
0
0.002062
0.002079
0
0.002062
0
0.002105
0
0
0
0.002049
0
0
0
0
0
0
0
0
0
0
0
0.001845
0
0.001838
0
0
0
0.001815
0.003636
0.001808
0.003704
0
0
0
0.00189
0
0
0
0
0
0.003846
0
0.001938
0
0
0
0
0
0.004662
0.002222
0
0
0
0
0
0
0.002128
0
0.004237
0.00216
0
0
0
0
0.002273
0
0.002421
0
0
0
0
0.005848
0.003115
0
0
0
0
0
0.002841
0
0
0
0
0
0
0.012987
0
0
0
0
0
0
0
0.004098
0
0
0
0.003086
0
0.003012
0.003003
0
0.003058
0
0.003185
0
0
0
0
0
0
0
0
0.002924
0.002915
0
0.008876
0.002985
0
0.003106
0
0
0.003205
0
0
0.003279
0
0
0
0.003509
0.003584
0
0.004405
0
0
0.004274
0
0
0
0
0
0
0
0
0
0
0
0
0
0
0.003195
0.003175
0
0.003096
0
0
0
0
0
0.004566
0
0
0
0
0
0.003226
0
0
0
0
0.003086
0.003049
0
0
0
0
0
0
0
0
0
0.003311
0
0.003333
0
0.003425
0
0
0
0.003704
0
0
0
0
0
0
0
0
0
0.004695
0
0
0
0
0
0
0
0
0
0
0
0
0
0
0
0
0
0
0
0.006711
0
0
0
0
0
0.005263
0
0
0
0
0
0
0
0
0
0
0
0.005882
0
0
0
0
0
0
0
0
0
0
0
0.007576
0
0
0
0.003745
0.00365
0
0
0.00361
0.00361
0
0
0
0
0
0
0
0.003236
0
0.006135
0
0.003205
0
0
0
0
0
0
0
0
0.008547
0
0
0
0
0
0
0
0
0
0
0
0
0
0
0.002646
0
0.002571
0
0
0.002591
0
0
0.002591
0
0
0.005348
0.005376
0.002681
0
0
0
0
0.002681
0
0
0
0
0.002849
0
0.002747
0.002747
0.002755
0
0
0
0
0.002755
0
0
0
0.006309
0.002625
0
0
0.002475
0
0
0.002451
0.005025
0.007463
0
0
0
0
0
0
0
0
0
0
0
0.002381
0
0.00241
0
0
0
0
0
0
0
0.013736
0
0
0
0
0
0.00641
0
0
0
0
0
0
0
0.002358
0
0
0
0
0
0
0
0
0
0
0.002288
0
0
0
0.002222
0
0.002217
0.002183
0
0
0
0
0
0
0
0
0
0
0
0
0
0
0
0
0
0
0.002584
0
0.005731
0
0
0
0
0
0.011905
0.002865
0
0
0
0
0
0
0
0
0
0
0.002584
0
0
0
0.005013
0.002532
0.002494
0
0
0.002439
0.002375
0
0
0.004706
0
0
0.002278
0.004577
0
0.002268
0
0
0.002227
0
0
0
0
0
0
0
0
0
0
0.00304
0
0
0.006734
0
0
0.002387
0.002342
0
0
0
0
0
0.002217
0.004376
0
0
0
0.004376
0.002151
0
0.002123
0
0.00216
0
0.002101
0.00211
0
0.002128
0
0
0
0
0
0.002123
0
0.002141
0
0
0
0
0
0
0.002247
0.003012
0
0
0
0
0
0
0
0
0
0
0
0
0
0
0
0
0
0
0.002288
0
0
0
0.003509
0
0.00277
0
0
0.002646
0
0.002525
0
0
0
0.002463
0
0.002519
0.002538
0.002506
0
0
0
0
0
0
0
0
0
0.002545
0
0.002611
0
0
0
0
0
0
0
0
0
0
0
0
0.005714
0.005935
0
0
0
0
0.002755
0
0.002688
0
0
0
0
0
0
0.002611
0
0.002545
0.002525
0
0
0
0
0.002584
0
0
0.005747
0
0.00266
0
0
0.005263
0
0.002695
0
0.002667
0
0
0
0
0
0
0
0
0
0.002778
0
0
0
0
0
0
0
0
0
0.002667
0
0
0
0
0.002564
0.005277
0
0
0
0.003802
0
0.002513
0
0.002463
0
0
0
0
0.002433
0
0
0
0
0
0
0
0
0
0
0.002421
0
0
0
0
0
0.003521
0
0
0
0
0
0
0
0
0.002347
0
0.007692
0
0.002278
0.002252
0
0
0
0
0
0
0
0.002252
0
0
0
0
0
0
0
0
0
0
0.002494
0
0
0
0.002882
0
0
0
0
0
0
0
0
0
0.002564
0.002639
0
0.002755
0
0.013453
0.002933
0.002778
0
0
0
0
0.002762
0.005587
0
0
0
0
0.002933
0
0
0
0
0
0
0
0
0
0
0
0
0
0.00241
0.002404
0
0
0
0
0
0
0
0.00237
0
0
0.005525
0
0.00232
0
0.00211
0
0
0
0
0
0
0
0
0
0
0
0
0.001866
0
0
0
0.001805
0
0.001799
0.001818
0
0.003584
0.001751
0.001721
0.001961
0.004515
0
0.077601
0
0
0
0
0
0
0
0.001754
0
0.001786
0
0.005282
0
0
0
0.001795
0
0
0.003559
0.001773
0.005329
0
0
0
0.001815
0
0
0
0
0
0
0
0.003752
0
0.001931
0
0.003906
0
0.001996
0.00198
0
0
0
0
0
0
0.002347
0
0
0.002415
0.004808
0
0
0.005063
0
0.005291
0
0.018987
0
0
0
0
0
0.002874
0.00289
0
0.004739
0.00303
0.003049
0
0.003012
0.002967
0.003058
0
0
0
0
0
0.003058
0
0
0
0
0.003175
0.003205
0.003195
0
0
0
0
0
0
0.003559
0
0
0.007937
0.005747
0
0
0
0
0
0.005464
0
0
0
0
0.003953
0
0
0.004808
0.004878
0
0
0
0.004149
0
0
0
0
0
0
0
0
0
0
0
0
0
0
0
0
0
0
0
0
0.006757
0
0
0
0
0
0
0
0
0
0
0
0
0
0
0
0
0
0.003311
0
0
0.003205
0
0
0
0
0
0.002865
0
0.002817
0
0
0.00274
0
0.00274
0.002786
0
0
0
0
0
0
0
0
0
0
0
0
0
0
0.002532
0
0.005
0
0
0
0
0
0
0
0.002433
0
0
0
0
0
0.002364
0.004728
0.002415
0.002433
0.002415
0
0
0.002415
0
0
0
0.002532
0
0.002488
0.002488
0
0
0
0
0
0
0
0.002488
0.002488
0
0
0
0.002597
0
0
0
0
0.002618
0
0
0
0
0
0.007299
0
0
0.002849
0.00565
0
0
0
0.002985
0.003195
0
0.00304
0
0
0
0.013378
0
0
0
0
0
0
0.003067
0
0
0
0
0.003247
0
0
0
0
0
0
0
0
0
0
0
0.003817
0
0.00369
0
0
0
0
0.003413
0
0
0
0
0
0.003378
0
0.003311
0.00339
0
0
0
0
0.003185
0.003106
0
0
0
0
0
0
0
0
0.002841
0
0
0
0
0
0
0
0
0
0
0
0.002625
0
0
0
0
0
0
0.002924
0
0
0.002415
0
0.002358
0
0
0.002268
0
0
0
0
0
0
0.00432
0
0
0
0
0.002088
0
0.00202
0.002024
0
0
0
0
0
0
0
0
0
0
0
0.001912
0.001908
0
0
0
0
0
0
0.00381
0.003788
0.001876
0
0
0.001927
0
0
0
0.001996
0
0.001996
0.004
0
0.001988
0
0
0
0
0
0
0
0
0
0
0
0.002128
0
0
0.002237
0
0.002695
0.002695
0
0
0.002336
0.002242
0
0.002179
0
0
0
0
0
0.004494
0
0.002183
0.004415
0
0
0
0.002174
0
0.002198
0
0
0
0
0.002203
0
0
0
0
0
0
0
0.002237
0.002198
0
0.002217
0.002193
0.002242
0.002262
0
0.002278
0
0
0
0.002381
0
0.004717
0
0
0
0
0
0.00237
0.00241
0
0.002392
0
0.002398
0
0
0
0
0
0
0
0
0
0
0
0
0
0
0
0
0.003623
0
0
0.003509
0
0
0
0
0
0.002469
0
0.002392
0
0.002439
0.004914
0
0.00241
0
0.004866
0.002421
0.002415
0
0
0
0
0.002375
0
0
0
0.004988
0
0
0
0
0
0.002571
0.007732
0.002618
0
0
0
0
0
0
0
0
0
0
0
0
0
0.002695
0
0
0
0
0
0
0
0
0
0
0
0
0
0.002494
0
0.0025
0.004988
0.002538
0
0
0
0
0.005222
0
0
0.002591
0
0
0.002639
0
0
0.009119
0.002778
0.002725
0
0.002725
0
0.002667
0
0
0
0
0
0
0.002584
0
0
0
0
0.002577
0
0
0.002481
0
0
0.002404
0
0.002427
0
0
0.002427
0.00241
0.002392
0
0.002358
0.002342
0
0
0
0.002364
0
0
0.002439
0
0
0
0
0.002506
0
0
0
0
0.002618
0
0.002967
0
0
0
0
0
0.005222
0.003322
0
0
0.002717
0
0
0
0
0.002941
0
0
0
0
0
0
0
0
0.005682
0
0.003731
0
0
0
0
0
0
0
0.003106
0
0
0
0
0
0.005831
0
0
0
0
0
0
0
0
0
0
0
0.002817
0.002833
0
0.008571
0
0
0
0
0
0
0
0.002755
0.002688
0
0
0.002786
0
0
0
0
0
0
0
0
0
0
0
0
0
0
0
0
0.013699
0
0
0
0
0
0.006803
0
0
0
0
0
0
0
0
0
0.003295
0
0.001616
0
0.001565
0.00156
0.003096
0.001511
0.001486
0.001433
0.001416
0
0
0
0.001403
0
0
0
0
0.00277
0
0.008174
0
0.00135
0
0
0.004093
0
0.002649
0
0
0
0.001337
0
0
0
0
0
0
0
0
0.002751
0.002732
0
0
0.001353
0.002721
0
0
0
0
0
0.00142
0.001481
0
0
0
0
0
0.006897
0.004474
0.002217
0.006865
0
0.001852
0.001821
0
0.001789
0.001761
0.00346
0
0
0
0
0
0
0
0
0
0
0.007874
0
0
0
0
0
0.002457
0
0
0.002092
0
0
0
0
0.002004
0.002024
0
0.001996
0
0
0
0
0
0
0
0
0
0
0
0
0
0
0
0
0
0
0
0
0
0.003774
0
0
0.002632
0
0
0.016835
0
0
0.003344
0
0
0
0
0
0.002899
0.002941
0.003049
0
0
0
0
0
0
0
0.003788
0
0
0
0
0
0
0
0.008969
0
0
0
0
0
0
0.002865
0
0
0.002717
0
0.002604
0
0
0
0
0
0
0
0.002463
0
0
0.00232
0
0.002288
0
0
0
0
0
0
0.002415
0.002353
0
0
0.002183
0
0
0.002155
0.002141
0
0
0
0.002203
0.002198
0
0
0
0
0
0
0.002169
0.00655
0
0
0
0
0.004494
0
0
0.004396
0
0
0
0
0
0
0
0
0
0
0
0
0.002222
0
0
0
0.002165
0
0.002137
0
0.004219
0
0
0
0
0
0
0.00202
0
0
0
0.00404
0.002058
0.002066
0
0.004211
0
0
0
0
0
0
0
0
0
0
0
0
0
0.004264
0
0
0
0
0
0.001984
0
0
0
0
0.003968
0
0
0.001908
0
0
0.001972
0
0
0
0
0.00396
0
0.004032
0
0
0
0.004049
0
0
0.004132
0
0
0.002114
0.004301
0.00271
0
0
0.002096
0
0
0.004098
0
0
0
0
0
0
0.002092
0
0
0.002128
0
0.002114
0.002146
0
0
0.00431
0
0
0.002212
0
0
0.002336
0
0
0.004831
0
0
0.002475
0
0
0.002584
0.002646
0.002674
0
0
0
0
0
0
0
0
0
0.006061
0.003086
0.003135
0.003195
0.003333
0
0.003759
0
0.004348
0
0
0
0
0
0
0
0
0.00463
0
0
0
0
0
0
0.004505
0
0
0
0
0
0
0
0.008065
0
0
0
0.01005
0
0
0
0
0
0.005988
0
0
0
0
0
0
0
0
0
0
0
0
0
0
0
0
0
0
0
0
0
0
0.016949
0
0
0
0
0
0
0
0
0
0
0
0
0
0
0
0.004651
0
0
0
0
0.004016
0
0
0
0
0.006873
0
0.003268
0
0
0
0
0
0
0
0
0
0
0
0
0
0
0
0
0
0
0
0
0
0
0
0
0
0
0
0
0
0
0
0
0
0
0
0
0
0.016949
0
0
0.016949
0
0
0
0
0
0
0
0
0
0
0
0
0
0
0.004425
0
0
0
0
0
0
0
0
0.004717
0
0
0.006061
0
0
0.005747
0
0
0
0
0
0
0
0
0.019231
0
0
0
0
0
0
0.006711
0
0
0
0
0.0125
0
0
0
0
0.008264
0
0
0
0
0
0
0
0
0
0
0
0
0.003953
0
0
0.003367
0
0
0.003058
0
0.002849
0
0.00274
0
0
0.002646
0
0
0
0
0
0
0
0
0
0
0
0.002793
0
0
0
0
0
0
0
0
0
0
0.003448
0
0
0
0
0.003521
0.003509
0
0
0.003472
0
0
0.003717
0
0.004405
0
0
0
0
0.00813
0
0
0
0
0
0
0
0
0
0
0
0
0
0
0
0
0
0
0.00565
0
0
0
0
0
0
0
0
0
0
0
0
0
0
0
0
0
0
0
0
0
0
0
0
0
0
0.015385
0
0
0
0
0
0
0
0
0
0
0
0
0
0
0
0
0
0
0
0
0
0
0
0
0
0
0.013158
0
0
0
0
0
0
0
0
0
0
0
0
0
0
0.006369
0
0
0
0
0
0
0.007463
0
0
0
0
0.004016
0
0
0
0
0
0
0
0
0
0
0
0
0.012085
0
0
0
0
0
0
0
0.009036
0.003115
0
0
0
0.002646
0
0
0
0.002513
0
0.002398
0
0.003623
0
0.002353
0
0
0
0
0
0.004367
0
0
0
0.002353
0
0
0
0
0
0
0
0
0.004175
0
0
0
0.001976
0
0
0
0
0
0
0.001949
0.001957
0.001927
0.001931
0
0
0
0.003929
0
0
0.004167
0.014493
0
0
0
0
0.001887
0
0
0.008421
0
0
0.001866
0
0
0
0.003745
0.00363
0
0
0
0.001898
0.001908
0.001876
0.001905
0.001905
0
0
0
0
0
0.001946
0.001953
0
0.001992
0.011928
0.004082
0.004115
0
0
0
0.002217
0
0
0
0
0
0
0
0
0.027586
0.014085
0.020833
0
0
0
0.002899
0
0
0
0
0.002525
0
0
0
0
0
0
0
0
0
0
0
0.002123
0.004158
0
0.002033
0.004082
0
0
0
0
0
0.001972
0.001992
0.001969
0
0.001992
0.001984
0
0
0.004016
0.003953
0.001942
0
0
0
0
0
0
0
0
0
0.001931
0
0.001984
0
0.001953
0
0.001957
0.001992
0
0
0
0
0
0.001912
0
0
0
0
0
0
0
0
0.001842
0
0
0
0
0
0.001934
0
0
0.002016
0
0
0
0.002033
0
0
0
0
0
0.004184
0
0
0
0
0
0
0.002132
0
0
0
0.002237
0
0.002247
0
0.005168
0
0
0.002304
0
0
0.002309
0.002336
0
0
0
0
0.00738
0
0
0
0
0.002342
0
0
0
0.005291
0.002463
0
0
0.004608
0
0
0.00232
0
0
0
0
0
0
0
0
0
0
0
0
0.002778
0
0.002874
0.002967
0
0
0
0
0
0
0.003175
0
0
0
0
0
0
0
0
0
0
0.003425
0
0
0
0
0
0.003968
0
0
0
0
0.004545
0
0
0
0
0
0
0
0
0.004329
0
0.004405
0
0
0
0
0
0.005618
0
0
0
0
0
0
0
0
0.005376
0
0
0
0
0
0.011905
0
0
0
0
0
0
0
0
0
0
0
0
0
0
0
0
0
0
0.00641
0
0.016484
0
0
0
0.003289
0.003205
0
0
0
0
0
0
0
0
0
0
0
0.002611
0.002577
0.002558
0
0
0
0
0
0
0
0
0
0
0
0
0
0
0
0
0
0
0
0
0
0.002841
0
0
0.003425
0.007067
0.003086
0
0
0
0
0
0
0.005935
0
0.005865
0
0
0
0
0
0
0
0
0
0
0
0
0.003279
0
0
0
0
0
0
0
0
0
0
0
0
0
0
0
0.007194
0
0
0
0
0
0.010989
0
0
0
0
0
0.003165
0
0
0
0
0
0
0
0
0.006757
0
0
0.003195
0.003165
0.003106
0.003077
0
0
0
0
0
0
0.002809
0
0
0
0
0
0.002809
0
0
0
0
0
0.002604
0
0
0.002703
0
0
0
0
0
0.002817
0
0
0
0.002907
0.002924
0
0
0
0
0
0.009569
0
0
0
0
0
0
0
0.003436
0.01005
0
0
0
0
0
0
0
0.006803
0
0.003425
0
0
0.003247
0
0.006601
0
0
0
0
0
0
0
0
0
0
0
0
0
0
0
0
0
0
0.003067
0
0
0.002933
0
0
0
0
0
0
0
0
0
0
0
0
0
0
0
0.002907
0.002933
0
0
0
0.002817
0
0.00545
0
0.00274
0
0.002801
0.002825
0.003876
0
0
0
0
0
0
0
0
0
0
0.002967
0
0
0
0.006042
0
0
0
0
0
0
0.006231
0
0
0
0
0
0.00639
0
0
0
0
0.003448
0.003509
0
0
0
0
0.009524
0
0
0
0
0
0
0
0
0
0
0
0.0131
0
0
0
0
0
0
0
0
0
0.004167
0
0.015957
0
0
0
0
0
0.007905
0
0
0
0
0
0
0
0
0
0
0.0033
0
0
0.003135
0.003145
0.003175
0
0
0
0
0
0
0
0
0
0
0
0.003115
0.003049
0
0
0
0
0
0
0
0.003279
0
0.003096
0
0
0
0.003003
0
0
0
0.003058
0.003344
0
0.003185
0
0
0
0
0
0
0.003984
0.007937
0
0
0
0
0
0
0
0
0
0
0
0.003067
0.003058
0
0
0.003185
0
0
0
0
0
0
0
0.0033
0
0
0.003322
0.003378
0
0
0
0
0
0
0
0
0
0.005291
0
0
0
0
0
0
0
0.004
0
0
0
0
0
0
0.005525
0
0
0
0
0
0
0
0
0
0
0.003817
0.004032
0
0
0
0
0
0
0
0
0
0
0
0.004926
0
0
0
0.006515
0
0
0
0
0
0.002632
0
0
0
0
0
0.002488
0
0
0.002415
0
0
0.002415
0.004878
0
0
0.0025
0.002494
0
0.005263
0.005714
0
0
0.002404
0.002381
0
0.002268
0
0
0
0
0
0
0.00216
0
0.002165
0
0
0.002183
0
0
0
0
0
0.003322
0
0
0
0
0
0
0.002165
0
0
0.002212
0.002288
0.007177
0
0
0
0
0.002105
0
0
0
0.002123
0
0
0
0.002299
0
0
0
0.002232
0
0
0
0
0
0
0
0.002222
0.002045
0
0.002132
0
0
0.002049
0
0
0.002075
0.002037
0
0
0
0
0.004
0
0
0
0.001992
0.001996
0
0
0
0
0
0.004301
0
0.003899
0
0
0
0
0
0
0
0
0.001792
0.001779
0
0.003623
0
0
0
0.001848
0
0
0
0
0
0
0
0
0
0.003724
0.001876
0.003802
0.001901
0
0.002433
0.002381
0
0.004808
0
0
0
0
0
0
0
0.002155
0.002132
0
0
0
0.002088
0
0
0
0.002123
0
0.002137
0
0
0
0.002141
0
0
0
0
0
0
0
0
0
0.002208
0
0.002252
0
0
0
0
0
0
0.003356
0
0.002421
0
0
0
0
0
0.002433
0
0.005263
0.002488
0
0
0
0.002538
0
0
0
0
0
0
0
0.002725
0
0
0
0
0
0
0
0.00266
0.00271
0
0
0.002591
0
0
0
0.002481
0.002469
0
0
0
0.002577
0
0
0.00489
0
0
0.002415
0
0
0.002387
0
0.004706
0
0
0
0.002387
0
0
0
0
0.004695
0
0
0
0
0.002415
0
0
0
0
0
0
0.008902
0
0
0
0.002336
0
0
0.002268
0
0
0
0
0
0
0.003175
0
0
0
0.004484
0.002151
0.002165
0
0
0
0.009804
0
0.002193
0.002155
0.006356
0
0.002105
0.002174
0.002141
0
0
0.002119
0
0
0
0.002062
0
0
0
0
0.002075
0
0.002079
0
0
0
0.002045
0
0
0.001984
0.002012
0
0.008671
0
0
0.002028
0
0
0
0
0
0
0
0.003636
0
0.00365
0
0
0.001818
0
0.001767
0.001751
0
0
0.003425
0
0.001712
0
0.001689
0
0
0
0
0
0.001678
0
0.001695
0.001656
0.003295
0.001626
0.001637
0
0.001616
0
0
0
0
0.0016
0
0
0.004545
0
0
0
0.001645
0.001656
0
0
0
0
0.003503
0.001779
0
0
0
0
0
0
0
0
0
0
0.002066
0
0
0
0
0
0
0.002257
0
0
0
0
0.002294
0
0
0
0
0
0
0
0
0
0
0.002778
0.002833
0
0.008876
0.005917
0
0
0
0
0
0.003559
0
0.003484
0
0
0
0.003521
0
0.003759
0
0.003717
0
0
0
0
0
0
0
0
0
0
0
0.004831
0
0
0
0
0.003861
0
0
0.003745
0
0
0
0
0.003676
0
0
0
0
0
0.003106
0
0
0
0
0
0
0.004255
0
0
0
0.005865
0
0
0
0.002849
0
0
0
0
0
0
0
0.002597
0
0
0
0
0
0
0
0
0
0
0
0
0
0
0
0
0
0.002639
0
0
0
0
0
0
0
0
0.002674
0.005236
0
0
0.007752
0.005089
0.002513
0
0
0
0.002433
0
0
0
0
0
0
0
0
0.002415
0.00489
0.007177
0
0
0
0
0
0
0.002404
0
0
0
0
0
0
0
0.002681
0
0
0
0.002941
0
0
0
0
0
0
0
0
0
0
0
0
0
0
0
0
0
0
0
0
0.002933
0
0
0
0
0
0.008108
0
0
0
0
0
0
0
0.002762
0
0
0.002801
0
0
0
0
0
0
0
0.005556
0
0
0.002809
0.002833
0
0
0
0
0
0
0
0
0.002801
0
0
0
0.002841
0
0
0
0
0.008451
0
0.00271
0.002703
0.002801
0
0.002817
0.002833
0
0
0
0.002817
0
0.002778
0.002849
0
0
0
0.002924
0.002933
0
0
0
0
0
0
0
0
0
0
0
0.006211
0.003175
0
0
0
0.004016
0
0.004065
0.004184
0
0
0
0
0
0.00361
0
0
0
0
0
0
0
0
0
0
0
0
0
0
0
0
0
0
0.004219
0
0
0
0
0
0
0
0
0
0
0
0
0
0
0.009709
0
0
0
0
0
0
0
0
0
0
0
0
0
0
0
0
0
0.016807
0
0
0
0
0
0
0
0
0
0
0.004016
0.004255
0
0
0
0.006711
0
0
0
0
0
0
0
0
0
0
0
0
0
0
0
0
0
0
0
0
0
0
0
0
0
0
0
0
0.002618
0
0
0
0
0
0
0.002532
0
0.017794
0
0
0
0
0.002392
0.002364
0.002331
0.002315
0
0
0
0.002392
0
0
0
0
0.002457
0
0
0.002421
0.00241
0.004914
0.002532
0
0.002639
0
0.014493
0
0
0
0
0
0
0
0
0
0
0
0
0.005435
0
0.005128
0
0
0.006993
0
0
0.007463
0
0.003058
0
0
0
0.016304
0
0.002625
0
0
0
0
0
0
0
0
0
0
0
0
0
0
0
0.003096
0.002268
0
0.00216
0
0.002101
0.002146
0
0.002165
0
0
0
0
0.002096
0.002128
0
0
0
0
0
0
0
0
0.002041
0
0
0.004
0
0.00198
0
0.002008
0
0
0.006452
0
0
0
0
0.00381
0
0.00277
0.001957
0.001942
0
0
0
0
0
0
0.001862
0
0.001869
0
0
0.001883
0.001855
0.003711
0.001938
0
0
0
0
0
0
0.002123
0
0
0.002247
0
0
0.003021
0
0.003135
0
0
0
0
0
0.002755
0
0.002551
0
0.002342
0
0.005
0
0
0
0.00232
0
0
0
0
0
0
0
0
0
0
0.003021
0
0
0
0
0
0
0
0
0
0
0
0
0
0.002439
0
0
0
0
0
0
0.002688
0
0
0
0
0.003367
0.006757
0
0
0
0.00365
0
0
0
0.003817
0
0
0
0
0
0
0.004167
0
0
0
0.005435
0.004902
0
0.004464
0
0
0
0
0.005263
0.004149
0
0
0
0
0
0
0
0
0.003704
0
0
0
0
0
0
0
0
0
0
0.005051
0.004717
0
0
0
0
0.003268
0
0
0
0
0
0
0
0
0
0
0
0
0
0
0
0
0
0
0.002882
0
0.002801
0
0
0
0
0.002584
0
0
0
0
0
0
0
0.002375
0
0
0.002165
0.002114
0
0
0
0
0
0.002028
0
0
0
0
0
0
0.001908
0
0
0
0.001942
0
0
0
0
0
0.002114
0
0
0
0
0
0
0
0.004444
0
0
0.002273
0.005038
0
0.002252
0.002247
0
0
0.002232
0
0
0
0
0
0.002299
0
0.002353
0
0
0
0
0.002364
0.007282
0
0
0
0.002169
0.002105
0
0.002105
0.002088
0
0
0
0
0
0
0.002336
0.00432
0
0
0.002119
0
0
0
0
0
0
0
0
0.002165
0
0
0
0
0
0
0.002299
0.00232
0.0025
0
0.002817
0.002817
0
0
0
0
0
0
0
0
0
0
0
0
0.00241
0
0
0.002381
0
0
0
0
0
0.002488
0.007653
0
0
0
0.002653
0.002725
0
0
0
0.005
0
0
0
0.002703
0
0
0
0
0
0
0
0.005917
0
0
0
0
0
0
0
0
0
0.003597
0
0
0
0
0
0
0
0
0
0
0
0
0
0
0
0
0
0
0
0
0
0.002725
0
0
0
0
0.002674
0
0
0
0
0.002551
0
0.002551
0
0.002545
0
0
0
0.00237
0
0
0.002299
0
0.002294
0
0
0.002268
0.002309
0
0
0
0
0.002309
0.004728
0
0.002703
0.005587
0.002513
0
0
0.002283
0
0
0
0.002193
0
0
0
0
0.003367
0
0.002331
0
0
0
0
0
0
0
0
0
0
0
0
0.003165
0
0.002695
0
0
0
0
0
0
0.001961
0
0
0
0
0.001908
0
0.001916
0.001898
0
0.001957
0
0
0
0
0
0
0
0
0.004024
0
0
0.002016
0
0
0
0
0
0
0.004274
0.002203
0
0
0
0
0
0
0
0
0.002591
0
0.002778
0.002786
0.002577
0
0.002597
0
0
0
0
0
0
0
0
0
0
0
0
0
0
0.010363
0
0.003236
0
0
0
0
0
0
0.003876
0
0
0
0
0
0
0.003077
0
0.00304
0
0
0.006135
0
0
0
0
0.003106
0
0
0
0
0
0
0.003205
0.003226
0
0.004184
0
0
0
0.003367
0
0
0
0
0
0
0
0
0
0
0
0
0
0.003802
0
0.003861
0.003937
0
0.004032
0
0.004405
0
0
0
0
0.005988
0
0
0
0
0
0
0
0
0.033898
0
0
0.018519
0
0
0
0
0
0
0
0
0
0
0
0
0
0
0
0
0
0
0
0
0
0
0
0
0
0
0
0
0
0
0
0.005464
0
0
0
0
0
0
0
0
0
0
0
0
0
0
0
0.003636
0
0
0
0
0
0
0
0.008929
0
0
0
0
0
0.00274
0
0
0
0
0
0
0
0
0.005155
0
0
0
0
0
0
0
0.004535
0
0
0.004301
0
0
0
0
0
0
0
0
0
0.004016
0
0
0
0
0.002033
0
0
0
0
0
0
0
0.002041
0
0.001988
0
0.003883
0
0
0
0
0.003922
0
0
0.003891
0
0.00198
0.001965
0.002008
0.001984
0
0
0
0
0.002062
0.002105
0
0.002169
0
0.002237
0
0
0.002315
0.002331
0.002364
0
0
0.002404
0
0
0.002558
0
0
0
0.003012
0
0
0
0
0
0.00295
0
0
0
0
0
0
0
0
0
0
0
0
0
0
0
0
0
0
0
0
0
0
0
0
0
0
0
0
0
0
0
0
0
0
0
0
0
0
0
0
0
0
0
0
0
0.004464
0
0
0
0.003861
0
0
0
0
0
0.003333
0
0
0
0
0
0
0.002646
0
0.002545
0
0
0
0
0
0
0
0
0
0.002114
0
0
0
0.003976
0.002012
0
0
0
0.00266
0
0
0.001852
0
0
0.001848
0
0.005964
0.001832
0
0
0.001789
0
0.005576
0
0.001773
0
0
0
0
0
0.001645
0
0
0
0
0
0
0.001623
0
0
0
0.00161
0
0
0.001613
0
0.001613
0.002151
0.001669
0.001645
0
0
0.003221
0
0
0
0.001672
0.001645
0.00161
0.001613
0
0
0
0
0
0
0
0.003317
0.001669
0
0.001645
0
0
0.003289
0
0
0
0
0
0
0.001757
0.001776
0.005319
0
0.001802
0
0
0
0.001802
0
0
0.003384
0
0
0
0.003643
0.004283
0.002242
0.007229
0.002375
0.002358
0.002353
0
0
0
0
0.003604
0.001805
0.005391
0
0
0
0
0
0
0
0.001541
0.001515
0.003012
0
0.001449
0
0
0
0
0
0.002721
0
0
0
0
0
0
0
0
0
0.001385
0
0
0.001403
0
0
0
0
0
0
0
0.001493
0.004573
0.003766
0
0.001504
0
0
0.001508
0
0
0.001531
0
0.001534
0
0
0
0.001647
0.003839
0
0
0
0.001684
0
0
0
0.001724
0
0.001855
0
0.002101
0
0
0
0
0.00188
0
0
0
0.001859
0.001876
0
0.001866
0
0
0
0.001901
0
0.002049
0
0
0.002151
0.002096
0
0
0
0
0.002128
0
0
0
0
0
0
0.00271
0
0
0.002294
0
0
0
0
0
0
0
0.002268
0
0
0
0
0
0
0
0
0
0.002475
0
0.0025
0
0
0
0.002778
0
0
0.005917
0
0
0
0.003077
0.00304
0
0.003115
0.003185
0
0.003448
0
0.004184
0
0
0
0
0
0
0
0.004115
0
0
0
0
0
0
0
0
0
0.004785
0
0
0
0
0
0
0
0
0.006369
0
0.00885
0
0
0.028986
0
0
0
0
0
0
0
0
0
0
0
0
0
0
0
0
0
0.1
0
0
0
0
0
0
0
0
0
0
0
0.5
0
0
0
0
0
0
0
0
0
0
0
0
0
0
0
0
0
0
0
0
0
0
0
0
0
0
0
0
0
0
0.00939
0
0
0
0
0
0
0
0
0.00361
0
0
0
0
0
0.003584
0
0
0
0
0
0
0
0
0
0
0
0
0
0
0
0
0
0
0
0
0
0
0
0
0
0.00641
0
0
0
0
0
0
0
0.002865
0
0
0.002976
0.002959
0
0
0.003049
0.003115
0
0.003058
0
0
0
0
0.002994
0
0.003058
0
0
0.003165
0
0
0
0.003155
0
0
0
0
0
0
0.002924
0.005618
0.00565
0.008547
0
0
0
0
0.003185
0
0
0
0
0
0
0
0
0
0
0
0.035088
0
0
0
0
0
0
0
0
0
0
0
0
0
0
0
0
0
0
0
0
0
0
0
0
0
0
0
0
0.006993
0
0
0
0
0
0
0
0
0
0
0
0
0
0
0
0
0
0
0
0.035714
0
0
0
0.166667
0
0
0
0
0
0
0
0
0.1
0
0
0
0
0
0
0
0.002551
0
0.002439
0
0
0
0
0
0.004211
0
0
0
0
0
0.00189
0.005803
0
0
0
0.001869
0
0
0.001887
0
0
0.005725
0.00188
0.001905
0.00189
0.001862
0.00365
0
0.001855
0.001815
0
0
0.001802
0
0
0
0
0.001855
0
0
0
0
0.001745
0
0
0
0
0.00274
0
0.001721
0.001712
0
0.006861
0
0
0.001761
0
0
0
0.004515
0
0.004484
0
0.002304
0.001976
0
0
0
0.001835
0
0
0
0.001805
0.003717
0
0
0
0
0
0
0
0
0
0
0
0
0
0
0
0.004132
0
0.002012
0
0.008163
0.00202
0
0.004219
0.002105
0.002123
0
0
0.002174
0
0.002208
0
0
0
0
0
0
0
0.002232
0
0
0
0
0.002315
0
0
0
0
0
0.002421
0
0.004796
0
0
0
0
0
0.002506
0.002439
0
0
0
0.002591
0.002513
0
0
0
0
0
0.002551
0.002564
0
0.00266
0
0
0.002618
0
0
0
0.004016
0
0
0
0
0
0.002915
0
0
0
0.002841
0
0.003021
0.002882
0
0.002793
0.002725
0.00271
0
0
0
0
0
0
0
0.002717
0.002681
0
0
0
0.002778
0.002801
0.002874
0
0
0
0.008584
0.003115
0
0
0
0
0.002941
0
0.002959
0
0.003003
0
0
0
0
0
0
0.00304
0
0.00303
0
0.002985
0
0
0
0
0
0.004926
0
0.004878
0.004902
0
0
0
0
0
0.003115
0
0
0.003125
0
0
0
0
0
0
0
0
0
0
0
0
0
0
0.002262
0.004464
0
0.002198
0
0.002132
0
0
0
0
0.002045
0.002066
0
0
0.004184
0
0.002075
0
0
0
0.002075
0
0.002045
0
0
0
0
0
0
0
0
0.002681
0
0
0
0
0
0
0
0
0
0
0
0
0
0
0.002016
0
0
0
0
0.002037
0
0.002066
0
0.002062
0
0
0
0
0
0.002288
0
0.002469
0
0
0
0
0.002222
0
0
0.002222
0
0
0.009217
0
0
0
0.007075
0.002326
0
0
0
0.002268
0
0
0
0
0
0.002222
0
0
0
0
0
0.004329
0
0
0
0
0
0
0.004717
0
0.002079
0
0
0.004141
0.002075
0.002062
0.002066
0.002075
0.004141
0.002037
0.002041
0.002049
0
0
0
0.006198
0
0.001961
0
0
0
0
0.001938
0
0.001883
0
0.001869
0.001869
0
0
0.001835
0
0.003617
0.001842
0
0.003683
0
0.003929
0
0
0
0
0.003478
0
0
0.001736
0.00173
0
0.001724
0
0
0.001684
0.001669
0
0.001698
0.001689
0
0.005059
0
0
0
0
0
0.001764
0
0
0
0
0
0
0
0.001779
0
0.001818
0
0.001812
0.001818
0.001815
0
0
0.001887
0
0
0.00188
0.00188
0
0.001887
0
0
0
0.001972
0
0.00207
0.004184
0
0
0
0
0.002268
0
0
0
0
0
0
0
0
0
0
0
0.005291
0
0.002681
0
0
0
0
0
0
0
0
0
0.003676
0
0
0
0
0
0
0
0
0
0
0.006536
0
0
0.00431
0
0
0.005495
0
0
0.005102
0
0.004926
0
0
0
0
0.011628
0
0.048611
0
0
0
0
0
0
0.005848
0
0
0
0
0
0
0
0
0
0
0
0
0
0
0
0
0
0
0
0
0
0
0
0
0
0
0
0
0.00885
0
0
0.010204
0
0
0
0
0.004587
0
0
0
0
0
0
0
0
0.003546
0
0
0
0
0
0.006309
0
0
0
0.003175
0
0
0
0
0
0
0
0
0
0
0
0
0
0
0
0
0
0.002387
0
0
0.002717
0
0
0
0.002469
0.005025
0
0
0.002762
0.009231
0
0
0
0
0
0
0
0.00489
0
0
0.004938
0
0
0.002506
0
0.0025
0.0025
0
0
0
0
0.002604
0
0.005714
0
0
0.002469
0
0.009639
0
0
0
0.009009
0
0
0.004255
0
0
0
0
0
0
0
0
0.016529
0
0
0
0
0.00266
0
0.007916
0.00271
0
0
0
0
0
0
0
0.002488
0
0
0
0
0
0
0
0
0
0
0
0
0
0
0
0
0.002433
0
0
0
0
0
0
0
0
0.002506
0
0
0
0
0
0.006369
0
0
0
0
0.002283
0
0
0
0.00232
0
0
0
0
0
0
0
0
0
0
0
0
0
0.002538
0.002564
0
0.002538
0
0.002604
0.002639
0
0
0.002717
0
0
0
0
0.002967
0
0
0
0
0
0
0
0
0
0
0
0
0
0
0
0
0
0
0
0
0
0
0
0
0
0
0
0
0
0
0
0
0
0
0.006667
0
0
0
0
0
0
0
0.002941
0
0
0
0
0
0
0
0
0
0.004926
0
0
0.004619
0
0.002169
0
0
0
0
0
0
0
0
0
0.002222
0.002252
0
0
0
0.00237
0
0
0
0.002597
0
0
0.002717
0
0
0
0
0.002915
0
0.003096
0
0.003175
0
0
0.004237
0
0
0
0
0
0.004
0
0
0.004255
0
0.004566
0
0
0
0
0
0
0
0
0
0
0
0
0
0
0
0
0
0
0
0.006289
0
0
0
0
0
0
0
0.011364
0
0
0.013158
0
0
0
0
0
0
0
0
0
0
0
0
0
0
0.008621
0
0
0
0
0
0
0
0
0
0
0
0
0
0
0
0.00625
0
0.007299
0
0
0
0
0
0
0
0
0
0
0
0
0
0
0.008403
0
0
0
0
0
0
0.004167
0.003731
0.00369
0
0
0
0
0
0
0
0
0
0
0
0
0.003155
0
0
0
0
0.002941
0.002865
0.005666
0
0
0
0
0
0.002618
0.002591
0.002577
0
0
0
0
0
0
0.002481
0
0.002421
0
0
0.002364
0.002375
0.004662
0.002364
0
0.002445
0
0
0.002532
0
0
0
0
0
0.002538
0
0
0
0
0
0.005464
0
0
0
0
0
0
0
0
0
0
0
0
0
0.002632
0
0.002646
0
0.007833
0
0
0
0
0
0
0
0
0
0
0
0
0
0
0
0.002421
0
0.007282
0
0
0
0
0
0.005277
0
0
0.002353
0
0
0
0
0
0
0
0
0
0
0
0
0
0
0
0
0
0.002387
0
0.002571
0
0
0.002597
0
0
0.002646
0
0
0.002681
0
0
0.002604
0
0
0
0
0
0.002755
0.00274
0
0.002817
0
0.002778
0
0
0.002857
0.002833
0
0
0.002907
0.002874
0.002924
0.003003
0.004065
0.006211
0
0
0
0
0
0.002833
0.005698
0.002865
0
0
0
0
0
0
0
0
0.005682
0.002849
0
0
0
0
0.002833
0.002786
0
0
0
0
0
0
0
0
0
0
0
0
0
0
0.00303
0
0
0
0
0.00339
0
0
0
0
0
0
0
0
0
0
0
0.081081
0
0
0
0
0
0.03125
0
0
0
0
0
0
0
0
0
0
0
0
0
0
0
0
0
0
0
0
0
0
0
0
0
0
0
0
0
0
0
0
0.005128
0
0
0.00463
0
0
0
0
0
0
0
0
0.010204
0
0
0
0
0
0
0
0
0
0
0
0
0
0
0
0
0
0.005814
0
0
0.007018
0
0
0
0
0
0
0
0
0
0
0
0
0.002833
0
0
0
0
0
0
0
0
0
0
0
0
0
0
0
0
0
0
0
0
0
0.002632
0
0
0.00304
0
0
0
0
0
0
0
0
0
0.005571
0
0
0
0
0
0
0
0
0.0033
0.003367
0
0
0
0
0.003861
0
0
0
0
0
0
0
0.005051
0.015152
0
0
0
0.013889
0
0
0
0
0
0
0
0.012195
0
0
0
0
0
0
0
0
0
0
0
0
0
0
0
0
0
0
0
0
0
0
0
0
0
0
0
0
0
0
0
0
0
0
0
0
0
0
0
0
0
0
0
0
0
0
0
0
0
0
0
0
0
0
0
0.008403
0.008403
0
0
0
0
0
0
0
0
0
0
0
0
0
0
0
0
0
0
0.003367
0
0
0
0
0
0
0
0
0
0
0
0
0
0
0
0
0.00289
0.002841
0.002874
0
0
0
0.006472
0
0
0
0
0.002618
0
0
0
0.002653
0
0.002674
0
0
0
0
0
0
0
0
0
0
0
0
0.008547
0.002809
0
0
0.002653
0
0.002525
0
0
0.003205
0
0
0
0
0
0
0
0
0
0.002398
0
0
0
0
0
0
0
0.002262
0
0
0.002242
0
0
0
0
0
0.002203
0
0
0
0
0.002217
0
0
0
0.002188
0
0.002128
0
0.004167
0
0.004057
0.002058
0
0
0
0.002053
0
0
0
0
0
0
0
0.004167
0
0
0
0
0.00813
0
0.002062
0
0
0.002
0
0
0
0.002
0.002
0.003891
0
0.001946
0.001969
0
0
0
0
0
0
0
0
0
0
0
0
0
0.001934
0.001908
0.001887
0
0
0
0
0.001828
0
0
0.003876
0
0.005291
0.003509
0
0
0.0033
0.001667
0.006667
0.003407
0
0
0
0
0
0.005226
0.001689
0.00339
0
0
0
0.0033
0
0
0
0
0
0
0.001592
0
0
0
0
0.003091
0
0.001513
0.00152
0.001508
0.001508
0
0
0
0
0.00156
0
0
0
0
0
0
0
0
0.001634
0
0
0.003317
0.004983
0.001692
0.001695
0
0.005093
0
0
0.001706
0
0
0
0.001754
0
0
0
0
0.001916
0.00369
0.001805
0.001821
0.001815
0
0
0
0
0
0.004
0
0
0
0.002079
0
0
0
0.004124
0.004158
0.004149
0.004141
0.002132
0
0
0
0
0
0.002237
0
0
0.002075
0
0.002101
0.002075
0
0.002101
0
0
0
0
0
0
0
0
0.002053
0.002041
0
0
0
0
0.002217
0.002049
0
0
0
0
0
0
0
0.001972
0
0
0
0
0.001957
0
0.002212
0
0.001953
0
0
0
0
0
0
0.005848
0
0
0.001916
0.001927
0
0.001919
0
0
0
0
0
0
0
0
0
0.001894
0.001908
0.001887
0
0
0
0.001887
0.001898
0
0.003745
0
0
0.004008
0.002016
0
0
0
0
0
0.003759
0
0
0
0
0.010909
0
0
0
0
0
0
0
0
0
0
0
0
0
0
0.004396
0.00396
0
0.001996
0
0
0.002101
0
0
0
0.00339
0.002342
0
0
0
0
0.003367
0
0.003356
0.002577
0
0.002451
0
0
0
0
0
0
0
0
0
0.003425
0
0
0
0
0
0
0
0.00237
0
0.002427
0
0.002427
0
0
0
0.002387
0
0
0
0
0.002564
0
0
0
0
0
0
0
0
0
0
0
0.002825
0
0
0.003704
0
0.002597
0.002604
0
0
0
0
0.0025
0
0
0
0
0.002674
0
0
0
0.002646
0.002747
0
0
0
0.002809
0
0
0.002825
0
0.008811
0.00304
0.00295
0
0
0.004505
0
0
0
0
0
0
0
0.002457
0.007371
0
0.012605
0
0.002288
0.002222
0
0.00432
0
0
0
0
0.002083
0
0
0
0.002012
0.002008
0
0.004008
0.002012
0
0
0
0
0
0
0
0
0.004193
0
0
0
0
0
0
0.003831
0.002915
0
0
0
0.001773
0.001754
0
0
0.003571
0
0
0.001828
0.005236
0.001996
0
0.006061
0.001821
0
0
0
0
0.001724
0
0.00173
0
0
0
0
0.001664
0
0
0
0
0
0.001695
0
0
0
0
0.001621
0
0.001629
0
0.0016
0
0
0.003328
0
0.001876
0
0
0.001704
0.001724
0.003697
0
0.00189
0
0
0
0
0
0
0
0
0
0
0.001667
0
0.001664
0
0
0
0
0
0.001616
0.001626
0
0
0.00317
0.003165
0
0.001631
0
0.00158
0
0.001595
0
0.002096
0
0
0
0
0
0
0
0
0
0
0.001567
0.003115
0.001577
0
0.0016
0.001592
0.001563
0.001577
0
0.00158
0.001587
0
0.00158
0.001605
0
0.00158
0.001603
0.0016
0
0.001664
0
0
0.005587
0.001789
0.001736
0.001736
0
0.001684
0.001664
0.003333
0
0
0.001639
0.001745
0.001698
0.001727
0
0.001709
0
0.003431
0
0.001739
0.00349
0
0.003484
0.001764
0.001789
0
0.001821
0
0
0.005714
0
0.001946
0
0.001988
0
0
0.002049
0.002066
0
0
0.002088
0
0
0
0
0.004167
0
0
0.004292
0
0
0.00303
0
0
0
0.004329
0.004484
0.002227
0
0
0
0.002398
0
0
0
0
0.002653
0
0
0.004684
0
0
0
0
0
0.018433
0
0
0
0
0
0
0
0
0
0
0
0
0.002232
0.002165
0
0
0
0
0
0
0
0
0
0.002037
0
0
0
0
0
0
0
0
0
0
0
0
0
0
0
0
0.002062
0
0.00409
0
0
0.002037
0
0
0.004115
0.004301
0.002242
0.009804
0.002392
0
0
0
0.002217
0
0.006696
0.004367
0.002179
0.002169
0.004376
0.004484
0.009009
0.004535
0.002278
0
0.002222
0
0.002123
0
0
0
0
0
0.002041
0
0
0
0.002066
0.002083
0
0
0
0
0
0
0
0
0
0
0
0
0
0
0
0
0
0
0
0
0
0
0
0
0
0
0
0
0.00542
0
0
0.00274
0.002899
0
0
0
0
0.008824
0
0
0.003509
0.009302
0.008547
0
0
0
0
0
0
0
0.36612
0.032864
0
0.013761
0.247059
0
0
0
0.004587
0
0
0
0
0.007843
0.007605
0
0
0
0
0
0
0.007435
0
0
0.003623
0
0
0.003597
0.007246
0
0
0
0
0
0.007194
0.003636
0
0
0
0
0
0
0.003534
0
0
0
0
0
0
0
0
0
0
0
0
0
0
0
0
0
0
0
0
0
0
0
0
0
0
0
0
0
0.004292
0
0
0.004292
0
0
0
0
0
0
0
0.011173
0
0
0
0
0
0
0
0
0
0
0
0.666667
0
0
0
0
0
0
0
0
0
0.004505
0
0
0
0
0
0
0
0
0
0.003236
0.003185
0
0
0
0
0
0.003534
0.002519
0
0
0
0
0
0
0
0
0
0
0.001992
0
0
0
0
0
0
0.001908
0.001862
0.001821
0.001832
0.001848
0.003676
0.001821
0
0.003552
0
0
0.001718
0.001718
0
0.005085
0.003401
0.001675
0
0.003289
0.001642
0
0.005068
0
0.007678
0.003559
0
0
0.002151
0.00156
0.001524
0.001515
0
0
0
0
0
0
0
0.002924
0.001471
0
0
0.001466
0
0.001481
0
0
0.001462
0.001447
0.001466
0.001473
0.001495
0.001453
0.001471
0.001464
0
0
0.001466
0
0
0
0
0
0
0
0.001504
0.001499
0
0
0
0
0
0
0
0
0
0.003584
0
0.008333
0.00304
0.002786
0
0
0
0
0
0.001855
0.001795
0
0.001776
0
0
0.001802
0.001792
0
0.001852
0
0
0
0.002
0
0.00369
0.00369
0
0
0
0
0
0
0
0.002793
0
0
0
0
0
0
0
0
0.002283
0.007937
0.002242
0
0
0
0
0
0
0
0
0.048433
0.037572
0.002762
0
0
0
0
0
0
0.004184
0.002041
0
0.002079
0
0.002075
0
0
0.00211
0
0.003021
0
0
0
0
0
0
0
0
0.004057
0
0
0
0
0
0
0
0.002008
0
0.003929
0.001957
0
0.001984
0.001942
0
0
0
0.001946
0.001949
0
0
0.002
0
0
0
0.00396
0
0
0
0
0
0.002268
0.003058
0.002364
0
0
0
0
0
0
0.002398
0
0.002469
0
0
0
0
0
0
0.010204
0
0
0
0
0
0
0
0
0
0
0
0
0
0
0
0
0.045455
0
0
0
0.002538
0
0.002387
0
0.002315
0
0
0
0
0
0
0
0
0
0
0
0
0.002041
0
0
0
0
0
0
0
0
0
0.002193
0.004396
0
0
0.004484
0
0.002336
0
0
0.002257
0.002174
0
0
0
0
0
0.002079
0
0
0
0.004283
0
0
0
0.004348
0.002183
0
0
0.002198
0
0.002268
0.002283
0
0.00232
0
0.002353
0
0
0.002398
0
0
0
0
0.004115
0
0
0
0
0
0
0
0
0.004255
0
0
0.004902
0
0
0
0
0
0.002597
0
0
0
0
0
0
0.002342
0
0
0
0
0
0.004773
0
0.002445
0
0
0
0.002278
0.002208
0.002198
0.002193
0
0
0
0.004454
0.002227
0
0
0
0.004464
0.004474
0.002193
0.006623
0.006479
0
0
0
0
0.004193
0.002079
0
0
0
0.002037
0
0
0
0
0
0.004184
0
0
0.001957
0
0
0
0.001946
0
0
0
0
0
0
0.001883
0
0.001845
0.001859
0.001901
0.003766
0
0.001876
0
0
0.001855
0.001832
0.001832
0
0
0
0
0.001838
0
0
0
0.001919
0
0.001923
0
0
0
0
0.015909
0
0.004484
0.004525
0
0
0
0.001876
0
0
0.001828
0.001821
0.001792
0
0
0
0
0.001773
0
0
0
0
0
0.003802
0.001953
0.006073
0
0
0
0
0
0
0
0
0
0
0
0.004566
0
0
0
0
0
0.002237
0
0
0.002114
0
0
0
0
0.00289
0
0.00207
0
0.002198
0.001969
0
0.003831
0
0
0
0
0
0
0
0
0
0.001825
0.001828
0
0
0
0
0.005405
0
0
0
0.005376
0.00361
0
0
0.003509
0.001689
0.001704
0
0.001658
0
0
0
0.001712
0
0
0.001684
0
0
0
0
0
0
0
0
0.001661
0
0.00165
0.001754
0.001745
0
0.003454
0.001718
0
0
0
0.001718
0
0
0.001799
0
0
0
0
0
0
0
0
0
0
0.001789
0.001905
0.001883
0
0
0
0
0
0
0.001835
0
0
0
0
0.001832
0.001859
0
0
0.001818
0
0
0
0
0
0
0.001812
0
0
0.001799
0.001808
0.001812
0.003766
0
0
0.001859
0.001898
0.001916
0.005769
0
0.001923
0.001923
0
0
0
0
0
0
0.006024
0
0
0
0
0.004
0.00202
0
0
0.002008
0
0
0
0
0
0
0.002037
0.001988
0.001996
0
0
0
0.002004
0
0.00207
0.002066
0
0
0
0
0
0
0
0
0
0
0.00207
0
0
0
0
0
0.002132
0
0
0.002203
0.004367
0
0
0.00232
0
0
0.002381
0
0
0.002427
0
0
0.002404
0.002433
0
0
0
0.002519
0
0
0.005
0
0
0
0
0
0
0.002513
0
0
0
0
0
0.002551
0.002571
0.005181
0
0
0
0
0
0.010989
0
0
0
0
0
0.002577
0
0
0.002625
0
0
0
0.002597
0
0
0
0
0
0
0.002604
0
0
0.005013
0
0
0.002415
0.002427
0.002427
0
0.002288
0.002268
0.002222
0.006711
0.002183
0.002146
0
0
0
0.002101
0
0
0.003096
0
0.001764
0
0
0.001626
0
0.001587
0
0.001565
0.001517
0
0
0
0
0.00299
0.001456
0.007092
0.002649
0.003886
0.003802
0
0.001193
0
0
0
0
0
0
0
0.001124
0
0
0.001105
0.002183
0
0
0
0.001072
0.003293
0.007937
0
0
0
0
0.00102
0.001025
0
0
0.001038
0.002079
0.001017
0
0.001052
0
0
0.003222
0
0.001068
0
0.001066
0
0
0.001391
0
0.002304
0
0.001036
0.003122
0
0
0
0
0.00105
0.003247
0.001059
0.005241
0
0
0.001022
0
0
0
0
0
0
0
0.002066
0
0.000999
0.001019
0
0.001016
0.001021
0
0
0
0
0
0
0.001056
0
0
0.001058
0
0.001074
0.00106
0
0.00112
0
0
0.001125
0.001166
0
0.002442
0
0
0
0
0
0
0
0
0
0.001323
0.001357
0
0
0.003623
0
0
0
0
0
0.001311
0.00137
0
0
0
0.001233
0.003667
0
0
0
0.002782
0.001299
0.001266
0
0.001238
0
0
0
0
0
0
0
0
0.001294
0
0
0
0
0.004386
0
0
0
0.001282
0
0.002567
0
0
0
0
0
0.001292
0
0
0
0
0.002548
0
0
0
0.001307
0.001326
0
0
0
0
0.002628
0.001266
0
0.001193
0
0
0.001179
0
0
0
0.002604
0.001715
0
0
0
0
0.001208
0
0.001195
0
0
0.001153
0.002296
0
0
0.0012
0
0.004843
0
0
0
0
0.001241
0.001287
0
0
0
0.001387
0.002778
0.001399
0.001401
0.00428
0
0.001477
0.003082
0.006623
0.001572
0
0
0
0.001475
0
0
0.001517
0.00152
0
0.001495
0.002985
0
0
0
0
0
0.001502
0
0.001504
0
0
0.001508
0.003096
0
0
0
0
0
0.013283
0
0
0
0
0
0.003356
0
0.001672
0
0
0
0.003361
0
0
0
0.005282
0
0
0
0
0
0
0
0
0
0
0.001969
0
0
0.002016
0.00207
0
0
0.002123
0.004292
0
0
0
0
0.002278
0
0
0
0
0
0
0.00241
0
0
0.002375
0
0
0
0
0
0
0
0
0
0
0
0
0
0
0.003247
0
0
0
0
0
0
0
0
0
0
0
0
0
0
0
0
0
0
0
0
0
0
0
0
0
0
0
0.027027
0
0
0
0
0
0
0
0
0
0
0
0
0
0
0
0
0
0
0
0
0
0
0
0
0
0
0
0
0
0
0
0
0
0
0
0
0
