0
0
0
0
0
0
0
0
0
0.007752
0
0
0
0
0
0
0
0
0
0
0
0
0
0
0
0
0
0
0
0
0
0
0
0
0
0
0
0
0
0
0
0
0
0.002227
0
0
0
0
0
0
0
0
0
0
0
0
0
0
0
0
0
0
0
0
0
0.001348
0
0
0
0
0
0
0
0
0
0
0
0.001171
0
0
0.00116
0
0.001062
0
0
0
0
0.001009
0
0.000999
0
0
0
0
0
0
0
0
0
0
0
0.000929
0
0
0
0
0
0
0
0
0
0
0.00163
0
0
0
0
0
0
0
0
0.000764
0
0
0
0
0
0
0
0.000732
0
0
0
0.000718
0
0
0
0.0007
0.000701
0.000692
0.000692
0
0
0
0.00069
0
0
0
0
0.00067
0.000664
0
0
0
0
0
0
0
0
0
0
0.000655
0
0
0
0.000668
0.000684
0
0
0.000655
0.001315
0
0.000668
0
0
0
0
0
0
0.000667
0
0
0
0
0
0
0.000657
0
0
0.000659
0
0
0
0
0.000642
0
0
0
0
0.001228
0
0
0
0
0.000627
0
0
0.000637
0.001913
0
0
0
0
0
0.00127
0.000636
0
0
0
0
0
0
0
0.000628
0
0.000626
0
0
0
0
0
0
0
0
0.00061
0
0
0
0.000569
0.000574
0
0
0
0
0
0.000557
0.000555
0
0.00055
0
0.000543
0
0
0.000543
0.000545
0.000528
0
0
0.000531
0
0
0.00054
0.001085
0
0
0
0.000556
0
0
0
0.000524
0
0
0.000526
0
0.000526
0.000522
0
0
0
0
0
0
0.000531
0
0
0
0
0
0
0
0
0
0.000519
0.000512
0.000514
0.000512
0
0
0.000515
0
0
0
0
0
0
0
0
0
0.000516
0
0
0
0
0.000519
0
0
0
0.000522
0
0
0
0.000518
0
0.001679
0
0.000519
0
0
0
0
0
0
0
0.000491
0.000489
0
0
0.000485
0.00049
0
0
0.000499
0
0
0.000494
0
0
0
0
0
0.000497
0.000486
0
0
0.000479
0
0
0.000472
0
0
0
0
0
0
0
0
0
0
0
0.000448
0
0.000441
0
0
0
0.000444
0.000453
0.000454
0
0.00045
0
0.000445
0
0
0.00089
0.000438
0
0.000883
0
0.00044
0
0
0
0.000452
0.000452
0
0.000457
0
0
0
0
0
0
0
0.000451
0
0
0
0
0.00045
0
0
0
0
0
0
0
0
0.00044
0.000443
0.108946
0
0.000441
0
0
0.000434
0.000854
0
0.000432
0
0.000434
0
0
0
0
0
0.00043
0.000851
0
0
0
0
0.000426
0.001282
0
0.000862
0
0
0
0.000426
0
0.000832
0.001245
0.000416
0
0
0.000425
0
0
0.000423
0
0
0
0
0
0
0
0
0
0
0
0
0.000412
0.00082
0.000409
0
0
0
0
0
0.000414
0
0
0
0
0
0
0
0
0
0.00083
0
0
0
0
0
0
0
0
0.000405
0
0.000401
0
0
0
0
0.00085
0
0.000844
0
0.000405
0.000401
0
0
0
0
0.000809
0
0
0
0.000413
0
0
0
0
0.000404
0.000408
0
0
0.000408
0
0.000421
0
0.000431
0.000427
0.000427
0
0
0
0
0
0.000433
0
0.000873
0
0
0
0.000439
0.000442
0
0
0
0
0
0.000438
0
0
0
0
0
0
0
0.000433
0
0
0
0
0.000442
0.000448
0.000448
0.000451
0.000896
0.000442
0
0
0
0
0
0
0
0.000431
0
0
0.000433
0
0
0.000434
0
0
0.000435
0
0
0
0.000416
0.000415
0
0.000415
0
0.000415
0
0.00042
0
0.000831
0.000419
0
0.000421
0.000428
0.000844
0
0
0
0
0.000434
0.000438
0.000854
0
0.000845
0
0
0
0
0.000426
0
0
0
0
0
0
0
0
0
0.000433
0
0
0
0.000433
0
0.001276
0
0
0
0.000424
0
0
0
0.000426
0
0
0.000422
0
0.000425
0.000427
0
0.000861
0.000435
0
0.000436
0
0.000442
0
0
0
0
0
0
0
0.000862
0
0
0
0
0
0
0
0
0
0
0
0
0.000467
0
0.000513
0
0
0
0
0.005834
0
0.000489
0
0.1
0
0
0
0.000491
0
0
0
0
0
0.000484
0
0.000489
0
0.000501
0.000494
0
0
0
0
0
0
0.000517
0.000518
0
0
0
0
0
0
0
0
0
0
0
0.000531
0
0
0
0.00161
0.000526
0.000541
0
0
0.000533
0
0.000545
0
0
0
0
0.000552
0
0
0
0.000595
0
0.001154
0
0.000568
0.000567
0
0
0
0
0
0.00058
0
0.000582
0.001154
0
0.000566
0
0
0
0
0.001162
0
0
0
0
0
0.000565
0
0
0
0
0
0
0
0
0.000545
0
0
0
0
0
0
0
0.000518
0
0.000549
0
0.000551
0
0.00054
0.000563
0.001791
0
0
0
0
0
0
0.000569
0
0.00059
0
0
0
0.00114
0
0.000571
0.001136
0
0
0.000578
0
0
0
0
0
0
0.000571
0.000571
0.000581
0.000573
0
0.000575
0
0
0
0
0.000579
0.105752
0
0.00112
0
0
0
0
0
0.000567
0
0
0
0
0
0
0
0
0
0
0
0.004515
0
0.003394
0.00055
0.001099
0
0
0
0
0
0.000548
0
0
0
0.001119
0
0
0.000552
0.000556
0
0
0
0
0
0.001098
0
0.000545
0.000544
0
0.00108
0.000543
0
0.000554
0
0.000549
0
0
0
0
0.001093
0.000536
0
0.000544
0
0
0
0
0
0.000525
0.001049
0
0
0.000529
0
0
0
0.000544
0.000557
0.000542
0
0
0
0
0.000563
0
0
0.023442
0
0
0.000515
0
0
0.000518
0
0
0
0.00053
0.000527
0
0
0
0
0.00055
0
0.00056
0.000552
0
0
0
0
0
0
0.002144
0.000537
0
0
0
0.000542
0.000557
0
0.000543
0
0
0
0
0
0
0
0
0
0
0
0
0
0
0
0
0.000493
0
0.107426
0
0
0
0
0
0
0.000969
0.000478
0.000482
0
0
0
0
0
0
0
0
0
0
0
0
0
0
0.000469
0
0.000462
0
0
0
0
0
0
0
0
0
0
0
0.000448
0
0
0
0.000439
0
0
0.000897
0
0
0
0.00042
0
0
0
0
0
0
0
0
0
0
0
0.003701
0
0
0
0.000414
0.000835
0
0
0
0
0.022222
0
0
0
0
0
0
0.000414
0
0
0.000398
0.000399
0
0
0.00039
0.000777
0.000386
0
0.000387
0
0
0
0
0
0
0.000784
0.000779
0
0
0
0
0
0.000764
0
0
0.000795
0.000389
0.000388
0
0
0.000382
0.000384
0.000388
0
0
0.000389
0.00077
0
0.000386
0
0.087895
0
0
0
0
0.000385
0
0
0.000387
0
0.000386
0.000382
0
0
0.000383
0.000766
0.000382
0.000383
0
0
0
0
0
0
0.000391
0
0.000395
0
0.000397
0
0
0
0
0.000393
0.000394
0
0.000393
0
0.000395
0.000393
0.000399
0
0.000396
0
0.000785
0
0
0
0
0.000395
0
0.000391
0.00039
0
0.000392
0.000395
0.00078
0.000384
0
0.000393
0.000377
0
0.000754
0
0
0
0.000381
0
0
0
0
0
0
0.089489
0
0
0
0
0.000699
0
0.000356
0
0
0.000362
0
0.000357
0
0
0
0.000368
0
0
0
0
0.000364
0
0
0
0.00036
0
0
0.000696
0
0
0
0
0.000341
0
0.000345
0.000352
0
0
0
0.000361
0
0.000379
0
0
0
0.00037
0.000374
0
0
0
0.000371
0
0
0
0
0.11182
0
0.000375
0.000366
0
0
0.00073
0
0.000367
0.000365
0
0
0
0.00036
0
0
0
0
0.000353
0
0.000349
0
0
0
0
0.000335
0.000669
0
0.000676
0
0
0.000334
0
0
0.000691
0
0
0
0
0
0
0
0
0
0.00031
0.000932
0.000311
0
0.000628
0
0
0
0
0
0
0.000336
0.000308
0
0.000309
0
0
0
0.0003
0.000303
0.000306
0.000304
0
0.000304
0
0
0.000307
0
0
0
0
0.000304
0
0
0
0.003369
0
0.000615
0
0
0
0.001185
0.000293
0
0.000293
0
0
0.000592
0.0003
0.000616
0
0
0
0.000621
0.000309
0
0.000315
0.000318
0
0
0
0.000317
0
0.000319
0.000634
0
0
0
0
0.000315
0
0
0
0
0
0
0.000316
0
0.000641
0
0.000321
0
0.000666
0.000331
0.000331
0.000327
0
0
0.003265
0
0
0.000659
0
0
0
0
0
0.000675
0
0
0.00068
0
0.000349
0
0
0
0.00034
0
0
0
0
0.000329
0.000331
0.000337
0.000343
0
0
0
0
0
0
0.003836
0.000342
0
0.000719
0.001063
0
0
0
0
0.000342
0
0
0.000351
0
0
0.000706
0
0.106391
0.000346
0
0
0
0.000355
0.000355
0.000724
0
0.000363
0
0
0
0
0
0.000349
0
0
0.000348
0
0
0.000706
0
0
0
0.000348
0.001392
0.000701
0
0
0.000352
0
0
0
0
0
0
0
0.000339
0
0
0.000335
0
0
0
0
0
0
0.000334
0.001019
0
0.000359
0
0
0.000365
0
0
0
0.00036
0
0.000358
0.000362
0
0.00036
0.00035
0
0.000345
0
0.000344
0.000347
0.000346
0.000695
0
0
0
0
0
0
0.000681
0
0
0
0
0
0
0
0
0
0.000351
0
0.000349
0
0
0
0
0
0.000344
0
0.000349
0
0
0
0
0
0
0.000683
0
0.00034
0.00034
0
0.000344
0
0.001001
0
0
0
0.000683
0.000339
0
0
0
0
0
0
0
0
0
0
0
0
0.000348
0
0.00107
0
0.00034
0
0.000336
0.001011
0.000675
0.000337
0
0.000343
0.000694
0
0
0.000343
0.0007
0
0.000707
0.000351
0.000353
0.000714
0
0
0.000738
0.001098
0.000365
0.001127
0.000364
0.000362
0
0.000728
0
0
0.000369
0.000365
0
0
0
0.000357
0
0
0.000369
0.000371
0
0
0
0
0.000726
0
0
0
0
0.000366
0
0.000372
0
0
0
0.000382
0
0
0
0
0
0
0.000382
0.00038
0
0.000378
0.000377
0
0
0
0.000398
0.000375
0
0
0.000368
0.000731
0
0.000369
0
0
0
0
0
0.000389
0
0
0
0
0.000369
0
0
0.00038
0.000753
0.000374
0
0.000372
0.001116
0
0.000373
0
0.000382
0
0.000375
0.000372
0.000769
0.000745
0.000748
0
0
0
0.000371
0
0.000379
0
0
0
0
0
0.000384
0
0
0
0
0
0.000385
0
0.000381
0
0
0
0
0.000371
0.00037
0.000737
0
0
0.001127
0.000744
0.000753
0.000376
0.001535
0
0
0
0.000748
0
0
0.000756
0
0
0.000381
0.000389
0.000391
0.000396
0.000783
0
0.000388
0
0
0
0
0
0
0
0
0
0
0
0
0.078566
0
0.000767
0
0
0.000379
0.000384
0
0
0
0.000373
0
0.000373
0
0
0
0.000378
0
0
0.000372
0.000362
0
0
0
0.000737
0
0.000366
0.000363
0.000373
0.000364
0
0
0
0
0.000364
0
0.000702
0
0
0
0
0.075874
0
0.001053
0.000354
0
0
0
0.00072
0
0
0
0
0.000353
0
0
0.000362
0.000724
0.000359
0.000714
0
0
0
0
0
0
0
0
0
0.000375
0
0.000375
0
0
0
0
0.00038
0.000387
0.000386
0
0
0
0.000388
0
0
0
0
0
0
0
0
0
0.000386
0
0.000767
0.000389
0
0
0.00039
0.000379
0
0
0.000379
0.000378
0.000373
0
0.000363
0.000372
0.00038
0
0.000374
0
0.000376
0.000379
0.000381
0
0
0
0
0.00038
0.000382
0.000381
0
0
0
0
0
0
0.000384
0
0
0
0.000387
0
0
0.00039
0.000389
0.000785
0
0
0.000392
0
0.000393
0
0
0
0
0
0
0
0.000397
0.000386
0
0
0
0
0
0
0
0
0
0
0.000364
0.000734
0
0
0.000754
0
0
0
0
0
0
0
0
0.000379
0
0
0.000757
0
0
0
0
0.00038
0.000385
0
0.000397
0.000795
0
0
0.000406
0.000407
0.000403
0
0.001185
0
0.000379
0
0.000378
0
0.000381
0
0.000382
0
0
0
0
0.000744
0
0
0
0
0
0
0
0
0.000366
0
0.000366
0
0
0.000355
0.000363
0
0.000362
0
0
0.00071
0
0
0
0
0
0
0
0
0.000353
0
0
0
0
0.000351
0
0
0
0.000348
0
0
0.000694
0
0
0.000716
0.000356
0
0.000349
0.000705
0.000704
0.000356
0.00036
0.000363
0
0.00036
0
0.000721
0.000361
0
0.00035
0
0.000354
0.000709
0
0
0
0
0
0
0.000351
0
0
0.000357
0
0
0
0.001069
0
0.000351
0.001453
0.000688
0
0.000344
0.000342
0
0
0.000342
0.001034
0
0.000344
0
0
0.000717
0.000354
0
0.000708
0.000354
0
0.000358
0
0
0
0.000734
0.000365
0
0
0.00037
0
0
0
0
0.000378
0
0.000381
0.000383
0
0
0
0
0.000384
0
0
0.000392
0
0
0
0
0
0
0.000378
0
0
0
0
0
0
0
0
0
0
0.000399
0.0004
0
0.000408
0.000403
0
0
0
0.000421
0
0.000828
0
0.000416
0
0
0
0
0
0.001272
0
0
0.000421
0
0
0.000429
0.000428
0
0
0
0
0
0
0
0
0.000431
0
0
0
0
0.00089
0
0
0
0
0
0.000412
0
0.000417
0
0
0
0
0
0
0
0.000418
0.000416
0
0.000427
0
0
0
0
0.000409
0
0
0
0
0
0
0.000427
0
0
0
0.000845
0
0
0
0
0.000435
0
0
0.000463
0.000452
0
0
0.000894
0.000449
0
0.000444
0
0.000452
0
0
0
0
0
0.000451
0
0
0.000454
0
0.000916
0.000451
0
0.000457
0
0
0.000463
0
0
0.000466
0
0.000482
0
0.000473
0.000929
0
0
0
0.000923
0.000925
0.111426
0
0
0
0
0
0
0
0.000449
0.000437
0
0
0
0
0
0
0
0.000423
0
0
0.000431
0.000431
0
0
0.00043
0
0.000892
0
0.000911
0.000456
0.000454
0.000456
0
0
0
0.000913
0
0
0
0.000913
0.000459
0
0.000447
0
0.000447
0
0
0
0.000409
0.00041
0.000403
0
0.000407
0.000401
0
0
0.001222
0.001255
0.0004
0
0
0
0
0
0.000389
0
0
0
0
0
0
0.000398
0.000806
0
0
0
0
0
0
0
0.000817
0.000402
0
0
0
0
0
0
0.000395
0
0.000401
0
0
0
0
0
0
0.000403
0.000406
0
0.000818
0.000407
0.000414
0
0
0
0.000815
0
0
0
0.00041
0
0
0
0.000408
0.000412
0.00041
0
0
0
0.000401
0.000405
0
0.000402
0.000399
0.000799
0
0
0
0
0
0.000807
0
0.000411
0
0.000407
0.000408
0
0
0
0.000816
0.000411
0
0
0.087903
0
0
0
0
0.000414
0
0
0
0
0
0
0.00041
0
0
0.000403
0
0.000408
0.000401
0
0
0
0
0.000428
0.000412
0
0.00041
0.000426
0
0
0.000423
0
0.000415
0.000412
0
0
0.000414
0.000419
0.001254
0.001216
0
0.001221
0
0
0
0
0
0.000394
0
0.000414
0
0.000806
0
0
0
0.000432
0
0.000428
0
0
0
0.000842
0.000421
0
0
0.000423
0
0.000424
0.001319
0.000876
0.000884
0.000448
0.000444
0
0
0.001422
0
0
0
0
0
0.000446
0
0
0
0
0
0.000435
0
0
0.000448
0.000916
0
0.000445
0
0
0
0.000447
0
0.000883
0
0
0
0.000911
0
0
0
0.000923
0
0
0
0.000437
0.000881
0
0
0
0
0
0
0.000433
0.000436
0.000431
0
0.00087
0
0
0
0.001315
0
0
0
0
0.000903
0
0
0.003604
0
0
0
0
0
0
0
0.00043
0.000428
0
0
0
0
0
0
0
0
0
0
0
0.00043
0
0
0
0
0.000432
0
0
0.000434
0
0
0
0
0.000849
0.000433
0
0
0
0
0.000451
0.000445
0
0
0
0
0
0
0
0
0.000448
0.000444
0
0
0
0
0
0
0.000456
0
0
0
0
0.000934
0
0
0
0.000471
0
0
0.000471
0
0
0
0
0.000479
0
0
0
0
0
0
0
0.000491
0
0
0
0
0
0
0.000506
0
0
0
0
0
0
0
0.000486
0.000486
0
0
0
0.000484
0
0.000497
0.000487
0
0
0
0
0
0
0.000491
0
0.000499
0
0
0.000497
0.0005
0
0
0
0
0
0
0
0
0
0
0
0.000503
0
0
0
0
0
0
0
0
0
0
0.00052
0
0
0
0
0
0
0
0.000495
0
0
0.000503
0.001009
0
0
0.000493
0.000987
0
0.000498
0
0
0
0
0
0
0
0
0
0.000489
0.000482
0
0
0
0
0.000481
0.000962
0.001409
0
0
0
0
0.000497
0
0.000495
0
0
0
0
0
0.000489
0.000501
0
0
0
0
0
0
0
0
0.00049
0
0
0
0.000504
0
0
0
0
0
0
0
0
0.000506
0
0
0
0
0
0
0
0
0
0
0
0
0
0
0
0
0
0.000475
0
0
0
0.00045
0
0
0
0
0.003233
0
0.00045
0
0
0
0
0.000442
0.000433
0
0
0
0
0.000423
0.000421
0
0
0.00084
0
0
0
0
0
0
0
0
0
0.000844
0
0
0
0.000421
0
0
0
0
0
0
0.00085
0
0
0
0.000426
0.000424
0
0
0.000432
0.000432
0.000429
0.000429
0.000858
0
0
0
0
0
0
0.000436
0.000429
0.00043
0
0
0
0.000431
0
0
0
0.000441
0
0
0
0
0
0
0
0
0.00091
0
0
0.000454
0.000904
0
0
0
0
0.000456
0
0
0
0
0.000469
0.000465
0
0
0.00047
0
0
0
0
0.000994
0.00049
0
0.104743
0
0.000477
0
0
0.000488
0
0
0.000493
0.000488
0.000484
0
0
0
0.100964
0
0.000475
0
0
0.000499
0
0
0.088889
0
0
0
0
0.000534
0.00565
0
0
0
0.079863
0.000577
0
0
0.000522
0
0
0.000529
0
0.000535
0
0
0
0
0
0
0
0
0
0
0
0
0
0
0.00062
0.001222
0
0
0
0.105157
0.000654
0
0.094656
0
0.000689
0
0
0
0
0
0
0
0.000688
0.00069
0
0
0
0
0
0
0
0
0.001327
0.113043
0
0
0
0
0
0
0
0
0
0.000631
0.000635
0
0
0
0.000637
0
0.000631
0.000639
0.000618
0
0.105968
0
0
0
0.000609
0
0
0.00119
0
0
0
0
0.100529
0
0
0.099644
0.107227
0
0
0
0.000569
0
0
0.000584
0.000582
0
0.000567
0
0
0.000557
0.000561
0.000546
0.00057
0
0.000546
0.001086
0
0
0.000548
0.001098
0
0.000546
0.09435
0
0
0
0
0.000556
0
0
0
0
0
0
0.001082
0
0.000534
0.000536
0
0.000534
0.001068
0
0.000521
0.090241
0
0
0.095643
0
0.000523
0.000527
0
0.000527
0.098352
0
0
0.000514
0.000519
0.001041
0
0
0.000529
0.000529
0.001065
0
0
0
0.000527
0.000524
0
0
0.000518
0
0
0
0
0
0.001675
0.000545
0
0
0
0
0
0
0
0.000539
0
0
0
0.000532
0
0.103373
0.000543
0
0
0
0
0.09728
0.001033
0
0
0
0
0
0
0
0
0
0.001013
0
0
0
0
0
0.000508
0
0
0
0.001509
0
0
0.006286
0.000487
0
0
0.000486
0
0
0
0
0.000487
0
0
0.003878
0
0.000501
0
0
0
0
0
0.000501
0.08501
0
0
0
0.00055
0
0
0.000519
0
0.068878
0
0
0
0
0
0
0
0
0.066774
0
0
0.067214
0
0.000524
0
0
0
0.001008
0
0
0
0
0
0.000517
0.000589
0.000529
0
0
0
0
0
0
0
0
0
0
0
0
0
0
0.000515
0.002148
0.00053
0
0.002137
0
0
0
0
0
0
0
0
0
0.067805
0
0
0
0
0
0
0
0.001054
0.075314
0
0
0
0
0.012539
0
0
0
0
0
0
0.000484
0
0.005288
0
0
0.002967
0.000483
0
0.000478
0
0.000491
0
0
0.000492
0.066667
0
0.000477
0
0
0
0
0
0.001004
0
0.000502
0
0
0
0
0
0
0.000525
0
0.000523
0
0.003715
0
0.000535
0
0
0.000527
0
0
0
0.068894
0
0
0
0.001054
0
0
0
0
0
0.001606
0
0
0
0.000527
0.000524
0.00054
0.001063
0.003176
0
0
0.083426
0
0
0
0
0
0
0
0
0.000521
0
0
0.000514
0
0
0
0
0.000968
0
0
0
0
0.000495
0
0
0.001501
0.000956
0
0
0
0.08577
0
0.000475
0
0
0
0
0
0
0
0
0
0.002434
0
0
0
0
0
0
0.000478
0
0.00048
0.000476
0
0
0.000477
0.000478
0
0
0
0.001006
0
0
0
0
0.001037
0
0.000556
0
0.091259
0
0.000549
0
0
0
0.000554
0
0
0.08703
0.000532
0
0.000518
0.000526
0
0
0
0
0
0
0
0
0
0
0
0
0
0
0.000509
0
0
0
0
0
0.000484
0
0.000489
0.000497
0
0.078373
0
0
0.076479
0
0
0
0
0
0.08056
0
0
0
0
0
0
0.000471
0.000464
0
0
0
0.001891
0.000953
0
0
0
0
0
0.000495
0
0.004455
0
0
0
0.000491
0.000489
0.000982
0
0
0
0
0
0.005618
0
0
0
0
0
0
0
0.000455
0
0
0.000466
0
0
0.000961
0.001067
0
0
0.002114
0
0
0.090181
0
0
0
0
0.001037
0
0
0
0.0865
0
0
0
0.0005
0
0.000503
0.001018
0
0.000503
0
0.000502
0
0.001013
0
0
0
0.000494
0
0.001018
0
0
0.000498
0
0
0.000501
0.000494
0
0
0.00048
0.000487
0.000482
0
0
0.000483
0.000483
0.00048
0.000479
0.000486
0.093463
0
0.00048
0
0
0
0
0
0
0
0.000464
0.000464
0
0
0
0
0
0
0
0.000938
0
0
0
0.000459
0
0
0
0
0
0.000466
0.000465
0
0
0
0.000489
0.001439
0
0
0
0
0
0
0.000493
0.000486
0
0
0.000503
0
0
0
0
0
0
0
0.000496
0
0
0
0
0
0
0
0
0
0
0.000508
0.004562
0
0
0
0
0
0.000483
0.000484
0
0
0
0
0
0.000461
0
0
0
0
0
0.000441
0
0.000892
0.000443
0
0
0.000439
0.000461
0
0
0
0
0
0
0
0
0.000433
0
0.000433
0
0
0.000434
0
0.106297
0
0
0
0
0.00044
0.000436
0.000444
0
0
0
0
0
0
0
0
0
0
0
0
0
0.004106
0
0
0
0
0
0
0.000435
0
0
0
0
0
0
0.000433
0
0.00043
0
0
0.000426
0
0
0
0.00044
0
0
0.000435
0.000881
0
0
0
0
0
0.000874
0
0.000449
0
0.001325
0
0
0.000443
0.000441
0
0
0
0
0
0
0
0
0.000907
0
0.00046
0
0.102156
0.000461
0
0
0
0
0
0.00045
0
0
0
0.000452
0.09498
0
0
0
0.000457
0
0
0
0.000448
0.00045
0
0.000487
0
0
0
0
0
0
0
0
0
0
0.000455
0.00045
0.00045
0
0
0.003772
0
0
0.098384
0.000472
0
0.000469
0
0
0.002391
0
0.000481
0
0.000484
0.00049
0
0
0.000504
0.007797
0.000478
0
0.000469
0.001407
0
0.005162
0
0.000464
0.090019
0
0.000478
0.000482
0
0
0.000968
0.000481
0.000484
0
0
0
0
0.000471
0
0
0.000955
0
0.000465
0
0.000467
0
0
0
0.1
0
0
0.00047
0.000476
0
0
0
0.000487
0.095962
0
0
0
0.104566
0
0.013909
0
0
0
0
0
0
0
0.000481
0
0.00048
0.000496
0.000504
0
0
0
0
0
0.000484
0
0
0.000985
0
0
0
0
0
0
0
0
0
0.002435
0
0
0.000486
0
0.000503
0
0
0
0
0
0.004511
0
0
0
0
0
0
0.000504
0
0
0.000512
0
0.000522
0
0
0
0.000516
0
0
0
0
0.13112
0.021665
0
0.0005
0
0.000507
0
0
0
0.000491
0
0
0
0
0
0.000487
0.000489
0.000493
0
0
0
0
0
0.000501
0.000483
0
0
0
0
0
0.000462
0
0.000914
0.000463
0
0
0
0
0.000461
0.000474
0.000474
0
0
0.000489
0.001933
0.000474
0
0
0.000479
0
0
0
0
0
0
0
0
0.000453
0.000462
0
0.000469
0.105496
0
0
0.000483
0
0
0.00048
0
0
0
0
0
0
0
0.000482
0
0.000956
0.000494
0
0
0.000487
0
0
0
0
0
0
0
0.000491
0
0
0.000489
0.000484
0.001006
0.000482
0
0.000487
0
0.000982
0.000485
0.000485
0
0
0
0.000461
0
0
0.000894
0.000897
0
0
0
0.000446
0
0
0.000444
0
0.001388
0
0.000491
0
0.00044
0
0
0
0
0
0.00088
0
0
0.000465
0
0
0
0.093184
0.001348
0.000443
0
0
0
0
0
0
0
0
0
0
0
0
0
0.000436
0
0
0.00042
0
0
0
0
0
0
0
0
0
0
0.000414
0
0
0
0.000416
0
0
0
0.000408
0.00041
0.00041
0.000397
0.000396
0.001179
0
0
0
0.001282
0.000811
0
0.000404
0
0.000407
0.000404
0
0
0
0.000804
0
0
0.000411
0
0
0.000401
0.000423
0
0
0
0
0
0
0
0
0.000874
0
0
0
0
0.000415
0.002168
0.001282
0
0.000421
0
0
0
0
0
0.000421
0
0
0.000414
0.000831
0
0
0
0.000425
0
0.000417
0.000431
0
0
0.000828
0.000425
0.000846
0
0
0.002135
0.000437
0.00128
0.109114
0
0
0
0.000403
0.000404
0
0
0
0
0
0
0.000865
0
0
0.000421
0
0
0.000443
0
0
0
0
0
0
0.00131
0.00043
0
0.000439
0.000429
0
0
0
0
0
0.000432
0
0.000419
0
0
0
0
0
0
0
0
0
0
0.117797
0
0
0.00039
0
0
0.112337
0
0
0.003348
0
0
0
0
0
0
0.000398
0
0.000418
0
0
0
0
0
0
0.000401
0
0
0
0
0
0
0
0
0
0
0
0.000759
0
0
0
0
0
0.00038
0
0
0
0.000401
0.000399
0
0.000398
0.000799
0
0
0.000372
0
0
0
0
0
0.000365
0
0.000362
0
0
0
0
0
0
0.000348
0
0.000711
0
0
0
0
0.000344
0
0
0.000343
0.000342
0.102662
0.00035
0
0
0
0
0.000351
0.00035
0
0
0.000349
0
0
0.000356
0
0
0.000691
0.001037
0
0.000342
0.000342
0.000342
0
0
0
0
0
0.000703
0.000343
0
0.106634
0.000352
0
0.000719
0
0.000355
0
0.000363
0
0
0
0
0.000373
0
0.000362
0
0
0
0.000364
0
0.000371
0.001126
0
0
0.000372
0.000749
0.000755
0
0.000377
0
0
0
0
0
0
0
0.000383
0.000395
0.000402
0.000404
0
0.000394
0
0
0
0.000401
0
0
0
0.000411
0.000824
0
0
0
0.053285
0
0
0
0.000398
0.000393
0
0.000391
0.000406
0
0.000414
0.000413
0.11489
0
0
0.000393
0.00082
0
0.001631
0
0.000401
0
0.000397
0
0
0
0.000831
0.000442
0
0
0
0
0
0
0
0
0
0
0
0.00094
0
0
0
0.000424
0
0
0.000781
0
0.000407
0.000846
0.000797
0
0
0
0.000885
0
0
0.000833
0
0
0.000425
0
0
0
0.001354
0.00186
0.000947
0
0
0.000422
0.000421
0
0.099788
0
0.000436
0
0
0
0
0
0
0
0
0
0.000481
0
0
0.000476
0.000415
0
0.000409
0
0.000415
0.000407
0
0.000406
0
0.000404
0.000804
0
0
0
0.000393
0
0.0004
0.089576
0
0
0
0
0
0
0
0
0.000805
0
0
0.002406
0
0
0
0
0
0.000431
0
0
0
0
0
0
0
0
0
0
0
0
0.000404
0
0.007331
0
0
0.092576
0
0
0
0
0
0.103963
0
0
0.000469
0
0
0
0.000452
0
0.087948
0
0
0
0
0.000452
0
0.000454
0
0.000457
0.00049
0
0
0
0.000461
0
0
0
0.088235
0
0.000921
0
0
0.000461
0.084848
0.083451
0
0
0
0
0.000501
0.0005
0.00048
0.079866
0.000471
0
0.000471
0
0
0
0.000499
0
0
0
0
0
0.000503
0
0
0
0
0
0.000505
0
0
0
0
0
0
0.000507
0
0
0.00052
0.003629
0.000514
0
0
0
0
0
0
0.000513
0
0
0
0.000535
0
0
0.007311
0
0
0
0
0.000539
0
0
0
0
0
0
0.002604
0
0.000498
0
0.000508
0
0.097179
0
0.00052
0
0
0
0.102872
0
0
0.000495
0
0
0.000498
0
0
0.089942
0
0
0
0.000477
0
0.000486
0
0
0
0.000949
0
0
0
0
0
0
0.000485
0.096397
0
0.000479
0.000478
0
0.000487
0.000484
0
0.000947
0.004708
0
0
0
0.000476
0
0
0.000989
0
0.094367
0.000475
0
0.000463
0.000462
0
0
0
0.001437
0
0
0.000468
0
0
0
0
0
0
0
0
0
0.000451
0
0
0.000446
0.000448
0
0
0.106256
0
0.10812
0
0
0.006176
0
0
0
0.000439
0
0
0.005376
0.000451
0.000895
0
0
0
0
0
0
0
0.000436
0
0
0.000444
0
0
0
0.000469
0
0
0
0
0
0
0
0.000441
0
0.000443
0.000446
0
0.000899
0
0
0.000453
0
0
0
0
0
0
0.00045
0.000446
0
0.000449
0.000457
0.018636
0
0
0
0
0
0.000467
0
0.000965
0.00094
0
0.000465
0
0.000461
0.00046
0.000902
0
0
0.000453
0
0.000892
0
0.000448
0.000457
0
0.000445
0.000451
0.000451
0.000465
0.000939
0.000461
0.000921
0.000925
0
0.000468
0
0
0
0
0
0
0
0
0
0.000455
0.100498
0.000452
0
0
0
0
0
0
0
0
0.000445
0
0.000447
0
0
0
0
0.000443
0
0
0.000437
0
0
0.000437
0.000442
0
0.000447
0.000446
0
0
0
0
0
0
0
0.101272
0
0
0
0
0.000427
0
0.000428
0.000825
0
0
0.000406
0
0
0
0.000806
0
0.000403
0
0.000855
0
0.000421
0
0.000809
0
0.000397
0
0
0
0
0
0.000794
0
0
0
0
0.089698
0.000389
0
0
0.000764
0
0
0.000392
0.000399
0
0
0.000393
0.000394
0.000792
0.000395
0.000394
0.000391
0.001249
0
0
0
0
0
0
0.000396
0
0.00041
0
0
0
0.000408
0
0
0.000405
0.000421
0
0
0
0
0
0
0
0
0.000801
0.000802
0.096123
0
0.00159
0
0
0.000407
0
0
0
0
0
0.000399
0
0
0.000408
0
0.000404
0
0.000403
0.000404
0
0
0
0
0.00488
0.00041
0.000411
0.000409
0
0.000406
0
0.0004
0
0
0
0
0.114214
0
0
0
0.000408
0
0.000413
0.000409
0
0.000411
0.000411
0
0
0.005551
0.000422
0.000414
0.098119
0
0.000415
0.096774
0
0
0
0
0
0
0
0.000405
0
0
0.000411
0
0
0
0
0
0.000426
0
0
0.000436
0
0
0.000434
0
0
0.113836
0
0
0
0.000459
0
0.000454
0.000461
0
0.104797
0
0
0.000491
0
0
0
0
0.000508
0
0
0
0.128691
0
0
0.000566
0
0
0.00173
0
0
0.137277
0.001098
0
0.11524
0
0.000539
0
0
0
0
0
0
0.115553
0
0
0.000507
0
0
0.000505
0
0.000498
0
0
0.000475
0
0
0
0
0
0
0.112569
0
0
0
0
0
0.001433
0
0
0
0
0
0.000953
0.000468
0
0.000466
0.000457
0
0
0.00046
0.107143
0
0
0
0
0
0.000463
0
0
0
0.000459
0.096612
0
0
0
0.103848
0
0
0
0
0
0
0
0
0
0
0.000453
0
0.003844
0
0
0
0
0.000452
0
0
0
0
0.000918
0
0
0.000448
0
0.093966
0.000923
0.000457
0
0
0
0
0
0.000464
0.000463
0
0
0
0
0
0
0.000471
0
0
0
0.001517
0.002055
0.000491
0
0
0
0
0
0
0
0
0
0
0
0
0
0.000499
0.001008
0.000497
0
0
0
0.005427
0
0
0
0.000491
0
0
0
0
0
0
0
0
0
0.000479
0.000477
0.000472
0
0
0.000941
0
0.000477
0
0.001404
0
0
0
0.000473
0
0
0
0
0.000492
0.000993
0
0
0.000497
0
0
0.00051
0
0
0.001029
0
0
0
0.000514
0.000509
0
0.000509
0
0.000517
0
0
0.000531
0
0
0
0
0
0
0.00052
0.000528
0
0.000531
0
0
0
0
0
0
0
0
0
0
0
0
0
0
0
0
0
0
0
0
0.000552
0
0.000557
0
0.000561
0
0
0
0
0.001093
0
0.000542
0
0.000526
0.000547
0
0
0
0.000561
0
0
0
0
0.000564
0
0
0
0.001157
0.000603
0.000562
0
0.000566
0.000576
0
0
0
0
0.000599
0
0
0
0
0
0
0
0
0
0
0.000584
0
0
0
0.000594
0
0
0
0
0.000599
0
0
0
0
0.000598
0.000607
0
0
0
0
0
0
0
0
0.000567
0
0
0
0.00059
0.000592
0
0
0
0
0
0
0
0
0
0
0
0
0.001197
0.000598
0
0
0
0
0.000577
0
0
0.000576
0
0
0
0.000556
0
0
0
0
0
0
0
0.000556
0
0
0
0
0.00055
0
0.000556
0
0
0
0
0
0
0
0
0.006358
0
0
0
0
0
0
0
0
0
0
0
0.000539
0
0
0
0
0
0.000541
0
0
0
0
0
0.000541
0
0
0.000523
0.00053
0
0.001064
0
0
0
0.001647
0.00055
0.001096
0
0
0
0
0
0
0.000507
0
0
0.000519
0
0
0
0
0
0
0
0
0
0
0
0
0
0
0.000517
0
0.00051
0.00052
0
0.000503
0
0
0
0
0
0
0
0
0
0
0.000995
0.005102
0
0
0.000501
0
0
0.001487
0
0
0
0
0
0
0
0
0
0
0.000493
0
0.000531
0
0.000495
0.000498
0
0
0
0
0
0
0
0
0
0.107108
0.000482
0
0
0
0.000475
0
0
0
0
0
0
0
0
0.000952
0
0.000477
0
0.000482
0
0
0.000447
0
0
0
0
0
0.000893
0
0
0
0
0
0
0.000458
0
0
0
0.000452
0
0.00046
0
0
0.000452
0
0
0.000459
0
0
0
0
0.000474
0
0
0.00047
0
0
0
0.000469
0.000467
0
0.000468
0.000467
0
0
0.00046
0.000464
0
0
0
0.000448
0
0
0
0.000463
0
0
0.000956
0
0
0
0
0
0
0
0.000476
0
0.000463
0
0
0
0
0
0
0.000913
0
0
0
0
0
0
0.000891
0.000907
0
0
0.000445
0.00045
0.000454
0.000467
0
0
0.000929
0.000461
0
0.000926
0.000458
0
0
0.000462
0
0.000466
0
0
0
0
0
0
0.000442
0
0.000904
0
0
0
0.000441
0
0
0
0.000447
0
0
0
0.00045
0.000443
0
0
0.000457
0.095588
0
0
0
0
0
0
0
0.000465
0
0
0
0.000459
0.00047
0
0
0
0
0
0
0.000439
0
0
0
0
0
0
0.00096
0
0
0.000468
0
0
0.000475
0.000471
0
0.087283
0
0
0
0
0
0
0
0
0.000462
0
0.000452
0
0.00046
0
0
0
0
0
0
0.000459
0.000461
0
0
0
0
0
0
0.000433
0
0.00357
0
0
0
0
0
0
0
0
0.000445
0
0
0
0.000442
0
0
0
0
0
0
0
0
0.000463
0
0
0
0
0
0
0.00044
0
0
0.000433
0.000433
0
0
0
0
0
0
0
0
0
0
0
0
0
0.000426
0
0.000853
0
0
0
0
0
0
0.000438
0
0.000445
0.000441
0
0
0
0.000434
0
0.000441
0.089539
0.000444
0
0
0.000447
0
0
0.000449
0.000439
0
0
0.001699
0
0
0
0.095811
0
0
0
0
0
0
0
0.000867
0
0
0
0.000433
0
0
0
0
0
0
0.000448
0.000449
0
0
0
0
0.00045
0.000447
0
0
0
0
0.000451
0.000451
0
0.000491
0
0
0
0
0.000932
0
0
0.000456
0
0.00046
0
0
0
0
0.000454
0
0
0
0.00045
0
0
0
0
0
0
0.000908
0
0
0
0
0
0.000469
0
0
0.000467
0
0.000468
0.00047
0
0
0.097595
0
0
0
0.001546
0
0
0
0
0.102479
0
0
0
0.000441
0
0
0
0.000458
0.096804
0
0
0
0.000481
0
0.100971
0
0
0
0
0
0
0
0.000484
0
0
0.000471
0
0.000481
0
0
0
0
0.007032
0
0
0.002438
0
0
0
0
0
0
0
0
0
0
0
0
0.000468
0
0
0
0
0
0
0
0
0
0
0.046853
0
0
0
0
0
0.000495
0
0
0
0
0
0
0
0.000484
0
0
0.000487
0.012758
0
0
0
0
0
0
0.000471
0
0
0.000474
0.000472
0
0.000468
0
0
0
0
0
0
0
0
0.000467
0
0
0
0
0
0
0
0
0
0.000464
0
0.000466
0
0
0
0
0
0
0
0
0
0
0
0.00095
0.000495
0
0
0.000493
0
0.000491
0
0
0
0.000486
0
0
0
0
0
0.000481
0.000485
0.000962
0.000483
0.000481
0
0
0.003071
0
0
0.106739
0
0.000533
0
0
0
0
0
0
0
0.000536
0
0
0
0
0.098865
0
0
0.003937
0
0
0.000552
0.00055
0.000553
0
0
0.000566
0.103157
0
0.000552
0
0
0
0
0
0
0
0
0.000557
0.000568
0
0
0.000562
0
0
0
0
0
0
0
0
0
0
0
0.001185
0
0
0
0
0.000582
0
0.000595
0
0.007277
0
0
0.000566
0
0.000567
0.000566
0
0
0
0.001127
0
0
0
0
0
0
0
0
0.000571
0.000573
0
0
0
0.000589
0
0
0.000587
0
0
0
0
0
0
0
0
0
0
0
0
0.000619
0
0
0
0.000655
0.001304
0
0
0
0
0
0.102881
0
0.000727
0.105629
0
0
0
0
0
0
0
0.000675
0.100475
0
0
0
0.000664
0
0
0
0
0.000657
0.00068
0
0
0
0
0.005933
0
0
0
0
0
0
0
0
0
0
0.000649
0.000677
0
0
0
0
0
0.096642
0
0
0
0
0.000667
0.102055
0
0
0
0
0
0
0
0
0
0.001403
0
0.094679
0
0
0.00495
0
0
0
0
0
0
0
0
0
0
0
0.000736
0
0
0.021505
0.000781
0.000781
0
0
0
0
0
0
0
0
0
0
0.000659
0
0
0
0
0
0
0
0.000688
0
0
0
0.000672
0.000693
0.000693
0
0.00068
0
0
0.00069
0.000691
0
0
0
0.000696
0
0.000705
0
0
0.000698
0
0
0.00067
0
0
0
0
0
0
0
0
0.096377
0
0
0
0
0
0
0
0.001999
0.004016
0.001353
0
0
0.000663
0
0
0.00067
0
0
0.001348
0
0
0
0
0
0
0.000668
0
0
0
0.103175
0
0
0.000649
0.000651
0
0.104918
0
0
0.000646
0.00065
0
0
0
0.000622
0
0.002475
0
0
0
0
0
0
0
0
0
0
0
0
0.000634
0.000628
0.000639
0
0
0
0
0
0
0
0
0
0
0.004599
0.000674
0
0
0.000632
0
0
0
0.000614
0
0
0
0
0.000578
0.000572
0.000564
0
0
0
0
0
0
0.000578
0
0.000573
0
0
0.000603
0.000581
0.000582
0.001145
0
0.000599
0
0
0
0.000602
0.000618
0
0
0
0.000624
0.001262
0
0
0.000637
0
0
0
0
0.000643
0.001291
0
0
0
0
0.001289
0
0.000636
0.000645
0
0
0.001273
0.000642
0
0.000633
0
0
0
0
0
0
0
0
0
0
0.000609
0
0
0
0
0
0
0.00059
0.000594
0.00059
0.001146
0
0
0
0
0
0.000561
0
0
0
0.000556
0.000556
0
0.000577
0.000576
0
0
0
0
0
0.000543
0
0
0
0
0
0.000531
0.000531
0.000531
0
0
0.000529
0
0
0.000562
0
0
0
0
0
0
0
0.00053
0.000534
0
0
0
0.00055
0
0.088284
0
0
0
0
0
0
0
0.00056
0.000557
0
0
0
0
0
0.000559
0.00058
0
0
0.000564
0
0
0
0
0
0
0
0
0.000584
0
0
0.000598
0
0.000589
0
0.000593
0
0
0
0
0
0
0
0
0
0
0
0
0
0
0
0
0
0
0.000599
0.000626
0
0
0
0
0
0.000579
0.00058
0
0.000579
0
0
0
0
0.000581
0.001163
0
0
0
0
0.000574
0.000581
0
0
0
0
0
0
0
0
0
0
0
0.000611
0
0
0
0
0
0
0
0
0
0.000642
0
0.000658
0
0
0
0
0.09589
0
0
0.000674
0
0.000682
0.002096
0
0
0.079918
0
0
0.004968
0
0
0
0
0.00071
0
0
0
0
0
0
0
0
0
0.000729
0.000725
0
0.001504
0
0
0.083947
0
0
0
0
0
0
0
0
0
0
0
0
0
0
0.093323
0
0.000755
0.000751
0.004684
0
0
0
0
0
0
0
0
0
0
0.004882
0
0
0
0
0
0.000803
0
0
0
0
0
0
0.000696
0
0
0
0
0
0.000763
0
0
0
0
0
0
0
0
0
0
0
0.000786
0
0
0
0
0
0
0
0
0
0
0
0
0
0
0
0
0
0
0
0
0
0
0.000767
0
0
0.000778
0
0
0
0
0
0.116894
0
0
0.000799
0
0
0
0
0
0
0.000788
0
0
0
0
0.109399
0
0
0
0.000762
0
0
0.000797
0.001495
0
0
0
0
0
0
0
0.000735
0
0
0.000717
0.000713
0.110151
0.000661
0.000656
0.000666
0.000663
0
0.000635
0
0.001256
0.004433
0.107955
0
0.002475
0.000619
0
0
0
0
0
0
0
0
0.000612
0
0
0
0
0.119857
0
0
0
0
0.000611
0
0
0
0
0
0
0
0
0
0
0
0.000595
0.000591
0
0
0.111636
0.000585
0
0
0
0
0
0
0.001149
0
0.000582
0
0
0.000624
0
0.000589
0.000584
0
0
0
0
0
0.000601
0
0
0
0
0.000577
0
0
0
0
0
0
0
0.000576
0
0.000594
0
0.000547
0.000551
0.000554
0
0
0
0
0
0.001275
0
0
0
0.000612
0
0
0.000603
0
0
0.097865
0.000581
0
0
0
0.000579
0
0
0
0
0
0
0
0
0
0
0.000549
0
0.14188
0.000564
0.000557
0
0
0
0.001117
0
0
0
0.00102
0
0.000509
0
0
0
0
0
0
0
0.00048
0
0
0.000932
0.000464
0.000464
0
0
0
0
0.000478
0
0
0.103815
0
0.000455
0
0
0
0
0
0
0.103697
0.00045
0.000451
0
0
0
0
0
0
0
0
0
0.000466
0
0
0.000455
0.000452
0.000451
0.000457
0.000454
0.000896
0.000894
0
0
0
0
0
0
0
0
0
0.000441
0.000438
0
0
0
0.000887
0.00136
0.003626
0.098346
0
0
0
0
0
0.000464
0
0
0
0
0
0.095656
0.000433
0
0.000442
0
0
0
0
0
0
0
0
0
0
0
0
0
0
0
0.000425
0.000853
0
0
0.000442
0
0
0
0
0
0
0
0
0
0
0
0
0
0
0.000423
0
0.000427
0.000433
0
0
0
0
0
0
0
0
0.000433
0.000437
0
0
0
0
0
0.099312
0
0
0.000435
0
0.000428
0.00043
0.000433
0
0
0
0
0
0
0.000438
0
0.00089
0
0
0
0
0.000454
0
0.000884
0.000438
0
0
0
0.002456
0.00088
0.000437
0.000894
0
0.000923
0
0
0.000476
0.000482
0
0
0
0
0.000477
0
0
0
0.000481
0
0
0
0.000478
0
0
0
0
0
0
0.000944
0.000476
0
0
0
0
0.000482
0
0
0
0
0
0
0
0
0
0
0
0.000942
0
0
0.004688
0
0
0
0.000476
0.000474
0
0
0
0
0
0.000938
0.000466
0.000483
0
0
0
0
0
0
0
0
0
0
0
0
0
0.000501
0.000503
0
0
0.000505
0
0
0
0
0
0
0
0
0.00051
0
0
0
0
0.000505
0
0
0
0.001048
0
0.000528
0.000534
0
0
0
0.000532
0
0
0
0.00054
0.000543
0
0
0
0
0.001086
0
0
0.00059
0
0.00058
0
0
0
0
0
0
0.118719
0.005562
0
0
0
0
0
0
0.000617
0
0
0.000632
0
0.000674
0
0.002075
0
0
0.005694
0
0.000749
0.121166
0.000769
0
0
0.000765
0
0
0
0.111111
0
0
0.110865
0
0
0
0.119459
0.000743
0
0.000729
0
0
0
0.000736
0.000742
0
0
0
0
0
0.000723
0
0
0
0
0
0
0.000749
0.000766
0.000791
0
0.110669
0.000863
0
0.001631
0.000811
0
0
0
0
0
0
0
0
0
0
0
0
0
0
0.001817
0.000876
0
0.000903
0
0.000917
0
0
0
0
0
0.0009
0
0
0
0.000919
0
0
0
0
0.005455
0
0
0
0
0
0.000925
0
0.000936
0.0103
0.001848
0
0
0
0
0
0
0
0
0
0
0
0
0.001049
0.001049
0.001056
0
0.001133
0
0.001098
0
0
0
0
0
0
0
0
0
0.104693
0
0
0
0
0
0
0
0
0
0.00119
0
0
0
0
0
0
0
0
0.001276
0
0
0
0.001318
0
0
0
0
0
0
0.001205
0
0
0
0
0
0.001119
0
0
0.001139
0.002342
0
0
0
0
0
0
0
0.005741
0
0
0
0
0
0
0
0
0
0
0.001057
0
0
0.001048
0
0
0
0
0.001056
0
0
0
0
0.001025
0
0
0
0.000975
0
0
0
0.000954
0
0
0.000889
0
0
0
0.100352
0
0
0
0.001667
0
0
0
0.000818
0
0
0
0
0
0
0
0
0
0.092949
0
0.000802
0
0
0
0.000769
0
0
0
0
0
0
0
0
0.090977
0
0.00075
0
0
0
0
0
0
0.00074
0.090293
0
0
0
0
0
0
0
0.087197
0
0.000683
0
0
0
0
0
0
0.000675
0
0
0
0
0
0
0
0
0
0
0
0.00064
0
0.000629
0
0.000619
0
0.000623
0
0
0
0.001731
0.001159
0
0
0
0.000565
0
0.00057
0.000573
0
0
0.000574
0
0.001129
0
0
0
0
0
0
0.086905
0
0
0
0
0
0
0
0
0
0
0
0.079463
0
0.000562
0
0
0
0
0
0
0
0
0
0
0
0
0.082564
0.000552
0
0
0
0
0.000535
0.000537
0
0
0
0.000525
0
0.000529
0
0
0
0
0
0
0
0
0
0
0
0.000523
0
0
0
0
0.000495
0
0.00049
0.079746
0.000493
0
0
0
0
0
0
0.000485
0
0
0
0.080886
0
0
0
0
0
0
0
0
0
0.000473
0.000465
0.081907
0
0
0
0
0.000449
0.094907
0
0.000456
0
0
0
0.003951
0
0
0
0
0
0.083551
0.000864
0
0
0
0.000426
0
0
0
0
0
0.00043
0
0
0.000423
0.000425
0
0
0.000859
0.000421
0
0.000425
0
0.000435
0
0
0.000441
0.000434
0
0
0
0.000442
0.000436
0
0
0
0
0
0
0
0
0
0
0
0
0
0.000439
0
0.000423
0
0.000411
0
0.013169
0.000412
0.000418
0.094413
0.000857
0
0.000422
0
0
0
0
0
0
0.000408
0
0
0
0.000856
0
0
0
0
0.00082
0
0
0
0
0
0.000408
0.000413
0.000404
0
0.000402
0.00041
0.000415
0.000409
0
0.000408
0.101591
0
0
0
0
0
0.000423
0
0
0
0
0
0
0.000423
0
0.000426
0.000835
0
0
0.000412
0
0
0.00042
0.000411
0
0
0
0.00123
0
0
0
0
0
0
0
0
0.00082
0
0
0
0
0
0.000424
0
0
0
0.00126
0
0
0
0
0
0
0
0
0.000439
0
0
0.000882
0
0
0
0
0.09834
0
0
0
0
0
0
0
0
0.000815
0.000821
0
0.000414
0
0
0
0
0
0.000839
0
0
0
0
0
0.109736
0.000413
0.000421
0.000428
0
0.000411
0
0
0
0.000422
0
0.000415
0
0
0.000412
0
0
0.00041
0
0.000406
0
0.000412
0
0
0
0
0.000418
0.000414
0.000412
0.000825
0.000414
0.000834
0.000418
0.000449
0
0.000908
0.005947
0
0
0.000455
0
0.000456
0
0.000458
0
0.000462
0
0
0
0.000455
0
0.000456
0
0.000451
0
0
0
0.001402
0
0
0
0
0
0.00044
0
0
0
0
0.000423
0
0.000423
0
0
0
0.000434
0.001768
0.000447
0
0.00086
0
0
0
0.000426
0
0
0
0
0
0
0
0.10186
0
0.00044
0
0
0
0
0.000447
0
0
0
0
0.104531
0
0.000449
0
0.000898
0.000444
0
0
0
0.000885
0.000889
0
0
0
0.000449
0
0.000448
0
0.00046
0
0
0
0
0
0
0
0
0
0
0
0.000863
0.000432
0.00087
0
0.111807
0
0.000445
0
0.000438
0.001775
0.000446
0.000437
0
0
0.000439
0
0.000438
0.000439
0
0.000434
0.000438
0
0
0.000859
0
0
0
0
0
0.00043
0.110535
0
0.000438
0
0
0
0
0.003054
0
0
0
0
0.000424
0
0
0
0
0
0
0
0.00043
0
0
0
0
0
0
0.000433
0.000423
0
0
0.000851
0
0.113006
0
0.000424
0
0
0
0
0
0
0.000419
0
0.000418
0.000414
0
0
0
0.000463
0
0.000878
0.000439
0.000447
0.108046
0
0
0
0.000432
0.000432
0.000437
0
0
0
0
0
0
0.000439
0
0
0.000867
0
0.000441
0
0.001772
0
0
0
0
0
0
0
0
0
0
0
0.000446
0.000445
0
0
0.000444
0.000447
0
0.000442
0.000442
0.000448
0.00089
0.000438
0.000442
0.000448
0.108345
0
0
0
0
0
0
0.000891
0
0
0
0.106864
0
0
0
0
0
0
0.000427
0.000425
0
0
0
0.002269
0
0
0
0
0.001394
0.000911
0
0.000894
0.000462
0
0
0
0
0
0.106175
0.00045
0
0.000444
0.000455
0.001382
0
0
0
0
0
0.00089
0
0
0.000441
0.000428
0
0
0.111904
0
0.001345
0.000908
0
0
0
0
0.000434
0
0
0.000443
0.000445
0.000443
0.000443
0
0.000878
0
0.000893
0.000444
0
0
0.001365
0
0
0
0
0
0.001914
0.109361
0
0.000901
0
0
0.000466
0
0.093969
0.000426
0
0
0.000885
0
0
0
0
0.000435
0.000914
0.000447
0
0
0
0
0
0.000456
0
0
0.00045
0.000903
0
0
0
0.00047
0.000467
0.000472
0
0.008883
0
0
0.102839
0.000464
0
0.000935
0
0.000475
0.001412
0.000967
0
0
0.000458
0
0
0
0
0
0
0
0
0
0
0
0
0.000466
0
0
0
0
0
0.000548
0
0
0
0.133176
0
0
0
0.016863
0
0.000572
0.126346
0
0
0.000488
0
0.000491
0.000496
0.000487
0
0.00049
0
0
0.001002
0
0
0
0
0
0
0.000501
0.000489
0.000488
0
0
0.000482
0.000485
0.095631
0
0.000458
0
0
0.000447
0.000907
0.000453
0.000933
0.000465
0
0
0.007011
0
0
0.000469
0.000468
0
0
0
0.002361
0.000466
0
0.000484
0
0
0
0.00047
0
0.000935
0
0
0
0.000467
0
0
0.000453
0
0.000456
0.000458
0
0
0.086771
0.000471
0
0
0
0.000472
0
0
0.000419
0.000857
0
0
0.000438
0
0
0
0
0.00044
0.000455
0
0
0
0
0
0
0
0
0
0.00045
0
0.000462
0
0
0
0
0.000446
0
0.000436
0
0
0.0009
0
0
0
0
0.083046
0.000424
0.000429
0.000869
0.000423
0
0.005059
0.000433
0
0.000432
0
0
0.000866
0.000433
0.000432
0
0.000424
0.000423
0.000426
0
0.000879
0
0
0.000905
0.000439
0.000878
0.001331
0.000437
0
0
0
0.00043
0
0.000441
0
0
0.000438
0
0.00044
0
0
0
0.000456
0
0
0
0
0
0.000445
0
0
0
0.000445
0
0
0
0
0.000456
0.00044
0.00044
0
0
0
0
0
0
0
0
0
0.089041
0
0
0.000461
0
0
0
0
0.099556
0
0.000495
0.000502
0
0
0
0.005514
0.000481
0
0.000485
0.00047
0
0.004194
0
0
0
0
0.000481
0.001361
0
0.00046
0.089862
0
0
0.000482
0
0.000468
0.000485
0.001526
0.00049
0
0.000484
0
0
0
0.000484
0
0.001017
0
0
0
0.0005
0.003505
0.000492
0.000496
0
0.000485
0.000994
0
0
0
0
0
0
0
0.000476
0
0
0
0.000491
0
0
0
0
0
0.000505
0.098852
0.000496
0.000491
0
0.091692
0
0.088264
0
0
0
0.000485
0
0
0
0.000481
0
0
0.000507
0
0
0
0
0
0
0.104948
0
0
0
0
0.000476
0
0
0.003367
0
0
0
0
0
0.000478
0
0
0
0
0.000484
0
0
0
0
0.000978
0
0
0
0.000478
0
0.000477
0.006158
0
0.00153
0
0
0.000485
0
0.000472
0
0
0
0.097744
0
0.000964
0
0
0.000479
0
0
0
0
0
0.000464
0
0
0
0.098244
0
0
0.103595
0
0
0
0
0
0
0.000462
0
0
0
0
0
0
0
0
0
0.000483
0
0
0
0.00048
0
0
0
0
0
0
0.106134
0.000506
0
0
0
0
0
0.00048
0
0.000473
0
0
0
0
0
0.00048
0
0
0
0.000467
0
0
0
0
0.000479
0
0
0
0
0
0
0.000471
0.097856
0
0
0
0
0.001401
0
0
0
0
0
0
0.002317
0
0
0
0
0.000484
0.101963
0
0.000479
0
0
0.000464
0
0
0
0
0
0
0
0.000472
0.000935
0
0
0.00046
0
0
0
0.000444
0
0
0.000893
0
0
0.062139
0
0.000447
0.000455
0
0
0.103753
0
0
0
0
0
0.00042
0
0.00043
0.100524
0
0.000855
0
0.000439
0
0
0
0
0.000428
0.000433
0.000427
0
0.000428
0
0
0
0
0
0
0.000429
0
0.004848
0
0.002626
0
0.000439
0
0.000463
0
0
0.000441
0
0.000443
0
0
0.000446
0.000459
0
0.002737
0.000455
0.000453
0
0
0
0
0
0
0.000451
0
0
0
0
0
0
0
0
0
0
0.000444
0
0.000445
0.000437
0
0
0
0
0.000879
0.000447
0.001326
0
0
0
0.00096
0
0
0
0
0
0
0
0.001442
0
0
0
0
0
0.098458
0.000496
0
0.098542
0
0
0.000499
0
0
0
0.000501
0.000496
0
0.000502
0
0
0
0
0
0.000481
0
0.086791
0
0
0
0
0
0
0.000498
0
0
0
0
0.091282
0.000509
0
0
0
0.000532
0.107736
0
0
0.001684
0
0
0
0
0
0.085547
0
0
0
0
0.000514
0
0
0
0
0
0
0
0
0.0011
0
0
0.000537
0
0
0
0.004294
0
0
0
0.000516
0
0
0
0
0.000511
0
0
0
0.000526
0
0.000509
0
0
0
0
0.001048
0
0.004678
0
0
0
0
0
0
0
0.000499
0
0
0
0.000502
0
0
0.000503
0
0.000502
0.099
0.00049
0
0
0.000491
0
0
0
0.000487
0
0.00049
0
0
0.000973
0
0
0
0.0005
0
0
0
0
0.001024
0
0
0
0.000509
0.00051
0
0
0
0
0
0
0.001009
0.000503
0
0
0
0.001558
0.00155
0
0
0.000511
0
0.000508
0.000506
0
0
0
0
0.089937
0.000483
0
0
0
0
0
0
0
0
0
0.000509
0.096725
0.000506
0
0.000506
0.000504
0
0
0
0.000499
0
0
0
0.000509
0.000501
0
0
0
0
0
0
0
0.000536
0
0
0
0
0
0
0
0
0.000504
0
0
0
0
0.000513
0
0
0.000517
0.001046
0
0
0
0
0
0
0.00053
0.000531
0
0
0.000526
0
0
0
0
0.000549
0.000545
0
0
0
0
0
0
0
0.000579
0.089875
0
0
0
0
0.000545
0.000558
0
0.001116
0
0
0
0.001135
0
0
0.000576
0
0
0.001164
0
0
0
0
0
0.000587
0
0
0
0
0.000612
0.000587
0.084112
0
0
0.000577
0
0
0.000592
0.000586
0
0.000605
0.000587
0.000574
0.000567
0
0
0
0.001786
0
0
0
0.000573
0.000573
0
0.000565
0
0.000567
0
0.001118
0
0.000561
0.075245
0
0.000552
0
0
0.000536
0
0
0
0
0
0
0.000546
0
0
0
0
0.001157
0
0
0
0.001119
0.001691
0
0
0
0
0.00054
0
0
0.081858
0
0
0
0
0.000521
0.000523
0
0
0
0
0
0.000527
0
0
0
0
0
0
0
0
0.000552
0
0.000552
0
0
0.001115
0
0.000554
0.000558
0
0.000559
0.001115
0
0
0.000556
0.000554
0.000552
0
0
0
0.000563
0
0.000559
0.000562
0
0
0.000569
0.000567
0.000574
0
0
0.000573
0
0.000575
0.00057
0
0
0
0
0.093143
0
0
0
0
0
0
0.000552
0
0
0
0
0
0
0
0
0
0.000552
0
0
0
0
0.000573
0.000549
0
0
0
0.001154
0
0
0.093822
0
0
0
0.000556
0.000555
0.000558
0
0
0.000578
0.000563
0
0
0.000567
0
0
0.000565
0
0
0
0
0
0
0.000572
0
0.000567
0
0
0.000571
0
0
0
0
0.000593
0
0
0
0
0.000595
0
0
0
0.108411
0
0
0.11826
0
0
0
0.00057
0
0
0
0
0.11365
0
0
0.117466
0
0
0
0
0
0
0
0
0
0
0
0
0
0
0.110976
0
0
0
0
0.000605
0
0.002423
0
0
0.000608
0
0
0
0
0.004464
0.000635
0
0.113665
0
0
0.113908
0
0
0
0
0
0
0
0
0
0.001183
0
0
0.003555
0
0
0.000583
0
0
0
0
0
0
0.000557
0.105742
0.000549
0
0
0.002156
0
0.012439
0.000542
0
0
0.001113
0
0.10181
0
0
0.000561
0
0
0
0
0
0
0.000566
0
0
0.000574
0
0
0
0.00057
0
0
0.000566
0
0
0
0
0
0
0
0
0
0
0
0
0.000548
0.000552
0
0.001102
0.000547
0
0
0
0
0
0
0.000532
0
0
0
0
0
0.000546
0
0
0
0.103337
0
0.00053
0
0
0
0
0
0
0
0
0.000507
0.000502
0
0
0.101947
0.001534
0
0.000475
0.000477
0
0
0.000916
0
0
0
0.000468
0
0
0
0
0
0
0
0
0
0.000471
0.000471
0
0.000474
0
0
0
0.000461
0
0
0
0.000464
0
0.000465
0
0
0.000464
0
0
0.000461
0
0.004192
0
0
0
0.000418
0
0
0.000839
0
0
0
0
0
0
0
0
0
0.000431
0
0.000434
0.000435
0
0
0
0
0.007979
0
0
0
0
0.000457
0
0.000458
0.000914
0
0
0
0
0
0.000432
0
0.000422
0
0
0.000855
0
0
0
0
0.000406
0.000413
0
0
0
0.000399
0
0.000814
0.100932
0.000405
0
0.000396
0
0
0
0
0
0
0
0
0
0
0
0
0
0
0.000396
0
0
0
0
0
0
0
0
0.00039
0.000389
0
0
0
0.000388
0
0
0
0
0.000397
0
0
0
0.000394
0
0
0.000394
0.005882
0
0.000405
0
0.000426
0
0.105749
0
0.000403
0
0
0
0
0.000415
0
0.00042
0
0
0
0.000411
0.000425
0
0.000422
0
0
0
0
0
0
0.000413
0.000408
0.000409
0.000409
0.000415
0.000807
0
0.000402
0
0.000805
0
0
0.000397
0.000402
0.000401
0
0
0
0
0
0.000399
0
0
0
0
0.000831
0
0.000402
0
0
0
0
0.000404
0.000409
0
0
0
0
0
0
0.000393
0
0
0
0
0.000397
0
0
0
0.000393
0
0
0.000421
0
0
0
0
0
0
0
0
0
0
0
0
0
0
0
0
0
0
0.000416
0
0
0
0
0
0
0.000424
0
0
0
0
0
0
0
0
0
0
0
0
0
0
0
0.000432
0
0
0
0.00044
0
0
0
0.000455
0
0
0.000459
0.000463
0
0
0
0
0
0.000464
0
0
0
0
0
0
0.000469
0.000467
0
0.116432
0
0
0
0
0.000473
0
0
0
0
0.000472
0
0
0.107315
0.000468
0.000447
0
0
0
0
0
0
0
0.000437
0.000438
0
0
0
0
0
0
0
0.00042
0
0.00043
0.000425
0
0
0
0
0
0
0.000436
0.000432
0
0
0
0
0.000442
0.000441
0
0.000879
0
0
0
0
0
0.100437
0
0.000433
0
0
0.000434
0.097337
0
0
0
0
0
0
0
0
0
0
0
0.000424
0
0
0
0
0
0
0
0
0.000848
0.003331
0
0
0
0.000445
0.000446
0
0
0
0
0.000437
0
0
0
0
0.000436
0
0
0
0
0
0
0
0.000414
0
0.004624
0
0
0
0.000411
0.000416
0
0
0
0
0
0
0.000417
0
0
0
0
0
0.001259
0
0
0
0
0.000836
0
0.000422
0
0
0
0
0
0.120304
0
0
0
0
0.000457
0.000464
0
0
0
0
0
0.000461
0
0
0.122775
0
0.0004
0
0
0
0
0
0
0.000399
0
0
0
0
0
0
0
0
0
0
0
0.000429
0.000865
0.000429
0.000427
0
0.000426
0
0
0
0.000854
0.000426
0
0.000429
0
0.000432
0.000432
0
0.000433
0.000425
0
0
0
0
0
0
0
0
0
0
0
0.000431
0
0
0.000868
0.000433
0.000435
0.000434
0.000433
0
0
0
0.000433
0
0
0
0.102888
0
0
0.00047
0
0
0
0
0
0
0
0
0
0
0.002883
0
0
0
0
0
0
0.000491
0
0
0.111542
0
0.000478
0
0
0
0
0.004156
0
0.001437
0
0.000481
0
0.000507
0
0.000509
0
0.00051
0
0
0.000525
0
0
0
0
0
0.000525
0
0
0
0
0
0
0
0.000515
0
0
0
0
0.000562
0
0.10155
0.000535
0
0.000552
0.110232
0
0
0
0
0.000527
0
0
0
0
0.010604
0
0.101931
0
0
0
0
0
0
0.121703
0
0.000585
0
0
0
0.000575
0.001219
0.125921
0
0
0.123305
0
0
0
0.0006
0
0.000565
0
0
0.000597
0
0
0
0
0
0
0
0.000604
0.000613
0
0
0.0006
0.001203
0
0.000596
0
0
0
0.121537
0.000613
0
0.001217
0.000611
0.000613
0
0.000598
0
0.000605
0.000606
0
0
0
0.000601
0.000604
0
0
0
0
0
0
0.000631
0
0
0.000604
0
0.000605
0
0.000612
0
0
0
0
0.000628
0.000611
0
0
0
0
0
0
0
0
0
0
0
0
0
0
0
0
0
0
0
0
0
0
0
0
0
0
0
0.000641
0
0
0
0
0
0
0.000627
0
0.000614
0
0
0
0
0
0
0
0
0
0
0.000622
0.105982
0
0
0
0
0
0.000634
0
0
0
0
0
0
0
0.001283
0
0.004459
0
0
0
0
0
0
0.000671
0
0
0
0
0
0
0
0
0
0.000679
0
0
0
0
0
0
0
0
0
0.000686
0
0
0
0
0
0
0
0
0
0
0
0
0
0
0
0
0
0.000689
0
0
0
0.0007
0
0
0.119201
0
0
0
0
0
0.000749
0
0
0
0
0
0
0.000741
0
0
0.000749
0
0
0
0.000775
0
0
0
0
0
0.000736
0
0
0
0.126761
0
0
0.000739
0.000723
0
0
0.123991
0
0
0
0
0
0
0
0
0
0
0
0
0
0
0
0
0.004216
0.000701
0
0
0
0.000681
0
0
0
0
0
0
0.149378
0
0
0
0
0
0.000741
0
0
0
0
0
0.13463
0
0
0.131579
0
0
0.009759
0
0
0
0.000671
0
0
0
0
0.000675
0
0
0.112968
0
0.000667
0
0
0.000653
0.000655
0
0
0
0.110809
0
0.00067
0
0
0
0
0
0
0
0
0
0.000702
0.002787
0
0.000614
0
0
0.001285
0
0
0
0
0
0
0.000627
0.088862
0
0
0
0
0
0
0
0
0
0
0
0.093633
0
0
0.102886
0
0
0
0
0
0
0
0
0
0
0
0
0
0
0
0
0.000576
0
0.001161
0
0.000577
0
0
0
0.000582
0.000587
0.099652
0
0
0.096847
0
0.00056
0
0
0
0
0
0
0.101045
0
0
0
0
0
0
0
0
0
0
0
0
0
0
0
0
0
0.000596
0
0
0
0.0006
0
0
0.000579
0
0.00057
0
0.000597
0
0
0
0
0
0.000563
0.000569
0.001133
0.000564
0
0
0
0
0
0
0.000543
0
0
0.000556
0
0
0.001086
0
0
0.000584
0
0
0
0
0.000596
0
0
0
0.000591
0
0.000573
0
0
0.094994
0
0
0
0.000562
0
0
0.001151
0
0.090039
0
0
0
0
0
0
0
0.000561
0.000556
0
0
0.000597
0
0
0
0.103943
0
0.000611
0
0
0.002375
0
0.000603
0
0
0
0.000595
0.000602
0
0
0.000602
0.000602
0.000591
0.097969
0
0.101236
0
0
0
0
0
0
0
0
0
0
0
0
0.000578
0
0
0
0
0
0
0
0.000555
0
0
0.004975
0.000546
0.000553
0
0
0
0
0
0.000543
0.000545
0
0
0
0
0
0
0
0
0
0
0
0.010572
0.001232
0
0
0
0
0
0
0.000568
0
0
0
0.001719
0
0
0.00057
0
0
0
0
0
0
0
0
0
0
0.000549
0
0
0
0.10161
0
0
0
0
0
0.000537
0
0
0
0.000563
0
0
0.000552
0
0.000553
0
0
0
0
0.000536
0
0
0
0.093438
0.000521
0.000534
0
0
0
0.00052
0
0
0
0
0
0.000514
0.00052
0
0.103684
0
0
0
0
0.000525
0
0
0.000526
0
0.001042
0
0.000534
0
0
0
0
0
0
0.108753
0.000522
0.000508
0.000502
0.000509
0.00051
0
0.000511
0
0
0
0
0
0
0
0
0.000533
0.000533
0.000535
0
0.000533
0
0
0
0
0
0.000543
0
0
0.097368
0.000527
0.000534
0
0.000536
0
0.000512
0
0
0.000524
0
0
0
0
0.001085
0
0
0.001091
0
0
0.000544
0
0.00055
0.000544
0
0
0
0.000539
0
0
0
0
0
0
0
0
0
0
0
0
0
0
0
0
0
0.110231
0.108893
0
0
0
0.000554
0.096133
0
0.000553
0.000543
0
0.001086
0.000539
0.000545
0.00054
0
0.000541
0
0
0
0
0
0
0
0
0.000523
0
0
0.000518
0
0.001029
0
0
0.098816
0
0
0
0
0
0
0.000507
0
0.000508
0
0
0
0.000523
0
0.000517
0
0
0
0
0
0
0
0
0.000539
0
0
0.001665
0.00056
0.000549
0
0
0
0
0
0
0.002806
0
0
0
0
0
0.00054
0
0
0
0
0
0
0
0
0.001624
0
0
0
0
0
0
0
0.001144
0.095044
0
0.000566
0
0
0
0.002877
0.000574
0
0
0
0
0
0
0
0
0
0
0
0.000586
0.000561
0
0.000564
0.000571
0
0
0
0.00536
0
0.00058
0
0
0
0
0
0
0.000586
0.000568
0
0
0
0
0
0.000567
0
0.000579
0
0
0
0
0.001166
0
0.00059
0
0
0
0
0
0
0
0.001193
0
0.000581
0
0
0
0
0
0
0
0
0
0.000585
0
0
0.000593
0
0
0.000582
0
0.000588
0.000586
0
0
0
0.000587
0
0
0.001852
0.000584
0.000597
0
0
0
0
0.000603
0
0
0
0
0.000624
0
0
0.000623
0
0
0
0
0
0
0
0.000627
0
0
0.000607
0
0
0
0
0
0.001406
0
0
0.127517
0.000662
0
0
0
0
0.000606
0
0
0
0
0.000609
0
0
0.001206
0
0.000627
0
0.114642
0.000629
0
0
0.000607
0.000608
0
0
0
0
0
0
0.113253
0
0
0
0
0
0
0.000607
0
0.000617
0.001242
0
0
0
0
0
0
0.000668
0
0.001278
0.001225
0
0
0
0
0.00062
0.000625
0.005138
0
0
0.123483
0
0.000722
0.000668
0
0
0
0
0
0
0
0
0
0
0
0
0
0
0
0
0.000675
0
0.000645
0.000648
0
0
0
0
0.00062
0
0
0
0
0
0.113608
0
0
0.000617
0
0
0
0
0
0
0
0
0.000669
0
0.11074
0
0
0.000641
0.000635
0
0
0.000631
0
0
0
0
0
0
0
0
0
0
0.000649
0
0.000645
0.00065
0
0
0
0
0
0
0
0
0
0
0
0
0
0
0
0
0.001289
0.101109
0
0
0
0
0.002125
0.149709
0
0
0
0
0
0
0.000684
0
0
0
0
0.000691
0
0
0
0.000677
0
0
0
0
0
0
0.000675
0
0
0
0.000642
0
0
0.000632
0
0
0
0
0
0
0
0
0.119718
0.001282
0
0
0
0
0
0
0
0.004519
0
0
0.001992
0
0
0
0
0
0.000654
0
0
0
0.000656
0
0
0
0.000672
0.128581
0
0
0.006536
0
0
0.116402
0
0
0
0
0
0.000676
0.000672
0.000676
0
0
0
0.126694
0
0
0
0
0
0.134737
0
0.000655
0
0
0
0.000657
0
0
0
0
0
0
0
0.000677
0
0
0.000665
0
0
0
0
0
0.000654
0
0
0.000671
0
0
0
0
0.001354
0
0
0
0
0
0
0
0
0.000701
0.000721
0
0
0
0
0
0
0
0
0
0
0
0
0
0
0
0
0
0
0
0
0
0
0
0
0.012518
0
0
0
0
0
0
0
0
0.153203
0
0
0.139583
0
0
0
0
0
0.000646
0
0.000651
0
0
0
0
0
0.000673
0.135536
0
0
0
0
0
0
0
0
0.130406
0
0
0.005319
0.000647
0.001271
0
0
0
0
0
0
0
0
0
0
0
0
0.001232
0
0
0
0.000624
0
0
0
0
0
0
0
0.13054
0
0
0.000601
0
0.000608
0
0.000595
0.00058
0.000587
0
0.000575
0
0
0
0
0
0
0
0
0
0
0
0
0.000571
0.001096
0
0
0.000547
0
0.000552
0
0
0
0.000575
0
0.001137
0.000568
0
0.000573
0.000573
0
0
0.000578
0
0
0
0
0
0
0.000575
0
0
0
0
0
0.000546
0
0
0
0.137873
0
0
0
0
0
0.142375
0
0.000551
0
0.000547
0
0.002305
0
0
0.078781
0.001706
0
0
0
0
0
0.000556
0
0
0.000549
0
0
0
0
0
0.000568
0
0
0.000568
0
0.000566
0
0
0
0.000579
0
0
0.143289
0
0
0
0
0.000555
0.000561
0
0
0.000545
0
0
0
0
0
0
0
0.000542
0.000543
0
0
0
0
0
0.005737
0
0
0.000546
0.000548
0
0
0
0
0
0
0
0
0
0
0
0
0
0.000507
0
0
0.000515
0
0.000521
0.000527
0
0.122335
0
0
0
0.001001
0
0
0
0.000498
0
0.00055
0
0.124814
0
0
0.000503
0.000498
0.001502
0.120263
0.000507
0.001022
0
0
0
0.121827
0
0.001018
0
0
0.000509
0
0
0.001022
0.000509
0
0
0.126168
0.000519
0
0
0
0
0
0
0
0
0
0
0
0.117855
0.001017
0.000511
0
0.001041
0
0.000512
0.000519
0
0
0
0.000495
0
0
0
0
0
0
0
0
0.001015
0.000503
0
0
0.000505
0
0
0
0
0.004018
0
0.000493
0.000503
0
0
0.00049
0
0.000488
0
0
0
0.000489
0
0
0.000478
0.001426
0
0.000483
0
0
0
0
0
0
0.000979
0.000478
0.000497
0
0
0.000488
0.0005
0
0
0
0
0
0
0
0
0
0
0.0005
0
0
0.000504
0.000506
0
0
0
0
0.005427
0.000509
0
0
0
0
0
0
0
0.000512
0
0
0
0
0
0.000537
0.00054
0.001067
0
0
0
0
0
0
0
0.00056
0.001112
0
0
0
0
0
0
0.000557
0
0.001093
0
0
0
0.001083
0.001084
0
0.000539
0
0
0
0
0
0.000539
0.000535
0.000537
0.097471
0.001063
0.000518
0.000517
0
0
0
0
0
0
0.094978
0
0
0
0
0.000531
0.000531
0.000529
0
0.000543
0
0
0
0
0.004322
0.00054
0
0
0
0
0
0.000524
0
0.000542
0
0
0.001028
0.001031
0.000519
0.000513
0
0
0
0
0
0.081745
0
0
0
0
0
0
0.00049
0
0.000503
0
0
0
0.000496
0
0
0.001044
0
0
0.000493
0
0
0.000497
0
0
0
0
0
0
0
0
0.000995
0
0
0
0
0.00048
0
0
0.000986
0.000488
0
0.087421
0
0
0.000489
0
0
0
0
0
0
0
0
0
0
0
0
0.000474
0
0
0.000477
0
0.085646
0
0
0.000463
0.000466
0
0.094073
0
0.000455
0
0
0.001374
0
0.000451
0
0
0.000459
0
0
0.000448
0
0
0
0.000452
0
0
0.000477
0.000925
0
0
0
0
0
0
0.085892
0.001307
0
0
0
0.00091
0
0
0
0
0
0
0.000468
0
0.000463
0
0.000466
0
0
0
0
0
0
0
0
0.000471
0
0
0
0
0
0
0.000463
0
0
0
0
0
0
0
0
0
0
0
0
0
0
0
0
0.001023
0
0
0
0
0
0.000485
0
0
0
0
0
0
0
0
0
0.000509
0
0.000499
0
0
0
0
0
0
0
0.0945
0.000492
0.000492
0
0
0.000485
0
0
0.000492
0.000491
0
0.000494
0.000488
0
0
0
0.000491
0
0
0
0
0.000489
0
0
0.098059
0
0
0.097243
0
0
0
0
0
0
0
0
0
0.001608
0.001047
0
0
0
0
0
0
0
0.000526
0
0
0
0
0
0
0
0
0
0
0
0
0
0
0
0
0
0
0.000522
0
0
0.001051
0
0.000529
0
0
0.000515
0
0.000538
0
0
0.000525
0
0
0
0.000542
0
0
0
0.098649
0
0
0
0
0.065205
0
0.086753
0
0
0
0.000542
0
0
0
0
0
0
0
0.000526
0
0
0
0.000527
0.000526
0
0
0.00053
0.001591
0.001579
0.000525
0.000524
0
0.000526
0
0.000516
0
0
0
0
0
0
0
0
0.000577
0.000578
0
0.000578
0
0
0.000581
0
0
0.000579
0
0
0
0.00063
0
0
0
0
0
0
0.000627
0
0
0
0
0
0
0
0
0.000647
0
0
0.09377
0
0
0
0
0.000656
0
0
0
0
0
0
0.000648
0
0
0
0.001293
0.000658
0
0
0
0
0
0
0.000665
0
0.000677
0
0
0
0
0
0
0.000602
0
0
0
0
0
0.001309
0.00065
0.031393
0.000601
0
0.005938
0.000593
0
0
0
0
0
0
0
0.000584
0.000605
0
0
0
0
0.074164
0
0
0
0.00057
0.001157
0
0
0
0.001263
0
0
0.001703
0
0
0
0
0
0.001131
0.001946
0.003218
0.001169
0.001216
0.000556
0.000571
0.000608
0.000636
0.069378
0.000591
0
0
0
0.001162
0
0
0
0.000568
0
0
0
0.000569
0
0.068106
0
0.000558
0
0
0
0
0
0
0
0
0
0.00056
0
0
0
0
0
0
0.000535
0
0.080786
0
0.004651
0.091586
0
0.001567
0
0
0
0
0.000502
0
0
0
0
0
0
0.000978
0.000969
0
0
0.000477
0
0.000478
0
0.000971
0
0.000478
0.000952
0.00048
0.079551
0
0.000477
0.000468
0
0.000469
0.000469
0
0.000458
0
0
0
0
0.000928
0.000492
0.00535
0
0
0
0
0
0.000451
0
0.000463
0
0
0
0
0
0
0
0
0
0.102785
0
0
0.000506
0
0.000922
0.000454
0
0.000933
0.000901
0
0.000439
0
0
0
0
0
0.000889
0.000443
0.000437
0
0
0
0
0
0
0
0.089381
0.087864
0.000431
0
0
0.000439
0.000436
0.000437
0
0
0
0
0
0
0
0
0
0
0.000456
0
0
0
0
0.0009
0
0
0
0.000443
0
0
0.000447
0
0
0.000458
0
0
0.000456
0.000915
0.00045
0
0
0
0
0
0
0
0
0
0.087751
0
0
0.000433
0
0.000439
0.000435
0
0
0
0
0.00088
0
0.000446
0
0
0
0.00045
0.002329
0.000465
0
0.006564
0
0
0.000982
0
0
0.085851
0
0
0.092449
0.000483
0.000481
0
0.000477
0.000468
0
0.00047
0.000462
0
0
0
0
0.000468
0.000471
0.00237
0
0
0
0
0.000468
0.002408
0
0
0
0
0.00048
0
0
0
0.000494
0
0
0.000485
0
0
0
0
0
0
0
0
0
0
0
0
0
0.000505
0.000991
0
0
0
0.001497
0
0.092228
0.000503
0
0
0
0.000506
0
0.000498
0
0
0
0
0.092853
0
0
0
0
0
0.000515
0
0.000521
0.097946
0
0
0
0
0.00051
0
0
0
0
0.000514
0
0
0
0
0.00109
0.000549
0
0.106476
0.000549
0
0.107709
0
0
0
0
0
0
0
0
0
0
0
0
0
0.0005
0.095094
0.000511
0
0.000525
0
0
0.100212
0
0.000508
0.000512
0.09214
0
0.095518
0
0
0
0
0
0
0
0
0
0
0
0
0
0.000521
0
0
0
0
0.001107
0
0
0
0
0.099791
0
0
0
0
0
0.006919
0
0
0
0
0.000549
0
0
0
0
0
0.001105
0.000556
0
0.000561
0
0
0
0.020069
0
0.001135
0
0
0
0
0
0
0
0
0.000591
0
0.000625
0
0
0
0
0
0
0
0
0
0
0
0
0
0
0
0
0.000675
0
0
0.000669
0
0
0
0
0
0.000713
0
0
0
0.000708
0
0
0
0
0.000685
0
0
0.097357
0.000703
0
0.094803
0
0
0
0
0
0
0.000744
0
0
0
0
0
0
0.000724
0
0
0
0.08845
0
0
0.091888
0
0
0
0
0
0
0
0.00145
0.000719
0
0
0
0
0
0
0
0
0.000766
0
0
0.08603
0
0
0.078509
0
0
0
0
0
0
0
0
0.109576
0
0
0
0
0
0
0
0
0.000937
0
0
0
0
0
0
0
0
0
0
0
0
0
0
0
0
0
0.076087
0
0
0
0
0
0
0
0
0
0.000645
0.000644
0
0.000633
0
0
0
0
0.000631
0.000626
0
0.000626
0.000627
0
0
0
0.000624
0
0.000626
0.000619
0.000622
0.000604
0
0
0.000591
0.001187
0.000592
0
0
0
0
0
0
0.000589
0.087668
0
0
0
0
0
0
0
0
0.000558
0.006561
0
0
0
0
0.001077
0
0
0
0.001106
0
0
0.077887
0.078408
0
0.001148
0
0
0
0.001733
0
0.00795
0.000572
0
0.092404
0
0
0.000546
0
0
0
0
0
0
0
0
0
0
0
0.003411
0
0
0
0
0
0
0
0
0
0
0
0.000546
0
0
0
0
0.000538
0
0.000541
0
0.001101
0
0
0.001064
0
0.001083
0
0
0
0
0
0
0
0.000542
0
0.000537
0.000544
0
0
0
0
0.049153
0
0
0.090909
0
0
0
0.001088
0
0
0
0
0.090806
0
0
0.000568
0
0
0
0
0
0
0.000552
0.000567
0.000565
0
0
0
0
0.000579
0
0.000551
0
0
0
0
0
0
0
0.091012
0
0.00054
0
0
0.000546
0
0.000535
0.000564
0.000567
0
0
0
0.000577
0
0.000581
0
0
0.07942
0.000581
0
0
0
0
0
0
0
0.071795
0.000578
0
0
0.000583
0
0
0
0
0.002335
0.000585
0.000598
0.090742
0
0
0.004595
0
0
0.075056
0
0
0.000574
0
0.000563
0
0.000563
0
0.000568
0
0
0
0
0
0
0
0
0
0
0
0.090592
0
0
0.00886
0
0
0
0
0.000552
0
0
0
0
0.001105
0
0
0
0
0.096232
0
0
0.087248
0
0
0.093824
0
0
0
0
0.000549
0
0
0
0.086794
0
0.000522
0
0
0
0.093882
0
0
0
0
0
0
0
0
0
0
0
0.000513
0
0
0
0
0
0
0
0
0
0
0
0
0
0
0.099112
0
0
0
0
0
0.005419
0
0.000492
0
0
0
0
0
0
0
0
0
0.102722
0
0.000517
0.001535
0.000508
0.001531
0
0.000514
0
0
0
0
0
0
0
0
0
0
0
0
0
0
0
0
0
0.000502
0
0
0
0.000503
0
0
0
0
0
0
0.097332
0
0
0
0
0
0.108789
0.00212
0
0
0.000537
0
0.001045
0
0
0
0.000512
0
0
0
0
0
0
0
0
0
0
0
0
0
0
0.038115
0.000535
0.002138
0.000541
0
0.064552
0
0
0.000702
0
0
0
0
0
0
0
0
0.000698
0
0
0.000698
0.000596
0.000592
0
0.001186
0
0.097993
0.000583
0
0
0
0
0
0
0
0
0.000542
0
0.000536
0
0
0
0
0.001062
0
0
0
0
0.000529
0
0
0
0
0
0
0
0
0
0
0
0
0.000566
0.000561
0.000558
0
0.000563
0
0
0.001112
0
0.000544
0
0
0
0.000543
0.000556
0
0
0
0.000539
0
0
0
0.000539
0
0
0
0
0
0.000524
0
0
0
0.001019
0
0
0
0
0
0
0
0
0
0
0
0
0
0
0
0
0.000986
0
0
0.091358
0
0
0
0
0
0
0
0
0
0
0
0
0.092366
0.000956
0
0
0
0
0.000478
0.000467
0
0
0
0
0.000481
0
0.090781
0
0
0.000946
0.000916
0.000457
0.000919
0
0
0
0
0
0
0.000456
0.001368
0.00045
0.000464
0
0.094771
0
0.000947
0
0
0
0
0.00045
0
0.000452
0.094139
0.000903
0
0
0
0
0
0
0
0
0
0.095847
0.000457
0
0
0
0
0
0
0
0
0
0.000461
0
0
0
0
0.000474
0
0
0
0.000473
0
0
0
0
0.000479
0
0
0.000481
0
0.091221
0
0
0
0
0.000488
0.088365
0
0.000492
0.000489
0.00049
0
0.000501
0
0.000493
0
0
0.000495
0
0.000489
0
0.000486
0
0
0
0
0
0.000507
0
0.000498
0
0
0.00051
0.001034
0
0
0.000517
0.000513
0
0.082985
0.000534
0
0.000524
0
0
0
0.082228
0
0
0
0
0.000509
0
0.000526
0.000537
0
0
0
0.000543
0
0
0
0
0
0.000525
0
0
0
0.000539
0
0
0
0.001092
0
0
0
0
0
0
0.00054
0
0
0
0.000514
0
0
0
0.068913
0
0
0.086331
0
0
0.07287
0
0
0
0
0
0
0
0
0.000557
0.001684
0
0.064862
0.068672
0.001103
0.000528
0
0
0.003123
0
0.000527
0
0
0
0.063107
0
0
0.063785
0.00313
0
0
0.001026
0
0
0
0
0.000514
0
0.000534
0.004548
0
0.000518
0.067258
0.000501
0
0.063008
0
0.000514
0.026618
0
0
0
0
0
0.002154
0.000538
0.000528
0
0
0
0
0
0
0
0
0.000557
0
0
0
0.007246
0
0.000602
0.000604
0
0
0
0
0
0.08283
0
0
0
0
0
0
0
0
0
0
0
0.067647
0
0.000489
0.0005
0.000966
0.000481
0
0
0
0
0
0
0.000458
0.000469
0
0.000461
0
0
0
0
0.000941
0
0
0
0
0.000455
0
0
0
0.000451
0
0
0.000452
0.077376
0.000456
0
0
0
0
0
0
0.000462
0
0
0
0
0
0
0.091268
0.000494
0
0
0
0
0.000944
0
0
0.089545
0
0
0.000495
0
0.000487
0
0
0
0
0
0.000482
0
0
0
0
0
0
0
0.000976
0.00095
0.006515
0.000463
0
0
0
0
0.000961
0
0
0
0
0
0
0
0
0
0.000468
0
0.000464
0
0
0.000469
0
0
0
0
0.000943
0.000478
0
0
0
0.000483
0.000967
0
0
0
0
0
0
0.09274
0.000469
0
0
0
0
0.086997
0.000476
0.000477
0
0
0.000459
0
0.108271
0
0
0.116041
0
0
0
0
0
0
0
0.000904
0.008879
0
0.000455
0
0
0
0.000947
0
0.000456
0
0
0
0
0
0
0
0
0
0.003735
0
0
0
0
0
0.0011
0
0.004077
0.00103
0
0.032915
0
0.008543
0.000507
0.003202
0
0.119072
0.000468
0
0
0
0
0
0.000442
0
0.005467
0
0
0.000447
0
0
0
0.000463
0
0
0
0.000451
0
0
0.000448
0.000459
0.000453
0
0
0.000439
0
0
0
0.000436
0
0.000863
0
0.091574
0.103493
0
0
0
0.000845
0
0
0
0.000441
0
0
0
0
0
0
0.000456
0.000455
0
0
0.000468
0.101944
0
0.000473
0.000464
0
0
0
0
0
0
0.000486
0
0.000484
0
0
0.094986
0.000488
0
0
0.000473
0
0.000453
0
0
0.00045
0
0
0.00043
0
0
0
0
0
0
0
0
0
0
0
0
0
0
0
0
0.000455
0
0
0.000982
0
0.000456
0
0
0
0
0
0
0
0
0
0
0.000916
0
0
0.006425
0
0
0
0
0
0
0
0
0.009052
0.000878
0
0
0
0
0.000438
0
0
0.000444
0
0
0
0.128381
0.019811
0.094348
0
0.000447
0.000439
0
0
0.000456
0
0.000448
0
0
0
0
0
0
0.000458
0.00092
0.00046
0
0.000471
0.000469
0
0
0
0
0
0
0.000912
0
0.000459
0.000471
0.000928
0
0
0
0
0
0
0.000468
0
0
0
0
0
0
0
0
0
0
0
0
0.004304
0
0
0.100432
0.000958
0.000466
0.000459
0.000457
0
0
0
0
0
0
0
0.000448
0
0
0
0
0
0
0
0.000445
0.000442
0
0
0.087829
0
0
0.000938
0
0.000875
0.004011
0
0
0
0.000457
0
0
0.000473
0
0
0
0.000461
0
0
0
0
0
0
0
0
0.000466
0
0.000463
0.000908
0.000442
0.000445
0
0.000441
0
0
0.091028
0.000437
0
0.001319
0
0
0.005811
0
0
0
0.00044
0
0
0
0
0
0
0
0.000423
0.000449
0
0.003979
0
0
0
0.003993
0.092117
0
0.000454
0
0
0.000431
0
0
0
0
0
0
0
0
0
0.000868
0
0
0.000434
0
0
0
0
0
0.000425
0
0
0.000415
0
0
0
0.000425
0.00042
0.000845
0.001238
0.000406
0.000407
0
0
0
0
0.000417
0.000818
0
0.000413
0
0
0
0
0
0
0
0
0
0
0
0
0
0
0
0
0
0
0
0
0
0.000819
0
0
0.000408
0
0
0.000399
0.000402
0
0
0.001245
0
0
0.000407
0.000413
0
0
0.000416
0.000424
0.000864
0
0
0
0
0.000422
0
0
0
0
0.000432
0
0.000862
0
0
0
0.000429
0
0
0
0
0.00043
0
0
0.103189
0.000425
0
0
0
0
0
0
0
0.00043
0
0
0
0
0.00045
0
0
0
0.000456
0.000453
0
0.000448
0
0
0
0
0
0
0.00048
0
0
0
0
0
0.000453
0
0.000457
0
0
0
0.000437
0
0
0
0
0.00043
0.000446
0.000456
0
0
0.000453
0
0.000459
0.000917
0.09217
0.000881
0.000441
0
0
0
0
0.000428
0
0
0.00083
0
0
0.000422
0
0
0
0
0.104541
0
0
0
0
0
0.097874
0
0.000442
0
0.000446
0.000443
0.000444
0.104425
0.00044
0
0
0
0
0.000438
0
0
0
0
0.105987
0
0
0
0
0
0.000447
0
0
0
0
0
0
0
0
0.002697
0.000436
0
0.000436
0
0
0.000427
0
0.000413
0.000415
0.000422
0
0
0
0
0
0.000826
0
0
0.000412
0
0.002098
0.000422
0.000413
0
0.000412
0
0
0
0.000822
0
0.000403
0
0
0.0004
0
0
0.000404
0.000806
0
0.000408
0
0.000414
0
0
0.00166
0
0
0.000805
0.000824
0
0
0.000416
0
0
0
0
0
0
0.000799
0.005236
0.000814
0.000401
0.000402
0.000407
0
0.002899
0.000407
0
0.000402
0.096386
0
0
0.000812
0.000411
0
0
0.000838
0.000429
0
0
0
0
0.000429
0.000436
0.000434
0
0.102473
0
0
0.000426
0.000426
0
0.097718
0.000443
0.000878
0.104072
0
0
0.005941
0
0
0
0.000935
0.000465
0.000463
0.000466
0
0.002825
0
0.000956
0
0
0
0
0
0
0
0
0
0
0
0
0
0
0
0
0
0
0
0
0
0.00094
0
0
0
0
0
0
0.000441
0
0
0.000456
0
0.000897
0
0
0
0
0
0
0.000469
0
0.087118
0.000475
0.000473
0
0
0.000464
0
0.000478
0
0
0
0
0
0
0
0
0
0
0
0.000469
0
0
0
0
0
0.00047
0
0.000467
0
0
0.000491
0
0
0.000481
0
0
0.00051
0
0
0
0
0
0.000487
0
0.000492
0
0
0
0
0.000496
0
0
0.000494
0
0
0.0005
0
0.093863
0.000514
0
0.090909
0
0
0
0
0
0
0
0
0
0
0
0.090817
0
0.000498
0
0.000488
0
0
0
0
0
0
0
0
0
0
0
0
0.001173
0.004204
0
0
0
0.000525
0
0
0
0
0
0
0
0
0
0
0
0
0
0
0
0
0
0
0
0
0.000499
0
0
0
0
0.094099
0
0
0
0
0
0.000507
0
0
0
0
0.000541
0.090076
0
0
0
0
0
0
0
0.000543
0
0
0
0
0
0.000533
0
0
0
0
0
0
0
0.108794
0
0
0
0
0.088125
0
0.000549
0.089511
0.001129
0
0
0
0
0
0
0
0
0.093801
0.000545
0.001619
0.000543
0
0
0
0
0.001106
0
0
0
0
0
0.001741
0
0
0
0
0
0
0.000553
0
0
0
0
0
0
0
0
0
0.000551
0
0.000562
0
0.000568
0
0
0
0
0.000527
0
0.000529
0
0
0
0
0.011176
0
0
0.105786
0
0
0
0
0
0
0
0
0
0
0
0
0
0
0
0
0
0
0
0
0
0
0
0.112944
0
0
0.111039
0
0.000651
0.121193
0.000632
0
0.000636
0
0
0.102029
0
0
0
0
0
0
0
0
0
0.000568
0
0
0
0
0.009014
0.000585
0
0
0.00114
0
0.094587
0
0
0
0
0
0
0.000564
0.001129
0
0
0.000568
0
0
0
0
0
0
0.001129
0
0
0.001711
0.000581
0.001193
0
0.000591
0.000566
0
0
0
0
0
0
0
0.000581
0
0
0
0.000592
0
0
0
0
0
0
0
0.000598
0
0
0
0.027844
0
0
0
0
0
0.001132
0.000559
0
0.000574
0
0
0
0
0
0.000577
0
0
0
0.083974
0
0
0
0.001683
0.000552
0
0
0
0.005734
0.000561
0
0
0
0
0.000605
0
0
0.005464
0
0
0
0
0.000593
0
0.001242
0.000615
0
0.001838
0.001172
0
0
0.000582
0
0
0
0.000583
0
0.000591
0
0.001186
0
0.004793
0.001139
0.000571
0.000589
0.001153
0.00057
0.000568
0
0.000563
0
0.00057
0.000565
0
0
0
0
0.000544
0
0.000549
0.003264
0.003958
0
0
0
0.000551
0
0.00248
0.000625
0.000526
0.083882
0.004765
0.000635
0
0.001333
0.000567
0
0
0.000534
0.000532
0
0
0
0.002385
0.001259
0.000576
0
0
0.000606
0.001845
0
0.000536
0.000583
0
0
0.003713
0.000574
0
0.000564
0.001114
0.000571
0.000559
0.001715
0.000538
0.001089
0.001117
0.000552
0.000581
0.000577
0
0.000548
0.000532
0
0.001162
0.001683
0
0.093993
0.001091
0
0
0
0
0.001223
0
0
0
0
0
0
0.00063
0
0
0
0
0.008112
0.000731
0
0
0
0
0
0
0.000749
0.11769
0.115994
0
0.000601
0
0
0
0
0.000588
0
0
0.000571
0
0
0.000583
0.097166
0
0
0
0
0
0.000603
0.001181
0
0
0
0
0.001206
0
0
0.09322
0
0
0
0
0
0
0
0.000591
0
0.006536
0
0
0
0
0
0
0.000604
0.000603
0.000596
0.000582
0
0
0
0
0
0.000577
0
0
0
0
0
0.000573
0.000594
0
0
0
0
0
0.000549
0
0
0.00056
0.000558
0.000578
0.009507
0.000583
0
0
0
0
0
0.001652
0
0.000553
0
0
0.000552
0.001713
0
0.001088
0
0.000546
0
0
0
0
0
0
0
0
0
0.108179
0
0
0.00105
0
0.000509
0
0.10139
0.000519
0.000504
0.000509
0
0.098599
0
0
0
0
0
0.000507
0
0.001529
0
0
0
0.100353
0
0
0.000504
0
0
0
0
0
0
0
0
0.113408
0
0
0
0
0
0.000968
0
0
0.00047
0
0
0
0
0
0.000474
0
0
0
0
0
0
0
0
0
0
0
0.098824
0
0.000464
0.105021
0
0
0
0
0
0.096386
0
0
0
0.000449
0.000435
0
0
0.000429
0
0
0
0.000883
0
0
0
0
0
0.007826
0
0
0
0.000487
0
0.000484
0
0.000472
0.000471
0
0.000459
0
0
0
0
0.00043
0
0
0.000434
0
0.008838
0
0
0
0
0
0
0.00043
0
0
0
0.000824
0
0.000412
0
0
0
0.000408
0
0.003028
0.000864
0
0.001774
0
0
0
0
0
0
0
0
0.001757
0.000441
0.007823
0.004134
0
0.000873
0
0
0
0
0
0.000429
0
0
0.000874
0
0
0.002462
0
0
0
0.000417
0.000829
0.001288
0
0
0.04265
0
0.000419
0.0004
0
0
0.000412
0
0
0
0
0.108473
0
0
0
0
0
0
0
0
0
0
0.000803
0.000418
0
0
0
0
0.000405
0.000407
0
0
0
0.000408
0
0.000824
0.000832
0.000414
0
0
0
0
0.00041
0.000411
0
0.000418
0
0
0.000424
0.000424
0
0
0
0
0
0.00041
0
0.000415
0
0
0.000408
0
0.000408
0
0
0
0.003328
0
0.000407
0
0.000403
0.000395
0
0
0
0
0
0.000382
0.000378
0.000379
0
0
0.000402
0
0.112659
0
0
0
0
0
0.012068
0.000792
0.001196
0.000402
0
0.000398
0.00081
0
0.000397
0
0
0.000392
0.0004
0.000407
0
0
0
0
0
0
0.000413
0
0.000396
0.000394
0.000398
0
0
0
0
0
0
0
0.000405
0.000405
0
0
0
0.000395
0
0
0
0
0.000401
0
0
0
0
0.000412
0.001254
0.000408
0
0
0
0
0.004052
0.000407
0
0
0.001229
0
0.000817
0.000403
0
0
0
0.000407
0.000412
0
0
0
0
0.011043
0
0.000414
0
0
0.000421
0
0
0.102397
0
0
0
0.00043
0.000869
0
0.000439
0
0.00043
0
0
0
0
0.000456
0.001368
0.099825
0
0
0
0
0
0
0
0.000405
0.001381
0
0.001953
0.092472
0.000487
0.001946
0.005334
0
0.000412
0
0
0.000411
0
0
0.000406
0.000926
0.001327
0
0.000399
0.003419
0
0.000403
0.001759
0.001314
0.000402
0.000444
0
0.000413
0.000447
0
0.000434
0.002791
0.000457
0.092162
0
0.000918
0.001333
0.000425
0.000874
0.002168
0
0.00085
0.000818
0
0.000434
0
0.000427
0
0.000415
0
0
0
0
0
0
0.000843
0
0.001366
0.000867
0.000435
0.000449
0.000902
0.00045
0
0
0.000444
0
0
0.000925
0.00044
0.000888
0.000868
0.001305
0
0.000431
0
0.000854
0
0
0.000419
0.000435
0.000435
0
0
0
0
0
0.000428
0
0.000435
0.000871
0
0
0.003641
0.000468
0
0.095922
0
0
0.00046
0
0
0.000453
0
0.000432
0
0
0
0.000433
0.000429
0
0.000452
0
0
0
0
0
0
0.000457
0.000455
0
0.000456
0.000444
0.00092
0.000448
0.000448
0
0
0.000461
0
0
0.000491
0.040059
0
0
0
0.000946
0.000468
0.000475
0
0
0
0
0.000475
0.00048
0.000923
0
0.042196
0
0
0.000959
0.000471
0
0
0
0
0
0.000478
0.000476
0.000485
0
0
0.000991
0
0
0.065678
0
0
0
0
0
0
0
0.000537
0.001757
0.001191
0
0
0
0
0.07369
0
0
0
0.000499
0
0.000496
0
0
0
0.001026
0.000489
0
0.000488
0
0.000488
0
0
0
0
0.0005
0.000496
0.000498
0.070005
0
0
0
0.001018
0
0
0
0
0.002362
0.000451
0
0
0.000447
0.00046
0
0
0
0
0
0.001312
0
0.000419
0
0
0
0.000427
0.000846
0.000839
0
0
0
0
0
0.000855
0.000437
0.000414
0.000417
0
0.00042
0.000424
0
0.000835
0
0
0.000426
0.072346
0
0
0.073777
0
0
0.002118
0
0
0.002162
0
0
0.000837
0
0
0
0
0
0
0
0
0.000421
0.000416
0
0.000841
0
0
0
0.000408
0
0
0.000415
0.000408
0
0.000403
0
0
0.000825
0.000407
0.000406
0.000786
0
0.00082
0
0.000417
0.075644
0
0.000411
0.080065
0.000412
0.000415
0.002849
0
0.000399
0.000405
0.000411
0
0
0.000419
0.076923
0.000411
0
0
0.001272
0
0
0.075985
0
0.0004
0
0.000394
0.000389
0
0
0.0004
0
0.000395
0
0
0.000812
0.001983
0.000385
0.000389
0
0.000788
0.000807
0
0.000394
0.000396
0
0.081836
0
0.084176
0.000406
0.000811
0
0.001254
0
0
0
0.000808
0
0.000402
0
0
0.000408
0
0
0
0.000388
0.001178
0.08369
0
0
0
0.000383
0
0
0
0
0.000406
0
0.000827
0.001257
0
0
0
0.000418
0
0.082113
0
0.000434
0.001279
0
0
0
0.000831
0.000412
0
0.001264
0.00041
0.000414
0.000413
0.000418
0
0
0.000418
0
0
0
0.000414
0.001665
0
0
0.000834
0.002879
0
0
0
0
0
0.000402
0
0
0
0
0
0
0.000391
0
0
0.000384
0
0
0
0
0
0.000382
0
0
0.004395
0
0
0.000356
0.000726
0
0.000359
0
0.00039
0
0.000759
0
0
0.000791
0
0
0.000367
0
0.00037
0.000791
0.001522
0
0.00073
0
0.00381
0
0
0
0.000371
0.000751
0
0
0
0.000368
0
0
0.088077
0
0.000389
0
0.000375
0
0.000366
0
0.00035
0.000354
0
0.00072
0.00035
0.000352
0
0.00106
0.000361
0.000368
0.083273
0.000717
0
0.000355
0.000739
0.00036
0.002272
0.000371
0.000745
0.00108
0.001448
0.000352
0
0.000357
0.000347
0.000357
0.000733
0.00035
0.000737
0
0
0
0
0.000372
0
0.000752
0
0
0
0
0
0.000365
0
0.001156
0
0
0
0
0.002033
0.000775
0.000377
0.00037
0.001112
0
0.001515
0.002348
0.000366
0.001113
0
0
0
0.001635
0.000384
0.000773
0.001236
0.00207
0.001593
0
0
0.00117
0.004266
0.004144
0.00039
0.000389
0.000394
0.000393
0.00254
0.000801
0
0.000381
0.00081
0.000404
0.001223
0.000803
0
0.00078
0.002072
0.000813
0.000407
0.000817
0.001799
0.0017
0.001342
0.000418
0.000845
0.000464
0.006484
0.000455
0.000898
0
0
0
0.000475
0.00097
0.000544
0.001788
0.001214
0
0
0.000599
0
0
0
0.353388
0.000616
0.27135
0
0.000598
0
0
0
0
0
0
0.002582
0.000581
0
0.001153
0.000578
0
0
0
0.00056
0.000561
0
0.000567
0.001714
0
0.001083
0.000545
0.000539
0.000538
0.000537
0.002749
0.000535
0.00107
0.001091
0
0.000528
0
0
0.000497
0.000496
0
0.000999
0.000497
0.000495
0.000508
0
0
0.001092
0.000546
0
0.000538
0
0
0
0
0.000539
0
0.000541
0
0.00271
0.000538
0
0.000547
0
0
0
0
0.000499
0
0.000957
0.10082
0
0.000472
0.000478
0
0
0.075611
0.000455
0.000457
0
0
0.000474
0
0.000458
0
0
0
0
0
0
0
0
0.092214
0.065628
0
0
0
0
0
0
0
0
0.00057
0.000572
0.072077
0
0
0
0
0.000424
0.000425
0
0
0.000426
0
0
0
0.000822
0.000415
0
0
0
0
0
0.000406
0.000399
0
0
0.00038
0
0.000381
0
0
0.001538
0.000379
0.075867
0.001157
0.000384
0
0
0.000367
0
0
0
0.000367
0
0.075912
0
0.074334
0
0
0.000368
0.000367
0
0.000372
0.000377
0.000729
0.00037
0.000357
0
0.000353
0.000356
0.076149
0.001446
0.000358
0
0
0
0.000359
0.001913
0.000355
0
0
0.000348
0.000695
0
0.000703
0
0
0
0.001857
0
0.000347
0
0
0
0
0.001076
0
0.000356
0.000358
0
0
0
0.084998
0
0
0.000363
0
0
0
0.000359
0
0
0
0
0.001456
0.001421
0.000358
0
0.000347
0
0
0.000351
0
0
0
0
0.000736
0
0.098776
0.097951
0.095122
0.000792
0
0
0
0
0
0.000368
0
0.000368
0.000378
0.001132
0
0
0
0
0
0.000377
0
0
0
0
0.000384
0.000382
0
0
0
0
0
0.000438
0.00044
0
0
0.000434
0.002603
0
0
0.106514
0
0
0.006505
0
0.000755
0.00037
0
0
0.000367
0.000364
0
0
0.007205
0.296178
0
0
0
0
0
0.00188
0
0.000364
0.064353
0
0.000361
0
0.000363
0
0
0
0
0.087148
0
0.000352
0.000352
0
0.000343
0.000329
0.000659
0.000324
0.000322
0.000325
0
0.000651
0
0
0.000319
0
0.000318
0.000642
0.000988
0
0
0
0
0.001705
0.000317
0.000315
0.000632
0.000317
0
0
0
0.000313
0
0.00031
0
0.000308
0.000306
0
0.000315
0
0.00095
0.000316
0.000312
0
0.000306
0
0
0.000308
0.000313
0.078154
0.000305
0.000614
0
0
0.000625
0
0.000654
0
0.000358
0
0.000361
0
0.000361
0.000371
0.000733
0
0.000367
0
0
0.000358
0.000357
0
0.00035
0
0.000724
0.000703
0
0
0.000306
0.000615
0.065224
0
0.000297
0.0003
0
0.0003
0
0
0
0.000604
0.0003
0.000602
0
0
0.000623
0
0
0.000293
0.000296
0.000297
0.000297
0
0
0.000626
0.000296
0.000298
0
0.000595
0
0
0
0
0.000299
0.005185
0
0
0.000296
0
0
0
0.000292
0
0.000299
0
0.000605
0
0.000308
0
0
0.000597
0
0.000301
0.000296
0
0
0.000294
0.000295
0
0.000295
0
0.000301
0.000305
0.000305
0
0
0
0
0.000888
0
0.000912
0.000298
0
0
0
0.000619
0.00064
0
0.000353
0.000704
0
0.000354
0.06292
0
0
0
0
0.000938
0.000938
0
0.000312
0.000316
0.000314
0
0
0.000324
0.000323
0
0.000324
0.000322
0
0
0.000329
0
0
0
0.000324
0
0.001303
0
0.000637
0
0.001379
0
0.000643
0
0
0.000314
0.000629
0.000651
0.000654
0
0
0
0
0.000334
0.000341
0
0.000341
0.00034
0.000687
0.000342
0
0.000347
0
0.000358
0
0.000349
0.00035
0.000352
0.000345
0.000346
0
0.000355
0
0
0.000348
0.000693
0.000344
0
0
0
0
0
0
0
0
0.000344
0.000344
0
0.000695
0
0.000703
0
0
0.000699
0
0.000348
0.000349
0
0.000353
0.000355
0.000705
0
0
0
0.001037
0
0
0.000346
0
0
0
0
0
0.000358
0
0
0
0
0
0.000346
0
0.000339
0.000349
0.001787
0
0.000341
0
0.000356
0
0.000725
0
0
0
0.000341
0
0
0
0.000343
0
0
0
0
0
0
0.142857
0
0.011364
0
0.001678
0
0
0
0
0
0.000363
0
0
0
0
0
0.000355
0
0.001093
0
0.000722
0.000716
0
0
0
0
0.000342
0
0
0
0
0
0.000344
0
0
0
0.000338
0
0
0.000681
0.000347
0.000697
0
0.000349
0
0
0
0
0
0
0
0
0
0
0.000352
0
0.000351
0
0.000356
0.000726
0.000365
0
0
0
0
0
0
0.000356
0
0
0
0
0
0
0
0
0
0
0
0
0
0
0.000337
0
0
0
0.000346
0.000344
0.008302
0.000342
0.000339
0
0.000337
0.000337
0.000335
0
0
0
0
0
0
0.000342
0
0.000337
0
0
0.00102
0.000334
0.000331
0.000332
0.000331
0
0
0
0
0
0.000698
0
0.000334
0
0
0
0.000343
0.000344
0
0.000341
0
0.00067
0
0
0.000353
0
0.000348
0
0.000688
0.000347
0
0
0.001782
0
0.000354
0.000355
0
0.000365
0
0.000367
0.000368
0
0
0.000374
0
0
0.000375
0
0
0.000374
0
0.00038
0
0
0
0
0.000376
0
0
0
0
0
0.000372
0
0
0.00075
0
0.000389
0.000389
0
0.000393
0
0.000394
0.000395
0
0
0
0.000395
0
0
0.000396
0
0
0
0.000391
0
0
0
0.000386
0.00039
0.001245
0.00077
0
0.001202
0
0
0
0
0
0.000393
0.001572
0
0
0
0.000384
0.000398
0
0.001172
0.000766
0.00076
0.000814
0
0.000393
0
0.001168
0
0
0
0
0
0
0.000367
0.000375
0.000383
0
0
0
0.001204
0
0.000371
0
0
0.000376
0
0
0
0
0
0.000381
0.000382
0
0.00038
0
0
0
0
0.000372
0
0.001131
0
0
0
0
0
0
0.000347
0.000355
0.000703
0
0
0.000361
0
0.000355
0
0.001086
0.000358
0
0
0
0.000354
0.000701
0.000347
0.0007
0
0.000353
0
0
0
0
0.003557
0.000708
0
0
0
0
0.000354
0.000371
0
0.000352
0
0
0
0
0.000724
0
0
0.000356
0
0.003615
0
0.000359
0
0.000355
0
0.000365
0
0.000717
0
0
0
0
0
0
0.000349
0
0.000346
0
0.000341
0
0
0
0
0.000338
0.000339
0
0
0.000387
0.000354
0.000688
0
0.126697
0.000338
0.000338
0.001047
0.000346
0.000676
0
0.000337
0
0.000683
0.000341
0.000677
0.000346
0.000352
0
0
0
0
0
0.000351
0
0
0
0.001426
0.001428
0.000367
0
0
0.002159
0
0.001065
0
0
0
0.000361
0
0
0
0.000373
0.001905
0.000369
0.001878
0.000371
0.000374
0.000373
0
0
0
0
0.00277
0.000384
0
0
0
0.000377
0
0
0
0.000391
0
0
0.000392
0
0
0
0
0.000385
0
0
0.001305
0
0
0
0.000858
0.000422
0.000421
0
0.000842
0.000892
0.000426
0.000424
0.00087
0
0
0.00044
0
0
0.000437
0
0.000451
0
0
0.000458
0
0
0
0
0
0
0
0
0.009174
0.000427
0
0
0
0
0
0.001361
0.000446
0
0
0.001284
0
0
0.000419
0
0.00042
0
0
0.000435
0
0
0
0.000805
0
0
0
0
0
0
0
0
0
0
0
0.000437
0.000442
0.098507
0
0
0.000416
0
0
0.10759
0
0.000426
0
0.000426
0
0.109447
0
0
0.000423
0
0.000855
0.000425
0
0.000408
0
0
0
0
0.00039
0
0.000377
0
0
0.000774
0.000389
0.000394
0.000391
0
0
0
0
0.001156
0
0
0.000792
0.000387
0
0.000391
0
0
0
0.000388
0.000391
0.0004
0
0
0
0
0
0.000406
0
0.000406
0
0
0
0
0.000414
0
0
0
0
0
0
0
0.000846
0
0
0.000434
0.000907
0.00089
0
0
0
0
0
0
0
0.125443
0.002183
0
0
0.122256
0
0.00043
0.000424
0
0
0
0.000435
0.000433
0.001295
0.000433
0.000871
0.000432
0
0
0.000433
0
0.000431
0
0
0.000878
0
0
0
0
0
0
0.000486
0
0
0
0
0
0
0
0.000518
0.151824
0
0.00055
0
0.000554
0
0.153002
0
0
0
0
0
0
0
0
0
0.005587
0
0
0.669587
0
0.001161
0
0
0
0
0
0
0
0
0
0
0
0.325581
0.323565
0
0
0.008794
0
0
0
0.00135
0
0
0.00823
0
0
0
0
0
0.002809
0
0
0
0.245614
0.004138
0
0
0
0
0.001393
0
0
0
0.00141
0
0
0
0
0
0
0
0
0
0
0
0
0
0
0
0
0
0
0
0
0
1
0
0
