0
0
0
0
0
0
0
0
0
0
0
0
0
0
0
0
0
0.101124
0
0
0
0
0
0
0
0.010204
0
0.00885
0
0
0
0
0
0
0
0
0
0
0.00641
0
0
0.005917
0
0
0
0
0
0
0
0
0
0.007874
0
0.007519
0
0
0
0
0
0
0
0
0
0
0
0
0
0
0
0
0
0
0
0
0
0
0
0.003759
0.004065
0
0
0
0
0
0
0
0
0
0.002681
0.002653
0
0
0
0.002415
0.002463
0.002375
0.002364
0
0
0
0
0
0
0
0
0
0
0.002075
0
0
0.001965
0
0.001901
0
0
0
0.003591
0
0
0.001786
0
0
0
0.001724
0
0.001724
0
0
0
0.001709
0
0
0.001701
0.001681
0
0.001669
0
0
0
0
0.00339
0.001701
0.001715
0
0
0.001761
0
0
0
0.001751
0.001712
0
0
0
0.001718
0
0
0.003591
0
0
0
0
0
0.001873
0.001855
0
0
0
0.003831
0
0
0
0
0
0
0
0.002058
0.002079
0.008282
0.00625
0
0.002165
0.004357
0
0.002217
0.002203
0.00885
0.004464
0
0
0
0.002304
0
0
0
0
0.002342
0
0.004831
0
0
0.004878
0.002457
0
0
0
0
0
0.009709
0.002451
0
0
0
0
0
0
0
0
0
0
0
0.005013
0
0
0.002494
0
0.007389
0
0
0.002558
0.002538
0.002584
0
0.002525
0.002494
0
0.002342
0.004796
0
0
0.002342
0.007009
0.002242
0.00885
0
0
0
0
0
0.002088
0
0
0
0.004057
0
0
0
0.00207
0
0
0
0
0
0
0
0
0.001894
0
0
0
0
0.001855
0.001805
0
0
0
0.001852
0
0
0
0
0.00346
0
0
0
0
0
0
0
0.003306
0
0
0
0
0
0.001727
0.003401
0
0.001733
0.003478
0
0.00173
0.001704
0.001706
0.001706
0.001724
0
0.001751
0.001739
0
0
0.001751
0
0
0
0
0
0
0
0.008547
0.001709
0.001712
0.001675
0.001675
0.001721
0
0
0.001669
0
0
0
0
0
0
0
0.001623
0.001626
0
0.001645
0.004862
0.001626
0.001653
0.001645
0.001667
0.003257
0
0.00159
0
0.003231
0
0
0
0.001618
0.001637
0
0
0
0
0
0
0
0
0.001757
0.003497
0
0
0
0
0.001779
0.003597
0.003584
0
0
0.001848
0.001866
0
0.001848
0
0.001842
0
0
0
0.001946
0.001923
0.001949
0
0
0
0
0
0
0
0.002075
0.002075
0.004246
0
0.00211
0
0.004184
0
0
0
0
0
0
0
0
0.002033
0
0
0.001942
0
0.001972
0.001938
0.003929
0.001976
0
0
0.002183
0.006757
0.002037
0.001923
0
0
0
0
0
0
0.001786
0
0
0
0
0
0
0
0
0.001686
0.001667
0.001653
0
0
0.00318
0
0.003125
0
0
0.001538
0.001529
0
0.001508
0.001502
0
0
0
0.001481
0
0
0
0
0.001462
0
0.00141
0
0.001408
0.002789
0.002778
0.002782
0
0
0
0.004049
0.002714
0
0.00133
0
0.001355
0.001332
0.002725
0.001387
0
0
0
0
0.001387
0.001385
0
0
0
0
0
0
0
0
0
0
0
0
0.0048
0.007886
0
0.001605
0
0
0.001616
0
0
0
0.003781
0.001704
0
0
0
0
0
0.001764
0
0
0
0
0
0
0
0
0.001869
0.001938
0
0.001873
0.003759
0
0
0.001901
0.001845
0.007421
0.001842
0
0
0
0
0.001786
0
0
0
0
0
0
0.003509
0
0.003559
0
0
0
0.001757
0.001789
0.001802
0
0
0
0.003704
0
0.001855
0
0
0
0.003774
0
0.001916
0
0
0.001946
0.001953
0
0
0
0.002033
0
0.002028
0
0
0
0
0
0
0.002268
0
0.002242
0
0
0.004728
0
0
0
0.004926
0
0
0
0.005063
0
0
0.005
0.002475
0
0.002577
0.005195
0.00266
0
0
0
0
0.002611
0
0
0
0
0
0.002597
0.005063
0.002506
0
0.002398
0
0.004673
0
0
0
0.002169
0.002151
0
0.002137
0
0
0
0
0.002012
0
0.002008
0
0.003937
0
0
0.007299
0
0
0
0.001767
0
0.001733
0
0
0
0
0.001727
0
0
0
0
0
0
0.001631
0.001595
0.001605
0
0
0
0
0
0
0.001541
0
0.001531
0.001567
0.001575
0.001563
0
0
0
0.004644
0
0
0
0
0.00155
0.001548
0
0
0
0.001553
0
0
0.001585
0.003231
0
0.001605
0.001603
0
0.001592
0.00158
0
0
0.001629
0
0.001613
0
0.003279
0
0
0.001686
0
0.003361
0.001667
0
0
0.003407
0
0.00173
0.001754
0.003578
0
0
0
0.003604
0
0.001751
0
0
0
0.001767
0.00363
0.001745
0
0
0.001709
0
0
0.001681
0.003407
0
0
0.001667
0
0
0
0
0
0.001621
0
0
0
0.001667
0
0
0
0.001698
0.005208
0
0.001718
0
0.001701
0
0.001727
0.00173
0.003407
0
0
0
0.001704
0
0.005137
0
0.001709
0
0
0.001706
0.001739
0
0.005236
0.001754
0.001773
0
0.001745
0
0.00173
0.003497
0.001757
0
0
0
0.001698
0.003384
0
0
0
0
0.001658
0.003339
0
0
0
0
0.001616
0
0
0
0
0
0
0
0
0.003306
0.003231
0.003221
0
0
0
0.001565
0.001565
0
0
0
0
0
0
0
0.001597
0
0.001621
0.001608
0
0
0
0
0
0
0.00159
0
0.001567
0.00157
0.00316
0
0.00157
0
0
0
0
0
0.004754
0
0
0
0
0
0
0.001672
0
0
0
0.005042
0.003373
0
0
0
0.003472
0.001712
0
0
0
0
0.001724
0
0.003478
0
0
0.001779
0.001805
0.001808
0.001838
0.001873
0
0.003745
0
0
0
0
0
0
0.001848
0.009074
0
0
0.001805
0
0
0.001783
0.005455
0
0
0.007299
0.003656
0.001855
0.001876
0
0
0
0
0
0.001934
0.001908
0
0.001942
0
0.00198
0
0
0
0
0.00202
0.002075
0.002101
0.006397
0.006772
0
0.005941
0
0
0.001901
0.00188
0
0
0
0.003795
0
0
0
0
0.001869
0.001887
0
0
0.001866
0.001855
0
0.001832
0
0
0
0.00542
0
0
0
0.001721
0.003413
0
0
0.001718
0
0.001742
0
0
0
0
0
0
0
0
0
0
0
0
0
0
0
0
0
0
0
0
0
0
0.001739
0
0.001795
0
0
0.001832
0.004831
0
0
0
0
0.001718
0
0
0
0
0
0
0
0
0
0.001754
0.005338
0.001799
0
0
0
0.003552
0.001745
0
0
0
0
0
0
0
0
0.00346
0.001718
0
0
0
0.001721
0.003407
0
0
0
0.001695
0
0.001698
0.001695
0
0
0
0.001613
0
0.001667
0
0
0.001754
0
0
0
0
0
0
0
0
0.022727
0
0
0
0
0
0
0
0
0
0
0
0.001511
0
0
0
0
0
0
0.002841
0
0
0
0
0
0.001333
0.004021
0
0
0
0
0
0.001339
0
0
0
0
0
0
0
0.001311
0
0
0.001289
0
0
0
0
0.002759
0
0.00125
0.001259
0.001255
0
0.003783
0.001269
0
0.002577
0.002591
0
0
0
0
0.002639
0.002656
0
0
0
0
0
0.00135
0
0
0.001351
0.001328
0
0
0.001319
0
0.001304
0
0.001314
0.001294
0.002581
0.001284
0.006435
0.001307
0
0
0
0.001346
0
0.001339
0
0
0
0
0
0
0.001389
0.001372
0
0
0.001381
0
0.00274
0.001376
0
0
0.002766
0.001385
0
0
0
0
0
0.001441
0
0.003008
0
0.001626
0.00678
0
0
0
0
0.002946
0.002967
0
0
0
0
0
0
0.001524
0
0
0
0.001558
0
0.001575
0
0
0
0
0
0
0
0
0.001631
0.001567
0
0
0.001585
0.001577
0.0032
0
0.001575
0
0
0
0
0.001575
0
0.001572
0
0
0
0
0
0
0
0.001524
0
0.001529
0
0
0.001558
0.001529
0.003086
0.004754
0.001534
0.006042
0.001486
0.007225
0
0.004286
0
0.002793
0
0
0.001391
0.001403
0
0
0
0
0
0.001445
0
0
0
0
0.001408
0
0
0.00274
0.001372
0.001364
0.00133
0
0
0
0.002548
0
0.002561
0.001258
0
0
0
0
0
0
0
0
0
0.002415
0
0
0
0
0
0
0.00355
0.001186
0.002398
0
0
0.002392
0.001195
0
0
0.001202
0
0.001203
0
0
0
0.003589
0
0
0
0
0
0.00235
0
0
0.001195
0.0012
0.001209
0.00125
0
0
0
0.001323
0
0.002639
0.001326
0
0
0.001377
0.00137
0.001333
0.001333
0.001319
0
0
0
0.001314
0.001311
0.001323
0.003886
0.001272
0
0
0.001264
0
0.001245
0
0
0.001235
0.003759
0.001238
0
0
0
0
0
0
0
0
0
0.001232
0
0
0
0
0
0
0
0
0
0
0.001263
0
0
0
0.001295
0
0.001316
0
0
0
0.005894
0
0
0.001377
0.002635
0
0.001314
0.002677
0
0.001339
0
0
0
0.001344
0
0.00135
0.001362
0
0
0
0.001427
0.001414
0
0
0
0
0.002833
0
0.001422
0
0
0.005674
0
0
0
0
0
0
0
0.001488
0
0.001471
0.001477
0
0
0
0
0
0
0
0.001592
0.00159
0.001582
0
0.001613
0.001563
0.001558
0.00463
0.006182
0
0
0.001481
0
0.001558
0
0
0
0.001567
0.001572
0.00157
0.004702
0.004695
0
0.003077
0.001555
0.001555
0
0
0
0.001608
0
0
0.001626
0.006547
0.001642
0.001642
0.001661
0
0.00491
0
0.003284
0
0.001629
0
0
0
0
0.001595
0
0.0032
0
0
0.0064
0.001597
0
0
0
0
0.003257
0.004823
0.009585
0
0
0.003195
0
0.001605
0.00158
0
0
0
0.003205
0
0.001642
0
0
0.001631
0
0
0
0
0
0.001558
0
0.00314
0
0
0
0
0
0
0.001608
0
0
0.00313
0
0.001527
0.001529
0
0.001536
0
0
0
0.001548
0.001555
0
0
0
0
0
0.001587
0.001642
0
0
0
0
0
0.001585
0
0
0
0.001616
0
0
0.001592
0
0.001597
0
0
0
0.0032
0
0
0.001585
0.001587
0
0.001595
0
0
0
0.001618
0.003284
0.001613
0
0
0.001595
0.001597
0
0.00311
0.001553
0.001546
0.00157
0
0
0.00155
0.001558
0.00161
0
0
0
0
0
0.001597
0.0016
0.003091
0.003086
0.001541
0.001529
0.001513
0
0.00295
0
0
0
0
0.004552
0.001515
0.001499
0.001473
0
0.001431
0
0
0
0
0
0.001389
0.001368
0
0
0
0
0
0
0.001408
0.001389
0
0
0
0
0
0
0.001368
0.002747
0.00137
0.001385
0.001381
0
0
0.002751
0
0
0
0.002751
0.001361
0.001403
0.001383
0
0
0
0
0
0
0.004082
0
0
0.001395
0.001374
0
0.002692
0.001381
0
0
0
0.004115
0.001357
0
0.00271
0.001368
0.001387
0
0.001362
0.002743
0
0
0
0.001355
0
0
0
0
0
0.001387
0
0.002786
0
0
0
0
0
0.001374
0
0
0.001412
0.001427
0.00146
0
0
0
0
0.001484
0.001464
0.00149
0
0.001534
0.001543
0.00156
0
0
0
0
0
0
0
0
0
0
0
0.001789
0
0.006148
0
0
0
0
0
0
0
0.001629
0.001608
0
0
0.001661
0
0
0.001695
0
0.001745
0
0
0
0.003571
0
0
0
0
0.001835
0
0
0
0.001869
0.001876
0
0
0
0.001808
0
0
0
0.003766
0
0
0.004386
0
0
0.003704
0
0.001773
0
0.001783
0.001776
0
0
0.001709
0
0.001698
0
0
0
0
0
0
0
0
0.001704
0.001692
0.001715
0
0
0.001718
0.001724
0
0
0
0
0
0
0
0
0.001742
0.003472
0.001715
0.005329
0
0
0
0.001757
0
0
0
0
0
0
0.001698
0
0
0
0
0
0
0.001736
0.001742
0.001739
0
0
0.001779
0
0
0.001931
0
0
0
0
0
0
0
0
0
0
0
0
0
0
0.001656
0
0
0
0.002451
0
0
0
0.003322
0
0
0
0.001605
0.001618
0
0
0.001664
0.002475
0
0
0
0
0.001563
0.001575
0
0
0
0
0.003175
0
0.001616
0
0
0.001577
0.00158
0.0016
0
0
0
0.00156
0
0.003072
0
0
0.001592
0.003135
0
0
0
0
0
0
0
0
0.001541
0.003082
0
0
0
0
0
0
0.003195
0
0
0
0
0
0
0.003155
0
0
0.003106
0.00152
0.001502
0
0
0
0
0
0
0
0
0
0
0
0
0
0.002907
0
0.001495
0.001508
0.004471
0
0
0
0
0.001414
0.001437
0
0
0.002857
0.002941
0
0
0.00146
0
0
0
0
0
0
0.002928
0
0
0.001511
0
0.001527
0.001546
0.010769
0
0.003101
0
0.001555
0.00155
0
0
0.00159
0
0.001616
0
0.001597
0
0.001605
0
0.004658
0
0
0
0
0
0
0
0.004815
0.00161
0
0
0
0
0
0
0.003195
0
0
0
0.003185
0
0.001575
0
0
0
0.001767
0
0
0
0.001623
0
0
0
0
0
0
0
0
0
0.00346
0
0.001773
0.001786
0.001802
0.003636
0
0.001821
0
0
0
0.001842
0.001848
0
0.001825
0
0
0
0
0.001812
0.001773
0
0.001751
0
0.001692
0
0
0.001669
0
0.001634
0
0
0
0.001637
0.001634
0
0.003252
0.001605
0.003175
0
0.001603
0
0
0
0
0.001587
0
0
0.001527
0.004615
0
0.003091
0
0.001534
0
0.001504
0
0
0.001493
0
0
0.001486
0
0
0
0.001475
0
0.001484
0.001456
0
0
0
0
0.001449
0
0
0.001416
0
0
0.001462
0
0
0
0
0.001471
0.001456
0
0.001502
0
0.001689
0
0
0
0.001484
0
0
0
0
0
0.005857
0
0.001464
0.001443
0
0
0
0
0
0
0.002963
0.001468
0.001497
0.001511
0
0
0
0
0
0
0
0.003012
0
0
0.001508
0
0.001449
0.002853
0.002809
0.001399
0.008242
0.002751
0.001355
0
0.001348
0
0.001351
0
0.001389
0
0
0.002786
0
0
0
0
0.004127
0
0
0.002833
0
0.001395
0.001397
0.002789
0.001383
0
0.001385
0
0.001362
0.001381
0
0.001379
0.001397
0
0
0
0.001453
0
0
0.001449
0
0.001437
0.001456
0
0
0
0
0
0
0
0
0.001479
0
0
0
0
0
0
0
0
0
0
0
0
0.00304
0.001522
0
0.001534
0.001527
0.003012
0.00152
0.001531
0.00312
0
0.001527
0
0
0.001477
0
0.001508
0.001479
0.00149
0
0.001499
0.00607
0
0.001531
0.004608
0
0
0
0.001575
0
0.00157
0
0
0
0
0
0
0
0
0
0
0
0.00304
0.001513
0
0
0
0
0.001513
0
0.00299
0.001486
0.001473
0.002972
0.001486
0
0
0.004386
0
0.001458
0.001502
0
0
0
0
0
0
0
0
0
0
0
0
0
0
0
0
0
0.002817
0
0.002759
0
0
0
0
0
0
0
0
0.001339
0.002663
0
0.001309
0.006527
0
0
0.002513
0
0
0.001242
0
0.00123
0
0.00375
0.002463
0
0
0
0
0
0
0.001217
0
0
0
0.001196
0
0.001211
0
0.002516
0
0
0
0
0.007225
0
0.001397
0.001393
0
0
0
0
0.001376
0
0.004196
0
0.001381
0
0
0
0
0
0.00141
0.001412
0
0
0.001451
0.002941
0.001486
0
0.001468
0.001493
0.001488
0
0
0
0
0
0.003058
0
0
0
0
0
0.00319
0.001592
0
0.001618
0
0
0.001639
0
0.003279
0.001658
0
0.001637
0
0.001667
0
0.001645
0
0
0.001706
0
0
0.001667
0
0
0
0.001745
0.001721
0
0
0
0.003565
0.001808
0.003697
0.001838
0.001845
0
0
0.005587
0.001848
0
0
0
0
0
0
0
0.001832
0.001786
0
0
0
0
0.003745
0.001773
0.001761
0
0.001748
0
0
0
0
0.001748
0
0.003436
0.001721
0
0
0.001757
0
0
0
0.001757
0.001773
0
0
0
0
0.001802
0
0
0.005319
0.001751
0
0.003503
0.003604
0
0
0
0
0.001859
0
0
0.006818
0.004405
0.002165
0.027855
0.002
0
0
0
0
0
0.00189
0
0.007648
0
0
0
0
0.001898
0.003759
0
0
0
0
0
0.003683
0
0.001869
0
0
0
0.003745
0.003839
0
0
0
0
0
0.001883
0
0
0
0
0
0
0.001842
0
0
0.001835
0
0.001862
0.005597
0
0.001876
0
0
0
0
0.001901
0
0.001852
0.003676
0
0
0
0.001852
0
0
0.001876
0
0
0
0
0
0
0.001845
0
0.001799
0.001812
0.001821
0
0
0
0
0
0
0.001802
0
0
0
0
0
0
0
0.001757
0
0.001712
0.001718
0
0
0.001667
0.001656
0
0.001647
0
0.003215
0
0.0016
0.001608
0.00468
0.001565
0
0.003175
0
0.0016
0
0
0.001631
0
0
0.001605
0.001605
0
0
0
0.001563
0.001567
0
0
0
0.001639
0
0.003252
0
0.001634
0.001621
0.001621
0
0
0
0.001613
0
0
0
0.001621
0
0.001575
0.001524
0
0
0.002972
0
0.002857
0.001425
0
0
0
0.002865
0
0.001451
0
0.00146
0
0.001484
0
0.001453
0
0
0.001504
0.00149
0
0.001517
0.003101
0
0.001522
0.006051
0.00753
0.004559
0.001531
0
0
0.00312
0.001527
0.001548
0
0
0
0
0
0
0.001653
0
0
0
0
0
0
0
0
0.001664
0
0
0
0
0
0
0
0.001653
0
0
0
0
0
0
0.005435
0.001669
0
0
0.003247
0
0
0
0.001592
0
0
0.001585
0
0
0
0.001558
0
0
0
0
0
0.001572
0
0
0.00156
0
0.003115
0.003115
0.00157
0
0
0
0
0.003058
0.001527
0
0
0.001565
0
0
0
0
0
0
0
0
0.001439
0
0
0
0.001425
0.001427
0
0
0
0
0
0
0.001418
0.001422
0
0.002899
0
0.002833
0.001422
0.001404
0
0
0.001368
0.001385
0.001376
0.001391
0
0
0.001351
0
0.001357
0
0
0.00274
0.001374
0
0.00277
0
0.001395
0
0
0.001403
0
0
0
0
0
0.001513
0.001534
0.003096
0
0
0.001597
0
0
0.001565
0
0.003101
0
0.001558
0
0
0.00158
0
0.001577
0
0.001658
0
0.001661
0.005164
0
0
0
0
0.001681
0
0
0
0.001795
0.001828
0
0
0
0.002012
0.002114
0
0
0
0
0
0
0
0
0.002481
0
0.00627
0
0
0
0
0
0
0
0
0
0
0
0
0
0
0
0
0
0
0
0
0
0
0
0
0
0
0
0
0
0
0
0
0.00216
0
0.002088
0
0
0
0
0
0
0.001927
0
0
0
0
0
0
0
0.001835
0
0.001876
0
0
0
0.002632
0
0
0
0
0
0
0
0
0
0.001832
0
0.00363
0.001835
0
0
0
0
0
0.001842
0
0
0.001898
0.001859
0
0
0
0.001887
0.001931
0
0.001912
0.001965
0
0
0
0
0.008929
0
0
0
0
0.00274
0.004739
0
0
0
0
0
0
0
0
0
0
0
0
0
0
0.006536
0
0
0
0
0
0
0
0
0
0
0
0.004082
0
0
0
0
0.005208
0
0
0
0
0
0
0
0.002315
0
0.006369
0.002278
0
0
0
0
0
0
0
0
0
0
0
0
0.002165
0.002183
0
0
0
0
0
0
0
0
0.002801
0
0
0
0
0
0.002262
0
0
0
0
0
0
0
0
0
0
0
0
0
0
0.002532
0
0
0
0
0
0
0
0
0.003876
0
0
0
0
0
0
0.003125
0
0
0
0.003145
0.002625
0
0
0.005435
0
0
0
0
0
0
0
0
0
0
0
0
0
0
0
0
0
0.004237
0
0
0
0
0
0
0
0
0.002062
0
0
0
0.002123
0
0
0
0
0
0
0
0
0
0
0.002375
0
0
0
0
0
0.002571
0
0
0.002809
0
0.002933
0
0
0
0
0
0
0
0
0
0
0
0
0
0
0
0
0
0
0
0
0
0
0
0
0
0
0
0
0
0
0
0
0
0
0
0
0
0
0
0.006135
0
0
0
0
0
0
0
0
0
0
0
0.009901
0
0
0
0
0
0
0
0
0
0
0
0
0
0
0
0
0
0
0
0
0.005376
0
0
0
0
0
0
0
0
0
0
0
0
0
0
0
0
0
0.003425
0
0
0
0
0
0
0
0
0
0
0
0
0
0
0
0
0
0
0
0
0
0
0.002141
0
0
0.004167
0.002105
0.002096
0
0
0
0
0
0
0
0.003106
0
0
0
0
0.002049
0
0.004065
0.002123
0.00907
0.004184
0
0
0.001938
0
0
0.005607
0
0.001866
0.001912
0
0
0
0
0
0.002315
0
0.005435
0
0
0
0
0
0
0
0
0
0
0
0
0.001449
0
0
0
0.001383
0
0
0
0
0
0
0
0.001372
0.001355
0
0
0
0
0
0
0.004213
0.002853
0.001468
0.001946
0
0
0.001431
0
0
0
0
0
0
0
0.001412
0
0
0
0
0.002886
0
0.004032
0
0
0
0
0.001484
0
0
0.001567
0
0
0
0
0
0
0
0
0.003676
0.001686
0
0
0
0
0
0
0
0
0
0.001553
0.001531
0
0
0
0.00315
0
0
0
0
0
0.001563
0
0
0
0.003155
0
0.00159
0
0.001621
0.007797
0
0
0.005803
0
0
0
0.001577
0
0.003012
0
0
0
0
0
0
0
0
0
0
0
0
0.001575
0
0
0
0
0
0.023404
0
0.023033
0
0
0
0
0.001605
0.003195
0
0
0
0
0
0
0
0
0
0
0.001727
0
0
0
0
0
0
0
0
0
0
0
0
0.004926
0
0
0
0
0
0
0
0
0
0
0
0.003413
0
0
0
0
0.001681
0.001686
0.001684
0
0.001681
0
0
0
0
0.001742
0
0
0
0
0
0
0
0
0
0
0
0.003115
0
0.001534
0
0
0
0.001585
0.001587
0.003155
0.001577
0
0.001529
0
0
0
0
0
0
0
0
0
0
0
0
0.001484
0
0.002959
0.001506
0.001493
0
0.001433
0
0
0
0
0.001431
0
0.001414
0
0
0.001391
0.001381
0
0
0.00135
0.001319
0
0
0.001325
0.001311
0.001307
0
0
0
0
0.002574
0.001295
0.001307
0
0.001374
0
0.001805
0
0
0.001342
0
0.00133
0.001328
0
0
0
0
0.001323
0.001325
0
0
0.001326
0.00133
0
0.001328
0
0
0.001381
0
0
0
0
0
0.001385
0
0
0.002782
0.001377
0.001395
0
0
0
0.002837
0
0
0
0
0
0
0
0
0.003322
0
0
0.00155
0
0
0
0
0
0
0.001458
0
0
0.001456
0
0.001477
0
0
0.00317
0
0
0.00149
0
0.00149
0
0.001548
0.001553
0.003058
0
0.001543
0.003091
0
0
0
0
0
0.002151
0
0
0
0
0.003656
0.001799
0
0
0
0
0
0
0
0
0
0
0
0
0
0
0
0
0
0
0
0
0
0
0
0
0.001616
0
0
0
0
0.001642
0
0
0.001616
0
0
0.001592
0
0
0
0.001546
0
0
0.00152
0
0.004839
0.001553
0
0.001538
0
0.00152
0.001499
0.001471
0
0
0
0.001522
0
0
0
0.001992
0
0
0.004065
0
0
0.001616
0
0
0
0
0
0
0.001479
0.001495
0.00142
0
0
0
0
0
0
0
0
0
0.001422
0
0.001395
0.001387
0
0.001383
0
0
0.001397
0.001374
0.002688
0
0
0
0
0.001361
0.001377
0.001359
0
0
0.001441
0.001433
0
0
0
0.001431
0
0
0.005874
0.009785
0
0
0.001456
0
0
0.00146
0
0
0
0
0
0
0
0.001511
0.001773
0
0
0
0
0.00149
0
0.002981
0
0.001541
0
0.001531
0
0.001603
0.001565
0.0032
0.003185
0
0
0
0
0.00157
0
0.001565
0
0
0
0
0
0
0.001577
0
0
0.001704
0
0
0
0.001748
0.001706
0
0
0
0.001642
0.001647
0
0
0
0
0
0
0
0
0
0
0
0
0
0
0
0.001718
0
0
0
0
0
0
0.001838
0
0
0
0.001745
0
0
0
0
0.001764
0
0
0
0
0
0
0
0
0
0
0
0
0
0
0
0
0
0
0
0
0.001805
0
0
0
0
0
0
0
0
0
0
0
0
0
0.001692
0
0
0.008576
0.001751
0.001718
0
0
0
0
0
0
0
0
0
0
0
0
0
0
0
0
0
0.001647
0
0.001672
0
0
0.001637
0.001631
0.003378
0
0
0.001684
0
0.001736
0.003448
0.001709
0
0.001698
0.001739
0.00177
0
0
0.00177
0
0
0
0
0
0
0.001678
0
0
0
0.001812
0
0.001621
0
0.00159
0.001585
0
0.001567
0
0
0
0.001543
0.001531
0
0.001504
0.001495
0.001471
0.001499
0.002941
0.001471
0
0.001451
0
0.001468
0.001477
0.001499
0
0
0
0
0
0
0
0
0
0.003072
0.001546
0.00155
0
0
0
0.001538
0
0.001546
0
0
0.001567
0
0
0
0
0
0.001639
0.001616
0
0
0
0.004598
0
0
0
0
0
0
0
0
0
0
0
0
0
0
0
0.001779
0.003623
0
0
0
0.001764
0
0
0
0.001767
0
0.001815
0
0
0
0.001905
0.001898
0
0
0
0
0
0
0.002012
0
0
0.002079
0
0
0
0
0
0.002188
0.002119
0.00211
0
0.002128
0
0
0
0.002141
0
0
0
0
0
0
0
0
0
0
0.002268
0.002294
0
0
0
0
0
0.002208
0
0
0
0
0
0.003185
0
0
0.002198
0.00432
0.004237
0
0
0
0
0
0
0
0
0
0
0.001919
0
0
0
0
0.001894
0
0
0
0
0
0.016092
0
0
0.002786
0
0
0
0.001786
0
0.001783
0
0
0
0
0
0.001852
0
0.001736
0
0
0.001751
0
0
0
0.001658
0
0.001647
0
0.002358
0
0
0
0
0
0.001616
0
0
0
0
0
0
0
0
0
0
0
0.001577
0
0.001565
0
0.00156
0
0
0
0
0.001645
0.001656
0
0
0
0
0
0
0
0
0
0
0
0
0.002841
0
0
0.002865
0
0
0
0
0
0
0
0
0
0
0
0.002532
0
0
0
0
0
0
0
0
0
0.004831
0.002519
0
0.004831
0
0.004484
0
0
0
0
0
0
0
0
0
0
0
0
0
0
0.001883
0
0
0.001802
0
0
0
0
0
0.001745
0
0
0
0
0
0
0
0
0
0
0
0
0
0
0
0
0
0
0
0
0
0
0
0
0
0
0
0.001511
0.00149
0
0.001497
0
0.001477
0
0.001497
0
0
0
0.003339
0.00155
0
0
0.001479
0
0.001488
0
0.001495
0
0.002941
0
0
0.001451
0
0
0
0
0
0
0
0
0
0.002793
0
0.001389
0
0
0
0
0.001418
0
0.001397
0
0
0.001383
0
0
0.001393
0
0
0.00141
0.001435
0
0
0
0.001408
0.001429
0
0.001443
0.001416
0.001403
0.00141
0
0.002833
0.00141
0.004255
0
0.001425
0
0
0
0
0.002169
0
0.001529
0.001508
0.003195
0
0
0.001531
0.001709
0.004415
0.00159
0.00155
0.00463
0
0
0.00155
0
0
0
0.00156
0
0.003086
0
0
0
0.001582
0
0
0
0.00318
0.001623
0
0
0
0
0
0.001718
0
0
0
0
0
0.001808
0
0.001938
0.004016
0.001965
0
0
0
0
0
0.002062
0
0.002174
0.011962
0
0
0
0
0
0
0
0
0
0
0
0
0
0
0
0
0
0
0
0
0
0
0
0
0
0
0
0
0.003891
0
0
0
0
0
0
0
0
0.006098
0
0
0
0
0
0
0
0
0
0
0
0
0.002865
0
0
0
0
0
0
0
0
0
0
0
0
0
0
0
0
0
0
0
0
0.002045
0
0.002915
0
0
0.004751
0
0
0
0
0
0
0
0
0.002611
0
0
0
0.003552
0
0.00173
0
0
0
0.001745
0
0
0
0
0
0
0
0
0
0
0.001656
0
0
0
0.001695
0.001669
0
0.001733
0.003521
0
0.004175
0
0
0
0
0
0
0
0.002146
0
0
0
0.005272
0.001727
0
0.001739
0.001754
0
0
0.001736
0
0.001721
0
0.001736
0
0.001736
0
0
0.001718
0
0.001718
0.003478
0
0
0
0.001739
0.001751
0
0
0
0.001842
0.006048
0
0
0
0.003766
0.001873
0
0
0
0
0
0
0
0.005445
0
0
0
0
0.001961
0
0
0
0
0.001802
0.002646
0
0
0.001645
0.001637
0.003165
0
0.001577
0
0.003067
0.00152
0
0.001546
0
0
0
0
0
0.001511
0
0
0.006329
0.00149
0
0
0
0.001441
0.003906
0.001437
0
0
0.001372
0.001391
0.001395
0
0.001408
0
0
0
0
0
0
0
0
0
0
0
0
0.00135
0.001348
0
0.001477
0.001364
0
0
0
0
0
0
0
0.001359
0
0
0.001377
0
0
0
0.001393
0
0
0
0
0
0.001406
0
0
0.001475
0
0
0
0
0
0.002817
0.004213
0
0.001393
0
0
0
0
0
0
0.001445
0
0
0
0
0
0
0
0
0
0.00367
0
0.003082
0
0.001517
0
0
0.003053
0
0
0
0
0
0
0
0.002016
0
0
0
0
0
0
0
0
0
0
0.001565
0.005208
0
0
0
0
0
0
0
0
0
0
0.00299
0
0.001495
0
0
0
0
0
0
0
0
0.001479
0
0
0
0.001445
0
0.002886
0
0
0
0
0
0
0.001414
0
0
0
0
0.004286
0
0
0
0
0.001391
0.001387
0.002732
0.00135
0
0.00135
0
0
0
0
0
0
0
0.001451
0
0
0
0
0
0.001276
0
0.001277
0
0
0
0
0.002564
0
0
0.001289
0.001311
0
0
0
0.001277
0.001279
0.002503
0
0
0
0
0
0.001776
0
0.002525
0
0
0
0
0.001167
0.002401
0.002307
0.001145
0.001131
0.001139
0
0
0.002286
0
0.00226
0
0
0.001143
0
0
0
0
0.00221
0
0.002398
0.001168
0.001121
0
0
0
0.001114
0
0.001116
0.003359
0
0
0
0
0
0.001239
0.001209
0
0.001156
0.001139
0
0
0
0
0.001212
0.001202
0
0
0
0
0.002407
0.001208
0
0.00246
0.001238
0.00123
0
0.001224
0
0.001196
0
0
0.001198
0.001199
0
0.001495
0.002618
0.00243
0.001178
0
0
0
0
0
0
0.001156
0
0
0.00241
0.002427
0
0
0.001224
0.001252
0.001261
0
0
0.002571
0
0
0.002618
0.002604
0.001328
0
0
0
0.001401
0
0
0
0.002782
0
0
0
0
0
0.001435
0.002882
0
0
0.001403
0
0.002817
0
0.001399
0
0.001443
0.002886
0.001433
0
0
0
0
0
0
0
0.001391
0
0
0
0.001437
0
0.004511
0.001443
0
0.001408
0
0
0.001381
0
0
0
0.002789
0.001397
0
0
0.001397
0
0
0
0.002759
0
0.001372
0.001339
0
0.002732
0.001353
0
0
0
0
0.002743
0
0
0.001379
0
0
0
0
0.001524
0.006757
0
0.004975
0.001664
0
0
0
0
0
0
0.00146
0
0
0
0
0.002653
0
0
0
0
0.00365
0
0
0
0
0
0.00161
0
0
0
0
0
0
0
0
0.001443
0.001453
0
0
0.00295
0
0.00295
0.001477
0
0.001475
0
0
0
0
0
0.003008
0.00299
0.001504
0
0.003058
0
0
0.002155
0
0
0.001534
0
0
0
0
0.001488
0
0
0
0.001536
0
0.001548
0.00313
0.001575
0.003175
0.001585
0.001575
0
0
0.001626
0
0
0
0
0
0.001678
0.00165
0
0.001642
0
0.001658
0.001704
0
0.001751
0
0.001715
0
0.003571
0
0.005038
0.004348
0
0
0
0
0.00188
0
0
0
0.001764
0
0
0.003515
0
0
0
0
0
0
0
0
0
0.001761
0
0
0
0
0.001812
0
0
0
0
0.001901
0
0
0
0
0
0
0
0.004158
0.002119
0.008989
0.001961
0
0.001919
0
0
0
0
0.002364
0
0
0.011962
0
0
0.001859
0
0
0
0
0
0.001842
0
0.001859
0
0
0
0
0
0.003697
0
0
0
0
0.001818
0
0.001792
0
0
0
0.001805
0
0.001835
0.001825
0.001859
0
0.001842
0
0
0
0
0.001815
0.001838
0
0
0
0
0
0.001946
0
0
0
0
0.001898
0
0.001908
0
0.001901
0
0
0.001916
0.001942
0
0
0.004264
0
0
0.001773
0
0
0
0
0
0
0
0
0.001757
0.001724
0.001727
0
0
0
0
0.004717
0.001859
0
0
0.001773
0
0.003472
0.001754
0
0
0.001736
0
0
0
0.001764
0.001773
0
0
0
0
0
0.003509
0.001745
0
0
0.001712
0
0
0
0
0
0
0
0
0
0
0.00177
0
0.001779
0
0.003552
0.001783
0.003571
0
0
0
0
0
0
0.001748
0
0.001786
0
0.001783
0
0
0
0
0
0.001815
0
0
0
0
0
0
0
0
0
0
0.002028
0
0.004264
0
0.545455
0
0
0
0
0
0.001976
0
0.003854
0
0
0
0
0
0
0.007326
0.001805
0.001805
0
0.001764
0.001751
0
0.001727
0.001715
0
0.001684
0
0
0.001634
0
0
0.001595
0
0.00318
0
0.001585
0
0.003091
0
0
0
0
0.001553
0.001546
0
0
0
0
0
0.001524
0
0.00156
0.001582
0.001629
0
0
0.001453
0
0
0.001447
0.001449
0
0.002915
0
0
0
0
0
0.001486
0.001475
0
0.001471
0.001466
0
0.001451
0
0.002903
0.00149
0.002963
0.001481
0
0
0.001527
0
0.003082
0
0.004594
0
0.001499
0
0.001538
0
0.00159
0
0.002326
0.001887
0
0.001919
0.001675
0
0
0
0.001511
0.001522
0.001524
0.001527
0
0.003026
0
0
0
0
0.001522
0
0
0.001511
0.001481
0
0
0.001451
0.001464
0
0
0
0
0.001431
0
0
0
0.002278
0
0.001497
0
0
0.001445
0
0
0.003115
0.005111
0
0
0.001456
0.002959
0
0.001429
0
0.002869
0
0
0
0.001401
0
0
0
0
0
0.001339
0
0
0
0.001418
0
0
0
0.001295
0
0
0.002639
0.002608
0.001316
0.001311
0
0
0.0013
0
0
0.001267
0.002535
0.001242
0.002535
0
0
0.001258
0
0.001259
0
0
0
0.001256
0.001259
0
0.001248
0
0
0.001277
0.001266
0.003774
0
0.001272
0
0
0.002614
0.002594
0.001297
0.001311
0.001321
0.002621
0.001314
0
0
0
0.00137
0
0
0
0
0.001391
0.001397
0
0
0
0
0
0
0.002778
0
0
0
0
0.001437
0.002861
0
0.002853
0.001443
0.002924
0
0
0.001488
0
0.001481
0
0.001486
0.001527
0
0
0
0
0.001678
0
0
0
0
0
0
0
0
0
0.001511
0.003067
0
0.001553
0
0.001567
0
0
0
0
0
0
0
0
0.003185
0
0.00159
0
0
0.001618
0
0.001621
0
0
0.001637
0
0.003268
0
0
0.001678
0
0.003361
0
0
0.001739
0.001754
0.001709
0.001724
0.001764
0
0
0
0.001736
0.001757
0
0
0
0
0
0.001724
0
0
0.001689
0
0
0.001712
0
0.001745
0
0.001773
0
0
0.001757
0
0
0.007833
0
0
0
0.001761
0
0
0.00177
0
0
0
0
0
0
0
0
0
0
0
0
0
0.002933
0
0
0
0
0
0.003413
0
0
0.003584
0
0
0
0
0
0
0
0
0
0.001908
0.001919
0.001887
0
0.001862
0.001855
0.001848
0.005597
0
0.001862
0
0.005952
0
0
0
0.001805
0.001776
0
0
0
0
0.001946
0.001876
0
0
0
0.001751
0.001733
0
0
0
0
0.00173
0
0
0
0.001764
0
0
0.001698
0
0
0
0
0.001745
0
0
0
0
0
0
0
0
0
0
0
0.001802
0
0
0
0
0
0
0
0
0.002217
0
0.002008
0
0
0
0.00211
0.002123
0
0.002188
0
0
0.003876
0
0
0
0
0
0
0
0
0.003534
0.002033
0
0
0
0.001965
0
0.003854
0
0
0
0
0
0
0
0
0.001946
0
0.004329
0
0
0
0
0
0.001919
0
0.001894
0
0
0
0
0
0
0
0.00369
0
0
0
0
0
0
0
0
0.001783
0
0
0.001792
0.001764
0.001776
0
0.001792
0
0
0
0
0
0
0
0
0
0
0
0
0.001692
0
0.001661
0
0.001608
0
0
0
0.001513
0.001488
0
0
0
0
0.001536
0
0
0
0
0
0
0
0.00152
0
0
0
0
0.003306
0.001553
0
0.00155
0
0
0
0
0
0
0
0
0
0
0
0.002928
0.001471
0
0.003185
0.001477
0
0
0
0.001408
0.001403
0
0
0
0
0
0
0.001548
0
0
0
0.001565
0
0.003145
0
0.004695
0
0
0.002404
0.003407
0
0
0
0
0.00159
0
0
0
0
0.001572
0
0
0
0
0
0
0
0
0
0.002681
0
0.001859
0.002564
0
0
0
0
0.001538
0
0
0
0.002577
0.00315
0.001543
0
0
0
0
0
0.001484
0
0
0.003008
0.00216
0.00313
0
0.00149
0
0.001481
0
0
0
0
0.001456
0.001441
0
0
0.004115
0
0
0
0.001389
0
0.001366
0.001381
0
0.001395
0
0
0
0
0
0
0
0
0
0
0
0
0
0.001429
0
0
0.002825
0
0
0
0.001468
0
0.001484
0
0.003861
0
0.001931
0
0
0.003527
0
0
0
0.003484
0
0
0
0
0
0.001582
0
0
0
0
0
0
0
0.001745
0
0
0
0
0
0
0
0.001876
0
0
0.001901
0
0
0
0
0.007067
0
0
0.00365
0
0
0
0
0
0
0.002008
0.002137
0.010526
0
0
0
0
0.001908
0
0
0
0
0
0.001898
0.00404
0
0
0
0
0
0
0.003839
0
0
0.001789
0
0
0
0.001805
0.001751
0
0
0.001745
0.001736
0
0.003454
0.003419
0.001675
0
0
0
0
0
0
0.001642
0
0
0
0
0
0
0
0.003155
0.001567
0
0.001538
0
0
0
0
0
0
0
0.004644
0
0
0.001499
0
0
0.001524
0
0
0.001473
0
0
0.002937
0.001453
0.00295
0.00173
0.001447
0
0
0
0
0
0
0
0
0.001462
0
0
0
0
0
0
0
0.001403
0
0
0.001311
0
0
0.004005
0
0
0
0
0.00396
0
0.002874
0
0.001393
0.001385
0
0.00141
0
0.001404
0.001437
0
0.001462
0
0
0
0.001443
0
0
0
0
0
0
0.001538
0
0
0
0
0.001701
0
0.001789
0
0
0
0
0
0
0
0
0.002012
0.001976
0
0
0
0
0.003922
0
0
0
0
0.002212
0
0
0
0
0
0
0.00995
0
0
0
0
0
0.093851
0
0
0.004237
0
0
0
0
0
0
0
0.002037
0.012048
0
0
0.00367
0
0.001764
0
0
0
0.003295
0
0
0
0
0
0.001629
0
0
0
0.003115
0.001531
0
0.001497
0
0.001508
0
0
0.001504
0
0
0.001493
0
0
0.001468
0.001486
0
0
0
0
0
0.001541
0
0
0
0
0
0.001504
0
0
0.001527
0
0.001511
0
0
0
0
0.001587
0.005236
0.00321
0
0
0.003072
0
0
0
0
0
0
0
0.002584
0
0
0.002283
0
0
0
0
0.001645
0.002212
0.001608
0.001475
0
0
0
0
0.001381
0
0
0.001383
0.001385
0
0
0.002759
0
0
0
0.001387
0
0
0
0
0.001339
0
0
0
0
0
0
0
0
0
0
0
0
0.00349
0
0
0.003478
0
0.001506
0
0
0.001508
0
0.001486
0
0.001497
0.002994
0.001495
0.003017
0.001486
0
0
0
0.001462
0
0
0.001486
0
0
0
0
0
0
0.001748
0
0
0
0.002857
0
0
0
0
0
0
0.001357
0.002692
0.001333
0.001355
0.001357
0
0
0
0
0
0
0.001346
0
0
0
0
0
0.00133
0
0
0
0
0.001342
0.00135
0
0
0.001422
0
0.004049
0
0
0
0
0
0.001425
0
0
0.002967
0.001484
0
0
0
0
0
0
0
0
0
0.002972
0
0.001464
0.002941
0.00149
0
0
0
0
0
0
0.001767
0
0
0
0
0.001504
0.00149
0
0
0
0
0
0
0
0
0
0
0.001499
0
0
0.001618
0
0
0
0
0
0
0.001546
0
0
0
0
0.001565
0.001577
0
0
0.003263
0
0
0
0
0.001916
0
0
0.001792
0.005405
0.001779
0.001795
0
0.001898
0.001931
0
0
0
0
0
0
0.002101
0
0
0
0
0.002198
0
0
0
0
0
0
0
0
0
0.002364
0
0.002481
0
0
0
0
0
0.004292
0
0
0
0
0.00271
0
0
0
0.004566
0.00295
0
0
0
0
0
0
0
0
0
0.002688
0
0.005249
0
0
0.00266
0
0
0
0
0
0
0
0
0.00277
0
0
0.002825
0.002849
0
0
0
0
0
0
0.003003
0
0
0.003125
0
0
0
0.003367
0.003436
0
0
0
0
0
0
0
0
0
0
0
0
0
0
0
0
0
0
0
0
0
0
0
0
0
0.006329
0
0
0
0
0
0
0
0
0
0
0
0
0
0
0.00578
0
0
0.005464
0
0
0
0
0
0
0.009852
0
0
0
0
0
0
0
0
0.005882
0
0
0.00625
0.006452
0
0
0
0
0
0
0
0
0
0
0
0
0
0
0
0
0
0
0
0
0
0
0
0
0
0
0
0
0
0
0
0.030303
0
0
0
0
0
0
0
0.083333
0
0.25
0
0
0.25
0
0
0
0
0
0
0
0
0
0
0
0
0
0
0
0
0
0
0
0
0
0
0.010101
0
0
0
0
0
0
0
0
0
0
0
0
0
0
0
0
0
0
0
0
0
0
0
0
0
0.005181
0
0
0
0
0.00495
0
0
0
0
0
0.004348
0
0
0
0
0
0
0.004566
0
0
0
0.009852
0.004425
0
0
0
0
0
0
0
0
0.003663
0
0
0
0
0
0
0
0
0
0
0
0
0
0
0
0
0
0
0.002481
0
0.002364
0.002336
0
0
0
0.002242
0
0
0
0
0
0
0
0
0
0
0.003781
0
0.003617
0
0
0
0
0.001698
0
0
0
0
0
0
0
0
0.001647
0
0.001605
0
0
0.001553
0
0
0.003077
0.001529
0
0.001577
0
0.00156
0
0
0.001597
0
0
0
0
0
0
0
0
0
0.00295
0.002703
0.002732
0
0
0
0
0
0
0
0
0
0
0.003241
0.001616
0.003205
0.001575
0.00159
0
0.0016
0
0.001623
0
0.003145
0
0
0.00161
0
0.001626
0
0
0
0
0
0.0016
0
0
0
0.001605
0
0.001567
0
0
0
0
0
0
0
0
0
0
0.00149
0
0
0.001473
0.001477
0
0
0
0.001488
0
0
0
0
0
0.00149
0.00316
0
0
0.002813
0
0.001401
0
0
0
0
0
0
0.001348
0.001353
0
0
0.001332
0.001326
0
0
0
0
0.006831
0.001383
0
0
0
0
0.001475
0
0.001471
0
0
0
0
0
0
0
0
0
0
0
0
0
0
0
0
0
0
0
0
0.003656
0
0
0
0
0.001623
0.001587
0
0
0.001582
0
0
0
0
0.001506
0
0
0
0
0.001453
0
0
0
0
0
0.001479
0
0
0
0
0.001647
0.001603
0
0
0.001548
0
0
0.001565
0.001605
0.00319
0
0
0
0
0
0.001751
0.001757
0
0
0
0
0
0.001786
0
0
0
0
0
0
0
0
0
0
0
0.00381
0.003984
0.001953
0
0.003929
0.001984
0
0
0
0
0.002155
0
0.002222
0
0.002247
0
0
0
0
0
0
0
0.002262
0
0.002232
0
0
0
0.00432
0
0
0.002252
0
0.002132
0
0
0
0.002146
0
0
0
0
0.002123
0
0
0.002132
0.002146
0
0
0
0
0.002016
0.002041
0
0
0
0
0
0
0
0
0
0
0
0
0.001859
0.001859
0
0
0
0
0
0.001776
0
0
0.001736
0
0.001712
0.001721
0
0.003454
0.001724
0
0
0
0.00319
0
0
0
0
0.003425
0.001709
0.001727
0
0
0.001825
0
0
0.001859
0
0.001949
0
0
0
0.003906
0.001976
0.001965
0
0
0.001996
0
0
0.002008
0.002
0
0
0
0
0
0.002137
0
0
0
0.002257
0
0
0
0.002342
0
0
0
0
0.004843
0
0
0.002469
0
0
0.002451
0
0
0.002469
0
0
0
0
0
0
0
0
0
0
0.002519
0
0
0.002639
0.005376
0
0
0.002809
0.002841
0
0
0
0.002967
0
0
0
0
0
0
0
0.00678
0
0
0
0
0
0
0
0
0
0.004149
0
0
0
0
0
0
0
0
0
0.004367
0.004525
0
0
0
0
0
0.005376
0
0
0
0
0
0
0
0
0
0
0
0.007246
0
0
0
0.007752
0
0
0
0
0
0
0
0
0
0
0.016667
0
0
0
0
0
0
0
0.2
0
0
0.166667
0.111111
0
0
0
0
0
0
0
0
0
0
0
0
0
0
0
0
0
0
0
0
0
0
0
0
0
0
0
0
0
0
0
0
0
0
0
0
0
0
0.004673
0
0
0
0
0
0
0.004405
0.008811
0.004115
0
0
0
0.004274
0.004292
0
0
0
0
0
0
0.003125
0
0
0
0
0
0
0.005618
0
0.005618
0
0.00266
0
0
0
0
0.002604
0
0
0
0.002439
0
0
0
0
0
0.002488
0
0.005291
0
0
0
0.004454
0.002203
0
0
0
0
0
0.00207
0
0
0
0
0.004024
0
0.001972
0
0
0
0
0
0
0.001825
0.001825
0
0
0
0.001919
0
0.001988
0.001727
0
0
0.001672
0
0
0
0.003322
0.001667
0.003373
0.007067
0
0
0
0
0
0.003003
0
0
0
0
0.001546
0.00156
0.001567
0
0
0
0
0.00156
0
0.001565
0
0
0.001642
0
0.003565
0
0
0
0.001529
0
0
0
0
0.001567
0
0.00155
0.001605
0.001637
0
0.002222
0.001647
0
0.001653
0
0
0
0
0
0
0
0
0.001869
0
0
0
0
0
0
0.004435
0
0
0
0.002183
0.0025
0
0
0.002288
0
0
0
0
0
0
0
0
0.00237
0
0
0
0
0
0
0
0
0
0
0
0
0.002558
0
0
0
0.007958
0
0.002695
0.002755
0
0
0
0
0
0
0
0
0
0
0
0
0.00369
0.003831
0
0
0
0
0
0
0
0
0
0
0.007874
0
0
0
0
0
0
0
0
0
0
0
0
0
0
0
0
0.013333
0
0
0
0
0
0
0
0
0.008403
0
0
0
0
0
0
0
0
0
0
0
0
0
0
0
0
0
0
0
0
0
0
0
0
0
0
0
0
0
0
0
0
0
0
0
0
0
0
0.004255
0
0
0
0
0
0
0
0
0
0
0
0
0
0
0
0.006211
0
0
0
0
0
0
0
0
0.008696
0
0
0
0
0
0
0
0
0
0
0
0
0
0
0.002262
0
0
0
0.002096
0
0
0
0
0
0
0
0
0
0
0.001862
0
0
0
0.001883
0
0
0
0
0
0
0
0
0
0
0
0
0
0
0.001789
0
0
0
0.001751
0
0
0
0
0
0
0
0
0.00189
0
0
0.001934
0
0.004073
0
0
0
0
0.00202
0.002012
0.002045
0
0.002083
0
0
0
0
0.003215
0.002083
0
0
0
0
0
0
0
0.006623
0
0
0
0
0.002141
0.002439
0
0
0
0
0.002075
0
0
0
0
0
0
0.002024
0
0.002033
0.002865
0
0
0
0
0
0
0
0
0.001783
0
0
0
0
0
0.001739
0
0
0.001727
0
0
0
0
0
0
0
0
0.002703
0
0
0
0
0
0
0
0.001931
0
0
0
0
0
0
0.002681
0
0
0
0.001669
0.005076
0.003367
0.001667
0.001675
0
0
0
0.00241
0
0
0
0
0
0
0
0
0
0
0.001587
0
0
0
0
0.0032
0.001572
0.001541
0.001527
0
0
0.001486
0.003017
0
0
0
0
0.00146
0
0
0
0
0.001462
0
0
0.001422
0
0
0
0.005602
0.001427
0
0
0.001391
0.001376
0
0.00142
0
0
0
0.002809
0
0.001431
0
0
0
0
0.001468
0
0
0.001511
0
0
0
0
0.001572
0.00161
0
0.002288
0
0.00317
0
0.00165
0
0.001767
0
0.003205
0
0.001656
0
0
0
0
0.001724
0
0
0.007605
0
0
0
0.001664
0
0.001667
0
0
0
0.001689
0
0
0
0
0
0
0
0.001712
0.001684
0
0
0.001639
0
0
0
0
0.002392
0
0
0
0
0
0.001653
0.001658
0
0
0
0
0
0
0.003231
0.001621
0
0
0
0.001595
0
0
0
0
0.00161
0
0
0
0
0
0.004815
0
0
0
0.001587
0.003241
0
0.003215
0
0.00159
0
0.001587
0.001538
0
0
0
0.001517
0
0.001502
0
0
0
0.003026
0
0
0
0.001534
0
0
0
0
0
0
0
0.001479
0
0.001471
0
0
0
0
0
0.001431
0.001427
0
0.001429
0
0
0.001435
0
0
0
0.00142
0
0.002845
0.002809
0
0.00277
0
0.002759
0.001368
0
0.001404
0.001408
0
0
0.001387
0
0
0
0
0.001429
0
0
0.002817
0.001401
0
0
0
0
0
0.001404
0
0.001468
0
0
0.001403
0
0
0
0
0.001389
0.002729
0.00137
0
0
0
0.002736
0
0.001332
0.001353
0.001353
0
0.001374
0.002817
0
0
0
0
0
0
0
0
0
0
0
0
0.001458
0
0
0
0.004658
0
0
0
0
0
0.001647
0.00335
0
0.005814
0
0.00177
0.001727
0.001733
0.001745
0
0
0
0
0
0
0
0
0
0
0
0
0
0.002028
0
0
0.002217
0.003704
0
0
0
0.00216
0
0
0.002049
0
0
0
0
0
0
0
0.014368
0
0
0
0
0
0.003906
0
0
0
0
0
0.002404
0
0
0
0
0
0.009901
0
0
0
0
0
0
0.002114
0
0
0
0
0.002985
0
0
0
0.001957
0
0
0
0
0
0.001748
0.001712
0
0
0
0.001664
0.001647
0
0
0.00161
0.00158
0
0
0
0
0.001587
0.00159
0
0.001527
0
0.00458
0.001508
0
0
0
0.00304
0.004559
0
0
0
0
0
0.001443
0
0
0
0
0.001466
0
0.007837
0
0.00141
0
0
0
0
0.003096
0
0.002874
0
0
0
0.002774
0
0
0
0
0
0
0
0
0
0
0
0
0
0
0.002853
0
0
0
0
0
0
0
0.001529
0
0.00155
0
0
0
0
0
0
0
0.006803
0
0
0
0
0.001479
0
0.001481
0
0
0.002985
0
0
0
0
0
0
0
0
0
0.00155
0.006263
0
0.001575
0
0
0
0.005034
0
0.0016
0
0
0.003072
0.001506
0.002981
0
0
0
0.001605
0.0053
0
0
0
0
0
0
0
0
0.00155
0
0.001541
0.001517
0.001534
0
0
0
0
0
0
0
0.001555
0
0.001572
0
0.001608
0.003236
0
0
0
0
0
0
0
0
0.00188
0.003968
0.005208
0
0
0
0.001852
0.007634
0
0
0
0
0.001621
0
0
0
0
0
0
0
0.002445
0
0
0.001832
0
0.005682
0
0
0
0
0
0
0.001439
0
0
0.001477
0.001495
0
0
0
0.003846
0
0.001873
0.004149
0
0
0
0
0
0
0
0
0
0.001608
0
0.001613
0
0
0.00319
0.001592
0
0
0
0
0.001587
0
0.001616
0
0
0
0
0.001645
0
0
0
0.001678
0
0
0.001698
0.001742
0.001736
0
0
0.001767
0
0
0
0
0
0.001912
0
0
0
0
0
0
0.002439
0.010178
0
0
0
0
0
0
0
0
0.003021
0
0
0.017391
0
0.003745
0
0
0
0.004292
0
0
0
0
0
0.025641
0
0
0
0
0
0
0
0
0
0
0
0
0
0
0
0
0
0
0
0
0
0
0
0
0
0
0
0
0
0
0
0.006579
0
0
0
0
0.006061
0
0.003077
0.002865
0.00274
0.00266
0
0
0
0
0
0
0
0
0
0
0
0
0
0.002445
0
0
0
0.005495
0
0
0
0
0
0
0.006494
0
0.003413
0.003247
0
0
0
0
0
0
0
0
0.002016
0
0
0.002028
0.002045
0.002053
0
0
0.002016
0
0.003937
0
0
0
0
0
0
0
0.001927
0.001898
0
0.00188
0.001873
0
0
0.001934
0
0
0
0
0
0.002128
0
0
0
0
0
0
0
0
0
0
0
0
0
0
0
0
0
0
0
0.002857
0
0
0
0.002899
0.002924
0
0
0
0
0
0
0.003774
0.004237
0.009662
0
0.004167
0.004049
0.004219
0
0
0
0
0
0
0
0
0
0
0
0
0
0
0
0
0
0
0
0
0
0
0
0
0
0
0
0
0
0
0
0
0
0
0
0.006173
0
0.01227
0
0
0
0
0
0
0
0
0
0
0
0
0
0
0
0
0
0
0
0
0.008264
0
0
0
0
0
0
0
0
0
0
0
0
0.003759
0
0
0
0
0.005405
0
0
0
0
0
0
0.005698
0
0
0
0
0.002591
0
0.002445
0.002375
0
0
0
0
0
0
0
0
0
0
0
0.00188
0
0
0
0
0
0
0
0
0
0.001585
0.001555
0.001538
0.001536
0
0
0
0.002911
0
0
0
0.001395
0
0
0
0
0.001429
0.001453
0.001449
0.00292
0
0
0
0
0
0
0
0.003425
0
0
0.001661
0
0
0.004274
0
0.005249
0
0
0
0
0
0
0
0
0.001745
0
0.001563
0
0.001527
0
0
0
0
0
0
0
0.001517
0
0
0
0
0
0
0.001486
0
0
0
0
0
0
0
0
0.001449
0
0.004193
0
0
0.002967
0
0
0.001656
0
0
0
0
0
0.001661
0.001439
0
0.001377
0
0
0.002817
0
0
0
0
0.002924
0
0
0
0.001445
0.001449
0
0
0.001462
0
0
0
0.001479
0.001522
0
0
0
0.001548
0
0
0.001508
0
0
0.001481
0
0.001499
0
0.00158
0.003425
0
0
0
0
0
0
0
0
0.002247
0.001517
0
0
0.001543
0
0.003407
0.003125
0.001541
0
0
0.001429
0
0
0
0.002801
0
0
0.002778
0
0
0
0
0
0
0.001348
0
0
0.001362
0.001362
0
0
0
0
0
0.001422
0.001406
0
0
0.001401
0
0.003868
0
0
0
0
0
0
0
0
0
0.002813
0
0
0
0
0
0.001389
0
0
0.001401
0
0
0.012111
0.004115
0.003155
0.001543
0
0.001529
0.001536
0
0
0
0
0
0
0.001473
0
0
0.001445
0.002907
0.00146
0
0
0
0
0.004386
0.002903
0
0
0.002941
0.001464
0
0.001473
0
0.004458
0
0.001464
0.001484
0
0
0
0
0.001642
0.001645
0
0.003527
0.001645
0
0
0.001577
0.00156
0.00155
0.001538
0
0.001529
0.001553
0
0.006861
0
0
0
0.001563
0
0.00156
0.001577
0
0.001582
0
0
0
0.001631
0.001639
0.003252
0
0
0
0.001712
0
0
0
0
0.001757
0.001776
0.001799
0.001786
0.003565
0
0.001815
0
0
0.005305
0
0
0.003724
0
0.001842
0.001812
0
0
0.001845
0
0
0
0
0.00188
0.003711
0
0
0.00274
0
0
0
0.001916
0
0
0
0
0
0
0
0
0
0
0
0.00189
0.001869
0
0
0.003788
0
0
0
0
0.002096
0.004032
0
0
0.001883
0.001859
0.001873
0
0
0
0
0
0.006289
0
0
0
0.001842
0.001832
0
0
0.001873
0
0
0
0
0
0.001848
0.003717
0
0
0.001996
0
0
0
0.002041
0
0
0
0.002469
0
0
0
0
0.002016
0
0
0
0
0
0.002092
0
0
0
0
0
0
0
0
0
0
0.002088
0.002242
0.007092
0
0
0
0
0
0
0
0.001883
0
0
0.003413
0.001709
0.001681
0.001675
0
0
0
0
0
0
0
0.004292
0
0
0
0
0
0
0.001488
0.001477
0
0
0
0
0
0
0
0.001408
0
0.002833
0
0
0
0
0
0
0
0.002878
0
0.001458
0.00292
0
0
0.001447
0
0
0
0
0
0.001757
0
0
0
0
0
0
0
0
0
0
0
0
0.001484
0
0
0
0
0
0
0
0.001429
0
0.001412
0.001447
0.001447
0
0.001401
0.001412
0
0
0
0
0
0
0
0.001471
0
0
0.001524
0
0.004702
0.00156
0
0
0.0048
0.001629
0
0
0
0.001783
0
0.001773
0.001724
0
0.005291
0.001761
0
0
0
0.001869
0
0
0
0
0
0
0
0
0
0.001996
0.001957
0
0
0.00189
0.001887
0
0.001876
0
0.001938
0
0
0
0
0
0
0
0.001786
0
0
0.001795
0
0
0.003497
0.001751
0
0.003515
0
0.001815
0
0
0.001733
0
0.003419
0
0
0
0
0
0
0
0.003425
0.001733
0.005682
0
0
0
0.001724
0
0
0
0
0
0
0
0
0
0
0
0
0.001515
0
0
0
0.001441
0.001437
0
0
0.001431
0
0
0
0.001389
0
0
0
0
0.00188
0
0
0
0
0.001412
0
0
0.001403
0
0.001379
0
0
0
0
0
0
0
0
0.002725
0
0
0.001362
0.001362
0.00274
0
0.001389
0
0
0.004032
0
0.001342
0.002692
0.001355
0
0.001403
0.001513
0
0
0
0
0
0.001451
0
0.00134
0
0
0
0.001319
0.002618
0
0.002597
0.003876
0
0
0.001263
0
0.001252
0.001248
0.001248
0
0
0
0.001287
0
0.002587
0
0.001333
0
0
0
0.001366
0.001383
0.001391
0.001416
0.001433
0
0
0
0.001403
0.00141
0
0
0.001437
0
0.001447
0
0
0
0.001471
0
0
0
0
0
0
0
0
0
0.00304
0.001543
0.00155
0
0.001558
0
0.00349
0
0
0
0.001553
0.00156
0.001548
0.001558
0.004601
0
0.00627
0.001565
0
0
0
0
0
0.001605
0
0
0
0.003279
0.001675
0
0.003419
0.001712
0
0
0
0.001901
0
0
0
0
0
0.001715
0.001675
0
0
0
0.001689
0.001653
0.001689
0.003401
0
0.003396
0.001727
0
0
0.001767
0
0.001727
0
0
0
0
0
0
0
0
0
0
0
0
0
0
0
0.001715
0.001718
0
0
0
0.001742
0.003534
0
0
0
0
0
0
0
0.00295
0
0
0
0
0
0
0.003317
0.004926
0.001621
0
0.001712
0.008403
0
0.001603
0
0
0
0.003155
0.001563
0
0
0.001592
0
0
0
0
0
0
0
0.001435
0.002837
0
0.001406
0
0
0
0.001353
0
0.00137
0
0
0
0
0
0
0
0
0
0
0.001342
0
0
0.001364
0.00271
0
0.005472
0
0
0.001379
0
0
0
0.001567
0
0
0
0
0
0
0
0
0.006472
0.001504
0
0.001479
0.001393
0.001393
0
0.001391
0.001381
0
0.001401
0
0
0
0.001397
0.002809
0
0.001393
0
0
0
0.004132
0.00142
0
0
0
0
0
0
0
0.001344
0.002677
0
0
0
0
0
0.001332
0
0
0.001366
0
0
0.001393
0.001422
0
0
0
0.001445
0.001453
0
0
0
0
0
0.004418
0.001458
0
0.001471
0.001497
0.001502
0.001497
0.00149
0
0.001506
0.001506
0.001515
0
0
0
0
0
0
0
0
0
0
0
0.002252
0.001894
0
0
0
0
0
0
0
0
0
0
0
0
0.002911
0
0
0
0
0
0
0
0
0
0
0.001453
0.001464
0
0.001488
0
0
0
0.001534
0
0.001541
0
0
0
0
0.001543
0.001587
0
0
0
0
0
0
0.00317
0
0
0
0.00161
0
0
0
0.001558
0
0
0
0
0
0
0
0
0
0
0
0.001538
0
0.00157
0
0
0.001524
0
0
0
0
0
0
0
0
0
0.001484
0
0
0
0.001497
0
0
0
0.002907
0
0
0
0.001471
0.001466
0.001475
0.002963
0
0
0
0.001464
0
0
0
0
0.00141
0.001379
0
0
0
0
0.001395
0
0
0
0
0.002751
0
0
0
0.001346
0
0
0
0.002869
0
0
0
0
0
0
0
0.004098
0
0
0
0
0
0.003101
0
0.001513
0
0.0053
0.001497
0
0
0.001493
0
0
0.001534
0
0
0
0
0
0
0
0.004073
0
0.002427
0
0
0
0
0
0
0
0
0.003509
0.001637
0
0
0.001565
0
0
0
0
0
0
0.002342
0
0
0
0
0
0
0
0
0
0
0.001515
0
0
0
0
0
0
0
0
0
0.001443
0
0.001466
0
0
0
0
0.003478
0
0
0
0.00157
0
0
0
0
0.008368
0
0.002049
0
0
0
0
0
0
0
0
0.001374
0
0.001368
0
0.002717
0.002688
0.002611
0.001299
0
0
0
0
0
0.001267
0.001272
0.001263
0.001225
0
0
0
0
0.001229
0
0
0
0
0.001198
0
0.001212
0.003576
0
0
0
0.002367
0.002375
0
0
0
0.001202
0
0
0.002415
0.001229
0
0
0
0
0
0
0
0.001272
0
0.001279
0
0.001261
0
0
0
0
0.001366
0
0.001453
0
0
0.002481
0
0
0.004819
0.00463
0
0.004728
0
0
0
0
0
0
0
0
0
0
0
0
0
0
0.002353
0
0.001513
0.001502
0
0
0.001538
0
0
0
0.005141
0.001664
0
0.003063
0.001493
0.004373
0
0.001493
0
0.001513
0
0.001486
0
0
0.001513
0
0.001527
0.001517
0
0.001497
0.001499
0.001502
0
0
0
0
0
0
0.001572
0.001678
0
0
0.00232
0
0.004619
0
0
0
0.00339
0
0
0
0
0.002294
0
0
0
0
0
0
0.002358
0.001661
0
0
0
0
0
0
0
0
0
0.001658
0
0.003284
0.001634
0.001642
0.001595
0
0
0
0
0
0.00158
0
0.00158
0.00315
0.003082
0.001495
0
0
0.00303
0.00304
0.001497
0.001481
0
0
0.002829
0
0
0
0
0
0
0.001429
0
0
0.001443
0.002857
0.001462
0
0
0.001451
0.001427
0
0.001447
0
0
0
0.001471
0.001481
0
0
0
0
0.001484
0
0
0
0.001517
0
0
0
0
0.001495
0
0
0
0
0
0
0
0
0
0
0
0.001504
0
0
0.001464
0.004399
0
0
0
0.004178
0
0
0
0
0.001383
0.004054
0
0.001333
0
0
0
0
0
0
0.001357
0
0
0
0.001383
0
0.002778
0
0.001391
0
0.001379
0
0.002774
0
0
0
0
0
0.001592
0
0
0
0.004839
0.002946
0
0
0
0
0.002845
0.002837
0
0
0.001364
0
0
0.001393
0.001397
0
0
0
0.001439
0
0.001443
0
0
0
0.001451
0
0.001451
0
0
0.001477
0
0
0
0
0
0.00289
0
0
0.002725
0
0
0
0
0
0
0
0
0
0.001406
0
0
0
0
0
0.001439
0
0.002882
0
0.001451
0
0
0
0
0.001484
0
0
0
0
0.001645
0
0
0.00303
0
0
0
0.003008
0
0.001481
0
0.001506
0.001493
0
0.002999
0
0.001502
0.002999
0
0.003135
0
0.005119
0
0.001541
0
0.001497
0
0
0
0
0
0
0
0
0
0
0
0
0.001664
0
0
0
0
0
0.001908
0.005634
0
0
0
0
0
0
0
0
0
0
0
0
0.002674
0.005263
0
0
0
0
0
0
0.002933
0
0
0.003215
0
0
0.012146
0
0
0
0
0
0
0
0.003704
0
0
0
0
0
0
0
0
0
0
0
0
0
0
0
0
0
0
0
0
0
0
0
0
0
0.019231
0
0.005025
0
0
0
0.004762
0
0
0
0
0
0
0
0
0
0
0
0
0
0
0
0
0
0
0
0
0
0.009009
0
0
0
0
0
0
0
0
0
0
0
0
0
0
0
0.002959
0
0
0
0
0
0.005988
0
0
0
0
0
0
0
0
0
0.002237
0
0
0
0
0
0
0
0
0.00207
0
0
0
0
0
0
0
0
0
0
0
0
0
0
0
0
0
0
0
0
0
0
0.002976
0.002874
0
0.002933
0
0
0
0
0
0.005682
0.002849
0
0
0
0
0
0
0
0
0
0
0
0
0
0
0
0.001567
0.003096
0
0
0
0
0
0
0
0
0
0
0.001517
0.001548
0
0
0
0
0.003284
0
0.00339
0
0
0
0
0
0
0
0
0
0.002817
0
0
0
0
0
0
0
0.002392
0
0
0
0
0
0.002488
0
0
0
0
0.002591
0
0
0
0
0
0
0
0
0.00905
0.003185
0
0
0
0
0
0
0.003067
0.003145
0
0
0
0
0
0.012821
0
0
0
0
0
0
0
0
0
0
0
0
0
0.003676
0
0
0
0
0
0.014563
0
0
0
0
0
0
0
0
0
0
0
0
0
0
0
0
0
0
0
0
0
0
0
0
0
0
0
0
0
0
0
0
0
0
0
0
0
0
0
0
0
0
0
0
0
0
0
0
0
0
0
0.005714
0.002865
0
0
0
0
0
0
0
0
0.002375
0
0
0
0
0
0.002326
0
0
0
0.002237
0
0
0
0
0
0
0
0
0
0
0
0.002273
0
0.001996
0.00198
0.001919
0
0.001859
0
0
0
0
0
0
0.00369
0.001852
0.001838
0
0.001838
0
0
0.001742
0
0
0
0
0
0
0
0
0.001678
0.003373
0
0
0.001642
0
0
0
0.00161
0
0
0
0.001603
0.001605
0
0
0
0
0
0
0
0
0.001592
0
0
0.001592
0.002288
0
0
0.001642
0.001664
0
0
0.001862
0
0
0
0
0.001502
0
0
0.001453
0.001475
0
0.002933
0
0
0
0.001471
0.002972
0
0
0
0
0.00146
0
0.001443
0.002907
0
0.001441
0
0
0.001429
0
0
0
0
0.001558
0
0.001605
0
0.001704
0
0
0
0.003115
0
0
0
0.006494
0
0.003205
0.003448
0
0
0
0
0
0
0
0
0
0
0
0
0
0.001563
0
0
0
0
0
0
0
0.001529
0
0
0
0
0.002268
0
0
0
0
0
0
0.001385
0
0
0.001335
0
0
0
0.001377
0
0
0
0
0
0.001362
0
0
0
0.001387
0.001368
0
0.001901
0
0.001408
0
0
0.001348
0.002681
0
0
0.003623
0.001437
0
0.00135
0.002677
0
0
0.001335
0
0.001374
0
0.00137
0
0.001397
0
0
0
0
0
0
0.002941
0.001504
0
0
0
0.001695
0
0.001698
0.003503
0
0.004843
0
0
0.001661
0
0.003279
0
0
0
0.00369
0
0
0
0
0.0032
0.004839
0.001603
0.001605
0.001631
0
0
0.005076
0
0
0
0
0
0
0
0
0.003466
0
0
0.001536
0
0.001458
0
0
0
0.00155
0
0
0.001603
0
0
0
0
0
0
0
0.001724
0.003472
0
0
0.002525
0
0.001942
0
0
0
0.002028
0.002033
0
0
0
0
0
0
0
0
0
0.002469
0
0
0
0
0
0
0
0
0
0
0
0
0
0
0
0
0
0
0
0
0
0
0
0
0
0
0
0.011111
0
0
0
0
0
0
0
0
0
0
0
0
0
0.003436
0.005348
0
0
0
0
0
0
0
0
0
0
0
0.002994
0
0
0
0
0
0
0
0
0
0
0
0
0
0
0.002037
0
0
0
0.002008
0
0
0
0
0.002169
0.001789
0
0.001724
0
0.001669
0
0
0
0
0
0
0
0
0
0
0
0
0
0
0
0
0
0
0
0
0
0
0
0
0.007663
0
0
0
0.001821
0
0.001852
0.003683
0.001887
0
0
0
0
0
0
0
0
0
0
0
0
0.002439
0
0
0
0
0
0
0
0
0
0
0
0
0
0
0
0
0
0
0
0.003333
0
0.032258
0
0
0.002451
0
0
0
0
0.006881
0
0
0
0
0
0
0
0
0
0.002457
0.002439
0
0
0.002232
0
0.002179
0
0.002141
0
0
0.002049
0
0
0
0
0
0.001976
0.001961
0
0.001988
0
0
0.004425
0.002016
0
0
0
0
0
0.002066
0
0.004141
0.002114
0
0
0
0
0.002309
0
0
0
0
0
0
0
0
0
0.005181
0
0
0
0
0
0
0
0
0
0
0
0
0.002907
0
0
0
0
0
0
0
0
0
0.00463
0
0
0
0
0
0
0
0
0.005435
0
0
0
0
0
0
0
0
0
0
0
0
0
0
0
0
0
0
0
0.00271
0.003086
0
0.00271
0
0
0
0
0
0
0
0
0
0.003717
0
0
0
0.002364
0
0
0
0
0
0
0
0
0
0
0
0.00207
0
0.002045
0
0.003992
0
0
0
0.002008
0
0.002033
0
0
0.002096
0
0
0.002119
0
0.002174
0
0
0
0.002283
0
0
0
0
0.002717
0
0
0
0
0
0
0
0
0
0
0
0.003155
0
0
0
0
0
0
0
0
0
0
0
0
0
0.005376
0
0
0
0
0
0
0
0
0
0.003584
0.007143
0
0
0
0
0
0
0
0.006192
0
0
0
0
0.002882
0
0
0
0
0
0.007018
0
0
0.003268
0
0
0
0
0
0
0
0
0
0
0.003484
0
0
0
0
0
0
0
0
0
0.0033
0
0
0
0
0
0
0
0.003597
0.011194
0.003759
0
0
0
0.003289
0.003676
0
0
0
0
0
0
0
0
0
0
0.002092
0
0
0
0
0
0
0
0
0.003831
0
0
0
0
0.001905
0
0.001969
0
0.002008
0
0
0
0
0.002075
0
0
0
0.002004
0.001996
0.002008
0
0
0
0.002004
0.002008
0
0.002105
0.012346
0.002315
0
0.002976
0.001946
0
0
0.001779
0
0
0
0.001695
0
0.001642
0
0
0
0.00156
0.00158
0
0
0
0
0
0.021552
0
0
0.001876
0
0
0.001488
0
0
0
0
0
0
0
0
0
0
0.001403
0
0
0
0
0
0
0
0
0
0.00277
0
0
0
0
0
0.001377
0
0
0.001351
0
0.001374
0.001391
0.001412
0
0
0
0
0.001443
0
0
0
0
0
0
0
0
0.002577
0.005102
0
0
0
0.001536
0
0
0.001536
0
0
0
0.001789
0
0
0.00159
0
0
0.001592
0.001631
0
0
0
0
0
0
0
0
0
0
0
0
0.001508
0
0
0
0
0.001441
0
0.005362
0
0
0
0
0
0.013652
0
0
0
0.001493
0
0.001957
0
0
0.001412
0
0
0
0.001355
0
0
0.001337
0.001355
0
0
0.001333
0
0
0
0
0
0
0.001302
0
0
0
0
0
0.001391
0
0
0
0
0
0.002608
0.002597
0
0
0
0
0
0
0
0.001309
0
0.001332
0.001585
0.001558
0
0.001567
0
0.001376
0
0
0
0.001828
0
0
0
0.001307
0.001309
0
0
0
0
0
0.002614
0
0.001319
0
0
0
0.002621
0.001311
0
0.002677
0
0
0.001359
0
0
0
0.001359
0
0.001376
0
0
0.00141
0
0
0
0
0
0
0
0
0.001468
0
0
0.001466
0
0.001575
0
0
0
0
0
0
0
0.003252
0
0
0
0
0
0.00157
0.001563
0
0
0.001585
0.00158
0.001555
0
0
0
0
0.001546
0
0
0
0
0.003067
0.003125
0
0
0
0.00159
0
0.003082
0
0.001538
0.00156
0
0.001558
0
0
0
0
0
0
0.00321
0
0
0.003263
0.001637
0.001773
0
0.001912
0
0
0
0
0
0
0.001698
0
0
0
0
0
0
0
0
0.003268
0
0.001616
0
0
0
0
0
0.004773
0
0.001582
0
0.001534
0
0.001529
0
0
0
0.00363
0.001692
0
0.00318
0
0
0.001527
0
0
0
0.001618
0.001754
0.001563
0
0
0
0
0
0
0
0
0
0.001427
0
0.00141
0
0
0.001391
0.001377
0.001372
0.001431
0
0.005894
0.001433
0
0
0.002717
0
0
0.001389
0.001383
0
0
0
0
0.002743
0
0.001379
0
0
0
0
0
0.001953
0
0.001416
0
0
0
0
0
0
0
0.001351
0.001346
0
0
0
0.001357
0.001342
0.00135
0
0
0.001441
0.001541
0
0
0.002797
0
0
0
0
0
0
0
0
0
0
0
0.001502
0
0.001524
0.001522
0.001565
0.003165
0
0
0
0
0
0
0.00883
0
0
0.001761
0
0
0
0.008065
0.001887
0
0.001869
0
0
0
0
0
0.002045
0
0
0
0
0
0.002222
0
0
0
0
0
0
0
0
0
0.002695
0
0
0
0
0.005128
0
0
0
0.002695
0
0.006873
0.002967
0
0.002849
0
0
0.002717
0
0
0
0
0
0
0.003484
0
0
0
0
0
0
0
0
0
0
0
0.002632
0
0
0
0
0.002433
0
0
0.002304
0
0
0
0
0
0.009434
0
0
0
0.001949
0
0
0
0
0
0
0
0
0
0
0
0.001672
0
0
0
0
0
0
0
0
0.001597
0
0.002381
0
0.001656
0.001653
0
0
0
0.001689
0
0.008032
0.004386
0.001689
0
0
0
0
0
0
0.003145
0.001577
0.003155
0.00311
0.003106
0
0
0
0
0
0.001517
0
0.001527
0.001517
0
0.001524
0
0
0.001546
0.001548
0
0.004732
0
0.003236
0
0
0
0
0.001621
0
0
0
0
0
0
0.001718
0
0
0.005367
0
0.001842
0
0.001905
0
0
0
0.006557
0
0.002217
0.002169
0
0
0
0.002062
0.002058
0
0
0
0
0
0.001799
0.001767
0.003454
0
0
0
0.001715
0
0.001739
0
0.001773
0
0
0
0
0
0
0
0
0
0
0
0
0.003317
0
0
0
0
0
0
0
0
0
0
0
0
0.001672
0
0
0
0.001667
0
0.001678
0
0
0
0.001653
0
0
0
0
0
0.003145
0.001595
0
0
0
0
0.001639
0
0
0
0.001603
0.001587
0
0
0
0
0
0
0.0032
0
0.001546
0
0
0
0
0
0
0
0
0.001585
0.003378
0
0.001667
0
0
0
0
0
0
0.001534
0
0.001468
0.001458
0
0
0.001495
0
0.00149
0
0
0
0
0
0.001543
0
0
0.003221
0
0
0.001642
0.001642
0.001672
0
0
0
0
0
0
0.001927
0
0
0.004049
0
0.002105
0
0.002208
0
0.002347
0
0.002941
0.00271
0
0
0.005362
0
0
0.003774
0
0
0
0.003058
0.003205
0
0
0
0
0
0
0.003378
0.003484
0
0
0.004167
0.015625
0
0
0
0
0
0
0
0
0
0
0
0
0
0
0
0
0
0
0
0
0
0
0
0
0
0
0
0.008333
0
0
0
0
0
0
0
0
0.007634
0
0
0
0
0
0
0
0
0
0
0
0
0
0
0
0
0.014286
0
0
0
0.005988
0
0
0
0
0
0
0
0
0
0
0.008621
0
0
0
0
0
0
0
0
0.006494
0
0
0
0
0
0
0
0
0
0
0
0
0
0
0
0
0
0.008097
0
0.007246
0
0
0
0
0
0.002037
0
0
0
0.001949
0.001916
0
0
0
0.001908
0.001908
0
0
0.001795
0
0.001709
0
0
0.001595
0
0
0
0
0
0
0
0
0
0
0
0
0.001366
0
0
0
0
0
0.001311
0
0
0.001366
0
0
0.005952
0
0
0.004005
0.001346
0
0
0.001898
0
0.001325
0.001297
0
0.001269
0.001292
0.001325
0.001898
0
0
0
0
0.001241
0
0
0.002491
0.001443
0.001236
0
0
0.001266
0
0
0
0
0.001307
0
0
0.001368
0
0
0.032949
0
0
0
0
0
0
0
0.002894
0
0
0
0.001555
0.002886
0
0
0
0
0.005642
0
0
0.004057
0
0
0
0
0
0.003861
0
0
0.001456
0
0
0
0
0.001443
0
0.001427
0
0
0
0.001449
0.002903
0.00292
0
0
0
0
0.002967
0
0
0.005367
0
0
0.0016
0
0.00157
0
0.001563
0
0
0.003125
0
0
0.001585
0.00161
0
0
0.003257
0
0
0
0.002591
0
0.00202
0
0
0
0.001626
0
0
0
0
0
0
0
0
0
0.001462
0
0
0.00578
0.001475
0
0.001449
0
0
0.001486
0
0
0
0
0
0
0
0
0
0
0.001538
0
0.001618
0
0
0
0
0
0
0.014354
0
0
0.004878
0
0
0
0
0
0
0
0
0
0
0
0.008
0
0
0
0
0
0
0
0
0
0
0
0
0
0
0
0
0
0
0
0.001767
0.007233
0
0
0
0
0
0.001603
0
0
0.001585
0.00318
0.003231
0
0.001653
0
0
0
0
0
0
0
0
0
0
0
0.001818
0
0
0
0.001946
0
0
0
0
0
0.00198
0
0
0
0.002033
0.002028
0.004115
0
0
0
0
0.002155
0
0.00237
0.002101
0
0
0
0
0
0
0
0
0.002179
0
0.002242
0.002315
0
0.002558
0
0
0
0
0
0
0
0
0
0
0
0
0
0
0
0
0
0
0
0
0
0
0
0.006757
0
0
0
0
0
0
0
0
0
0
0
0
0
0
0
0
0
0
0
0
0
0
0
0.002183
0
0
0
0
0
0
0
0
0.002123
0.002169
0
0
0.002208
0.00432
0
0.002179
0
0
0.002342
0
0.002421
0
0
0
0
0
0
0
0
0
0
0
0
0
0.002132
0
0
0
0
0
0
0.002024
0
0.001984
0
0.00198
0
0
0
0
0
0
0
0
0
0
0
0
0.001613
0
0.00159
0
0
0
0
0
0.001548
0.001553
0.00155
0
0
0.001493
0
0
0
0
0
0
0
0
0.002941
0
0
0
0
0.006126
0
0.001623
0.003361
0
0
0
0.00149
0
0
0.001529
0.00152
0.001486
0
0
0.001493
0.001541
0.001513
0
0
0.001471
0
0.003067
0.001508
0
0
0
0
0
0.001912
0
0.002188
0
0
0
0
0
0
0.001445
0
0.001404
0
0
0
0
0
0
0
0
0
0
0
0.001379
0
0
0.001898
0.001441
0
0
0.001412
0.00142
0.001401
0
0.001435
0
0.001464
0
0
0
0.001587
0.002169
0
0.00159
0
0
0
0.007394
0
0
0.001616
0
0
0
0.001645
0
0.001647
0
0.00339
0
0
0.001715
0.001718
0
0
0
0
0
0.002564
0
0
0.003711
0
0
0.003876
0.007648
0
0
0
0
0.001946
0.002008
0
0.005747
0
0
0
0
0
0.004082
0
0
0
0
0.004149
0
0
0.002088
0
0
0
0
0
0.002083
0
0.002151
0.002137
0
0
0
0
0
0
0
0
0
0
0
0
0
0
0
0
0
0
0
0
0.002967
0
0
0
0.005236
0
0
0
0
0
0
0.004608
0
0
0
0
0
0
0
0
0
0
0.005025
0.005376
0
0
0
0
0
0
0
0
0
0
0
0
0
0
0
0
0
0
0.003731
0
0
0
0
0
0
0.02069
0
0
0
0
0
0.005917
0
0
0
0
0
0
0
0
0
0
0
0
0
0
0.011719
0
0
0
0.002833
0
0
0
0
0
0.002976
0
0
0
0
0.006472
0
0
0.003155
0
0
0
0.001942
0
0
0
0
0
0
0
0.001692
0
0
0.001629
0.00161
0.00159
0
0
0
0
0
0.001647
0.005348
0
0
0
0
0
0
0
0.001742
0.001695
0.001757
0
0
0
0
0
0
0
0
0.001678
0.001642
0.001656
0
0.001629
0
0
0
0
0.001572
0
0.001592
0.003195
0.00159
0.004878
0
0.001613
0.001621
0
0
0
0.001684
0
0
0
0
0
0.001712
0.003448
0
0
0
0
0
0
0
0
0.002079
0
0
0.002237
0
0
0
0.005865
0
0
0
0
0
0.003257
0
0
0
0.004032
0
0.083333
0
0
0.166667
0
0
0
0
0
0
0
0
0
0
0
0
0
0
0
0
0
0
0
0.002326
0
0.00216
0
0.004065
0
0
0
0
0
0
0
0
0
0
0
0
0.00198
0
0
0.003578
0.003472
0
0
0
0
0
0.001689
0
0.001672
0
0.003328
0
0
0
0
0
0
0
0.001534
0
0
0
0
0
0
0
0
0
0
0
0.002869
0.001522
0
0
0
0.001332
0.001372
0.001393
0.00303
0.001323
0
0
0
0
0
0.001241
0
0
0
0
0
0
0
0
0
0
0
0
0
0
0
0.002463
0
0
0
0
0
0
0
0
0
0.001188
0
0
0
0
0
0
0
0
0
0
0
0
0.001171
0.003436
0
0
0
0
0
0.002183
0
0.001131
0.001176
0.00129
0.001212
0.001166
0
0.001121
0.001103
0
0
0
0.001062
0
0
0
0
0.001049
0.001071
0
0
0
0
0
0.002331
0.001124
0.001083
0
0
0.002068
0.001027
0
0
0
0.001036
0.001043
0.001028
0
0.001029
0.00102
0
0.001005
0.003015
0.001003
0.000998
0.00099
0
0
0
0
0
0.003902
0
0
0.000979
0
0
0
0.000973
0
0.000979
0
0.001992
0
0
0
0
0.001006
0
0
0.001013
0.001027
0.001049
0
0
0
0
0
0.003797
0
0
0.001089
0.001091
0
0
0
0.002217
0.00125
0
0.002384
0
0
0
0
0.002353
0.00355
0.001205
0.001261
0
0.005457
0
0.002571
0
0
0
0
0.001263
0
0
0
0
0.001905
0
0.001377
0.002699
0
0.004005
0.001337
0.001359
0
0.001344
0
0
0
0
0.001391
0
0.001414
0.001443
0
0
0
0
0.003317
0
0.001536
0.001558
0
0
0.001603
0
0.001645
0
0.003378
0
0
0
0
0.001883
0
0
0
0
0.003968
0
0
0
0
0
0.007067
0
0.002646
0.002618
0
0
0
0
0.002857
0
0
0
0
0
0
0
0.004673
0
0
0
0
0
0
0
0.004348
0
0
0
0
0
0.029126
0
0
0
0
0
0
0
0
0
0
0
0
0
0
0
0
0
0
0
0
0
0
0
0
0
0
0
0
0
0
0
0
0
0
0
0
0
0
0
0
0
0
0
0
0
0
0
0
0
0
0.125
0
0
0
0
0
0
0
0
0
0
0
0
0
0
0
0
0.004854
0
0
0
0
0.004673
0
0
0
0
0
0
0.00365
0
0.003521
0
0
0.003497
0
0
0
0
0
0
0
0
0
0
0
0
0
0
0
0
0
0.00289
0
0
0
0.002825
0
0
0
0.005988
0.005682
0
0
0.00542
0
0.002899
0
0
0
0
0
0
0
0
0.004598
0.002309
0
0
0
0.002278
0
0
0
0
0
0
0.004
0
0
0.002016
0
0
0.004515
0.002053
0
0.001953
0
0
0
0
0.00188
0
0.001818
0
0.003527
0.001789
0
0
0.001779
0
0
0
0
0
0
0
0
0
0
0
0
0.005525
0
0.005495
0
0.011834
0.005988
0
0.018072
0
0
0.00641
0.006452
0.010256
0
0
0
0
0.001815
0
0
0
0
0.003396
0
0
0
0
0.001645
0
0
0
0
0
0
0
0
0
0
0
0
0
0
0.001447
0
0.001418
0
0
0.001466
0
0
0
0
0
0
0
0
0
0
0
0
0
0
0
0
0.001403
0
0.001377
0.002751
0
0
0.001323
0.001348
0
0
0
0.001299
0
0
0
0
0
0
0.001267
0
0
0
0
0.001297
0.001876
0
0.001233
0
0
0.001241
0
0.001255
0
0.001261
0
0
0.005587
0.001524
0
0
0
0
0
0.001192
0.001199
0.001195
0
0
0
0
0
0
0
0
0
0.0012
0.001212
0.001218
0
0
0
0
0
0
0.002554
0
0.001335
0
0.001681
0.003937
0
0
0
0.001976
0
0
0.001389
0
0
0
0
0.001297
0
0
0.001272
0.001282
0.001272
0.00129
0
0
0
0.0013
0.003942
0.001337
0
0.00133
0
0
0.00133
0
0.001326
0
0.00134
0
0
0
0.001381
0
0.002751
0.001399
0
0
0.001456
0.001462
0
0
0
0.001555
0.001534
0
0.001658
0.001575
0.001553
0
0
0
0
0.001597
0.001618
0
0
0
0
0
0
0
0
0
0
0
0.002008
0.002041
0.006061
0
0.005362
0
0
0
0
0.002315
0.002364
0
0.002375
0
0
0
0
0
0
0.002778
0
0
0
0
0
0.004098
0
0
0
0
0
0
0
0
0.003774
0.003195
0.003106
0
0
0
0
0
0.00295
0
0
0
0
0
0
0.00495
0
0
0
0
0
0
0.00346
0
0
0
0
0.003021
0
0
0
0
0
0
0
0
0
0
0
0
0
0
0
0.002933
0
0.002882
0
0
0.005682
0
0
0.004167
0
0
0
0
0
0
0
0
0
0
0
0
0
0
0
0
0
0
0
0
0
0
0.001802
0
0
0.001773
0
0.001709
0.003396
0
0
0
0.007335
0
0
0.001656
0
0
0
0
0.001592
0
0
0.00159
0
0.003175
0
0
0
0
0
0
0
0
0
0.001783
0.00202
0.002326
0
0
0
0.001639
0
0
0.001575
0
0.001567
0
0
0.00159
0
0
0.001587
0
0
0.003185
0
0
0
0
0
0
0
0
0
0.001639
0
0
0
0
0
0
0
0.001661
0
0
0
0
0
0
0
0.001842
0
0.001715
0
0.001712
0
0.002404
0
0
0
0.001565
0
0.001592
0.001575
0
0
0.001484
0
0
0.004348
0.001439
0
0.001401
0.001401
0
0.001456
0.004471
0
0.001391
0
0.001339
0.002703
0
0
0.001333
0.001335
0.001361
0.00134
0
0
0
0
0.005455
0
0
0
0
0.001232
0
0
0
0.001227
0
0
0
0
0
0
0
0
0
0
0.001131
0.001148
0
0
0
0
0
0
0
0.001126
0
0.00224
0
0
0.00225
0.001122
0.003359
0.001114
0.002208
0.001109
0
0.001103
0
0
0.00112
0
0.002245
0.001129
0.001136
0
0
0
0.00117
0
0.001181
0.002367
0
0.001202
0.001235
0
0.001241
0.001276
0.001299
0
0
0
0
0
0.001391
0
0.001381
0
0.001431
0.001449
0
0
0
0
0.002198
0
0
0.001555
0.001608
0
0
0
0.001631
0
0.001669
0.001706
0
0
0
0
0
0
0.004141
0.001969
0
0
0
0
0.002717
0
0
0
0
0
0
0.003717
0.001908
0.001919
0
0.00396
0
0
0
0
0
0
0
0
0.004706
0
0
0
0.002915
0
0
0.002817
0
0
0
0
0
0.009259
0
0
0
0
0
0
0
0
0
0
0
0
0
0
0
0
0
0
0
0.005051
0
0
0
0
0
0.004444
0
0
0
0
0
0
0
0
0
0
0
0
0.007752
0
0
0
0
0
0
0
0
0
0
0
0
0
0
0
0
0
0
0
0
0
0
0
0
0
0
0
0
0
0
0
0
0
0.004115
0
0.003861
0
0
0
0.003509
0
0
0
0
0
0
0
0.009302
0
0
0
0
0
0
0
0.002513
0
0
0
0
0
0
0
0
0
0
0
0
0
0
0
0.001894
0
0
0
0
0
0
0
0.001919
0.002053
0
0
0
0.001866
0
0
0
0
0.002364
0
0
0.006803
0
0
0
0
0
0
0
0
0.004515
0
0
0
0.002146
0.002141
0.002141
0.002028
0
0
0
0
0
0
0
0
0
0
0
0
0
0
0
0
0
0
0
0
0
0
0.00149
0.001477
0
0
0.001531
0.001546
0.001639
0.00149
0
0
0
0
0.001605
0
0.001441
0
0
0
0.002188
0
0.001466
0.001456
0
0.00146
0
0
0
0
0
0.001412
0
0
0.001412
0
0
0
0
0
0.00141
0.001416
0.001429
0
0
0
0
0
0
0.001404
0
0
0
0
0
0
0
0.001435
0.004335
0
0
0
0
0
0
0
0
0
0.002899
0
0
0
0.001541
0
0.004357
0
0
0
0.001623
0
0
0.005597
0
0.00165
0
0
0
0
0
0
0
0
0.006
0
0
0
0
0
0
0
0
0.002747
0
0
0
0
0
0.001934
0.005747
0
0
0
0
0
0
0
0
0
0
0
0
0
0
0
0
0
0
0
0
0
0
0
0
0
0.00216
0
0
0.004556
0
0
0.002506
0
0
0.01
0
0
0
0
0.004566
0.004695
0
0
0.004545
0
0.005405
0
0
0
0
0
0
0
0
0
0
0
0
0
0
0
0
0
0
0
0
0
0.013158
0
0
0
0
0
0
0
0
0
0
0
0
0
0
0
0
0
0
0
0
0.003215
0
0
0
0
0
0
0
0
0
0
0
0.006289
0
0
0
0
0
0
0
0
0
0
0
0
0
0
0.002532
0
0
0
0
0
0
0
0
0
0
0
0
0
0.001912
0
0
0
0.002119
0
0
0
0
0
0.001727
0
0
0
0
0
0
0
0
0
0
0
0.001558
0.001546
0
0.002016
0.003236
0
0
0
0.001531
0
0
0
0.001534
0
0
0
0.003053
0
0.001497
0
0.001541
0
0
0.001517
0.001484
0
0
0
0.001466
0
0.002976
0
0.001479
0.001495
0
0.001486
0
0
0
0
0
0
0.00303
0
0
0
0
0
0.003195
0
0
0.001493
0
0.001511
0.002083
0.001473
0
0
0
0
0
0
0
0.002972
0
0.001449
0.004298
0
0
0.002903
0
0.001425
0
0.001412
0.001408
0
0.005674
0
0.001418
0
0
0
0
0.00141
0.001379
0
0
0.002774
0
0
0
0
0
0
0
0
0.00141
0
0.00436
0
0
0.002903
0
0
0
0
0
0.001522
0.001515
0.001536
0
0
0
0.001637
0.007264
0
0
0
0
0
0
0
0
0.004545
0
0
0
0
0
0
0.003241
0.001587
0
0
0
0.00335
0.001669
0
0
0
0
0
0
0.002451
0
0
0
0.004938
0.005396
0
0.001742
0
0.00354
0.001706
0
0.006633
0
0
0.003425
0
0.00354
0
0
0
0
0.001776
0.006957
0
0
0.001776
0
0
0
0
0
0
0.001799
0
0
0.001832
0
0
0
0
0
0.002024
0
0.002016
0
0
0
0
0
0
0
0
0
0
0
0
0
0
0
0
0.012658
0
0
0
0
0
0.00641
0
0
0
0
0
0
0
0
0
0
0
0
0
0
0.001949
0.00189
0
0.001905
0
0
0
0
0
0.001912
0.001912
0
0.002008
0
0.002288
0.002481
0
0
0.005051
0
0
0
0
0
0.002208
0
0
0
0
0
0.005141
0
0
0
0.00232
0
0
0
0
0.007143
0
0
0
0
0
0
0
0
0
0
0
0
0
0
0.011364
0
0
0
0
0
0
0
0
0
0
0
0.002571
0.002494
0
0
0
0
0
0
0
0
0.002488
0
0
0
0
0
0
0
0
0
0
0
0.006173
0
0
0
0
0
0
0
0
0.003521
0
0
0
0
0
0
0
0
0
0
0
0
0
0.005263
0.005525
0
0
0
0
0.008547
0
0
0
0
0
0
0
0
0
0
0
0
0
0
0
0
0
0.04902
0
0
0
0
0
0
0
0
0
0
0
0.024691
0
0
0
0
0
0
0
0
0
0
0
0
0
0
0
0
0
0
0
0.004
0
0
0
0.003571
0
0
0
0
0
0
0
0
0
0.006024
0
0
0
0
0.004854
0.004608
0
0
0
0
0
0
0
0
0.003597
0
0
0
0
0
0
0.001953
0
0
0
0
0.001862
0
0
0
0
0
0
0
0
0
0
0
0
0
0
0.002967
0
0
0
0.00188
0.001852
0.001825
0.001855
0.001848
0.001934
0
0.002242
0
0
0
0
0
0.003509
0.001764
0
0.001733
0
0.001724
0.001761
0
0
0
0
0
0
0.001647
0
0.001605
0
0
0
0
0
0
0
0
0.00152
0.001515
0.001553
0.001718
0
0
0.001541
0.001541
0
0
0
0.00149
0
0
0
0
0
0
0
0
0
0
0.001412
0
0.00274
0.001372
0
0
0
0
0.00137
0
0
0.001376
0
0
0.001372
0
0
0.001383
0
0.001383
0
0
0.001374
0.001406
0
0
0
0
0.002789
0
0.001383
0
0
0
0.001393
0
0
0
0
0
0.00135
0
0
0
0
0
0
0
0
0
0
0
0
0.001403
0
0
0
0
0
0
0
0
0.004376
0
0
0
0.001387
0.001362
0
0
0.001366
0
0
0.00135
0.001337
0
0
0
0.001344
0.008163
0
0.001263
0.006274
0.002488
0
0.001209
0
0.001218
0
0
0
0
0.001227
0.002442
0.003636
0.001212
0
0
0.001218
0.001182
0
0.001179
0.001175
0.002347
0.001148
0
0
0.002278
0
0
0
0
0.001103
0
0.001094
0
0
0
0.001122
0.001135
0.001135
0
0
0
0
0
0.001136
0
0
0
0
0
0.001182
0
0
0.001192
0.002401
0.001199
0.001208
0.001215
0.001238
0.003704
0.00123
0
0
0.001282
0.002538
0
0.001244
0
0
0.001351
0
0
0.001266
0.002551
0.001295
0
0
0
0.002976
0
0
0
0
0.001493
0.001504
0
0
0
0
0.003226
0.01049
0
0.001538
0
0.001522
0
0.001524
0.003082
0.001548
0.001515
0
0
0
0.001504
0.001504
0
0.003049
0
0
0.001517
0
0.00303
0
0
0.001484
0
0
0
0
0
0.001449
0
0.001427
0
0
0
0.002033
0
0
0
0
0.001342
0.001333
0.001333
0
0.001346
0
0.001364
0
0.001344
0.001337
0
0
0.001342
0.002685
0.001337
0.001359
0
0
0
0.004098
0
0.00135
0
0.001393
0
0
0.001342
0
0
0
0
0
0.001357
0
0.001337
0
0.001374
0
0.002642
0.002621
0.00134
0
0
0.001316
0.007042
0
0
0
0.001348
0.001422
0.001767
0
0
0
0
0
0
0
0
0
0
0
0.002833
0
0.00149
0.001504
0
0
0.00156
0
0
0.00335
0.001698
0.001745
0.001799
0
0
0
0
0.011905
0
0
0
0
0
0.038462
0
0
0.076923
0
0
0
0
0
0
0
0
0
0
0
0
0
0
0.008696
0
0
0
0
0
0
0
0
0.002392
0
0
0
0
0.002123
0
0.002012
0
0.001957
0.001949
0
0
0.001969
0
0
0
0
0
0
0.005731
0.002128
0
0
0
0
0
0
0
0
0
0
0
0
0
0
0
0
0.002045
0
0
0
0
0
0
0
0
0
0
0
0
0
0
0
0
0
0.00369
0.002132
0
0
0
0
0.001969
0.00198
0
0.001976
0.002053
0.007519
0
0.001838
0
0.003597
0.001745
0
0
0
0
0
0.001675
0
0.001656
0
0.001672
0
0
0
0
0.001739
0
0
0
0
0
0.027714
0
0
0.00716
0
0.001961
0
0.001887
0.001905
0.008219
0.001835
0
0
0
0.001645
0
0
0
0
0
0
0
0.001802
0
0.003656
0
0
0
0
0
0
0
0
0
0
0.00156
0
0
0
0.001597
0
0
0
0
0
0
0
0
0.002123
0
0
0
0
0
0
0.002179
0
0.008772
0
0
0
0
0
0.00995
0
0
0.005291
0
0
0
0
0
0
0
0
0
0
0
0
0
0
0
0
0
0
0
0
0.001479
0.00152
0
0.002421
0
0
0
0
0
0.002283
0
0
0
0
0
0.001451
0.001441
0.001456
0.001456
0
0
0
0.001475
0
0.00188
0
0.001401
0
0
0
0
0
0
0.001295
0
0
0
0
0
0
0.002587
0.002591
0.001284
0.001271
0.001279
0
0.001269
0
0
0.003871
0.002587
0.001299
0.001285
0.001309
0
0
0.001285
0.002541
0
0
0.001302
0
0
0.001333
0
0
0.001383
0
0.00137
0.001381
0
0.001406
0.001437
0
0
0
0.001445
0.001473
0
0
0
0
0
0
0
0
0
0.001439
0
0
0
0
0
0.002212
0
0
0
0
0
0.003175
0
0
0
0
0
0
0
0
0.001764
0
0
0
0
0
0
0
0
0.015707
0
0.002083
0.002174
0
0
0
0
0
0
0
0
0
0.001567
0
0.00312
0
0.00152
0
0
0
0.001575
0.001572
0
0
0.001546
0
0.001538
0
0
0
0
0
0
0
0
0.001513
0
0.001522
0
0
0
0
0
0
0
0
0.00161
0.001597
0.001639
0.001684
0
0.001912
0.001898
0.001862
0
0
0
0.001751
0
0.003597
0.001742
0.005282
0.001795
0
0.001873
0.00189
0
0
0
0
0
0
0
0
0.003509
0
0
0.003509
0
0
0
0.003552
0
0
0
0
0
0.001821
0
0
0
0
0.001845
0.001855
0
0.001908
0.001887
0
0
0
0
0
0
0
0
0.002041
0
0
0
0
0.002137
0
0
0
0
0
0
0
0
0
0.005291
0
0
0.006873
0
0
0.010695
0.005102
0.004926
0
0
0
0.567797
0
0.057143
0
0
0.003676
0
0
0.003401
0
0
0
0.002994
0
0
0.00277
0
0
0
0.008152
0
0
0
0
0
0
0
0
0
0
0
0
0.002381
0
0
0
0
0
0
0.002309
0
0
0.002342
0
0
0.002193
0
0.002114
0
0
0
0.002128
0.002141
0
0
0
0.002092
0.002062
0.004193
0.002083
0
0
0.002037
0
0
0.001969
0.001969
0
0
0
0.006438
0
0
0
0
0
0.004484
0
0
0
0
0
0
0
0
0
0
0
0
0
0.001965
0
0
0
0
0
0
0
0
0
0
0
0
0.007143
0.021277
0
0
0
0
0
0
0
0
0
0
0
0
0
0
0.002463
0
0
0.002545
0.003289
0.001949
0
0
0.001818
0
0
0
0
0
0
0
0
0
0
0
0
0
0
0
0.001842
0
0
0
0
0
0
0
0
0.001764
0
0
0
0
0
0
0
0
0
0
0
0.002273
0.002273
0.002155
0
0
0.002353
0
0
0
0
0
0.001389
0
0.001355
0
0
0
0
0
0
0
0
0
0
0.00122
0
0.001176
0.001178
0.001183
0
0
0.001195
0
0
0.001185
0
0
0
0.002336
0.001175
0
0
0
0.001176
0.001167
0.003521
0.002323
0.002336
0.00117
0.001178
0
0
0
0.001179
0.001192
0
0
0
0
0
0
0.001181
0.002347
0.0047
0
0
0.002367
0.001199
0
0
0
0
0.001259
0
0
0.001258
0
0.001359
0.001266
0
0
0.002587
0.001314
0
0
0
0
0
0.001969
0.002242
0
0
0
0
0
0
0
0
0.002242
0
0
0
0
0
0
0.001348
0
0
0
0.006221
0
0
0.001416
0
0
0
0
0
0.001546
0
0
0
0
0.00274
0
0
0.001389
0
0.001401
0
0
0
0.001376
0
0.002849
0
0
0.001404
0.001418
0
0
0
0.001437
0.002981
0.002999
0
0.001495
0.001502
0
0.001546
0
0.001522
0.001527
0
0.001546
0
0
0.00158
0.003241
0
0.001672
0
0
0
0
0
0
0
0
0
0.002058
0
0
0.002212
0.002283
0
0.002415
0.011561
0
0
0
0
0
0
0
0
0.136364
0
0.125
0
0
0
0
0
0
0
0
0
0
0
0
0
0
0.092105
0
0
0
0
0
0
0
0
0
0
0
0.002217
0.002146
0
0.002058
0
0
0.001942
0.003883
0
0.001832
0.001786
0.001773
0
0.001808
0.003643
0
0
0
0
0
0.001852
0.001855
0
0
0
0
0.002506
0
0
0
0
0
0
0
0
0
0
0.001789
0
0
0
0
0.003484
0
0.001706
0
0
0
0.00165
0
0.001672
0.001692
0.001689
0.001681
0.001645
0
0
0.001658
0
0
0
0
0
0
0
0
0
0
0
0
0.002646
0
0
0
0
0.002016
0
0
0
0.001678
0
0.001664
0.001621
0
0.001613
0
0
0
0
0
0
0.00158
0
0
0
0
0
0
0
0
0
0.003115
0
0
0
0.001558
0.001558
0
0
0
0
0
0.001558
0.001513
0.003049
0
0
0
0.001513
0.001513
0.00624
0
0.001529
0
0.001538
0.001504
0
0
0
0
0.00319
0.006547
0
0
0
0
0
0
0
0.001466
0.001466
0
0
0
0
0
0
0.004412
0
0.002954
0.001451
0
0.001479
0
0
0
0
0.00149
0
0
0.001473
0
0
0.003008
0
0.001546
0
0
0
0.001534
0.001543
0.003082
0
0.005435
0.001739
0.001748
0
0
0
0
0
0
0
0.001502
0.001506
0
0
0
0
0
0.001453
0
0
0.001471
0.001502
0
0
0
0
0
0
0
0
0
0
0
0
0
0
0
0
0.007042
0
0
0
0
0.001802
0
0
0
0
0.001567
0
0
0
0.002242
0
0
0
0.001658
0.001534
0
0
0
0.001477
0
0
0.001466
0
0
0.002878
0.001435
0.001422
0.001445
0
0
0.001435
0
0
0
0.00905
0
0.002853
0.005634
0
0.002793
0
0
0.001431
0
0
0
0
0
0.004208
0
0
0.00142
0.001414
0
0
0
0
0
0
0
0
0
0.001333
0
0
0
0.002732
0
0.002714
0
0
0.001348
0
0
0.001395
0.002786
0
0
0.001387
0.002766
0.002729
0.001342
0
0
0.001339
0.00134
0.001362
0.001355
0
0
0.002695
0
0
0
0
0.001314
0
0
0.001337
0
0
0
0.002632
0
0.001344
0
0
0
0.001328
0
0
0
0
0
0
0
0
0.001319
0.001311
0
0.003963
0
0
0
0
0
0.002635
0
0
0.001309
0
0
0.001335
0.001335
0
0.002628
0
0.003932
0.002621
0
0
0
0.001333
0.00133
0
0
0
0
0.004071
0
0
0.001377
0
0.002809
0
0
0
0
0
0
0
0
0.001389
0
0.002829
0.00142
0.001441
0
0
0.001488
0.002999
0.003003
0
0
0
0.003021
0
0.001504
0
0
0
0
0
0
0
0.001577
0.001595
0
0.001597
0
0.003252
0
0
0
0
0
0
0
0
0
0.003241
0
0
0
0.001653
0.001661
0.003356
0.001701
0.00173
0.001742
0.003436
0.001757
0
0
0
0
0.001761
0
0
0.00354
0
0
0
0
0.00369
0.001802
0.003717
0
0
0.001883
0
0.001923
0
0
0
0.003839
0.001927
0
0
0
0.001931
0
0.001876
0
0
0
0.001852
0.003656
0
0
0
0
0
0.003378
0.001653
0.001634
0
0.001613
0.001613
0
0.00321
0.002364
0
0
0
0
0
0
0
0
0.001339
0
0.001285
0
0
0
0.002571
0
0.002481
0.001182
0.004657
0.001145
0
0.00111
0
0.001073
0
0
0.00106
0
0
0
0
0
0
0.00106
0
0
0
0.001057
0.002139
0.00452
0
0
0
0
0
0
0.00101
0.002012
0.002012
0
0
0
0.001019
0
0.001032
0
0
0
0.001009
0
0.001025
0
0.001244
0
0.002649
0.001326
0.001276
0
0
0
0
0
0
0.00106
0.00308
0.001021
0
0
0
0.000998
0
0
0
0
0
0
0.001974
0
0.000968
0.00194
0.000954
0
0
0
0
0.000972
0
0.00197
0
0.003046
0
0.001035
0
0
0.002096
0
0
0.001052
0
0
0
0
0.001121
0
0
0.0012
0
0
0
0
0
0
0
0
0
0
0.001427
0
0
0
0
0
0
0
0.001522
0.001427
0
0.001381
0.001366
0
0
0
0
0.001605
0.00146
0
0
0
0
0
0.00141
0
0
0.001451
0.001447
0
0.001493
0
0.001587
0.00156
0
0.008621
0.00165
0.001585
0
0
0
0.001527
0
0
0
0
0
0.001639
0
0
0
0
0
0
0
0.001923
0
0
0
0
0.008065
0
0
0
0
0
0
0
0
0
0
0
0
0
0
0
0
0
0
0
0
0
0
0.006211
0
0
0
0
0
0
0
0
0
0
0
0
0
0
0
0
0
0
0.002083
0
0
0
0
0.006803
0
0
0
0
0
0
0
0
0
0
0
0.001815
0
0
0
0
0
0
0.001802
0
0.001783
0
0
0
0
0.00188
0
0
0
0.006993
0
0
0.002137
0
0.004474
0
0
0
0
0
0.001832
0.001789
0
0
0
0
0
0
0
0
0
0
0
0.004843
0
0
0
0.002188
0.003766
0.001779
0
0
0
0
0
0
0.00158
0
0
0.001563
0
0
0
0
0
0.001477
0
0
0
0
0
0
0
0
0
0
0
0
0
0.003026
0
0.001513
0
0.00152
0.001536
0.001567
0
0
0
0
0
0
0
0
0
0
0
0.003322
0
0
0
0
0
0
0
0
0
0
0.001739
0
0
0.001779
0.00177
0.001786
0
0
0
0
0
0
0.001835
0
0.003846
0
0.028351
0
0.002611
0.005666
0
0.002404
0
0
0
0
0
0
0
0
0.002427
0
0
0.002564
0
0.002646
0
0
0.002833
0
0
0
0
0
0
0
0
0
0.230769
0
0
0
0
0
