0
0
0
0
0
0
0
0
0
0
0
0
0
0
0
0.020833
0
0.04
0
0
0
0
0
0
0
0
0
0
0
0
0
0
0
0
0
0
0
0
0
0
0
0
0
0
0
0
0.009901
0
0
0
0
0.014493
0
0
0
0
0
0
0
0
0
0
0
0
0
0
0
0
0
0
0
0
0
0
0
0
0
0
0
0
0
0
0
0.004386
0
0
0
0.004167
0
0.004149
0.008264
0
0
0
0.007519
0
0
0.003546
0
0
0.003584
0
0
0
0
0
0.003185
0
0
0.00304
0
0
0
0
0
0.002899
0
0.002778
0
0
0
0
0
0.002703
0
0
0
0.005362
0
0.00266
0.002695
0
0
0.002674
0
0
0
0.002688
0
0.002667
0
0
0
0
0
0.002667
0.002688
0
0
0
0
0
0.00551
0
0
0
0.002681
0
0.002747
0
0.002762
0
0
0
0.002762
0
0.002817
0
0
0
0
0
0
0
0
0.006042
0.003077
0
0.006309
0
0.003215
0
0
0
0
0.003205
0.00641
0
0
0.003195
0
0
0
0
0
0
0
0
0
0
0
0.003401
0.003472
0
0
0
0
0
0.017668
0.014184
0.003546
0.003597
0
0
0
0.003663
0
0
0
0.007299
0.00365
0
0
0.003759
0.003846
0
0
0
0
0
0
0
0
0
0.007752
0.003759
0.007273
0.003623
0
0
0.007042
0
0
0
0
0
0
0.0033
0.003247
0
0
0
0
0.003367
0
0
0
0
0
0
0
0.003356
0
0
0.003322
0
0
0
0
0
0.003195
0
0
0
0
0
0.012903
0.00303
0
0
0
0
0
0.003058
0
0.003096
0
0
0
0.003077
0
0
0
0
0
0.006006
0
0
0.002841
0
0.002849
0.002786
0
0.002703
0.005405
0.002762
0
0
0
0
0.002653
0
0.002639
0
0
0.002591
0
0
0.002519
0.005076
0
0.002564
0
0
0.002513
0
0
0.007463
0.009901
0
0
0
0
0
0
0
0.002381
0.004762
0
0
0
0
0
0
0
0
0
0
0
0
0
0
0
0
0.002475
0
0
0
0
0.002475
0.002439
0.004831
0.004914
0.002457
0
0
0
0
0
0.005025
0.002494
0
0
0
0
0
0
0
0
0
0
0.005236
0
0
0
0
0.002994
0
0
0
0
0
0.002994
0
0
0
0
0
0
0
0.003096
0
0
0
0
0
0
0
0.002825
0
0
0
0
0
0.005882
0
0.003077
0.003096
0
0.00495
0
0.002793
0
0
0.00277
0
0
0
0.002762
0
0
0
0
0
0.002571
0
0.005
0
0
0
0
0.002304
0
0.004525
0.002257
0
0
0
0
0.002208
0.004396
0.002151
0
0
0
0
0.002088
0
0
0
0
0
0
0.002165
0
0
0.002123
0
0
0
0
0
0.00216
0.002151
0
0.002151
0
0
0
0.004405
0
0
0
0
0
0
0.00232
0
0
0
0
0
0
0.002639
0.005291
0.002762
0
0.002874
0.002933
0.014409
0.002933
0
0
0
0
0
0
0
0.004386
0
0.007168
0
0
0
0
0
0.004082
0
0
0
0
0
0
0
0
0
0
0
0
0
0
0
0
0
0
0
0
0
0
0
0
0
0
0
0
0
0
0
0
0
0
0
0.034483
0
0
0
0
0
0
0
0
0.015625
0.015385
0
0
0
0
0
0
0
0
0
0
0
0
0
0
0
0
0
0
0
0
0
0
0
0
0
0
0.009615
0
0
0
0
0
0
0
0
0
0
0
0
0
0
0
0
0
0
0
0
0.006849
0.007353
0
0
0
0.006211
0
0.00578
0.005525
0
0.005
0
0
0
0
0
0
0
0
0.008
0
0
0.003774
0
0
0
0.003344
0
0
0
0
0
0.002985
0.002994
0
0
0
0
0.002778
0
0
0
0
0
0
0
0.002571
0
0.002494
0.002545
0
0
0
0
0.00495
0
0
0
0
0
0
0
0
0
0
0
0
0
0
0
0
0
0
0
0
0
0
0
0.00237
0.002375
0.004739
0
0
0
0
0
0
0
0
0
0.002421
0
0
0
0.00489
0
0
0.009709
0
0.002404
0.004843
0.004854
0.004914
0.002494
0
0
0.00495
0.002519
0.002525
0
0
0.002439
0
0
0
0
0
0
0.002604
0.002551
0.007752
0.005115
0.002532
0
0
0
0
0
0
0
0
0.002415
0
0
0.002415
0
0
0.004878
0.009524
0
0
0
0
0
0.004988
0.002433
0.002421
0
0.002398
0
0
0
0
0
0
0
0
0
0
0
0
0
0
0
0
0.002513
0.002525
0.005115
0.002545
0
0
0
0.0025
0.007557
0
0
0.002433
0.002392
0.002392
0.002387
0.002445
0.002392
0
0
0
0.004673
0
0.00237
0.002353
0
0
0
0
0
0
0
0
0
0
0.006881
0.011186
0
0
0
0
0
0.002212
0.002247
0
0
0
0
0.002101
0
0
0
0.002188
0.002169
0.002137
0
0
0
0
0
0
0
0
0.004494
0.004474
0.002208
0
0.002193
0
0
0
0.004396
0.002179
0
0
0
0
0
0
0
0.003175
0
0.00232
0.002387
0
0.002463
0.002427
0
0
0
0
0.002415
0
0.002457
0
0
0.002513
0
0
0
0
0
0.002475
0
0
0
0
0
0
0
0
0
0
0
0.005
0
0
0
0
0.002506
0
0
0.002639
0
0
0
0
0.002762
0
0
0
0
0.002801
0.002809
0
0
0
0.00565
0.005525
0
0
0
0
0
0.002801
0.002762
0.002717
0
0
0
0
0.002786
0
0
0
0
0.002825
0
0
0.002717
0.002703
0.005391
0
0.002625
0
0
0.002525
0
0
0
0.002653
0.002688
0
0
0
0
0.002532
0
0
0
0
0
0
0
0
0
0
0
0
0
0
0
0
0
0
0
0
0
0.002427
0
0
0
0
0
0
0
0
0
0
0
0
0
0
0.002222
0
0
0.002232
0.002174
0.002222
0
0
0
0.002247
0.002232
0.004435
0.006637
0.013245
0.004386
0.002169
0
0.004376
0.002227
0
0.004376
0
0
0
0
0
0
0
0.002193
0.002208
0.004367
0
0
0
0.002237
0.002257
0.002183
0
0
0.002208
0
0
0
0
0.002212
0
0
0
0
0
0
0
0
0
0
0.015152
0
0
0
0.021739
0
0
0
0
0
0.002273
0
0
0
0
0
0.004057
0
0
0
0
0
0.002667
0
0
0
0
0
0
0
0
0
0
0
0
0
0
0
0
0
0
0
0.003643
0
0.00365
0.001835
0
0
0
0
0
0
0
0
0.001818
0
0
0
0
0.005515
0.001862
0
0.001855
0
0
0.003781
0.005671
0
0
0
0.001927
0.001934
0
0.001957
0.001957
0
0
0
0
0
0
0
0
0.002037
0
0
0
0
0
0.002012
0.002004
0.002012
0
0
0
0
0.002008
0
0.002037
0
0.002062
0
0
0
0.002012
0.002
0
0
0
0
0
0
0.006383
0
0
0
0
0.002062
0
0
0.002114
0
0
0
0
0
0.002387
0.002288
0.002283
0
0.002217
0
0
0
0
0
0
0
0
0
0
0
0
0
0
0
0
0
0
0
0
0
0
0
0.002551
0
0.005155
0
0
0
0
0
0
0
0.00241
0
0.002364
0
0.007059
0
0
0.002268
0
0
0
0
0.002262
0
0
0
0
0
0
0
0
0.002188
0.002146
0.006369
0.004167
0
0.00207
0
0.002041
0
0
0
0
0.002012
0
0
0
0.003861
0
0
0
0
0
0.001898
0.001916
0
0
0.00369
0.010909
0.007042
0
0.001748
0
0
0
0.001742
0
0.001692
0
0
0.001658
0.003311
0
0.001675
0
0.001642
0
0
0.001645
0
0.001629
0
0
0
0.001621
0
0
0
0.00641
0.003175
0.003231
0
0
0
0
0.001616
0
0
0.009615
0.001613
0
0
0
0
0
0
0.001605
0.001592
0
0
0.001613
0.001664
0
0
0
0.00173
0.00173
0
0.001742
0
0
0
0
0
0.001842
0.001779
0
0.001818
0
0.001825
0.005367
0.001779
0.001739
0
0.001745
0
0.005076
0
0
0
0.001706
0
0.001701
0
0
0
0
0.001695
0
0
0.003419
0.001709
0.001715
0
0
0
0
0
0.001767
0.001773
0.001786
0
0
0
0
0
0
0.001887
0
0.001949
0.001946
0
0
0
0.002092
0.004073
0
0
0
0
0.001835
0
0.001835
0
0
0.001838
0
0
0
0
0.009208
0.001842
0
0.001869
0
0
0
0
0
0.001957
0
0
0
0
0
0
0
0
0
0
0.001984
0
0.002041
0.001972
0
0
0.004
0
0.002053
0
0.002049
0
0.002132
0
0
0.002096
0
0
0
0.002119
0.002083
0.002066
0.004008
0.002033
0
0
0
0.002049
0
0
0
0.00431
0.002174
0.002155
0.006342
0
0
0
0
0
0
0
0.002203
0.002193
0
0
0
0.004505
0
0
0.002128
0.002096
0.002079
0.004167
0
0
0
0
0
0
0.002083
0
0.002105
0
0
0.002114
0
0.002105
0.002088
0
0
0
0.006342
0
0.004202
0
0
0
0
0.008351
0
0
0.002179
0.012931
0
0
0.006466
0
0.002146
0
0
0
0
0.002132
0
0
0
0.002146
0
0.00216
0
0
0
0.002203
0
0
0.002128
0.002169
0
0
0.002114
0.002146
0
0
0.002212
0.002208
0.002193
0
0
0.002208
0.002273
0
0.002208
0
0
0.002137
0
0.002128
0.002183
0.002179
0
0.002222
0
0
0.002242
0
0
0
0
0
0
0.002179
0.002232
0
0
0
0
0.002193
0.00216
0
0
0.002174
0
0.002183
0
0
0
0.004425
0
0
0
0
0.004175
0.008333
0.002105
0
0
0.004292
0
0.002242
0
0
0
0.002193
0.002155
0.00432
0.004175
0.004141
0.002066
0
0.002092
0
0.008147
0
0
0
0
0
0
0
0
0
0.001931
0
0
0
0
0
0
0.00189
0
0
0
0
0
0.001905
0
0.001931
0
0
0.001894
0.001828
0
0
0.001812
0.005415
0.010929
0
0.001838
0
0.001845
0
0
0
0.001825
0.001876
0
0
0
0
0
0
0
0
0
0
0
0.00188
0.001901
0
0.001873
0
0
0
0.001894
0.001916
0.001927
0.011472
0.003817
0.001927
0.001957
0.001969
0
0.001988
0
0
0
0
0.004065
0
0.002066
0
0.002092
0.002105
0
0
0
0
0
0.002024
0
0.002049
0
0.002119
0
0.00216
0
0
0.002203
0
0
0.002169
0.008639
0.002165
0
0
0
0
0
0.002309
0
0
0
0
0
0
0.002433
0.00241
0
0
0
0
0
0.002801
0
0
0
0
0
0
0.002331
0
0
0
0
0.002445
0
0
0
0.005249
0
0.002703
0
0.002667
0
0.005376
0
0
0
0.00266
0
0
0
0.008043
0.00266
0
0
0
0
0
0
0
0
0
0
0.002825
0
0
0
0
0
0
0
0
0
0
0.002571
0
0
0
0
0
0
0
0
0
0
0
0
0
0.002494
0
0
0.002525
0
0
0
0
0
0
0.002674
0.007874
0.005076
0.002506
0.002611
0
0
0
0.002538
0
0
0.005208
0
0
0
0
0
0
0.002551
0
0
0
0
0
0.002558
0.002571
0.002604
0.002611
0.002639
0
0.005571
0
0
0
0
0.002433
0
0
0
0
0.002433
0
0
0
0.002336
0
0
0.002421
0
0.003436
0.002519
0
0
0
0
0
0.004785
0
0.004819
0
0
0
0.006826
0
0
0.002273
0
0
0
0
0
0.002257
0
0
0
0.002252
0
0
0
0
0.002222
0
0.002193
0.002141
0
0.004211
0.008565
0.002146
0.002114
0.002137
0
0
0
0.002088
0.002105
0.002123
0
0.00202
0.002016
0.001996
0
0.001984
0
0.002016
0.005929
0
0
0.006061
0.00202
0
0.002004
0.002004
0.002045
0.004057
0
0.002008
0.003976
0
0.001961
0
0
0.001869
0
0.001855
0
0.001876
0
0
0.003738
0
0
0
0
0.001912
0.001957
0
0
0.001869
0
0
0.001828
0
0
0.003617
0.001789
0
0
0
0
0.003559
0.01083
0.001835
0
0
0
0.001828
0.001838
0.001859
0
0
0
0
0
0.001821
0.007286
0.005545
0.001887
0
0
0
0
0
0
0
0
0
0
0
0
0
0
0
0
0.001965
0
0.001984
0
0
0.001972
0.001984
0
0.002024
0
0.002058
0
0
0
0.002058
0.004098
0
0.002075
0.002079
0
0
0.002132
0
0.002283
0
0
0
0
0
0
0.002232
0
0
0
0.002268
0.004474
0
0
0
0
0
0
0.004556
0.002288
0
0.009302
0
0.002304
0
0.002336
0
0
0
0.004608
0
0
0.002398
0
0.004796
0.002347
0.002358
0
0
0
0.004556
0.002288
0.002283
0
0.002268
0.002222
0.002247
0.002252
0
0.006772
0.002257
0
0
0
0.004425
0
0
0
0
0
0
0.004464
0
0
0.002188
0
0
0
0
0.002203
0
0
0.002169
0
0.010846
0
0
0
0
0
0.002193
0
0
0
0
0
0
0
0.002242
0
0
0
0
0
0.002114
0.002101
0
0
0
0
0
0.002193
0
0
0
0
0
0.002066
0.002101
0
0.004149
0.002079
0.00616
0
0.002053
0
0.002049
0
0
0
0
0.002132
0
0.002183
0.006579
0.002294
0
0
0.002222
0
0
0
0
0.002212
0
0
0
0
0
0
0
0.002096
0.004124
0.006263
0.002053
0
0
0
0
0.002062
0.002041
0.002033
0
0
0
0
0
0
0
0.002037
0.001992
0
0
0
0.004024
0
0
0
0
0.003854
0
0
0
0
0.001972
0
0
0.00396
0.005929
0.007921
0
0.002033
0
0
0
0
0
0.002041
0
0
0
0
0
0
0
0.002004
0
0
0
0
0
0
0.001953
0
0
0
0
0.005976
0.003992
0
0
0
0.003953
0.00396
0
0
0
0
0.003914
0
0
0
0
0.001969
0.001996
0
0.008032
0.004
0.002045
0
0.002049
0.002092
0
0.002146
0.004202
0
0.002105
0
0
0
0.00211
0.002105
0.004211
0.00432
0.002132
0
0.002128
0.002141
0
0.002132
0.00216
0.002155
0
0.002183
0
0.002198
0
0.002146
0.00216
0
0
0
0
0
0
0
0
0.002268
0
0
0
0
0
0
0
0.001984
0.002
0
0
0.001953
0
0.001961
0
0
0
0
0
0
0
0
0
0
0.001821
0
0
0
0
0.001808
0.003546
0.003552
0.001776
0.00177
0
0
0
0.001761
0.001733
0
0
0
0
0
0
0
0
0
0.001709
0
0
0
0
0
0
0.001733
0.001802
0
0
0
0
0.006148
0
0.001894
0.001908
0.001855
0
0
0
0
0
0.001912
0.001862
0
0
0.003891
0
0
0
0
0.002066
0.002075
0
0
0
0.002119
0
0
0
0
0.002075
0.002151
0.004376
0
0
0
0
0
0.002222
0
0
0
0
0
0
0
0
0.002358
0.002392
0
0.002342
0
0
0
0
0
0
0
0.002551
0
0
0
0
0
0
0
0
0
0
0
0.002653
0
0.005305
0
0
0
0.002688
0
0.00271
0.005362
0.00551
0.005556
0
0
0
0
0
0
0
0
0
0
0.002793
0.014045
0.008403
0.002809
0
0.005571
0
0
0.002801
0
0.002762
0.002793
0
0
0.002849
0.002817
0
0
0
0
0
0
0
0
0
0
0
0
0.002857
0
0
0
0
0
0
0
0
0
0
0
0.003571
0.014545
0.003584
0
0.022321
0
0
0
0
0
0.002941
0.002994
0.003003
0
0
0.005952
0
0
0
0.002899
0.002899
0.008772
0
0.002959
0
0.008721
0
0
0.002899
0
0
0.002985
0.006061
0.003003
0
0
0
0.003086
0.003145
0
0
0
0.003115
0.003155
0.003155
0
0
0
0.003077
0.003049
0
0.003135
0
0.003145
0
0
0
0
0
0.006173
0
0.002967
0
0
0
0
0
0
0
0
0
0.003106
0
0
0
0.003003
0
0
0
0
0
0
0
0
0
0.002915
0
0
0
0
0
0
0
0
0.002762
0
0.002604
0
0.002564
0.002597
0
0.002577
0
0.002532
0
0
0.002525
0
0.002571
0.002481
0
0
0.002488
0
0
0.002445
0
0.002415
0
0
0.004866
0
0
0.004866
0
0.002415
0
0
0
0
0
0.002392
0.002375
0
0
0
0
0
0.002457
0
0.002451
0
0.004819
0
0
0.00232
0
0
0.002268
0
0
0.00211
0
0.002119
0
0
0.002045
0
0
0
0
0.002037
0
0.004219
0.002088
0
0
0
0
0
0
0.002066
0
0
0.004255
0.006289
0.012474
0.002123
0.002151
0
0
0
0.002169
0.002222
0.002252
0
0.002315
0
0
0
0
0.002222
0
0.011416
0
0
0
0
0
0
0.004608
0
0
0
0
0.002217
0
0
0
0
0
0
0
0
0.002519
0.004525
0
0
0
0.002146
0.00431
0
0
0
0
0
0
0
0
0
0
0
0.002151
0.002165
0.002146
0
0.002101
0
0
0
0
0.002066
0
0
0
0.009554
0
0
0
0.002079
0.002028
0.002
0
0.001984
0.005882
0
0
0
0.001873
0
0
0
0
0
0.005535
0
0
0.001859
0
0
0.001832
0
0.001815
0
0.001821
0.001866
0
0.001815
0.003676
0
0.001815
0.001812
0
0.00722
0.001802
0
0.001825
0
0.003578
0
0
0
0
0
0
0.001799
0
0
0
0
0
0
0
0
0
0
0
0.002033
0.002075
0
0.002083
0
0
0.002227
0
0
0
0
0
0
0
0.002174
0
0
0
0
0.002208
0
0
0
0.002105
0
0
0
0
0
0
0.002358
0.002387
0
0.002519
0
0
0
0.008403
0
0
0
0.003021
0
0.003257
0
0
0
0
0
0
0
0
0.004115
0
0.008889
0.004464
0
0
0
0
0
0
0.009804
0
0
0
0.007692
0
0.045455
0
0
0
0
0
0
0
0
0
0
0
0
0
0.00303
0
0
0
0
0.002817
0.002778
0
0
0
0
0
0
0
0.008108
0
0
0
0
0
0
0
0
0
0
0
0.002833
0
0.003145
0.005935
0
0
0
0
0.002874
0.005814
0
0
0
0
0.002755
0
0
0
0.002833
0
0
0.002833
0
0.002959
0
0
0
0
0
0
0
0
0.004608
0
0
0
0
0
0.007042
0
0
0
0.004065
0
0
0
0
0
0
0
0
0
0
0
0
0
0
0
0
0
0
0
0
0
0
0
0
0
0
0
0
0
0
0.003861
0
0
0
0.003571
0.003472
0
0.010204
0.003559
0
0
0
0
0.003333
0
0
0
0
0
0
0
0
0
0
0
0
0
0.003571
0
0
0
0
0
0.003425
0
0
0
0
0.003401
0
0
0
0.007168
0
0
0
0.003922
0
0
0
0
0
0
0
0
0
0
0.004065
0.004167
0
0
0.005814
0
0
0
0
0
0
0
0
0
0
0.013393
0
0
0
0
0
0
0
0
0
0.004651
0
0.003322
0.003367
0
0
0
0
0.003195
0
0.003135
0
0.00625
0
0
0
0
0
0
0.005848
0
0
0.005952
0
0
0
0
0
0
0
0
0
0
0
0.006079
0
0.003145
0
0
0
0
0.0033
0.003344
0.00339
0
0
0.003623
0
0
0
0
0
0
0
0
0
0.00578
0
0
0
0
0
0
0
0
0
0.014085
0
0
0
0
0
0
0
0
0
0
0
0
0
0
0
0
0
0
0
0
0
0
0
0
0
0
0
0
0
0.011364
0
0
0
0
0
0
0
0
0
0
0
0
0.007463
0
0
0
0
0
0
0
0.009174
0
0
0
0
0
0.014388
0.006667
0
0
0
0
0
0
0.005181
0
0
0
0
0
0
0
0
0
0
0
0
0
0
0.004149
0
0
0
0.003968
0
0
0
0
0
0
0
0
0
0
0
0
0
0
0
0
0
0
0
0
0
0
0.004049
0.004785
0
0.006536
0
0
0
0
0.003058
0.003125
0.003322
0.002959
0
0
0
0
0
0
0
0
0
0.005634
0
0.002747
0
0
0
0
0
0.002577
0
0
0.002404
0
0
0.002278
0.002273
0
0.002242
0.002288
0
0.002299
0
0
0
0
0.002198
0
0
0.002141
0
0
0
0
0.002174
0
0
0
0
0
0
0
0.004684
0
0.003226
0
0
0
0.002242
0.002252
0
0
0.002212
0
0
0
0
0
0
0
0
0
0.003257
0
0.002331
0
0.002353
0
0
0.003425
0
0
0
0
0
0
0
0.002439
0
0.008197
0
0
0
0
0
0
0.002315
0
0
0
0
0
0
0.002421
0
0
0
0
0
0
0.002433
0
0
0
0
0.002427
0.00489
0
0
0
0
0
0
0
0
0
0
0
0
0.002315
0.002315
0
0
0
0
0
0
0
0
0
0
0
0
0
0.002538
0
0
0
0.010791
0
0.022508
0
0
0
0
0
0
0
0
0.002481
0
0
0
0.005195
0
0
0
0
0
0
0
0
0.002558
0
0
0
0
0
0
0
0
0
0
0
0
0
0
0
0
0
0
0
0
0
0.002681
0
0
0.002571
0
0
0
0
0
0
0
0
0
0
0
0.002639
0
0
0
0
0
0
0.002457
0
0
0.00241
0.002398
0
0
0
0
0
0
0
0.002404
0
0
0
0.007092
0.002381
0
0
0.002342
0
0
0
0
0
0.002242
0
0.002217
0
0.002208
0.002217
0
0
0
0
0.002132
0.002132
0.002092
0
0
0
0.002079
0
0.002114
0.002066
0
0.002075
0
0.002058
0
0
0
0.00396
0
0
0.001938
0.001923
0.001912
0
0
0.001988
0.002012
0
0.001953
0
0
0.002008
0
0
0
0
0
0
0.002012
0.004057
0
0.002037
0
0.002012
0
0.002016
0
0
0
0
0
0
0.002049
0
0
0
0
0
0
0
0
0
0
0
0
0.002146
0.002208
0
0.002294
0
0
0
0
0
0
0
0
0
0
0
0.00216
0.002169
0
0
0
0.002198
0
0
0
0
0
0
0
0
0.002283
0.002283
0
0
0.00237
0
0.00237
0
0
0
0
0
0.002358
0
0.0059
0
0
0
0
0
0.002494
0.002506
0
0.002347
0
0
0.002347
0
0
0
0
0
0
0
0
0
0
0
0
0
0
0
0.004608
0
0
0.002155
0
0.00207
0
0
0
0
0
0.004158
0.002088
0
0
0
0.002092
0
0
0
0
0
0.002033
0.004202
0
0
0.002024
0
0
0.002053
0
0
0.002008
0
0
0
0.002101
0.004274
0
0
0
0.002817
0
0
0
0
0
0
0
0
0
0
0
0.001934
0.001996
0
0
0
0.003824
0.001866
0
0.001942
0
0
0
0.001938
0
0.001942
0.001919
0.001898
0
0
0
0
0
0
0
0
0.005725
0
0.001957
0
0
0.001949
0
0
0
0.001953
0
0.001996
0
0.002041
0.011236
0
0
0
0.00207
0
0
0
0
0
0
0
0
0
0
0.002525
0
0
0.004484
0
0
0
0
0.002439
0.005076
0
0
0
0
0
0.004386
0
0.002252
0
0
0
0
0
0.002146
0.002132
0.002174
0.004386
0
0.002132
0
0
0.002174
0
0
0
0.002342
0.002532
0
0
0
0
0.002217
0
0.002237
0
0
0
0
0
0
0
0
0
0
0
0
0
0
0.002247
0
0
0.002294
0.002309
0
0
0
0
0.002469
0
0
0
0
0.002304
0
0
0.00237
0
0
0
0
0
0
0
0.003937
0
0.004
0
0
0
0
0
0
0
0
0
0
0
0
0
0
0
0.002577
0
0
0.002933
0
0
0
0
0
0
0
0
0.004819
0.004808
0
0
0.002358
0.002375
0
0
0.002404
0.002451
0
0
0
0
0
0.004717
0
0
0.007059
0.002304
0
0.004577
0
0
0
0.002237
0.004484
0.002252
0
0
0
0
0.002288
0
0.006637
0
0
0.002309
0.00232
0
0
0
0
0
0
0
0.002232
0
0
0
0.002247
0.002257
0.002469
0
0
0
0
0
0
0.002028
0
0
0.002041
0.010163
0
0
0
0
0
0
0.003968
0
0
0
0.002004
0
0
0
0.00431
0
0
0
0
0
0
0
0
0
0
0.002165
0.004283
0
0.002141
0
0.004219
0.002141
0.002155
0
0.004464
0
0
0.00232
0.002331
0
0.002364
0
0.00241
0
0
0
0
0
0
0.002347
0.002326
0
0
0
0
0
0
0
0
0
0.004914
0
0
0.0025
0
0
0
0
0.00266
0
0.00266
0.002717
0
0
0
0
0
0
0
0
0
0
0
0
0
0
0
0
0
0
0
0
0.006024
0.003049
0
0
0
0
0
0
0
0
0
0
0.003077
0.003096
0
0.003125
0
0
0
0
0
0.003226
0.003195
0
0.003175
0.003195
0
0
0
0
0.0125
0.003096
0
0
0
0
0.00289
0
0
0
0
0
0
0
0
0
0
0
0
0
0.002513
0
0
0
0
0.002597
0.002653
0
0
0
0.01227
0
0
0
0
0
0
0
0.002532
0
0
0
0
0
0
0
0
0
0
0
0
0
0
0
0
0
0
0
0
0
0.002519
0
0
0
0
0
0
0
0
0
0
0
0
0.002364
0
0
0.002315
0
0
0
0.002257
0
0.002262
0
0
0.002294
0
0.002309
0.002304
0
0
0
0.002457
0
0
0
0
0
0
0.004167
0
0
0.012821
0
0
0
0
0
0
0
0
0
0
0
0
0
0
0
0
0
0.006826
0
0
0
0
0
0
0.013889
0
0
0
0
0.011561
0
0
0
0
0
0.002959
0
0
0
0
0
0
0
0
0.005208
0
0
0
0
0.002488
0
0
0
0
0
0
0
0
0
0
0
0
0.003106
0
0.002381
0
0
0
0
0
0.002268
0
0
0
0
0.002364
0
0
0
0
0
0
0
0.002141
0
0
0.002193
0
0
0.004751
0
0
0.002092
0.002058
0
0
0
0.002
0
0.001916
0
0
0
0.001923
0
0
0
0
0
0
0
0
0.001845
0
0
0
0
0
0
0
0.001883
0.001838
0
0.003724
0
0.001905
0.001905
0.001927
0
0.00198
0
0
0
0
0
0
0
0.002
0.002058
0.002062
0.002053
0.002079
0.002083
0
0
0
0
0
0.004301
0
0
0
0
0
0
0
0
0.002227
0
0
0
0
0
0.002315
0.002309
0
0
0
0
0
0
0.002415
0
0
0
0.004773
0
0
0
0.002488
0
0
0
0.002494
0
0
0
0
0
0.002667
0
0
0
0
0
0
0
0.003165
0
0
0
0
0
0.003257
0.003378
0
0
0
0
0
0
0.003597
0
0
0
0
0
0
0
0
0
0
0
0.011494
0
0
0
0
0
0
0
0
0
0
0
0
0.006061
0
0
0
0
0
0
0
0.003115
0.003165
0
0
0
0
0
0
0
0
0
0
0
0
0
0
0.004673
0
0
0
0
0
0
0
0
0
0
0
0
0
0
0
0
0
0
0
0
0
0
0
0.004926
0
0
0
0
0
0
0
0
0
0
0
0
0
0
0
0.002481
0
0
0
0
0
0
0
0
0
0
0
0
0
0
0
0
0.002551
0.005115
0
0
0.005168
0
0
0.008982
0
0
0
0
0.006231
0
0
0
0
0
0
0.002545
0
0
0
0
0
0
0.002469
0
0
0
0.002525
0
0.002494
0
0.002513
0.004963
0
0.002421
0
0.002475
0.002519
0
0
0
0
0
0
0
0
0.002717
0.002597
0
0
0
0.002475
0.004878
0
0
0
0
0
0
0
0.005
0.002475
0
0
0
0
0
0.002475
0
0
0
0
0.002304
0
0
0
0
0
0.002146
0
0
0
0.002075
0
0
0.002058
0
0
0.002053
0
0.006522
0.001992
0
0
0
0
0
0
0
0
0
0.001898
0
0
0
0.001934
0
0
0
0
0
0
0
0
0
0
0
0.001848
0.001848
0
0
0.00565
0.001842
0
0.001883
0
0
0
0
0
0.001972
0
0
0
0
0
0.002058
0
0
0
0.004202
0.002088
0
0.002151
0
0
0.002331
0
0
0.002179
0
0.002088
0
0
0.002066
0
0
0
0
0.002037
0.002037
0
0
0
0
0
0
0
0
0
0.002755
0.002841
0
0
0
0.002273
0
0
0
0
0
0
0
0
0
0
0.003067
0
0
0
0
0.002433
0.002342
0
0
0.002294
0
0
0
0
0
0
0
0
0
0
0
0
0.002347
0
0
0.002353
0
0
0.002257
0
0
0
0
0
0.004367
0
0
0
0
0
0
0.002049
0
0
0
0.002028
0
0
0
0
0.002008
0
0.002004
0
0
0
0
0
0.001965
0.001949
0.001957
0
0
0
0
0
0
0
0
0.002012
0.004184
0
0
0.001859
0
0.00365
0
0.001812
0.003617
0
0.003697
0
0
0
0.001818
0
0
0.001862
0
0.001789
0.001802
0
0
0.001754
0.001802
0.001767
0.001757
0
0
0
0
0
0
0
0
0
0.001621
0.003317
0.001613
0.001618
0.001603
0
0.001592
0
0.001587
0.001536
0
0
0.001563
0
0.001534
0
0
0
0
0
0
0.001603
0
0
0.001493
0
0
0.001488
0.001511
0
0
0
0
0
0.001603
0
0
0
0.001577
0
0
0.001597
0
0
0
0
0
0
0
0.003289
0
0.001669
0.001695
0
0
0
0
0.001684
0.001664
0
0
0
0
0.003344
0
0.002123
0.001876
0.001757
0
0
0
0
0.001623
0.001639
0.001634
0
0
0
0
0.001706
0
0
0.001742
0.001779
0.00177
0
0
0
0
0
0.003788
0
0.001887
0
0.001972
0
0
0.00202
0
0
0
0
0
0
0.002146
0
0
0.002119
0
0.002105
0
0
0.004237
0
0
0.002105
0
0.006342
0
0
0
0
0.002058
0
0
0.00396
0.003968
0
0
0
0
0
0.004246
0
0
0.002033
0.001988
0
0
0
0.001953
0
0
0
0
0
0
0.001912
0.001942
0
0
0.001923
0.001957
0
0
0.001923
0
0.001916
0.001931
0
0
0.001923
0
0
0
0
0
0
0
0.002092
0.002326
0
0
0
0
0
0
0
0
0
0
0
0
0
0
0
0.003086
0
0
0
0
0
0
0
0.003484
0
0
0
0.002288
0
0.002217
0.004464
0
0
0
0
0
0
0
0
0
0
0
0.002242
0.002203
0
0
0
0
0
0
0
0.004808
0.002439
0
0.002475
0
0.003378
0
0
0
0.002421
0
0
0
0
0
0
0
0
0
0.002469
0
0
0
0
0
0
0.002591
0
0
0
0.003745
0
0
0.002762
0.002674
0
0
0
0
0
0
0
0
0
0
0
0
0.004367
0
0
0
0
0
0
0
0
0
0
0
0
0
0
0.004149
0
0
0
0
0
0
0.002817
0
0
0
0
0
0
0
0
0
0
0.002959
0
0
0
0
0
0
0.003125
0
0.003236
0.003472
0
0
0
0
0
0.003021
0
0.01444
0
0.003534
0
0
0
0.002747
0
0
0
0
0.002817
0
0
0
0
0
0
0
0
0
0
0
0
0
0.002755
0
0.00277
0
0
0
0
0
0
0
0
0
0
0
0
0.002985
0.005814
0.002882
0
0
0
0
0
0
0
0.002941
0
0
0
0
0
0
0
0
0
0
0
0
0
0
0.003165
0.002817
0
0
0
0
0.002653
0
0
0
0
0.002584
0
0
0
0
0
0
0
0
0
0
0.002597
0
0
0
0.002564
0.002558
0
0.002564
0.005155
0
0
0.002558
0
0
0
0
0
0.007481
0.002475
0
0
0
0.002513
0
0
0
0
0
0
0
0
0
0
0.002591
0
0
0.00274
0
0
0
0
0
0
0
0
0.002857
0
0
0
0
0
0
0
0
0
0.00295
0.00295
0
0
0
0
0
0
0
0
0
0
0
0
0
0
0
0
0
0
0
0
0
0
0
0.003344
0
0
0.006431
0
0.003165
0
0
0
0.00597
0
0
0
0.002825
0
0
0.002762
0
0
0
0
0
0.002646
0.002597
0
0
0
0.002525
0
0
0
0
0.002433
0
0
0.004706
0
0
0
0
0.002304
0.002309
0
0.002387
0
0
0
0.002315
0
0.002262
0
0.002262
0
0
0
0
0.004474
0
0.00232
0
0
0
0
0
0
0
0
0
0
0
0.002146
0.004338
0
0.002242
0
0
0
0.00432
0
0
0
0.002188
0
0
0
0.00339
0
0
0.005479
0
0
0
0
0
0
0
0
0
0
0.00202
0
0
0
0
0.006198
0
0
0
0
0
0
0
0
0.001972
0
0.00381
0.001916
0.001934
0
0
0.002933
0
0
0
0
0.001984
0.00198
0
0.002041
0
0
0
0
0
0
0
0.001838
0.00367
0
0
0
0
0
0.001779
0
0
0
0
0
0
0
0
0
0
0
0.001704
0
0
0
0
0
0
0.001764
0
0
0
0
0.001727
0.001704
0.001712
0
0
0
0
0.00173
0
0
0
0
0
0.003597
0
0
0
0
0
0
0
0.005671
0
0
0
0
0
0
0
0.002
0.002004
0
0.002075
0
0
0
0
0
0
0.002155
0
0
0
0
0.002114
0
0
0
0
0
0
0
0
0
0.002398
0
0
0
0
0
0
0.002488
0.002463
0
0
0
0
0
0
0.005038
0.002577
0.00271
0.002551
0
0
0
0
0
0
0
0
0
0.002577
0
0.002551
0
0.002538
0
0
0.002545
0
0
0
0
0
0
0
0
0
0
0
0
0.004988
0
0
0.002545
0.005013
0
0
0
0
0
0
0.002538
0
0
0
0
0.002674
0
0.002611
0
0
0
0.005195
0
0
0
0
0.002632
0
0
0
0
0
0.002584
0.002597
0.002611
0
0
0
0
0
0.002597
0
0
0
0
0
0.002618
0
0.005168
0
0.002639
0.002681
0
0
0
0
0.002755
0
0.002841
0
0
0
0
0
0.00495
0
0
0
0
0
0.016854
0
0.005682
0.011834
0
0.010638
0
0
0
0
0
0
0
0.002755
0
0
0
0.00266
0
0
0
0
0
0
0.002801
0
0
0
0
0
0
0
0
0
0
0.002558
0
0
0
0
0
0
0
0
0.002469
0
0
0
0.002469
0
0
0.002415
0
0
0
0
0
0
0
0
0
0.002475
0
0
0
0
0
0.0025
0
0
0
0
0
0
0
0
0.002817
0
0
0
0
0
0
0
0
0
0.002976
0
0
0
0
0
0
0.004348
0
0
0
0
0
0.005025
0
0
0
0
0
0
0.002825
0.002762
0
0
0.002882
0
0
0
0
0
0
0
0
0.006173
0
0
0
0
0
0
0
0
0.005208
0.002667
0
0.00266
0
0
0
0.00266
0
0.002667
0
0
0
0
0
0
0
0
0
0
0
0.002364
0
0.002415
0
0.002392
0
0
0
0.002273
0
0
0
0
0
0
0.002237
0
0
0
0
0
0.004211
0.002105
0
0
0
0
0
0.002288
0
0
0
0
0
0
0
0.00232
0
0
0.002347
0.002421
0
0
0
0
0.002252
0
0
0
0
0.002347
0
0
0
0
0
0
0
0.002347
0.004484
0
0
0
0
0
0
0
0
0
0
0
0
0
0
0
0
0
0
0.002564
0
0
0
0
0
0
0
0
0
0
0
0.002481
0
0.002469
0
0
0
0
0
0
0
0
0
0
0.004149
0
0
0
0
0
0.002475
0
0
0
0
0
0
0
0.002336
0
0
0.00232
0
0
0
0
0
0
0
0.004577
0
0.002198
0.002165
0
0
0.002119
0
0.002092
0
0.002105
0.004158
0.00404
0
0.002
0.001988
0
0
0
0
0
0.001946
0.001934
0.001976
0
0
0.001938
0.001957
0.003868
0
0
0
0
0
0
0
0
0.003968
0
0
0
0
0.00202
0.002045
0
0.002101
0
0
0.002591
0
0.002611
0.005063
0
0
0
0
0
0
0
0
0
0
0
0
0
0
0
0
0
0
0.005038
0.002545
0
0
0
0
0
0.003195
0
0
0
0
0
0
0.003106
0
0.010989
0
0
0.005376
0
0
0
0
0.003185
0
0
0
0
0
0
0
0
0
0
0
0
0.003175
0
0
0.007143
0
0
0
0
0
0
0.003344
0
0
0
0
0
0
0
0
0
0
0
0
0
0
0.002584
0
0
0
0
0
0
0
0
0
0
0
0
0
0
0
0.002105
0
0
0
0
0
0
0.004016
0
0
0
0.001988
0
0.003906
0
0.001887
0
0.001887
0.001855
0
0.001764
0
0
0.001776
0.003454
0.001721
0.006944
0
0.001736
0
0.001795
0.002247
0.001751
0.001715
0
0
0
0
0
0
0
0
0.001653
0.003268
0.001672
0
0
0
0.00165
0
0.001653
0
0.001675
0.001692
0
0.004651
0.003766
0.001821
0
0.001767
0
0
0
0
0.001795
0
0
0.001894
0
0
0
0
0.001996
0.001984
0
0
0
0
0
0
0.002174
0.002174
0
0
0
0
0
0
0
0
0.003279
0.003436
0
0
0
0
0
0
0
0.006289
0
0
0
0
0
0.005952
0
0
0
0
0
0
0
0
0
0
0
0
0.074074
0
0
0
0
0
0
0
0
0
0
0.002882
0.008746
0
0
0
0
0
0.002358
0
0
0
0
0
0
0.002262
0
0.002137
0
0
0
0
0.002083
0.004246
0
0
0
0
0.002132
0
0.002088
0.002092
0
0.002049
0.00625
0.002058
0
0
0
0
0
0.002088
0.002151
0
0
0
0
0
0
0
0
0
0
0.002066
0
0
0
0.002079
0
0.009112
0
0
0
0
0
0.003984
0
0
0
0
0
0
0
0
0
0
0.002315
0
0
0
0
0
0
0
0
0
0
0.001916
0.001905
0
0.001931
0.001949
0
0.001905
0
0
0
0
0
0
0.001832
0
0
0
0
0
0
0
0
0
0
0
0
0
0
0
0.007212
0.00241
0
0.00237
0.002151
0
0
0.004193
0
0
0
0.002079
0
0
0.002105
0
0
0
0
0
0
0
0
0.002151
0
0.004246
0.004348
0
0
0
0
0
0
0.002096
0
0.00207
0
0
0
0
0
0.002004
0.00198
0
0
0
0
0
0
0
0.004098
0.004132
0
0.002062
0
0.002062
0.002062
0
0
0
0.004008
0
0
0
0.003968
0
0
0
0
0
0
0
0
0
0
0.002033
0.002123
0
0
0.002141
0
0
0
0
0
0
0
0
0
0
0
0
0
0.002674
0.002381
0
0
0
0
0.007143
0.002994
0
0.00365
0
0
0
0
0
0
0
0
0
0.002488
0
0.002532
0
0
0.002519
0
0
0.002825
0.002558
0.002506
0
0.002506
0
0
0
0
0
0
0
0
0
0
0
0
0.005935
0
0
0
0
0
0.003333
0
0
0
0
0
0.006536
0.003401
0
0
0
0
0
0
0.003497
0
0
0
0
0
0
0
0
0.007576
0
0
0
0.003984
0
0
0
0
0
0
0
0
0
0.007812
0
0
0
0
0
0
0
0.005076
0.009259
0
0.004651
0
0
0
0
0
0
0
0
0
0
0.004082
0
0
0
0
0
0
0
0
0.003831
0
0
0
0.003774
0
0
0
0
0.007605
0.003891
0
0
0
0.003861
0
0.003922
0
0
0
0
0
0
0.004386
0.004405
0
0
0.004608
0
0
0
0
0
0
0
0
0
0
0
0
0
0
0
0
0
0
0
0
0
0
0
0
0
0
0
0
0
0
0
0.010204
0
0
0
0
0
0
0
0
0
0
0
0
0
0
0
0
0
0
0
0
0
0
0
0
0.00885
0
0.009434
0
0
0
0
0
0
0
0
0
0
0
0
0
0.014706
0
0
0
0.015625
0
0
0
0
0
0
0
0
0
0
0
0
0
0
0
0
0
0
0
0
0
0
0
0
0
0
0
0
0
0
0
0
0
0
0
0
0
0
0
0
0
0
0
0
0
0
0
0
0
0
0
0
0
0
0
0
0
0
0.01
0.01
0
0
0
0
0
0
0
0.009346
0
0.008621
0.008621
0
0
0
0
0
0
0
0
0
0
0
0
0
0
0
0.007194
0
0
0
0
0
0
0
0.007519
0
0.015748
0
0
0
0
0
0
0
0
0
0
0
0
0.004525
0
0
0
0
0
0
0
0
0
0
0
0
0
0
0
0.007168
0
0.00339
0
0.003311
0
0
0
0
0
0
0
0
0
0
0
0.002874
0.002841
0
0
0
0
0.00304
0
0
0
0
0.002604
0.002545
0
0
0
0
0
0
0
0
0
0
0
0
0
0
0
0
0
0
0.004608
0
0.002375
0
0
0
0
0
0.011152
0
0
0
0
0.004255
0.004
0
0
0
0
0.004587
0
0
0
0
0.002445
0
0
0.002375
0
0
0.00463
0.002294
0
0
0
0
0.002283
0
0
0
0
0
0.002198
0
0
0
0.004435
0.002212
0
0.004415
0
0.002179
0
0.002165
0
0.002188
0
0
0
0.002222
0
0
0.002288
0
0
0
0
0
0.002288
0
0.0125
0
0
0
0
0.002227
0
0
0.004494
0.002404
0.002283
0
0
0
0
0.002132
0.002123
0
0
0.004246
0
0.002132
0
0
0
0
0
0
0
0
0
0.002169
0
0.002188
0
0
0.002315
0
0
0.00237
0.002415
0
0
0
0
0
0
0
0.00641
0
0
0
0
0
0.006211
0
0
0
0.002778
0
0
0
0
0
0.002381
0
0
0
0
0
0.002288
0
0
0
0.00216
0
0
0
0
0.002123
0
0.002146
0
0
0
0
0
0
0
0
0
0
0
0
0
0
0.002404
0
0
0.002457
0
0
0
0
0
0
0
0
0.00266
0
0
0
0
0
0
0.002809
0
0
0
0
0
0.00289
0
0
0
0.002985
0
0.00304
0
0.006154
0.003165
0
0
0
0
0
0
0
0.00692
0
0
0
0
0.003676
0
0
0
0
0
0
0
0
0
0
0.00339
0
0
0.003448
0
0
0.003571
0
0
0
0
0.007117
0
0.003472
0
0
0
0
0
0
0
0
0
0
0
0
0.004608
0
0
0
0.003257
0
0
0
0
0.003049
0
0
0
0.002967
0
0
0
0
0
0.002793
0.002786
0.010959
0.002725
0.002732
0
0
0
0
0.002674
0
0
0
0
0
0
0
0
0
0
0
0
0
0
0
0.003115
0
0
0
0
0
0
0
0
0
0
0
0
0
0
0
0
0
0
0
0.003367
0
0
0
0
0
0
0
0
0
0
0
0
0
0
0.00365
0.003717
0
0
0
0
0
0
0.003759
0.003774
0
0
0
0.007463
0.003759
0
0
0
0
0
0
0
0.004065
0
0.004082
0.004115
0
0
0
0
0
0
0
0
0.004505
0
0
0
0
0
0
0
0
0
0
0
0
0
0
0
0
0
0
0
0
0
0
0
0
0
0
0
0.006536
0
0.007092
0.007299
0
0
0
0
0.008333
0
0
0.009346
0
0
0
0
0
0
0
0
0
0
0
0
0
0
0
0
0
0
0
0
0
0
0
0
0
1
0
0
0
0
0
0
0
0
0
0
0
0
0
0
0
0
0
0
0
0
0
0
0
0
0
0
0
0
0
0
0
0
0
0
0
0
0
0
0
0
0
0
0
0
0
0
0
0
0
0
0
0.006173
0
0.006803
0
0
0
0.006803
0
0
0.005155
0.009804
0
0
0
0
0.004484
0
0
0
0
0.004348
0
0
0
0.003922
0
0
0
0
0
0
0
0
0
0
0
0.003247
0
0
0.003534
0
0
0
0
0
0.002924
0.002857
0
0
0
0
0
0
0
0
0.002639
0
0
0
0
0
0
0
0
0
0.002381
0
0
0
0
0
0.002653
0
0
0
0
0.00216
0
0
0.006383
0.002114
0
0
0
0
0.00202
0
0
0
0
0
0.00207
0
0
0
0
0
0
0
0
0
0
0
0
0
0
0
0
0
0
0
0
0
0.002128
0.002193
0.004415
0
0
0
0
0
0
0
0
0
0
0.002237
0
0.002252
0
0
0.002347
0.002375
0
0.002445
0.004914
0
0
0
0
0
0
0
0.002874
0
0
0.003448
0
0
0
0
0
0
0
0
0
0
0
0
0
0
0.003344
0
0
0
0.003401
0
0
0
0
0.003509
0
0.003584
0
0
0.00361
0
0
0
0
0
0
0
0.004115
0
0.004386
0
0
0.004695
0
0
0
0
0
0
0.005682
0
0
0
0
0
0
0
0
0
0
0
0
0
0
0
0
0
0
0
0
0
0
0
0
0
0
0
0
0
0
0
0
0
0
0
0
0
0
0
0
0
0
0
0
0
0
0.009346
0
0
0
0
0
0
0
0
0
0
0
0
0.007246
0
0
0
0
0
0
0
0
0
0
0
0
0
0
0
0
0
0
0
0.013158
0
0.005291
0
0
0
0
0
0
0.008547
0
0
0
0
0.005181
0.006452
0
0
0.005435
0
0
0
0
0
0
0
0
0
0
0
0.003472
0
0
0.003058
0
0
0
0.005747
0
0
0
0
0
0
0
0
0
0
0
0
0
0.002532
0
0
0
0.0025
0
0
0
0
0
0.004963
0
0.002506
0
0
0.002564
0
0.002513
0
0.002545
0
0.002571
0
0
0.002632
0.002597
0
0
0
0
0
0
0.002747
0
0
0
0
0
0.002941
0
0
0
0
0
0.003067
0
0
0
0.004695
0
0
0
0
0
0
0
0
0
0
0
0
0
0
0
0.003322
0
0
0
0
0
0
0
0
0
0
0
0.003096
0.003077
0
0
0.002967
0
0
0
0
0
0
0.002646
0
0
0
0
0
0
0
0
0
0
0
0
0
0
0
0
0
0
0
0
0
0
0
0
0
0
0
0
0
0
0
0
0
0.005155
0
0
0
0
0
0
0
0
0
0
0.007194
0
0
0
0
0
0.004695
0
0
0
0
0
0
0
0
0
0.00237
0
0
0
0
0
0
0
0
0
0
0
0
0.002062
0
0
0.002049
0
0
0
0.002024
0
0.002041
0
0.004049
0
0
0.004
0.001969
0.001976
0
0
0
0
0
0.003846
0
0.001969
0
0.001976
0
0
0
0
0
0.00207
0
0
0
0.002208
0
0
0
0.003268
0
0
0.002398
0
0
0.007812
0
0
0
0
0
0
0.002591
0
0
0
0
0
0
0
0
0
0
0
0.002392
0
0
0
0
0
0
0
0
0.002646
0
0.005102
0.002506
0
0
0
0
0
0
0
0
0
0
0
0
0
0
0
0
0
0
0
0.002227
0
0
0.002212
0
0
0
0
0
0.004357
0
0
0
0
0
0.003257
0
0
0.002146
0
0
0
0
0
0.002227
0
0
0
0
0.002169
0
0
0
0
0
0
0.002141
0
0
0
0
0
0
0
0
0
0.002169
0
0.002183
0.002179
0
0
0
0.002188
0
0
0
0
0
0
0
0.002179
0.002155
0
0
0
0
0.004149
0
0.00207
0
0
0.002075
0
0
0.002012
0
0.00409
0
0
0
0
0.002033
0
0
0
0.002079
0.002092
0
0
0
0
0
0
0
0
0
0
0
0
0
0.002188
0.002278
0
0
0
0
0.002053
0
0
0
0.001972
0.001992
0.001976
0
0
0
0
0
0
0
0.001887
0.001901
0
0
0
0
0.001912
0
0
0
0
0
0.001992
0
0
0
0
0
0
0
0
0
0
0.002217
0
0
0
0
0
0
0
0
0
0
0
0
0
0
0
0
0
0
0
0.002849
0
0.002833
0
0.003021
0
0
0
0
0.003185
0
0
0.00625
0
0
0
0
0
0
0
0
0
0.008547
0
0.004255
0
0
0
0.005376
0
0
0
0
0
0
0
0
0.003311
0
0
0
0
0
0
0
0
0
0
0
0.003195
0
0
0
0
0
0
0
0
0
0
0.00277
0.002755
0
0
0
0
0
0.002532
0.002463
0
0.002404
0.002415
0
0
0
0
0.003509
0
0
0
0
0
0.002283
0
0
0
0
0
0
0
0
0
0
0
0
0
0
0
0
0
0
0.002237
0
0
0
0
0
0
0.004454
0
0.002008
0
0
0
0.001953
0.001938
0.001923
0
0
0
0
0
0
0
0
0
0
0
0
0
0
0
0
0
0
0
0
0.002049
0
0.002045
0.001919
0.001927
0
0
0.001931
0.001972
0
0
0
0
0.005803
0.001919
0
0
0
0
0
0
0
0
0
0
0.001996
0.00198
0
0
0
0
0.005682
0
0
0
0.002141
0
0.004843
0
0
0
0
0
0
0.002146
0
0
0
0
0.005102
0
0
0
0.002278
0
0
0
0.002169
0
0.002227
0.002232
0.002183
0
0
0
0
0
0
0
0
0.002237
0.002232
0
0
0.002331
0.002336
0
0.007026
0.004762
0
0
0
0
0
0
0.005848
0
0
0.005305
0
0
0.003861
0
0
0
0
0
0
0
0
0
0
0
0
0.003817
0
0
0
0
0
0
0
0
0
0
0
0
0
0
0
0
0
0
0
0
0
0.002732
0.003175
0
0
0
0
0
0
0
0
0
0
0
0
0
0
0.002105
0
0
0
0
0.002151
0.004246
0.002188
0
0
0.002128
0.002114
0
0.002128
0
0
0.002123
0
0
0
0
0
0
0
0
0.00216
0
0.002257
0
0
0
0.004706
0
0
0
0.002545
0
0
0
0
0
0
0
0
0
0.003472
0
0
0
0.006944
0
0.006667
0
0
0
0
0
0
0
0
0
0
0.004717
0.013158
0
0
0
0
0
0
0
0
0
0
0
0
0
0
0
0
0
0
0
0
0
0
0
0
0
0
0
0
0
0.003289
0
0
0.006645
0.003322
0
0
0.003425
0
0.003745
0
0
0
0
0
0
0
0
0
0
0
0
0
0.002915
0
0
0
0
0
0
0
0
0
0
0
0
0
0.004255
0
0
0
0
0.004525
0
0
0.002857
0
0.008152
0
0
0
0
0.002688
0
0
0.002695
0.002695
0.002632
0.002639
0
0.005249
0
0
0.005333
0
0
0
0.002646
0.002653
0.005263
0
0
0
0
0
0
0
0.002857
0
0
0.003067
0
0
0
0
0.003413
0
0
0.003584
0
0
0
0.004525
0
0
0
0
0.00431
0
0.005587
0
0
0
0
0
0.004484
0
0
0
0
0
0
0
0
0
0
0
0
0.01227
0
0
0
0
0
0
0
0
0
0
0
0
0
0
0
0
0
0
0
0
0
0
0
0
0
0
0
0
0
0
0
0
0
0
0
0
0
0
0
0
0
0
0
0
0
0
0
0
0
0
0
0
0
0
0
0
0
0
0
0
0
0
0
0
0
0
0
0
0
0
0
0
0
0
0
0
0
0
0
0
0
0
0
0
0
0
0
0
0
0
0
0
0
0
0
0
0
0
0
0
0
0.003003
0.006079
0.003846
0.003205
0
0
0
0
0
0
0
0
0
0
0
0.002252
0
0
0.002058
0
0
0.002
0
0
0
0.002045
0.00207
0
0.004193
0
0
0
0
0.002242
0
0.002257
0.006834
0
0
0.007557
0
0
0
0
0
0.009259
0
0.003831
0
0
0
0
0
0
0
0
0.002545
0
0
0
0.002342
0
0
0
0
0
0
0
0
0
0
0
0
0
0
0
0
0
0
0
0
0
0
0
0.002326
0.002381
0.006623
0.002392
0
0.002347
0
0
0.002688
0
0
0
0.002564
0
0.008451
0
0.002358
0
0
0.004673
0.002364
0
0
0
0
0
0
0
0
0
0
0
0
0.002398
0
0
0
0
0
0.002475
0
0.005319
0
0.002404
0.002392
0
0
0
0.002375
0
0
0
0
0.005479
0
0.002415
0.002358
0
0
0
0
0
0.007246
0
0
0
0.002299
0
0.007752
0
0
0
0
0.002183
0.00216
0
0
0
0
0
0
0
0
0
0
0
0
0
0
0
0
0
0
0.001984
0
0
0
0
0
0
0
0.002028
0.002053
0
0
0
0.002105
0
0.002132
0
0.002024
0
0
0
0.004124
0
0
0
0.002008
0.002028
0.002024
0.004
0
0
0
0.002128
0
0
0
0
0
0
0
0
0
0.004264
0.002137
0
0
0
0
0
0.002132
0
0.002128
0
0
0
0.004193
0.002114
0.002114
0.002132
0.006494
0.002169
0
0
0
0.002114
0
0
0
0
0
0
0
0
0.004975
0
0.002695
0.002519
0
0
0.00237
0.002331
0.002315
0
0
0.002252
0.002273
0
0
0
0
0
0.006897
0
0
0
0
0
0.00232
0
0
0
0.002336
0
0.00237
0
0.002421
0.004796
0
0
0
0
0.002427
0
0
0
0
0
0
0.002392
0.007299
0.010676
0
0
0
0
0.002475
0
0
0
0.002433
0
0.002404
0.004819
0.002427
0
0
0
0
0
0
0.002538
0
0.002481
0
0
0
0.002439
0
0
0
0.002433
0
0
0
0.002481
0
0
0
0
0
0
0
0
0
0
0
0
0.00241
0
0
0
0
0
0
0.002475
0.005348
0
0
0
0
0
0
0
0
0
0
0
0
0
0
0
0
0
0
0
0.003425
0
0
0
0
0.002674
0.005831
0
0
0
0
0.002475
0.002457
0
0
0
0
0.002695
0
0.002762
0
0.009217
0
0
0
0
0
0
0.002841
0
0.009615
0
0
0.004926
0
0.002985
0
0
0
0
0
0
0.002564
0
0
0
0
0
0
0
0
0
0.00346
0
0.002494
0
0
0
0
0
0
0.002179
0
0.002174
0
0
0
0
0
0
0
0
0
0
0
0.002024
0.004073
0
0
0.002062
0
0
0
0.004065
0
0
0.002079
0
0
0
0.004988
0
0
0
0
0
0
0
0
0
0.002066
0
0.004167
0
0
0
0
0
0
0
0
0
0
0
0.002037
0.00207
0
0
0
0
0
0
0
0.002049
0.004132
0
0
0.002137
0.002132
0
0
0.008621
0
0
0
0
0
0
0
0
0
0
0.00463
0
0.002381
0
0
0
0.00241
0.00241
0
0
0.0025
0
0
0.005291
0
0
0
0.003861
0.002793
0
0.00271
0.002725
0.002732
0
0.002762
0.002786
0.00289
0
0
0
0
0
0
0
0.002801
0.002809
0
0
0
0
0.002849
0
0.002833
0.002778
0
0
0
0.004386
0
0
0.002786
0
0
0
0
0
0
0
0.00274
0
0.00274
0.003003
0.003049
0
0
0
0.00274
0.002604
0.002558
0
0
0
0
0
0
0
0.004706
0
0
0.002247
0
0
0
0
0
0
0
0
0
0.002119
0.002088
0
0.002066
0
0.002114
0
0
0
0
0
0.002024
0
0
0
0.004008
0
0.002012
0
0
0
0
0
0
0.001965
0.001957
0.001972
0.001976
0.00202
0
0
0
0.001965
0.001972
0.001931
0
0
0
0.003922
0
0
0
0
0.001927
0
0
0
0
0
0
0
0.001912
0.001912
0.001883
0
0
0
0
0.00189
0
0.001838
0
0
0
0
0
0
0.001898
0
0.001887
0.003914
0
0
0
0
0
0.002062
0.002045
0
0
0
0
0
0
0
0.002128
0
0
0
0.00211
0
0
0
0
0
0
0
0
0
0
0
0.004292
0
0
0
0.002132
0
0.002222
0
0.002212
0
0.0025
0.002433
0
0
0.004728
0.002381
0.002364
0.002381
0.002381
0
0.00241
0
0
0.002421
0.002494
0
0
0
0
0
0
0
0
0
0.002639
0
0.002725
0
0
0
0
0
0
0.005305
0.002653
0.002667
0
0
0.002538
0.002545
0.002551
0
0
0.005208
0
0.002646
0.002632
0
0.003891
0
0
0
0
0.002538
0
0.004926
0.004902
0.00241
0
0
0
0
0
0
0
0
0
0
0
0
0
0
0
0.006928
0.002364
0.002427
0.002421
0.002564
0.002849
0.002874
0
0
0
0
0.002299
0
0.002288
0
0.002299
0
0.002268
0
0.002404
0.007463
0
0
0
0
0
0
0
0
0
0
0
0
0
0.002198
0
0
0
0
0
0
0.002151
0.002137
0
0
0
0
0
0
0
0.002028
0.001969
0.001931
0.001969
0
0
0.003824
0
0
0
0.007678
0
0
0
0.003883
0
0.001927
0
0
0
0
0
0
0
0
0
0
0
0
0.002075
0.002278
0.002114
0
0.00207
0
0
0
0
0
0.001946
0
0
0
0.001912
0.001923
0
0.001942
0.001953
0
0
0
0
0
0.001916
0
0
0
0
0
0
0
0.001898
0
0
0
0.003788
0
0.001838
0
0.001883
0
0.001894
0
0
0.001942
0.001938
0
0.001961
0.00198
0.002
0.001992
0
0
0.002101
0
0
0.004175
0.002092
0
0
0
0
0
0
0.004415
0
0
0
0
0.002242
0
0
0
0
0.00232
0.002331
0
0
0
0
0
0
0
0
0
0
0
0
0
0
0
0
0
0.002212
0
0
0.002188
0
0
0
0
0
0
0.002198
0
0.002227
0
0.002237
0
0
0.004464
0
0
0.002247
0.002232
0
0
0
0
0
0
0
0.002309
0.002331
0
0
0
0.002283
0
0
0.002227
0
0
0.002155
0
0
0
0
0
0
0.002119
0
0
0.002088
0.004219
0.00211
0
0
0
0
0
0
0
0
0
0
0
0
0.002257
0
0.002242
0
0
0
0.002237
0
0
0
0
0
0
0
0
0
0
0
0
0.002033
0
0
0
0.002016
0
0
0
0.001887
0
0.001898
0
0.001912
0
0
0
0
0
0
0
0
0
0.001835
0.005505
0
0
0
0
0
0
0
0
0
0
0
0
0
0
0
0
0
0.002049
0
0
0
0
0
0.002012
0.002033
0.002105
0
0
0.002105
0
0
0.002174
0
0
0.002439
0.00545
0.00274
0
0
0.002208
0
0
0
0
0
0
0
0
0
0
0.00207
0.002119
0
0.002155
0
0
0
0
0
0
0
0.002155
0
0.002183
0
0.002212
0.002193
0
0
0
0
0
0
0
0
0
0
0
0
0
0
0
0
0.002217
0.002252
0
0
0
0
0.006928
0
0.00237
0
0
0.016077
0
0.003205
0
0.00303
0
0
0
0
0
0
0
0.001931
0
0
0
0.00188
0
0.005263
0.001742
0.003503
0.001739
0.001736
0.00173
0
0
0.001712
0.003356
0
0
0.001686
0.003396
0.001712
0
0
0
0
0.001678
0
0.003367
0
0
0.001637
0
0.001661
0
0
0
0
0
0
0
0
0
0.001709
0
0
0
0
0.001764
0.001742
0
0
0
0
0
0
0
0
0
0
0
0.002053
0
0
0
0
0
0
0
0
0.003448
0.002439
0
0
0
0
0
0
0
0
0.002179
0
0
0.002326
0
0
0
0
0
0
0
0
0
0
0
0
0
0.002506
0
0
0.002315
0
0.004598
0.002347
0.002347
0
0
0
0
0
0
0
0
0
0
0
0
0
0.002358
0
0
0
0.002299
0
0
0
0
0.007273
0
0.007273
0
0
0.002717
0
0
0
0
0
0.003247
0
0
0
0.002227
0.002179
0
0.005988
0
0.002128
0.002114
0
0
0
0
0
0.008677
0
0
0
0
0.002155
0
0.004167
0.002123
0.002062
0
0.002066
0
0
0.001949
0.003945
0.001969
0
0.003861
0
0.001923
0
0.001961
0
0.001949
0
0.001908
0
0
0.00188
0
0
0
0.003861
0.001919
0.001938
0.001957
0
0
0
0
0
0
0
0
0
0.001927
0
0
0.001916
0
0
0
0.003839
0
0.001916
0
0
0
0
0
0
0
0
0.002075
0
0
0.002066
0
0.002083
0
0
0
0
0.002075
0
0
0.004115
0.002114
0.00211
0
0.006289
0
0
0
0
0
0
0.002066
0
0.001984
0
0
0
0.003906
0.003906
0.001916
0.001957
0
0.001965
0.001972
0.003922
0.001949
0
0
0.001949
0
0.003899
0
0
0
0
0
0
0.001946
0
0.001984
0.004255
0
0
0
0
0.002008
0
0
0
0
0
0
0.001905
0.001859
0
0
0
0
0
0
0.001919
0
0.001894
0
0.001901
0
0
0
0.007605
0
0
0.001912
0.001905
0.001927
0
0.001916
0.00241
0.001845
0.001866
0.001828
0
0.001761
0.00177
0.001783
0
0.001773
0.001745
0
0
0
0
0.002288
0.001786
0.001754
0.003503
0
0
0.003571
0
0
0
0.001815
0
0.001855
0
0
0
0
0
0
0
0.001931
0.002165
0
0
0
0.001957
0
0
0.003922
0
0.001927
0.003831
0
0
0
0.002066
0
0
0.002123
0
0
0.002278
0
0
0.004367
0
0
0
0
0
0
0
0
0
0
0
0.002336
0.004684
0
0
0
0
0
0
0
0
0.004
0
0
0
0
0
0
0
0
0
0
0.003717
0.004098
0
0
0
0
0
0
0.003937
0
0.004065
0.004132
0
0
0
0
0
0
0
0
0
0
0
0
0
0
0
0.005848
0
0
0
0.011765
0
0
0
0
0
0
0
0
0
0
0
0
0
0
0
0
0.008264
0
0
0
0.008197
0
0
0
0
0
0
0
0
0
0
0
0
0
0
0
0
0
0
0
0
0
0
0
0
0
0
0.015625
0
0
0
0
0
0
0
0
0
0
0
0
0
0
0
0
0
0.004545
0
0
0
0.004464
0.004255
0
0
0
0
0
0
0.00369
0.00361
0
0
0
0
0
0
0
0
0
0
0.003922
0
0
0
0
0
0
0
0
0
0
0
0
0
0
0
0
0
0
0
0
0
0
0
0
0
0
0
0
0
0.004132
0
0
0.004274
0
0
0
0
0
0.005935
0
0
0.002513
0
0
0.002375
0
0
0
0.002247
0
0
0.002242
0.002212
0
0
0
0.002212
0
0
0
0
0
0
0
0
0
0
0
0
0
0
0
0
0.002941
0
0
0.003802
0
0
0
0
0
0
0
0
0
0
0
0
0
0
0.00369
0
0
0
0.003774
0
0
0
0
0
0
0
0
0.006757
0
0
0
0
0
0
0
0.005
0
0.005155
0
0
0
0
0
0
0
0
0
0
0
0.006494
0
0
0
0
0
0.006173
0
0
0
0.006993
0
0
0.009524
0
0
0
0
0
0
0
0
0
0
0
0
0
0
0
0
0
0
0
0
0
0
0
0
0
0
0
0
0
0
0
0
0
0
0
0
0
0
0
0
0
0
0
0
0.004854
0
0
0
0
0
0
0
0
0.004082
0
0
0
0
0
0
0.003425
0.007067
0
0
0
0.003559
0
0.003448
0
0
0
0
0
0.00303
0.002976
0
0
0
0
0
0
0
0
0
0
0.002747
0
0
0.002538
0.0025
0
0
0
0
0
0
0.004773
0
0.002392
0
0
0
0
0
0
0
0
0.002457
0
0
0
0
0.002137
0.002174
0
0.002141
0.00431
0
0
0
0.002155
0
0
0
0
0
0
0
0
0
0.004376
0
0.002232
0.002217
0.002283
0
0
0.002404
0.016779
0
0
0.004367
0
0.002169
0
0
0
0.002193
0.002137
0
0
0.002062
0
0.004124
0
0
0
0.002058
0
0
0.002053
0
0
0
0
0
0
0.002033
0.004073
0.002045
0
0
0.002066
0
0.002008
0
0
0
0
0
0
0
0.002155
0.004274
0
0
0
0.009091
0
0
0
0
0.002924
0
0
0
0
0
0.002299
0
0
0.002237
0
0
0
0
0
0.001996
0.001996
0.001984
0
0
0
0.001972
0
0
0
0
0
0
0
0
0
0
0
0.001799
0
0.001828
0.001828
0
0
0
0
0
0
0
0
0
0.001757
0
0
0.003623
0.001802
0
0
0
0.001815
0.003697
0
0
0
0
0
0.001805
0
0.001783
0.001848
0.004926
0
0
0
0.001808
0
0
0
0.003636
0
0
0.001859
0
0
0
0.00198
0
0
0
0
0.002151
0
0
0
0.005025
0
0
0
0
0
0.003571
0
0
0
0
0
0
0
0
0.002778
0
0
0
0.002375
0
0
0.002304
0
0
0
0
0
0
0
0
0
0
0
0
0
0.002604
0.002387
0
0.002326
0
0
0
0.002262
0
0
0
0
0
0
0
0
0
0
0
0
0
0
0
0
0.004115
0
0
0.002967
0
0
0
0
0
0.003413
0
0
0.004032
0.003906
0
0
0
0.003922
0.008
0
0
0
0
0
0
0
0.004608
0
0.005128
0
0
0
0
0
0
0
0.005076
0.005051
0
0.005128
0
0
0
0
0
0.013333
0
0
0
0
0.005747
0
0
0.005618
0.005848
0
0
0
0.006061
0
0
0
0
0
0
0
0.007042
0
0
0
0
0
0
0
0
0
0
0
0
0.006211
0
0
0
0
0
0.003425
0
0
0
0
0
0
0.003106
0.003367
0
0
0
0
0
0.005291
0
0
0
0.002481
0
0
0.00241
0
0
0
0
0
0
0
0
0
0
0.002381
0
0
0
0
0
0
0
0.00274
0.008621
0.002732
0
0.002674
0
0.002674
0
0
0
0
0
0
0
0
0
0.003175
0
0
0
0
0
0
0
0
0
0
0
0
0
0.003049
0
0
0
0
0
0
0
0
0
0
0
0
0
0.036649
0.005076
0
0.003876
0
0
0
0
0
0
0
0
0
0
0
0
0
0.003717
0
0
0
0
0
0.003145
0
0
0
0
0
0
0
0
0
0
0
0
0
0
0
0
0.00295
0.006309
0.002857
0
0
0
0
0
0
0.009404
0
0
0.003115
0.003135
0
0
0
0
0
0.003322
0
0
0
0
0
0
0
0
0
0
0
0
0.004065
0
0
0
0
0
0.012
0
0
0
0
0
0
0
0
0
0
0
0
0
0
0
0
0
0
0
0
0
0
0
0
0
0
0
0
0
0
0
0
0
0
0
0
0
0
0
0
0
0
0
0
0
0
0
0
0
0
0.00369
0
0
0
0.00339
0
0
0.003205
0.003145
0
0
0.00303
0
0
0
0
0
0
0
0
0
0
0.002725
0.002747
0
0
0.002809
0.002833
0.002882
0
0
0
0
0
0.006154
0
0
0
0
0.006452
0.003247
0
0
0
0
0
0
0.004695
0
0
0
0.008889
0
0
0
0
0
0
0
0
0
0
0
0
0
0
0.004975
0
0
0
0
0
0
0
0
0
0
0
0
0
0
0
0
0
0
0.007634
0
0
0
0
0
0
0
0
0
0
0
0
0
0
0
0
0
0
0
0
0
0
0
0
0
0
0
0
0
0
0
0
0
0
0
0
0
0
0
0
0
0
0
0
0
0
0
0
0
0
0
0
0
0
0
0.003367
0
0
0
0
0.003096
0
0
0
0
0
0
0
0
0
0
0.002674
0
0
0.002625
0
0
0
0
0
0.002725
0
0
0.002717
0
0
0
0.004167
0
0
0.002967
0.005917
0
0.00289
0.002924
0
0.002941
0
0
0
0
0
0
0
0
0
0
0
0.002801
0
0.00271
0
0
0
0
0.002538
0.002558
0
0
0
0
0
0
0
0
0
0.023102
0
0.002688
0.008333
0.002381
0
0
0
0.002123
0
0
0
0
0.002062
0
0
0
0.002053
0
0.001976
0
0
0
0
0
0.001894
0
0
0
0.003906
0.004228
0
0
0.001908
0
0
0
0.001908
0
0.001965
0
0
0.002012
0
0
0
0
0
0
0
0
0
0
0
0.00361
0
0
0.002273
0
0
0
0
0
0.002141
0
0
0.002439
0
0
0
0.002151
0
0
0
0
0
0.002278
0.002427
0.008097
0
0
0.003906
0
0
0
0
0
0
0
0
0
0
0
0.012295
0
0
0
0
0
0.013369
0.00237
0
0
0
0
0
0.002188
0
0
0
0.001996
0.003937
0
0
0
0.002
0
0
0
0
0.001946
0
0
0
0
0
0
0.001859
0
0
0.002564
0
0
0
0
0
0.001862
0
0
0
0
0
0
0.003738
0
0
0
0.001845
0
0
0.002387
0
0
0
0.004367
0.002075
0
0
0
0.002778
0
0
0
0
0
0
0
0
0.001961
0
0.00198
0
0.005825
0
0
0.001942
0.001976
0
0
0.002058
0.002053
0.002088
0
0
0
0
0.00409
0
0.002079
0
0
0
0
0
0
0.003145
0
0
0
0
0.004435
0
0
0
0.004505
0
0.00232
0
0
0
0
0
0
0.002445
0
0.002481
0
0
0
0
0
0.002392
0.002404
0
0
0
0
0
0
0
0
0.002375
0
0
0.002398
0
0
0
0
0.002506
0
0
0.002445
0
0
0
0
0
0
0
0
0
0
0
0
0.002545
0
0.002591
0.002639
0
0
0
0
0
0
0.002755
0.002833
0
0
0
0.004032
0
0.002653
0
0.002646
0.002646
0
0
0.002639
0
0
0
0
0
0
0.004167
0
0
0
0
0
0
0
0
0
0
0
0
0
0
0
0.002506
0
0
0
0
0
0
0
0
0
0
0.002315
0
0
0
0
0
0
0
0.002237
0
0
0.002155
0
0.002151
0
0.006231
0
0
0
0.002101
0
0
0
0
0
0.002088
0.00202
0.00202
0
0
0.001996
0.004024
0
0.002045
0
0
0
0.00211
0
0
0
0
0
0
0
0
0
0
0
0
0
0
0
0
0.001898
0
0
0
0
0
0
0
0
0.005929
0.002008
0
0
0.00207
0
0.00211
0
0
0
0
0.002217
0
0
0.002315
0
0
0
0
0
0
0.003484
0
0
0
0
0
0
0.006154
0.00277
0
0
0.002646
0.00266
0
0.002674
0
0
0
0.002959
0
0
0.002994
0
0
0
0
0
0.002959
0.00295
0
0
0
0
0
0
0
0
0
0
0
0
0
0
0.003984
0
0
0
0.003356
0
0.003344
0
0
0
0
0
0.003597
0.003953
0
0
0
0
0
0
0
0
0
0
0
0
0
0
0
0
0
0
0
0
0
0
0
0
0
0
0
0
0
0
0
0
0
0.002212
0
0
0
0
0
0
0
0
0
0
0
0
0
0
0
0
0
0
0.003704
0
0
0
0
0
0
0.002475
0
0.006061
0.003344
0
0.005063
0
0.0025
0
0.002415
0.00237
0
0
0
0.002273
0.002212
0
0
0
0
0
0.002262
0
0
0
0
0.002232
0
0.002232
0.002237
0.002217
0
0
0
0
0
0
0
0.002283
0
0
0.002381
0
0
0
0
0
0
0
0.002625
0
0.002762
0
0
0.002959
0
0
0.004902
0
0
0
0
0
0
0
0.002933
0
0
0
0
0
0
0
0
0
0
0
0
0
0
0
0.00237
0
0
0
0
0
0
0
0
0.002551
0
0
0
0.002506
0
0
0
0
0
0.002525
0
0
0
0.002618
0
0
0
0
0
0
0.00542
0.00266
0
0
0
0
0
0
0
0
0.002625
0
0
0.002632
0
0
0
0.003584
0
0.002688
0.002688
0
0
0.002558
0
0
0
0
0
0
0.002611
0
0
0.002564
0
0
0
0
0
0
0
0
0.00289
0
0
0
0
0
0
0
0
0
0.002725
0
0
0
0
0
0
0
0.002703
0.002755
0
0
0
0.002755
0
0.002732
0
0
0.002778
0.002778
0
0
0
0
0
0
0.003077
0
0
0
0.003425
0
0
0
0
0
0
0.004115
0.005376
0.005714
0
0
0
0
0
0
0.006536
0
0
0
0
0
0
0
0
0
0
0
0
0
0
0
0
0
0
0
0
0
0
0
0
0
0
0
0
0
0
0
0
0
0
0
0
0
0
0
0
0.017544
0
0
0
0
0
0
0
0
0
0
0
0
0
0
0
0.011364
0
0.02439
0
0
0
0.011111
0
0
0
0
0
0
0
0
0
0
0
0
0
0
0
0
0
0
0
0
0
0
0
0
0
0
0
0
0
0
0
0
0
0
0
0.016
0
0
0
0
0
0
0
0
0
0
0
0
0
0.010929
0
0.006645
0
0
0
0
0
0.005333
0
0.002632
0.002577
0
0
0
0
0
0
0
0
0
0.002299
0
0.002174
0
0
0.002045
0.002008
0
0
0
0
0
0
0
0
0
0
0
0
0
0.001757
0
0
0
0
0.001736
0
0
0
0
0.002028
0.001835
0
0
0
0.001815
0
0
0
0.001802
0
0
0
0.001754
0.001783
0.004988
0
0
0
0.001686
0
0
0
0
0
0
0
0
0
0.001678
0
0
0.001647
0.001664
0
0
0
0.00173
0.002033
0.026971
0
0
0
0
0
0
0.00367
0
0
0.003571
0
0
0
0
0
0
0
0.00531
0
0
0
0.003497
0.001727
0
0
0.001818
0.002375
0
0.001789
0
0
0.001739
0
0.001786
0
0
0
0
0.001828
0
0.001792
0
0
0
0
0
0.001802
0
0.00369
0
0
0.001835
0
0
0.001838
0.001869
0.001931
0.00189
0.001873
0
0
0.001923
0
0.001923
0
0
0.001957
0
0
0
0.002381
0
0.002506
0
0
0
0
0
0
0
0
0
0
0.001866
0
0
0.001912
0
0
0
0.001876
0
0
0
0
0.002488
0
0
0.001866
0
0
0
0.001927
0.001942
0
0
0
0.002053
0
0
0
0.004566
0
0
0
0
0
0
0
0.027397
0
0
0
0.007092
0
0
0.010989
0
0
0
0
0
0
0
0
0
0
0
0
0
0
0
0
0
0
0
0
0
0
0.002632
0
0
0
0
0
0
0.004831
0
0
0
0
0
0
0.002439
0
0
0
0
0
0
0
0.002762
0.002809
0
0
0
0
0
0
0
0.003333
0
0
0
0
0
0
0
0
0
0
0
0.003067
0
0.003058
0
0
0
0
0
0
0
0
0.003003
0
0
0
0
0
0
0
0
0.003344
0
0
0.003717
0
0
0
0
0
0
0
0
0
0
0
0
0
0
0
0
0
0
0
0
0
0
0
0
0
0
0
0
0
0
0
0
0
0
0
0
0.004505
0
0
0
0
0
0
0
0
0
0
0
0
0
0
0
0
0
0
0
0
0
0
0
0.003521
0.003472
0
0
0
0
0
0
0
0
0
0
0
0
0
0
0
0
0
0
0.00369
0
0
0
0
0
0.0033
0
0.003205
0
0
0
0
0
0
0
0
0.00625
0
0
0
0
0
0
0.002865
0
0
0.002755
0
0
0
0
0
0
0
0.002681
0.002625
0
0
0.002618
0
0
0.0025
0
0.002494
0
0.002506
0
0
0
0
0
0
0
0.002717
0.002747
0
0
0
0.002457
0
0
0.002392
0.002381
0.011905
0.002294
0
0
0.002358
0
0
0.002358
0.002375
0.002288
0.002309
0
0.002278
0
0.002353
0
0
0.009063
0
0
0
0
0
0
0
0
0
0
0.002183
0
0.004348
0.004283
0
0.002119
0.002151
0
0
0
0.006383
0
0.002096
0
0
0
0.002825
0.002203
0
0
0
0
0
0
0.002198
0
0
0.002217
0.002232
0.002222
0.002252
0
0
0
0.004854
0
0
0.01385
0
0
0.002571
0
0.002604
0
0.002632
0
0
0
0
0
0
0
0
0.002817
0
0.005797
0
0
0
0
0.009231
0.003049
0
0
0.003077
0.006173
0.003049
0
0
0.003155
0
0
0
0.014218
0
0
0
0.003333
0
0.0033
0
0
0.003436
0
0.003333
0
0
0
0
0
0.003472
0
0
0
0
0
0.003425
0
0
0
0
0
0.003937
0
0
0.004049
0.004049
0.008264
0
0
0
0.004405
0
0
0
0.005587
0
0.00565
0
0
0
0
0
0
0.009346
0
0
0
0
0
0
0
0
0.006803
0
0
0
0
0
0
0
0
0
0
0
0
0
0
0
0
0
0
0
0
0
0
0
0
0
0
0
0
0
0
0
0
0
0
0
0
0
0
0
0
0
0
0
0
0
0
0
0
0
0
0
0
0
0.017647
0.004525
0
0
0
0
0
0
0
0
0
0.004065
0
0
0
0
0
0
0
0
0
0.002924
0
0
0
0
0
0.002632
0
0
0
0.002439
0.002427
0
0
0
0
0
0
0.002336
0
0
0.002688
0
0
0.002494
0
0
0.005618
0
0.00266
0
0
0
0
0
0
0
0
0
0
0.010076
0
0
0
0
0
0
0
0.005076
0
0
0
0.00266
0.002695
0
0
0
0
0
0
0.002747
0.002786
0.002825
0
0
0
0
0
0.002967
0
0
0
0.003106
0
0
0.00722
0.003571
0
0
0
0
0.003831
0.007782
0
0.009434
0
0
0
0
0
0
0
0
0
0
0
0.029412
0
0
0
0
0
0
0
0
0
0
0
0
0
0
0
0
0
0
0
0
0
0
0
0
0
0
0.003268
0
0
0
0
0
0.002833
0
0
0
0.002591
0
0
0
0
0
0
0
0
0
0
0
0
0
0.002463
0
0
0.002304
0
0.002273
0
0.002278
0
0.002179
0
0.002151
0.002179
0
0
0
0
0
0
0.00189
0
0.001898
0.003846
0.008065
0
0
0.001764
0
0
0
0.005929
0.001727
0
0.001642
0
0
0
0
0
0
0
0
0.001621
0
0
0.001637
0
0.00161
0
0
0
0
0
0
0.004515
0
0
0
0
0
0
0.001669
0
0.001642
0.001639
0.001592
0
0
0
0
0
0
0
0
0
0
0
0
0.001621
0
0.00321
0
0
0
0.003279
0
0
0
0.001815
0
0
0
0.001645
0.00161
0
0
0
0
0
0
0.00156
0
0.001563
0
0
0
0
0
0.00346
0
0.001626
0
0.003135
0
0
0
0
0.001572
0
0.001546
0
0
0
0
0
0.001477
0
0.001502
0.00149
0
0
0
0
0.001471
0
0
0
0
0
0
0
0.001433
0
0
0.001462
0
0.00149
0
0
0.00152
0
0
0
0
0
0
0.003086
0.003044
0
0
0
0
0.003643
0
0
0.001592
0
0
0
0
0
0
0.001818
0
0.001739
0.001709
0.001742
0.003552
0.003454
0.001783
0
0.00189
0
0.005952
0
0
0.001808
0
0
0
0
0.001838
0.001845
0
0
0.005764
0
0.002058
0
0
0
0
0
0
0.002119
0.002123
0
0
0
0
0.002183
0
0
0
0
0
0.002392
0.0025
0
0
0.002309
0
0.002358
0
0.002381
0
0
0
0
0.005249
0
0.002674
0.002801
0
0
0
0
0
0
0
0.003378
0
0
0.005051
0
0
0
0.003788
0
0.003891
0
0.004149
0.004405
0.004386
0
0.009479
0
0
0.005618
0.008
0
0
0
0
0
0
0
0
0
0
0
0
0
0
0
0
0
0
0
0
0
0
0.025641
0
0
0
0
0
0
0
0
0
0
0
0
0
0
0
0
0
0
0
0
0
0
0
0
0
0
0
0
0
0
0
0
0
0
0
0
0
0
0
0
0
0
0
0
0
0
0
0
0
0
0
0
0
0
0
0
0
0
0
0
0
0
0
0
0
0
0.005208
0
0
0
0
0
0
0
0
0
0
0
0
0
0
0
0
0
0
0
0
0
0
0
0
0
0
0
0
0
0
0
0
0
0.008097
0.003906
0
0
0
0
0
0
0
0
0
0
0
0
0
0
0
0
0
0
0
0
0.003003
0
0
0
0
0.002762
0
0
0
0
0
0.003175
0
0.002786
0
0
0
0.002584
0
0.002571
0.002538
0
0
0
0
0
0
0
0.002625
0
0
0.00274
0
0
0
0
0
0
0
0
0
0
0
0
0.008547
0
0
0
0
0
0
0.009709
0
0
0
0
0
0
0.002353
0
0
0
0
0
0
0
0.004274
0
0
0
0
0
0
0
0
0
0
0.001912
0
0
0
0
0
0
0
0
0
0
0
0
0
0
0
0.00578
0
0
0.002525
0
0
0
0
0.002049
0
0
0
0
0
0
0
0
0
0
0
0
0
0.003552
0
0
0
0
0
0
0
0.001736
0
0
0
0.001739
0.002825
0
0.001715
0.001745
0
0
0
0
0.001805
0
0
0
0.002695
0.004556
0
0
0
0
0
0
0
0.00177
0
0
0.003817
0
0
0
0
0
0
0.001792
0
0
0
0
0
0.001815
0
0
0
0
0
0
0
0.008798
0
0
0
0.005882
0
0
0
0.002096
0
0
0
0
0
0
0
0
0.001984
0
0
0
0.001969
0.00202
0
0
0.002049
0.002062
0.004219
0.002114
0
0
0
0
0.002137
0
0
0
0.002183
0
0
0
0.002283
0.002262
0
0
0
0
0
0
0
0
0.002618
0.002525
0
0.002545
0
0.002398
0
0
0
0
0
0.002457
0
0
0
0.002506
0
0
0
0
0
0
0
0
0.003436
0
0.002786
0
0
0
0
0
0
0
0.002882
0
0
0
0
0
0.002801
0
0.004545
0.00361
0
0
0
0
0
0
0
0
0.002976
0
0
0
0
0
0
0
0.00542
0.00554
0.005525
0
0
0
0
0
0
0
0.002688
0
0
0
0
0
0
0
0
0.002451
0
0
0
0
0
0
0
0
0
0
0.002597
0
0
0
0
0
0
0.002639
0
0
0.002525
0
0
0
0
0
0
0
0
0
0.002681
0.008219
0
0
0
0
0
0.002667
0
0
0
0
0
0
0
0
0
0
0.002169
0
0
0
0
0
0.002123
0
0
0
0
0
0
0
0.002119
0
0
0
0.004211
0
0
0
0
0.002088
0.002096
0
0
0
0
0
0
0.002058
0
0
0
0
0.002358
0
0
0
0
0
0.002092
0
0
0.002123
0
0
0
0
0
0
0.002227
0
0
0
0
0
0
0
0
0
0
0
0
0
0.00489
0.002513
0
0
0
0
0
0.002222
0
0
0
0
0
0.004684
0
0
0
0
0
0
0
0.002174
0
0
0
0.002128
0
0.002092
0
0
0
0
0.002037
0.002041
0
0
0
0
0
0.002083
0.004338
0.00396
0
0
0
0.00189
0
0
0
0.001859
0
0
0.001852
0
0
0.005319
0
0
0.001852
0
0.001808
0
0
0
0.001812
0
0
0
0
0
0
0
0
0
0
0.004902
0.00165
0
0.001645
0
0
0
0.001656
0
0.003328
0
0
0.001637
0.001626
0.001637
0.001637
0
0.00165
0.006601
0.001637
0.001626
0
0.001634
0
0.001653
0.001678
0
0
0.001709
0
0
0.001754
0
0
0
0
0
0
0.001852
0
0
0
0
0
0
0
0.002096
0
0
0.002146
0
0
0
0.002309
0.002347
0
0
0
0.003534
0
0.005195
0
0
0
0.00271
0
0
0
0
0
0
0.002732
0
0
0
0
0.003236
0
0
0
0
0
0
0.002915
0
0
0
0
0
0
0
0
0
0
0
0
0
0
0
0
0
0
0
0
0.004049
0
0.004566
0
0
0
0
0
0
0
0
0
0
0
0.006993
0
0
0
0
0
0.006452
0
0
0
0
0
0
0
0
0
0
0
0
0
0.008
0
0
0
0.007634
0
0
0
0
0
0
0
0
0
0
0
0.014706
0
0
0.018868
0
0
0
0
0
0
0
0
0.009804
0
0
0
0
0
0
0
0.006452
0
0
0
0
0
0
0
0
0
0
0.008333
0
0
0.005525
0.005464
0.005128
0
0
0
0
0.004587
0
0
0
0.004566
0
0
0.011976
0.004348
0
0.004292
0
0
0
0
0
0
0
0.007246
0.004386
0
0
0
0
0
0
0
0
0
0
0
0
0
0
0
0
0
0
0
0
0
0.002985
0
0
0
0
0.003003
0
0
0.007326
0
0
0
0
0
0
0
0
0
0
0
0
0
0
0
0
0
0
0
0
0
0
0
0.003968
0.003413
0
0
0
0
0
0
0
0
0.002725
0
0
0
0
0
0.002667
0
0
0.002584
0
0
0
0
0.005831
0
0
0
0
0
0.002577
0
0
0
0
0
0.006849
0
0
0
0.002288
0
0
0
0
0
0
0
0
0
0
0.002179
0
0
0
0.00216
0.00216
0
0.002155
0
0
0
0
0.002174
0.002146
0
0
0.002101
0
0.002128
0.002119
0
0
0.002165
0
0
0
0.002227
0
0
0
0
0
0
0
0
0
0.002375
0
0
0.010417
0
0
0
0
0
0.002584
0.005747
0
0
0
0
0.002604
0
0
0
0
0
0.003077
0
0
0
0
0.00295
0
0
0
0
0
0
0
0
0
0.003086
0
0
0
0
0
0
0
0.003322
0
0
0
0
0
0
0
0
0
0
0
0
0
0
0
0
0
0
0
0
0
0.003788
0
0
0
0
0
0
0
0
0.008475
0
0
0
0
0
0
0.008621
0
0
0.022472
0
0
0
0
0
0
0
0.030303
0
0
0
0
0
0
0
0
0
0
0
0.037037
0
0
0
0
0
0
0
0
0
0
0
0.027397
0
0
0
0
0
0
0
0
0
0
0.005882
0
0
0
0.027778
0
0
0
0
0
0.005208
0
0
0.004237
0
0
0
0.007491
0
0.003597
0
0
0
0
0
0
0
0
0
0.003165
0
0
0
0
0
0
0
0.002865
0
0.002924
0
0
0
0.003155
0.002865
0
0
0
0.002584
0
0
0
0
0
0
0
0
0
0.00237
0
0
0
0.002326
0.00241
0
0
0
0.002415
0
0
0.00241
0
0
0
0
0.004914
0.002469
0
0.007212
0
0
0
0.00237
0
0.002381
0
0
0.004577
0
0.002273
0
0
0.002227
0
0
0
0
0
0
0
0
0
0
0
0
0
0
0
0
0.005076
0
0
0
0
0.00241
0
0
0.002315
0
0
0.002268
0
0
0
0
0
0
0
0
0
0
0
0.002141
0.002155
0.002165
0
0.002208
0
0.002179
0.002198
0
0
0.004386
0.004228
0.002137
0.002101
0.002123
0
0
0
0
0
0
0
0
0
0
0.00216
0
0
0
0.004264
0.002174
0.002155
0
0.008869
0.004425
0
0
0.004494
0.002227
0
0.002227
0
0
0.003448
0
0
0
0
0
0
0
0
0
0
0
0.006912
0
0
0.002364
0.002392
0
0
0
0.004914
0
0.002445
0
0
0.002618
0
0
0
0
0
0
0
0.003817
0
0
0
0
0
0
0
0
0
0
0
0
0.002611
0
0.002532
0
0
0
0.002551
0
0
0
0
0
0
0
0
0.002591
0.002597
0.002591
0
0.002681
0
0
0
0
0.002874
0
0
0
0.003021
0.004032
0
0
0
0
0
0.006135
0
0
0.003534
0
0
0
0
0
0
0
0
0
0
0
0
0
0
0
0
0
0
0
0
0
0
0
0
0
0.005076
0
0.002519
0
0
0
0
0
0
0
0
0.002469
0
0
0.002558
0
0
0
0
0
0
0
0.002778
0
0.002725
0
0
0
0
0
0
0.006667
0.003086
0
0
0
0
0
0
0
0
0.003115
0.003012
0.003021
0
0
0.00304
0
0
0.004651
0.003367
0
0
0
0
0.003559
0
0
0
0
0
0
0
0
0
0.003021
0
0
0
0
0
0
0
0
0
0
0
0
0
0
0
0
0
0
0
0
0
0
0
0
0.003984
0
0
0
0
0
0
0
0
0
0
0.014286
0
0
0
0
0.010101
0
0
0
0
0
0.006803
0
0
0
0
0
0
0
0
0
0
0.013333
0.055556
0
0
0
0.025
0
0
0
0
0
0
0
0.033898
0
0
0
0
0
0
0
0
0
0
0
0.018868
0
0
0
0
0
0
0
0
0
0
0
0
0
0
0
0.006329
0
0
0
0
0.005102
0
0
0
0
0
0
0
0
0
0
0
0
0
0
0
0
0
0
0
0
0
0
0
0
0
0
0
0.004785
0
0
0
0.002924
0
0
0
0
0
0
0
0
0
0
0
0
0
0
0
0
0
0
0
0.002551
0
0
0
0
0.002545
0
0
0
0.004938
0
0.002545
0
0
0
0
0
0
0.002538
0
0.004938
0
0
0
0
0
0.002597
0
0
0
0
0
0
0
0
0
0
0
0
0
0
0
0
0
0
0
0
0
0
0
0
0
0
0
0.002232
0
0
0
0
0
0
0
0.002128
0.002119
0.00211
0
0
0
0
0
0
0
0
0
0.002062
0
0
0.002045
0
0
0
0
0
0.004149
0.002012
0
0
0.002
0.001972
0.002028
0.002024
0
0
0
0.002033
0
0.001992
0
0
0.002028
0
0
0.002066
0
0
0.002024
0
0
0
0.001984
0
0
0
0
0
0
0
0
0
0.002041
0
0
0
0
0.002342
0.002571
0
0
0
0
0
0
0
0
0
0
0
0
0
0
0
0
0
0
0
0.006098
0
0.003781
0
0
0
0
0
0.001805
0
0
0
0
0
0
0
0.001848
0.001845
0
0
0
0.001799
0
0
0
0
0
0
0.001815
0
0
0.001821
0
0
0
0.001773
0
0
0
0.001873
0
0
0
0
0
0
0.003731
0
0
0
0
0
0
0
0
0.001961
0.005929
0.001984
0
0
0
0
0.002049
0
0
0
0
0
0
0
0
0
0.004435
0.002151
0
0
0
0.004301
0.004367
0
0
0.007177
0.002309
0
0
0.002304
0
0
0
0
0.002309
0.00232
0
0.002653
0
0.002336
0
0
0
0
0
0
0
0
0
0
0.002347
0
0
0.002299
0
0
0.002268
0
0
0.002309
0
0
0.002347
0
0
0
0
0
0
0
0
0.002165
0
0
0
0
0
0
0
0.002037
0
0
0.002028
0
0.002114
0
0
0.002037
0
0
0.001996
0
0
0.001965
0.001972
0
0.001961
0.00202
0
0
0
0
0
0
0
0
0
0
0.001912
0.003839
0.003788
0.001912
0
0.003899
0
0
0
0
0.003922
0
0
0
0.006263
0.001957
0
0
0
0
0.002653
0
0
0.002137
0.002132
0
0
0
0
0
0
0
0.002146
0.006711
0
0
0
0
0
0.005115
0
0.002725
0
0.00277
0.00578
0
0.002967
0
0
0.019802
0
0
0
0
0
0
0
0
0.052632
0
0
0
0
0
0
0
0
0
0
0
0
0
0
0
0
0
0
0
0
0
0.007937
0.004082
0
0
0
0
0
0
0
0
0
0
0
0
0
0.006472
0
0
0
0
0
0
0
0.003484
0
0
0
0.003484
0
0
0
0
0
0
0
0
0
0
0
0
0
0
0
0
0
0
0.005464
0
0
0
0
0
0
0
0
0
0
0
0
0
0.003012
0
0
0
0
0
0.002801
0.002817
0
0
0.002653
0
0
0
0
0
0
0
0.002404
0
0
0
0
0
0.002375
0
0
0.002469
0
0
0
0
0
0.002475
0.002538
0.009119
0
0
0
0
0
0
0
0
0
0.002488
0.002398
0
0
0
0
0.002232
0
0
0
0
0
0
0
0.007595
0.002299
0
0
0
0
0
0
0
0
0
0
0
0
0
0
0
0.002451
0
0
0
0.003106
0
0
0.00639
0
0
0
0
0
0
0
0
0.014493
0
0.008403
0
0
0
0
0
0
0.016129
0
0
0
0
0
0
0
0
0.002273
0.002237
0
0
0
0
0
0
0
0
0
0.002128
0.002174
0
0
0
0
0.002924
0
0
0
0.00627
0
0.008602
0
0
0
0
0
0
0.002016
0
0
0
0
0.004073
0
0
0.001905
0.00189
0
0
0
0
0
0
0
0
0
0.001825
0
0
0
0
0.001825
0
0
0.001821
0.001835
0
0
0
0
0.001779
0
0.003656
0
0
0
0
0.003731
0.001838
0
0
0
0
0.001825
0.003683
0.001869
0
0.001866
0.005618
0.001887
0
0
0
0
0
0
0
0.002146
0.002222
0
0.002169
0
0
0
0.006494
0
0
0
0
0
0.002128
0
0
0
0
0
0.004484
0.002326
0
0
0
0
0.002415
0.002336
0
0.002309
0
0
0
0
0.002392
0.002392
0
0.004963
0
0
0.019685
0
0
0.003268
0
0
0
0
0
0
0
0
0.002299
0
0
0.002257
0
0
0.004405
0.002174
0
0
0
0
0
0
0
0.002183
0
0
0.004843
0
0
0
0
0
0
0
0
0
0
0
0.002212
0
0.002183
0
0
0
0
0
0.004566
0.004785
0.010638
0.002646
0
0.003401
0
0.002427
0.002404
0.002439
0.00495
0.002433
0.002439
0
0
0.012658
0.002571
0.005155
0
0
0
0
0
0
0.002404
0
0
0
0.007246
0.002387
0.002404
0
0
0
0
0
0.002488
0.002481
0
0
0
0
0
0.002625
0
0.002688
0
0
0
0.002817
0
0
0.002841
0.002841
0
0
0
0
0
0
0
0
0
0
0
0
0.003509
0
0
0
0.003623
0
0
0.004082
0
0
0.020661
0
0.008163
0
0
0
0
0
0.007752
0.032922
0.503497
0.028902
0.007194
0.011429
0.118421
0
0
0
0.005376
0.005319
0.005319
0
0
0
0
0
0
0
0
0
0
0.017699
0.004425
0
0
0
0
0
0
0
0
0
0
0.003937
0.007722
0
0
0
0
0
0
0
0
0
0
0
0
0
0
0.003333
0
0.003378
0
0
0
0
0.003484
0
0.003497
0
0
0
0
0
0
0
0
0
0
0
0
0
0
0
0
0
0
0
0
0
0
0
0
0.00578
0.005848
0
0
0
0
0
0
0
0
0
0
0
0
0
0
0
0
0
0
0
0
0
0
0
0
0
0
0
0
0
0.012821
0
0
0
0
0
0.006369
0
0
0
0
0
0
0
0
0
0
0
0
0
0
0
0
0
0
0
0
0
0
0
0
0
0
0.005525
0
0
0
0
0
0
0
0
0.002762
0
0
0.002732
0
0
0
0
0
0
0
0.003077
0
0
0
0.004255
0
0
0.005814
0.001898
0
0
0
0
0.001783
0.003484
0
0
0
0
0
0
0
0.001563
0
0.00157
0.00316
0
0.001567
0.00156
0
0
0
0.001587
0.0016
0.001595
0
0
0
0
0.003221
0.001613
0.001626
0.001623
0
0.00641
0
0.003339
0.001629
0
0
0.001667
0
0
0
0
0
0
0.001681
0.001695
0
0.001724
0.001739
0
0
0
0.001795
0
0.003565
0
0
0
0
0
0
0.005386
0
0
0
0
0
0.001996
0
0
0.002558
0.002762
0
0
0
0
0
0
0
0
0
0.006601
0
0
0
0
0
0
0.001938
0
0.001996
0
0
0
0.002137
0
0.004032
0
0.002037
0
0.002146
0
0
0
0
0
0
0
0.001942
0
0.003906
0
0
0
0
0
0.002024
0
0
0
0
0
0.00207
0.002045
0
0.002041
0
0.002079
0
0
0
0.002114
0
0
0.002114
0
0.00211
0.002123
0.002146
0.004405
0
0.002247
0
0
0
0.007229
0
0
0
0
0.002801
0
0
0
0
0
0
0
0
0.007042
0.023474
0
0
0
0
0
0.004348
0
0
0.005525
0.166667
0
0.2
0
0
0
0
0
0
0
0
0
0
0
0
0
0
0.02439
0
0
0
0
0
0
0
0
0
0
0
0
0.003185
0
0
0
0
0
0
0
0.002755
0.002725
0
0
0
0
0
0.002725
0
0
0
0.002755
0
0
0
0
0
0
0.002941
0
0
0
0
0
0
0
0
0
0
0.002519
0
0
0
0
0
0.002445
0
0
0
0.002304
0
0
0
0.002353
0
0
0.002262
0
0
0.002237
0.002252
0
0
0
0
0
0
0
0
0
0
0
0
0.002326
0
0
0
0
0.004464
0
0.002257
0
0.002222
0
0.002242
0.002232
0
0.002247
0
0.002288
0.002294
0
0
0
0
0
0.002445
0.002625
0
0
0
0.002268
0.002294
0.002262
0
0
0.004728
0
0.004717
0
0.004762
0.004785
0.004728
0.00241
0.002342
0.002309
0
0
0
0
0.002283
0.002304
0
0
0
0.002304
0.002268
0
0.002203
0
0
0.002294
0.00716
0.002347
0
0
0
0
0.002151
0.00216
0.002155
0.002128
0
0
0
0.002101
0
0.002165
0.002132
0
0
0
0
0.002141
0
0
0.002165
0
0
0
0
0.004357
0
0
0
0
0
0.002299
0
0
0
0
0
0.004963
0.00545
0
0
0.010724
0.00237
0
0
0
0.002227
0
0
0
0
0
0
0
0
0
0
0
0
0
0
0.002358
0.002392
0.00241
0.00237
0
0
0
0
0
0
0
0
0
0
0
0
0
0
0
0
0
0
0
0
0.002299
0
0
0
0.013201
0.002358
0.004662
0
0.004843
0
0
0.002137
0
0.002096
0
0
0
0
0
0
0
0
0.002049
0.002037
0.00207
0
0
0.002012
0
0
0
0.003992
0.007874
0
0
0.00759
0.001876
0.001919
0
0.003752
0
0.005618
0
0.001908
0.001916
0
0
0.003788
0
0
0
0
0
0
0
0
0.001818
0
0
0
0.003683
0
0
0
0
0
0
0.001832
0
0.001894
0.001873
0
0.001916
0.001912
0.001876
0
0.003759
0
0.003795
0
0
0
0
0
0
0
0
0.001828
0
0
0
0
0.001866
0
0
0.001842
0.001835
0.001805
0
0.001838
0
0
0.001848
0
0
0
0.001808
0
0
0.001767
0.001783
0
0
0
0
0
0.001821
0.001802
0.001842
0
0
0
0.003795
0
0.001862
0.001873
0
0.001898
0.001898
0
0.003745
0
0
0.001866
0.001919
0
0
0
0
0
0
0
0
0
0
0
0
0
0
0
0.00202
0
0
0.001965
0
0
0
0.00409
0.002037
0.004175
0.004219
0
0.002058
0.004167
0.002096
0.002155
0
0
0.004348
0
0
0
0
0.002203
0.002198
0
0
0.002183
0
0
0
0.002257
0
0
0.004535
0
0.002262
0
0
0
0
0.002398
0
0
0.002381
0
0
0
0
0.002469
0
0
0
0
0
0
0.002513
0
0
0
0
0
0
0
0
0
0.002597
0.002625
0.002625
0.002632
0
0
0
0.002646
0
0
0
0
0
0
0.002841
0
0
0
0
0
0.00277
0
0.002653
0.002591
0
0.005236
0.002604
0
0
0
0
0
0.00241
0.002364
0
0
0
0
0
0
0
0
0.002012
0
0.003906
0
0.001901
0
0.001862
0
0
0.001761
0.001718
0
0
0
0
0
0.001524
0.002994
0
0.00289
0.001397
0
0.001346
0
0
0
0
0
0
0
0
0
0
0
0.001292
0
0
0.001326
0.002829
0
0.001287
0.001279
0.001264
0
0.00128
0
0.001247
0.001261
0
0
0.001245
0.001253
0
0
0.002564
0
0
0.001266
0.001307
0.003836
0.001307
0
0.001595
0.001656
0.001667
0
0.002759
0
0
0.002574
0
0
0
0.001284
0.002558
0
0.002513
0
0
0
0
0
0
0
0.001222
0.003745
0
0
0
0.001225
0
0
0.002587
0
0.001287
0
0
0.001321
0
0
0
0
0
0.00141
0
0
0
0
0
0
0
0.003067
0
0
0
0
0.001757
0
0
0
0
0
0
0.003831
0
0
0
0
0
0
0
0
0
0.004329
0
0
0
0
0
0
0
0
0.006944
0.002123
0
0
0
0
0
0.002053
0
0
0
0
0.002096
0
0
0
0.002212
0
0
0.00237
0
0
0.002203
0.002222
0
0
0
0
0.002288
0
0.002364
0
0
0
0.002488
0
0
0
0
0.002755
0
0
0
0.007246
0
0
0
0
0
0
0
0
0
0
0
0
0
0
0
0
0.015625
0
0
0
0
0
0
0
0
0
0
0
0
0
0
0
0
0
0
0
0
0
0
0.003155
0
0
0
0
0
0
0.019868
0
0
0
0
0
0
0.00289
0
0.002809
0
0.002809
0
0
0
0
0
0
0
0
0
0
0
0
0
0
0
0
0
0
0.007143
0
0
0
0
0
0
0
0
0
0.002717
0
0.002755
0
0.002755
0
0
0
0
0
0
0.00303
0
0
0
0
0
0.003175
0
0
0
0
0
0
0
0
0.002398
0
0
0
0
0
0
0
0
0
0
0
0
0
0
0
0
0
0.002008
0
0
0
0
0
0
0
0.001984
0
0
0
0
0.002062
0
0
0
0
0
0
0
0
0
0
0
0
0
0
0
0
0
0
0
0
0.002198
0
0
0
0.002315
0
0.00232
0
0
0.002347
0
0
0
0
0
0
0.002571
0.010101
0.003367
0
0.00361
0
0
0.003215
0
0
0.003401
0
0
0
0
0
0
0
0
0
0
0.003448
0
0
0
0
0
0
0
0
0
0
0
0.4
0
0
0
0
0
