76
98
140
145
158
159
160
162
169
183
189
191
196
195
225
221
220
222
25
24
34
240
242
265
271
272
276
282
339
353
363
358
369
386
387
388
406
399
493
503
494
495
491
492
498
486
500
511
508
515
518
512
515
507
511
517
628
679
683
733
741
826
835
849
843
853
857
913
909
953
943
961
968
966
1001
1015
988
1018
1034
1015
1030
1164
1159
1181
1191
1178
1215
1227
1234
1247
1261
1259
1256
1279
1268
1258
1271
1274
1278
1275
1287
1298
1353
1357
1349
1362
1364
1360
1438
1463
1494
1511
1533
1520
1564
1538
1576
1552
1599
1574
1609
1588
1615
1642
1655
1633
1659
1655
1685
1698
1690
1670
1726
1738
1761
1747
1731
1768
1800
1822
1830
1816
1797
1819
1842
1876
1899
1812
1861
1892
1901
1898
1874
1895
1872
2007
1986
1977
2013
2021
2021
1991
1961
1983
2044
2032
2007
2044
2066
2078
2083
2082
2089
2059
2075
2110
2089
2115
2038
2071
2106
2133
2120
2096
2130
2119
2087
2150
2084
2078
2071
2090
2104
2154
2146
2272
2258
2316
2319
2343
2319
2282
2240
2296
2282
2128
2279
2244
2253
2228
2191
2127
2231
2252
2192
2265
2251
2207
2238
2208
2224
2205
2332
2369
2345
2365
2316
2399
2404
2565
2509
2495
2468
2418
2543
2450
2562
2583
2608
2637
2630
2579
2636
2675
2661
2739
2712
2729
2770
2771
2888
2892
2809
2850
2823
2921
2913
2888
2861
2863
2818
2825
2853
2863
2813
2799
2840
2848
2864
3019
3002
3005
2976
2965
2927
2989
2996
3024
2962
3002
3000
2877
2951
2987
3036
3071
3075
3036
2957
3035
2994
3034
3033
3049
3055
3082
3063
3084
2996
3020
3013
3049
3055
3060
3078
3035
3037
3046
3033
3003
3046
3100
3082
3055
3053
3053
3082
3020
2996
2959
3016
3043
2960
2943
2915
2970
2991
3022
3036
3068
3111
3091
3090
3101
3160
3120
3179
3128
3142
3130
3118
3127
3052
2932
3021
2954
3028
3012
3024
3031
3049
3025
3055
3120
3076
3122
3150
3128
3161
3137
3122
3082
3081
3162
3105
3174
3110
3110
3051
3124
3300
3316
3241
3209
3217
3286
3251
3233
3164
3129
3133
3133
3180
3224
3235
3229
3216
3248
3215
3253
3245
3271
3247
3197
3182
3136
3209
3202
3146
3203
3126
3126
3155
3132
3127
3067
3051
3047
3048
3080
3104
3066
3067
3089
3088
3146
3167
3142
3081
3032
3003
2990
3041
3077
3068
3080
3103
3122
3083
3080
3079
3080
3081
3041
3040
3011
2919
3056
3114
3071
3116
3102
3094
3094
3102
3072
2991
3059
3066
3077
3128
3155
3092
3127
3118
3076
3090
3085
3059
2995
3006
3065
3112
3168
3138
3144
3124
3144
3175
3053
3130
3110
3095
3131
3137
3137
3105
3149
3092
3112
3049
3102
3107
3044
3052
2987
3044
3068
3042
3005
3002
3149
3107
3102
3091
3158
3161
3118
3101
3142
3214
3252
3221
3113
3150
3176
3134
3127
3184
3159
3031
3229
3259
3191
3177
3196
3245
3272
3243
3282
3141
3183
3180
3239
3244
3237
3292
3277
3305
3284
3244
3289
3191
3158
3141
3169
3227
3142
3119
3159
3202
3172
3188
3177
3178
3154
3137
3141
3126
3127
3142
3186
3173
3225
3212
3253
3239
3325
3352
3308
3367
3332
3369
3336
3305
3279
3276
3267
3299
3218
3217
3230
3221
3269
3224
3229
3237
3264
3284
3251
3300
3325
3302
3300
3326
3319
3351
3323
3309
3332
3305
3310
3329
3309
3471
3455
3518
3470
3497
3521
3506
3488
3447
3494
3461
3514
3511
3532
3504
3534
3622
3554
3463
3484
3520
3490
3547
3538
3559
3554
3483
3585
3581
3584
3612
3536
3625
3601
3603
3648
3616
3587
3680
3623
3628
3654
3751
3630
3727
3624
3769
3693
3840
3848
3762
3827
3869
3900
3959
3946
3899
3921
3894
3880
3817
3832
3860
3865
3837
3820
3812
3778
3800
3804
3799
3751
3828
3836
3872
3867
3843
3788
3821
3784
3719
3726
3612
3628
3649
3659
3639
3599
3540
3635
3641
3580
3510
3532
3551
3540
3504
3553
3500
3512
3516
3538
3606
3637
3674
3648
3638
3648
3639
3608
3621
3566
3591
3520
3479
3533
3456
3393
3451
3470
3459
3484
3417
3523
3528
3558
3583
3579
3579
3588
3609
3628
3569
3579
3584
3519
3543
3520
3532
3564
3522
3607
3558
3577
3573
3594
3597
3542
3591
3599
3389
3413
3362
3487
3464
3479
3560
3611
3624
3588
3585
3549
3597
3617
3664
3557
3534
3545
3683
3694
3681
3694
3704
3736
3755
3740
3758
3741
3684
3675
3704
3683
3649
3720
3791
3880
3860
3854
3870
4091
4169
4145
4054
4033
4096
4137
4105
3944
3862
3877
3824
3901
3972
3887
3839
3815
3843
3825
3845
3873
3870
3889
3888
3866
3859
3950
3838
3924
3932
3909
3923
3924
3881
3847
3786
3827
3820
3834
3844
3840
3918
3884
3886
3880
3871
3877
3878
3903
3937
3891
3848
3910
3897
3849
3883
3907
3956
3914
3910
3908
3877
3860
3858
3897
3908
3799
3912
3919
3911
3907
3858
3788
3835
3850
3851
3878
3838
3815
3902
3914
3953
3924
3918
3829
3855
3793
3840
3865
3861
3829
3843
3857
3843
3819
3834
3877
3872
3906
3908
3864
3910
3870
3832
3743
3840
3827
3856
3839
3824
3876
3906
3900
3913
3823
3849
3836
3737
3731
3715
3817
3893
3881
3886
3878
3847
3874
3804
3779
3610
3762
3756
3709
3686
3663
3478
3529
3516
3515
3643
3637
3845
3890
3879
3824
3855
3819
3803
3776
3791
3560
3578
3677
3615
3698
3613
3586
3637
3600
3611
3671
3686
3621
3675
3663
3620
3636
3664
3667
3657
3621
3603
3593
3587
3598
3520
3594
3547
3523
3520
56
25
11
5
367
3622
3593
3617
3646
3622
3678
3654
3635
3702
3676
3664
3695
3680
3644
3610
3668
3700
3706
3634
3663
3719
3744
3879
3855
3832
3916
3904
3904
3930
3767
3819
3854
3850
3930
3923
3916
3947
3970
3953
4003
4027
4014
3970
3994
3992
4005
4020
4035
4050
4154
4189
4161
4088
4225
4252
4315
4318
4364
4294
4284
4351
4361
4316
4262
4304
4392
4338
4404
4401
4450
4417
4383
4398
4321
4285
139
78
63
51
90
85
231
480
4342
4309
4315
4387
4463
4464
4425
4408
4469
4524
4574
4521
4558
4544
4528
4496
4407
4516
4538
4562
4561
4521
4556
4528
4463
4469
4508
4295
4314
4346
4332
4377
4344
4367
4395
4392
4340
4314
4334
4326
4308
4286
4299
4257
4196
4146
4170
4201
4248
4193
4156
4185
4218
4224
4230
4229
4238
4276
4262
4284
4253
4231
4225
4231
4212
4107
4076
4077
4139
4100
4111
4164
4125
4127
4101
4049
4087
4106
4098
4137
4090
4109
4093
4143
4069
4026
4091
4075
4045
4104
4052
4105
3952
3923
4025
3956
4029
4067
4000
4042
3964
4026
4120
4056
4030
3947
4034
3976
3957
4051
4114
4050
4051
4088
4046
4238
4256
4117
4101
4108
4324
4271
4329
4356
4308
4281
4255
4215
4208
4217
4201
4210
4221
4189
4126
4139
4158
4186
4102
4038
4158
4161
4144
4126
4189
4146
4239
4209
4155
4220
4261
4345
4339
4303
4152
4083
4123
4160
3974
3965
3917
3835
3924
4000
3924
3974
3936
3979
3987
3937
3907
3958
3979
3964
3978
3981
3947
3984
3885
3979
3983
4006
3964
3942
3977
3868
3971
3974
3891
3985
4002
3965
4049
4028
3953
4092
4100
4106
4165
4150
4266
4185
4286
4169
4237
4296
4312
4223
4212
4253
4300
4421
4314
4450
4469
4504
4472
4454
4499
4450
4436
4476
4431
4399
4459
4491
4476
4420
4485
4528
4433
4445
4437
4480
4456
4537
4581
4458
4560
4516
4521
4474
4430
4546
4367
4386
4448
4441
4421
4439
4497
4493
4416
4468
4441
4356
4533
4673
4520
4586
4569
4524
4644
4578
4681
4523
4400
4317
4208
4262
4223
4188
4225
4136
4152
4134
4155
4113
4118
4098
4051
4093
4076
4155
4108
4100
4010
4098
4074
4082
3988
4090
4128
3966
4074
4062
3966
3996
4016
3997
3921
3904
3895
3882
3942
3870
3888
3854
3852
3888
3872
3860
3813
3720
3798
3763
3822
3775
3676
3644
3624
3684
3648
3647
3747
3755
3802
3886
3876
3821
3795
3808
3749
3771
3782
3780
3817
3803
3757
3735
3784
3714
3746
3751
3664
3682
3645
3639
3550
3506
3506
3548
3600
3613
3654
3592
3655
3652
3720
3646
3641
3515
3483
3482
3434
3445
3439
3517
3500
3501
3348
3486
3524
3494
3456
3496
3530
3561
3521
3490
3487
3502
3569
3573
3596
3620
3525
3566
3556
3585
3666
3743
3743
3692
3789
3797
3780
3749
3876
3871
3785
3766
3813
3715
3737
3721
3548
3481
3449
3459
3414
3486
3490
3505
3477
3431
3401
3468
3429
3501
3447
3605
3615
3650
3627
3641
3602
3558
3660
3696
3663
3683
3746
3723
3720
3763
3719
3689
3639
3679
3696
3657
3709
3737
3723
3684
3658
3655
3647
3674
3701
3762
3756
3758
3773
3805
3765
3754
3815
3751
3798
3844
3783
3815
3819
3864
3842
3903
3929
3937
3864
3836
3896
3859
3874
3826
3875
3678
3668
3803
3813
3744
3785
3843
3829
3822
3881
3841
3844
3859
3848
3900
4012
4014
3946
3994
3978
3945
3949
4015
3957
3826
3780
3868
3798
3742
3776
3760
3706
3666
3671
3756
3790
3779
3681
3756
3828
3745
3791
3748
3779
3742
3837
3929
3895
3873
3855
3893
3858
3885
3738
3929
3873
3986
4000
3932
3963
3968
3922
3893
3890
3806
3881
3700
3678
3614
3622
3756
3729
3731
3721
3791
3794
3873
3842
3761
3807
3869
3881
3870
3754
3713
4013
3865
3973
3953
3978
3889
3976
3934
3945
3773
3828
3856
3860
3855
3997
3974
3926
3899
3932
3815
3741
3845
3768
3884
3939
3910
3883
3901
3888
3865
3875
3877
3841
3887
3971
3932
3899
3942
3994
3894
3973
3953
3999
4021
3964
3941
3888
3949
3975
3907
3926
3919
3912
3925
3959
3881
3953
3908
4035
4012
4103
4081
4094
4118
4091
4110
4051
4075
3984
4022
4115
4121
4092
4128
4168
4124
4061
4107
4070
3979
3986
3972
3990
3962
4060
3982
3879
3871
63
3945
3899
3914
3934
3999
3899
3976
3881
3882
3829
3945
3978
3956
4105
4090
4095
4159
4079
4101
4117
4128
4132
4054
4063
4107
4125
4056
4202
4175
4174
4288
4249
4100
4102
4142
4116
4214
4157
4063
4225
4229
4200
4343
4319
4383
4368
4358
4369
4331
4330
4063
4212
4261
4298
4269
4267
4258
4194
4149
4276
4290
4287
4190
4228
4186
4204
4201
4178
4230
4238
4245
4222
4236
4203
4197
4088
4028
4107
4056
4112
4111
4124
4103
4093
4064
4041
3932
3981
4024
4099
4075
4035
4060
4074
4113
4134
4095
4093
4107
4107
4111
4038
4064
4065
4007
3993
3978
4038
4102
4134
4120
4127
4126
4207
4168
4217
4133
4024
3992
4049
4014
4027
4005
4011
3997
4026
4000
3984
4021
3974
4014
4030
3905
3913
3800
3898
3967
3981
4006
3976
3918
3936
3913
3934
3878
3856
3906
3875
3795
3855
3882
3865
3845
3906
3902
3839
3914
3996
3982
3914
3939
3983
3976
3971
3961
3992
4013
4081
4151
4116
4124
4190
4193
4076
4073
3998
4046
4059
4117
4095
3972
4000
3962
3971
4000
4035
3981
3935
3926
3818
3867
3876
3788
3783
3762
3730
3734
3608
3617
3632
3608
3649
3686
3674
3747
3889
3886
3926
3898
3849
3775
3884
3899
3820
3965
4004
3996
3934
3948
3890
3886
3839
3911
3886
3940
3855
3917
3885
3880
3989
3999
4012
3986
3936
3977
3934
3992
4009
3947
3940
3925
3962
3898
3960
3898
3913
3986
3933
3939
3876
3980
3994
3858
3923
3962
4030
4015
3983
3951
3857
3850
3922
3964
3956
3967
3888
3923
3929
3939
3926
3906
3911
3878
3895
3928
4048
3924
3931
3963
3992
3999
4010
3990
3994
3971
4033
3997
4064
3998
3986
3983
3878
3805
3994
4005
3941
3909
4063
4121
4091
4074
4070
4092
4070
4085
4043
4046
3997
3997
4091
4092
4079
3983
3954
3969
3933
3853
3827
3782
3784
3852
3794
3760
3707
3725
3765
3700
3706
3661
3702
3723
3735
3740
3724
3677
3714
3606
3655
3683
3666
3719
3712
3722
3798
3816
3924
3978
4001
4054
3965
3973
3918
3869
3913
3908
3786
3838
3813
3858
3811
3870
3763
3772
3812
3730
3764
3712
3741
3713
3682
3661
3632
3695
3688
3662
3699
3699
3702
3604
3641
3598
3542
3658
3663
3660
3677
3652
3688
3675
3610
3637
3578
3681
3546
3570
3527
3781
3771
3827
3769
3845
3815
3828
3756
3787
3777
3745
3769
3785
3781
3780
3763
3730
3637
3710
3754
3760
3740
3753
3806
3826
3790
3771
3695
3661
3567
3679
3629
3646
3632
3713
3686
3685
3654
3617
3657
3576
3546
3505
3519
3537
3522
3539
3490
3544
3488
3448
3411
3414
3425
3437
3416
3377
3482
3433
3454
3423
3386
3348
3412
3402
3413
3409
3413
3387
3351
3370
3343
3303
3266
3278
3341
3418
3453
3429
3464
3465
3530
3510
3581
3553
3559
3582
3546
3541
3576
3553
3632
3606
3644
3601
3591
3699
3674
3694
3573
3572
3589
3585
3578
3596
3630
3619
3484
3449
3433
3405
3417
3430
3438
3421
3433
3459
3403
3455
3421
3398
3450
3447
3399
3581
3562
3527
3643
3698
3884
3848
3857
3893
3902
3922
3932
3843
3950
3897
3936
3941
4043
3997
4163
4124
4259
4206
4198
4067
4055
4022
3948
4008
4046
3992
4017
4045
4009
3939
3958
4004
3940
4035
3982
3951
3928
3851
67
3890
3887
3853
4045
3924
4034
3963
3991
4079
4068
4007
4072
4009
4029
4031
3992
3970
3980
4031
4003
3989
4029
4016
3978
3992
4021
4078
4039
4091
4068
4076
4126
4136
4140
4055
4049
4110
4104
4113
4148
4039
4060
4012
4070
4067
4044
4051
4043
4007
3961
4058
3989
3972
3966
4057
4112
4106
4022
3898
3939
3963
3956
4037
4058
3994
4011
3923
3938
3863
3955
4039
4076
4015
4087
3948
4033
3997
4045
3999
3921
3905
3886
3850
3991
3970
3868
3882
3930
3893
3915
3893
3951
3912
3948
3971
3916
3909
3954
4000
4012
4016
4056
4156
4167
4178
4173
4119
4089
4126
4129
3987
3975
3752
3719
3829
3770
3772
3855
3807
3789
3663
3744
3741
3686
3665
3745
3544
3605
3612
3571
3608
3552
3540
3613
3534
3640
3715
3713
3735
3747
3635
3562
3566
3755
3756
3744
3742
3717
3743
3616
3450
3669
3763
3769
3757
3795
3778
3688
3742
3698
3724
3659
3788
3746
3695
3597
3789
3696
3886
3844
3780
3782
3856
3903
3945
3933
3897
3921
3923
3949
3945
3894
3871
3941
3931
3956
3965
3930
3871
3761
3779
3847
3850
3851
3890
3980
3974
3946
3989
3987
3997
3996
3998
3950
3938
3916
3923
3914
3911
3898
3952
3929
3917
3935
3989
3940
3901
3917
3891
3948
3857
3834
3824
3842
3967
3978
3931
3941
3866
3825
3908
3829
3864
3721
3718
3711
3728
3715
3670
3626
3657
3704
3707
3780
3663
3691
3732
3666
3652
3716
3706
3624
3633
3578
3606
3589
3578
3562
3537
3502
3520
3515
3484
3503
3483
3547
3573
3398
3461
3450
3430
3452
3376
3422
3391
3387
3373
3299
3280
3242
3290
3298
3202
3165
3211
3211
3171
3201
3221
3224
3288
3266
3294
3267
3271
3273
3240
3232
3156
3205
3194
3186
3178
3142
3185
3190
3200
3183
3098
3068
3029
3104
3090
3078
3104
3124
3099
3101
3067
3051
3068
3081
3096
3011
3089
3046
3070
3058
3031
3028
3014
3039
3034
2986
3025
2972
3036
3017
3012
3027
2987
3021
3013
3039
3018
2938
2960
2978
2978
3041
3069
3062
3028
3040
3067
3105
3078
3087
3102
3100
3105
3047
3050
3026
3045
3068
3052
3035
3055
3008
3040
3121
3118
3066
2967
2918
2928
2907
2939
2985
2980
2944
2960
2997
3025
2986
2981
3023
3068
3076
2954
2933
2966
3024
3039
3027
3039
3030
2939
2921
2944
2948
2906
2865
2905
2902
2965
2979
2931
2926
3081
3111
3100
3012
3077
3102
3130
3113
3117
3108
3110
3113
3157
3157
3105
3202
3191
3217
3260
3341
3410
3528
3483
3456
3355
3450
3525
3500
3423
3329
3316
3441
3658
3757
3765
3709
3871
3843
3903
3864
3809
3836
3809
3866
3917
3867
3860
3889
3854
3907
3858
3859
3854
3836
3745
3769
3862
3891
3866
3877
3869
3808
3779
3789
3735
3766
3834
3875
3902
3873
3852
3815
3815
3809
3831
3880
3831
3821
3824
3783
3864
3813
3798
3812
3859
3843
3805
3756
3766
3715
3685
3672
3675
3719
3710
3666
3687
3696
3602
3610
3639
3691
3724
3676
3644
3613
3633
3633
3554
3637
3621
3527
3448
3510
3538
3589
3610
3629
3623
3626
3625
3615
3556
3479
3558
3609
3596
3555
3490
3513
3496
3466
3432
3342
3366
3358
3328
3349
3281
3360
3346
3358
3347
3318
3288
3224
3242
3087
3070
3103
3107
3036
3008
2885
2526
2533
2516
2535
2515
2509
2519
3171
3181
3183
3168
3238
3184
3225
3268
3280
3200
3005
3437
3429
3543
3524
3518
3530
3511
3053
3139
3102
3104
3080
3086
3092
3005
2951
2927
2856
2859
2897
2893
2808
2810
2867
2816
2835
2987
3005
2939
2991
2980
3010
3017
2936
3018
3121
3109
3101
3178
3167
3109
3183
3063
3220
3179
3162
3163
3210
3286
3256
3222
3249
3228
3202
3152
3263
3209
3211
3203
3180
3182
3262
3260
3303
3333
3413
3411
3373
3461
3386
3520
3471
3391
3433
3401
3372
3404
3445
3543
3526
3489
3459
3447
3436
3289
3357
3391
3387
3422
3418
3496
3517
3515
3577
3528
3595
3539
3506
3538
3549
3542
3506
3404
3394
3430
3458
3451
3463
3452
3487
3457
3512
3489
3513
3525
3514
3550
3542
3527
3492
3511
3594
3622
3576
3470
3550
3491
3568
3579
3614
3600
3561
3574
3567
3663
3613
3603
3581
3597
3520
3571
3505
3457
3530
3587
3549
3579
3574
3552
3566
3314
3304
3267
3249
3241
3185
3095
3225
3210
3234
3208
3179
3111
3063
3228
3050
2975
2808
3332
3391
3327
3373
3409
3213
3448
3469
3343
3308
3309
3502
3524
3536
3548
3373
3447
3470
3529
3501
3403
3392
3445
3423
3446
3301
3357
3382
3345
3364
3340
3281
3383
3463
3477
3430
3404
3464
3532
3494
3548
3488
3372
3448
3367
3332
3318
3340
3408
3375
3380
3350
3298
3378
3312
3285
3269
3302
3122
3140
2972
3000
2997
2984
2972
3190
3220
3246
3186
3134
3135
2926
3036
3047
3053
3035
3003
2908
3017
3229
3281
3163
3085
3239
3334
3307
3399
2979
3183
3211
3233
3261
3318
3260
3280
3221
2924
3125
3342
3212
3184
3235
3199
3241
3212
3161
3045
3091
3131
3245
3205
3252
3162
3119
3255
3305
3319
3262
3225
3299
3299
3327
3421
3468
3272
3396
3353
3383
3447
3345
3359
3382
3334
3340
3418
3393
3480
3483
3392
3342
3448
3529
3443
3418
3377
3498
3553
3466
3432
3381
3294
3314
3255
3192
3422
3442
3327
3342
3408
3304
3311
3411
3336
3422
3368
3403
3318
3313
3281
3261
3278
3207
3253
3258
3194
3264
3197
3172
3219
3171
3129
3132
3137
3093
3148
3200
3190
3127
3094
3111
3192
3154
3135
3220
3268
3253
3288
3274
3238
3219
3237
3267
3218
3271
3259
3253
3226
3209
3122
3121
3133
3152
3320
3352
3370
3413
3406
3448
3368
3482
3489
3482
3520
3494
3470
3506
3495
3458
3459
3504
3548
3605
3571
3636
3668
3667
3682
3703
3680
3680
3693
3658
3629
3635
3614
3585
3563
3699
3718
3724
3711
3740
3717
3671
3619
3688
3701
3694
3683
3649
3703
3707
3636
3651
3558
3622
3684
3655
3553
3557
3585
3535
3547
3587
3623
3533
3550
3573
3474
3513
3474
3400
3460
3407
3419
3494
3546
3602
3606
3524
3552
3545
3641
3757
3744
3740
3684
3633
3617
3670
3732
3718
3829
3827
3852
3878
3895
3857
3860
3892
3851
3754
3777
3817
3746
3739
3816
3944
3984
4006
4020
3995
4084
4076
4056
3944
4107
4135
4116
4120
4137
4164
4158
4067
4033
4082
4195
4098
3986
4066
3940
3899
3907
3951
3970
4010
4006
3975
3958
4029
4023
4001
3989
3995
3975
4095
4094
3971
4045
4083
4093
4103
4159
4084
4124
4074
4054
4019
4000
3798
3862
3881
3855
3909
4138
4136
4124
4104
4176
4061
4003
3986
3988
3963
3906
3892
3973
4001
3982
3998
3972
3991
3994
4002
3975
3908
3910
3902
3965
3965
3973
3954
3986
3973
3985
3998
3945
3972
3948
3951
3890
4030
4019
4002
3972
3973
4005
3997
3948
4019
4007
4043
4051
4081
4049
4040
3996
4111
4097
4111
4067
4093
4121
4054
4098
4087
4042
4038
4072
4093
4149
4194
4098
4026
4056
4038
4097
4121
4084
4123
4029
4042
3942
4000
3937
3864
3865
3877
3909
3853
3867
3838
3817
3823
3749
3743
3754
3747
3641
3610
3610
3570
3626
3617
3604
3632
3616
3650
3639
3636
3680
3588
3657
3627
3614
3614
3523
3544
3548
3545
3625
3545
3543
3504
3564
3600
3621
3625
3638
3566
3612
3687
3707
3709
3634
3623
3579
3639
3697
3664
3716
3691
3752
3729
3733
3549
3519
3530
3575
3611
3587
3487
3431
3572
3657
3668
3618
3649
3637
3665
3678
3677
3654
3594
3552
3564
3620
3620
3599
3595
3614
3562
3603
3607
3620
3593
3507
3513
3491
3541
3506
3422
3348
3362
3550
3590
3610
3573
3584
3621
3668
3556
3628
3616
3572
3563
3585
3601
3631
3596
3606
3656
3702
3701
3662
3697
3714
3654
3641
3592
3577
3654
3630
3551
3643
3648
3575
3562
3490
3552
3601
3496
3545
3502
3545
3517
3465
3522
3519
3623
3580
3542
3529
3442
3548
3536
3574
3572
3589
3565
3582
3595
3588
3568
3589
3609
3599
3587
3508
3492
3519
3519
3543
3695
3683
3692
3687
3609
3578
3628
3637
3601
3579
3611
3622
3624
3552
3622
3548
3583
3642
3623
3617
3665
3597
3472
3539
3516
3535
3515
3505
3399
3489
3470
3474
3476
3461
3482
3421
3421
3408
3410
3322
3388
3490
3496
3508
3522
3570
3583
3532
3561
3342
3428
3441
3460
3451
3411
3520
3474
3508
3498
3507
3512
3619
3556
3434
3103
3615
3658
3547
3594
3622
3619
3671
3733
3744
3732
3764
3739
3706
3818
3670
3730
3604
3614
3644
3750
3698
3739
3677
3691
3665
3701
3754
3734
3663
3649
3653
3641
3648
3674
3540
3497
3537
3563
3629
3633
3672
3663
3678
3621
3591
3685
3722
3662
3604
3719
3905
3808
3807
3739
3798
3787
3814
3775
3778
3736
3727
3802
3780
3689
3732
3726
3684
3741
3679
3658
3687
3688
3756
3837
3717
3694
3743
3699
3661
3686
3639
3587
3459
3440
3479
3482
3474
3452
3665
3719
3792
3786
3789
3763
3763
3765
3773
3752
3666
3750
3830
3830
3847
3804
3821
3741
3854
3858
3820
3816
3778
3839
3898
3838
3853
3834
4030
4047
4100
4023
4064
4119
4113
4128
4065
3973
3962
3906
3940
3876
3975
3968
3966
3973
3944
4118
4066
4101
4133
3947
4005
3969
4013
4141
4037
4000
3941
3941
3931
3864
3888
3916
3953
3992
3949
3895
3825
3923
3984
3942
3945
3990
3958
3978
3817
3860
3881
3911
3907
3930
3925
3936
3873
3860
3775
3785
3795
3768
3837
3876
3863
3837
3846
3862
3854
3855
3800
3799
3761
3827
3901
3927
4013
3967
3947
4003
4055
4046
3862
3907
3880
3850
3900
3876
3882
3861
3872
3738
3797
3649
3788
3831
3809
3803
3800
3743
3722
3705
3744
3650
3584
3551
3554
3617
3691
3729
3621
3639
3681
3621
3695
3673
3694
3615
3658
3676
3499
3554
3627
3609
3701
3798
3855
3815
3814
3750
3830
3905
3894
3863
3824
3851
3872
3800
3706
3788
3866
3877
3831
3868
3811
3833
3857
3886
3856
3865
3784
3724
3715
3723
3810
3764
3734
3648
3666
3717
3697
3682
3688
3670
3604
3556
3611
3674
3753
3505
3511
3532
3535
3517
3439
3534
3550
3244
3408
3430
3454
3486
3441
3229
3387
3308
3446
3524
3487
3506
3511
3460
3333
3376
3414
3428
3370
3236
3208
3338
3313
3345
3411
3386
3386
3418
3407
3310
3400
3400
3331
3250
3251
3258
3249
3313
3325
3455
3459
3420
3453
3474
3426
3412
3381
3381
3253
3128
3229
3269
3288
3235
3230
3061
3107
3210
3199
3163
3161
3152
3096
3106
3113
3094
3118
3166
3152
3142
3183
3166
3118
3223
3193
3217
3206
3214
3172
3218
3207
3160
3344
3351
3282
3329
3323
3368
3386
3465
3429
3368
3364
3377
3471
3563
3441
3297
3347
3370
3337
3331
3293
3082
3013
3068
3057
3050
3063
2991
3258
3286
3305
3269
3265
3310
3358
3275
3223
3215
3258
3277
3343
3384
3429
3428
3402
3342
3377
3343
3341
3011
3054
3073
3074
3060
3045
3284
3320
3318
3293
3313
3423
3426
3396
3306
3363
3383
3395
3413
3446
3430
3425
3496
3556
3516
3531
3624
3624
3675
3638
3593
3480
3474
3661
3660
3518
3531
3497
3489
3544
3564
3561
3542
3556
3571
3538
3530
3577
3611
3563
3559
3601
3568
3512
3622
3606
3526
3578
3627
3626
3603
3603
3534
3460
3529
3510
3526
3542
3499
3503
3446
3474
3459
3359
3378
3401
3453
3427
3437
3478
3461
3424
3469
3494
3483
3391
3407
3413
3387
3385
3391
3353
3379
3358
3345
3362
3332
3357
3345
3325
3403
3253
3267
3196
3250
3284
3222
3283
3272
3260
3258
3297
3377
3239
3169
3200
3210
3195
3281
3294
3246
3252
3206
3372
3351
3427
3451
3447
3387
3412
3411
3451
3463
3461
3430
3480
3389
3396
3477
3386
3422
3367
3388
3363
3365
3326
3261
3128
3220
3279
3215
3321
3283
3288
3312
3336
3426
3366
3461
3433
3452
3454
3429
3497
3640
3589
3629
3636
3613
3657
3691
3685
3489
3442
3409
3557
3427
3383
3389
3378
3361
3388
3352
3277
3287
3447
3449
3597
3638
3556
3602
3637
3601
3576
3601
3603
3516
3168
3104
3150
3215
3204
3201
3197
3247
3245
3205
3708
3623
3746
3692
3779
3756
3825
3807
3817
3872
3851
3924
3914
3991
3964
3987
4019
4043
4093
4083
4064
3990
4092
4083
4074
4001
3962
4020
3996
3993
4087
4151
4154
4113
4149
4089
4177
4170
4188
4158
4087
4212
4198
4158
4202
4185
4229
4196
4122
4062
3961
3925
3906
3983
3966
4024
4013
4128
4141
4151
4104
4051
4001
4061
4124
4104
3869
3917
3844
3824
3852
3861
3888
3841
3878
3844
3840
3810
3716
3759
3819
3786
3777
3720
3792
3765
3733
3781
3751
3833
3841
3812
3797
3673
3739
3728
3693
3671
3484
3516
3523
3508
3732
3840
3824
3843
3844
3776
3743
3758
3776
3793
3703
3783
3691
3829
3781
3848
3757
3827
3798
3892
3886
3972
3921
3771
3823
3927
3884
3949
3842
3802
3866
3793
3625
3791
3843
3851
3852
3907
3888
3777
3874
3821
3840
3887
3802
3754
3713
3767
3836
3655
3718
3680
3867
3850
3738
3889
3812
4050
4121
4016
4115
3999
4026
3943
3955
4059
4013
4041
4015
4031
4125
4092
4081
4048
4075
4122
4075
4037
4074
4082
4138
4155
4118
4024
4102
4113
4147
4131
4094
4031
4011
4066
4051
4017
4014
4016
4026
4023
4044
4017
4022
4065
4032
4029
4070
3929
3941
3822
3940
3985
3960
3964
3920
3951
4013
3987
4029
4005
4094
4065
4041
4032
4057
4067
4077
4074
4117
4109
4156
4169
4150
4204
4137
4010
4044
4174
4209
4172
4147
4105
4092
4046
4189
4195
4191
4109
4117
4134
4127
4136
4094
4075
4005
3944
3939
3931
3961
3889
3838
3930
4022
3930
4042
3982
3967
4002
4010
4016
3913
3776
3713
3769
3803
3788
3806
3931
3893
3877
3917
3873
3858
3883
3902
3844
3796
3709
3749
3754
3728
3826
3827
3769
3778
3681
3794
3812
3787
3761
3752
3781
3733
3637
3648
3633
3598
3514
3384
3457
3534
3494
3530
3529
3532
3657
3568
3689
3590
3569
3601
3571
3501
3522
3490
3533
3491
3343
3359
3396
3392
3474
3409
3381
3433
3402
3401
3396
3407
3369
3397
3390
3459
3441
3464
3381
3497
3570
3597
3575
3632
3592
3549
3623
3576
3596
3589
3573
3594
3624
3660
3644
3640
3611
3602
3611
3579
3673
3588
3516
3544
3488
3532
3517
3518
3570
3625
3616
3588
3620
3564
3695
3660
3652
3592
3636
3643
3633
3740
3786
3825
3828
3906
3884
3821
3809
3898
3843
3786
3781
3701
3726
3692
3801
3860
3863
3963
3985
3950
4027
3990
3998
3954
3886
3988
3958
3959
3942
4049
4069
4067
4156
4146
4013
4019
3971
3941
3995
3993
3832
3982
3940
3881
3972
4014
4008
4080
4029
4069
4092
4035
4003
3949
3904
4027
4097
4021
3854
3948
4081
4046
4077
4060
4029
4109
4120
4165
4135
4109
4106
4065
4127
4055
4146
4068
4004
3959
3960
4009
3987
4031
3996
4058
4100
4084
4003
3976
4048
4031
4040
3978
3949
4045
4068
3983
4036
4051
4047
4075
4099
4120
4183
4179
4127
4119
4066
4089
4048
4059
4175
4089
4130
3996
4083
4086
4082
4137
4121
3988
4103
4063
3913
4074
4077
4027
4161
4133
4121
4115
4214
4173
4201
4250
4236
4234
4294
4248
4224
4343
4371
4347
4184
4216
4127
4182
4173
4076
4055
4085
4087
4056
4028
4004
3988
4009
4047
3970
3968
3979
3960
3829
3672
3756
3750
3664
3836
3778
3876
3802
3749
3774
3749
3615
3771
3652
3618
3416
3475
3508
3386
3494
3483
3534
3534
3512
3458
3475
3504
3498
3600
3602
3613
3536
3567
3566
3566
3643
3686
3702
3645
3672
3644
3682
3718
3646
3751
3713
3785
3684
3759
3752
3754
3815
3839
3790
3722
3805
3769
3782
3776
3839
3854
3881
3816
3788
3801
3829
3838
3828
3834
3847
3899
3842
3881
3921
3894
3935
3860
3857
3889
3969
3979
3884
3832
3892
3950
3850
3883
3886
3914
3913
3761
3733
3906
3869
3836
3851
3912
3838
3727
3649
3630
3692
3740
3760
3847
3866
3853
3982
3959
4020
3991
3997
3942
3929
3845
3973
3957
3941
3848
3923
3874
3751
3911
3871
3374
3864
3903
3733
3834
3869
3821
3801
3721
3730
3720
3688
3732
3812
3775
3750
3734
3650
3638
3801
3685
3877
3811
3869
3684
3729
3724
3619
3606
3656
3645
3749
3771
3684
3781
3756
3775
3693
3732
3755
3747
3750
3650
3681
3713
3841
3901
3891
3885
3864
3899
3882
3776
3879
3908
3827
3877
3923
3849
3820
3769
3801
3773
3676
3623
3629
3622
3731
3669
3563
3559
3584
3664
3656
3659
3624
3673
3728
3656
3590
3648
3670
3658
3681
3664
3645
3596
3668
3720
3643
3658
3689
3720
3728
3735
3752
3708
3620
3663
3722
3762
3770
3754
3761
3690
3664
3594
3616
3584
3580
3534
3571
3588
3566
3640
3618
3572
3588
3570
3565
3556
3546
3500
3679
3753
3697
3647
3634
3719
3810
3779
3704
3686
3542
3526
3560
3544
3477
3501
3470
3498
3464
3505
3499
3451
3459
3541
3501
3547
3507
3499
3462
3429
3442
3452
3296
3389
3465
3449
3417
3392
3391
3416
3422
3435
3353
3390
3351
3343
3368
3366
3342
3323
3298
3386
3383
3332
3324
3262
3297
3307
3302
3262
144
95
164
275
3536
3561
3566
3586
3616
3444
3441
3470
3478
3453
3411
3491
3480
3456
3485
3450
3459
3419
3433
3478
3554
3541
3556
3541
3585
3675
3707
3759
3709
3624
3658
3639
3641
3667
3595
3599
3567
3572
3540
3590
3696
3716
3642
3666
3631
3692
3686
3800
3778
3644
3597
3632
3636
3665
3709
3763
3706
3666
3728
3618
3481
3685
3722
3722
3719
3742
3794
3884
3909
3849
3871
3869
3859
3833
3784
3765
3734
3735
3782
3742
3693
3695
3775
3834
3776
3735
3671
3694
3737
3773
3743
3511
3561
3553
3518
3623
3625
3697
3834
3818
3831
3852
3762
3745
3755
3741
3740
3760
3745
3695
3736
3746
3702
3754
3741
3733
3732
3769
3775
3735
3768
3781
3776
3885
3881
3862
3751
3867
3904
3980
3934
3958
3948
3952
3871
3690
3884
3915
3962
3933
3820
3996
4032
3992
4008
3867
3887
3818
3792
3829
3756
3785
3879
3947
3906
3909
3899
3858
3928
3937
3951
3881
3886
3941
3975
4053
3995
4091
4158
4164
4070
4073
4049
4097
4106
4027
4080
4079
4063
4057
4114
4138
4064
4065
4017
4008
4195
4250
4239
4090
4077
4201
4255
4214
4281
4166
4224
4115
4195
4143
4153
4209
4189
4141
4114
4156
4077
4173
4180
4143
4136
4152
4037
4119
4119
4079
4093
4002
4023
4044
4065
4023
4007
4032
4036
4047
4043
4042
4027
4098
4073
4140
4095
4112
4098
4156
4115
4172
4180
4071
4165
4141
4084
4037
4028
4039
4005
4140
4095
4043
4072
4056
4022
3995
4019
4072
4140
4014
4130
4126
4034
4115
4142
4166
4228
4167
4225
4179
4203
4261
4270
4241
4213
4228
4256
4199
4172
4186
4156
4177
4168
4166
4215
4184
4201
4168
4161
4181
4176
4187
4234
4153
4141
4165
4331
4339
4312
4310
4288
4288
4293
4312
4264
4200
4220
4187
4203
4123
4197
4300
4215
4269
4210
4183
4194
4210
4229
4069
3965
3937
4015
4031
4052
4032
4074
4082
4028
4022
4085
4074
4018
4018
4194
4242
4222
4181
4056
4098
4026
3987
3821
3839
3832
3961
3831
3873
3725
3705
3776
3678
3733
3748
3680
3615
3835
3925
3952
3927
3889
3820
3899
3907
3930
3863
3849
3888
3899
3927
3944
3929
3890
4061
4079
4142
4113
4138
4100
4136
4114
3981
4004
4080
4057
3985
4041
4026
3999
3923
3989
3946
3930
3920
4002
4003
4011
3990
3954
3927
3960
3945
3933
3902
3950
3910
3982
3984
3897
3965
3978
3990
3951
3984
4042
3938
3972
4040
3990
4037
3974
3935
4031
3954
3949
3927
3902
3963
3989
3971
4000
3957
3956
3914
3897
3973
3894
3903
3780
3780
3812
3783
3852
3883
3955
3883
3843
3831
3892
3947
3957
3964
3970
3966
4002
4018
4043
4066
4150
4168
4132
4062
3939
3923
3956
3917
3932
3954
4014
4070
4048
4083
4088
4071
4064
4040
3999
4023
4012
4038
4004
4058
4025
3989
3875
3842
3965
3947
3976
3944
3893
3916
3924
3943
3944
3881
3790
3804
3833
3820
3775
3790
3802
3847
3838
3822
3779
3856
3830
3822
3859
3891
3873
3917
3884
3961
3924
3863
3915
3903
3934
3976
3882
3828
3863
3814
3677
3801
3787
3786
3804
3803
3833
3823
3810
3846
3869
3761
3846
3888
3825
3851
4012
4049
3937
3831
3751
4005
4007
4073
4080
4041
4023
4021
3971
3741
3875
3969
3929
3822
3863
3946
3906
3918
3927
3938
3951
3912
3842
3925
3944
3902
3917
3904
3874
3857
3721
3711
3728
3722
3920
3914
3951
3954
4060
4081
4025
4025
4001
4034
4061
4082
4043
4114
4091
4137
4163
4146
4100
3938
3869
3871
3845
3794
4114
4156
4129
4098
4012
4001
3998
3926
3908
3923
3980
3984
3953
3971
3980
4008
4022
4009
4035
4003
3968
4016
4078
4087
4085
4033
4132
4068
4158
4122
4095
4158
4142
4233
4195
4124
4181
4150
4215
4078
4170
4206
4191
4351
4204
4285
4311
4338
4367
4373
4359
4378
4338
4311
4348
4319
4352
4318
4337
4343
4335
4314
4304
4362
4277
4301
4276
4171
4103
4161
4148
4106
4147
4219
4280
4261
4230
4181
4260
4311
4263
4330
4260
4275
4326
4363
4387
4379
4285
4244
4234
4261
4230
4150
4051
4144
4078
4049
4055
4130
4169
4186
4163
4119
4148
4119
4065
3917
3908
3915
3879
3966
3931
4018
4078
4060
4095
4056
3969
3980
4043
4076
4089
4047
4021
3976
3964
3968
4009
4030
3948
3865
3897
3922
3914
3918
4012
3968
3878
3945
4080
4063
4065
4035
3861
3851
3887
3941
3962
3943
3920
3945
3946
3910
3899
3819
4195
4151
4178
4107
4196
4177
4224
4272
4358
4189
4249
4242
4273
4295
4256
4288
4259
4241
4252
4279
4226
4218
4176
4183
4129
4155
4156
4009
4157
4175
4122
4190
4100
4181
4266
4255
4143
4097
4093
3664
4076
4044
3727
3898
3931
3978
3942
3992
4002
4105
3979
4107
3972
4034
4026
4030
4009
3775
3968
3933
3950
3947
3953
3913
3946
3958
3896
3850
3854
3874
3947
3911
3862
3831
3893
3835
3876
3872
3755
3778
3818
3838
3834
3857
3837
3899
3870
3896
3934
3810
3808
3868
3943
3953
3872
3897
3907
3872
3902
3880
3871
3783
3789
3688
3701
3749
3799
3791
3793
3741
3797
3735
3759
3669
3750
3758
3759
3676
3673
3646
3701
3735
3708
3601
3622
3427
3485
3577
3605
3516
3485
3402
3250
3287
3282
3431
3822
3846
3869
3975
3900
4056
4133
3958
4085
4114
4171
4219
4164
4247
3956
3915
3871
3965
3988
3944
3915
3944
3912
3890
3949
3953
3903
3843
3805
3826
3902
3864
3800
3806
3809
3716
3717
3798
3827
3824
3850
3873
3787
3767
3776
3758
3769
3769
3725
3709
3766
3730
3812
3785
3875
3846
3821
3803
3771
3746
3731
3773
3820
3745
3648
3734
3770
3735
3737
3790
3796
3813
3803
3871
3838
3851
3812
3788
3776
3794
3880
3868
3910
3807
3797
3759
3838
3828
3926
3820
3999
4077
4018
4125
4080
4099
4088
4115
4072
4022
4027
3946
4007
4008
4004
4036
3951
3944
3986
3959
3984
3974
3937
3928
3953
3945
3929
3906
3914
3922
3927
3889
3859
3897
3900
3800
3955
3987
3952
4080
4130
4143
4193
4182
4196
4270
4296
4315
4275
4276
4323
4281
4288
4154
4202
4167
4156
4058
3855
4021
4030
4060
4096
3924
4015
3826
3860
3859
3764
3733
3743
3739
3722
3680
3679
3673
3675
3608
3604
3590
3537
3602
3620
3576
3589
3598
3577
3616
3651
3644
3605
3609
3625
3647
3602
3647
3601
3604
3545
3546
3436
3793
3783
3859
3867
3897
3862
3823
3787
3844
3869
3944
3849
3819
3800
3829
3855
3994
4017
4000
4005
4022
4137
4107
4108
4167
4039
4115
4113
4024
3896
3920
3919
3901
4025
4047
4061
4079
4066
4082
4091
4064
4110
4096
4115
4146
4126
4154
4108
4088
4017
3890
3907
3952
3987
4032
3992
4002
4065
4036
3996
4013
3956
4011
3836
3836
3844
3834
3891
3849
3826
3787
3832
3902
3911
3953
3851
3887
3925
3908
3967
3970
3945
3938
3964
3970
3929
3924
3944
3848
3851
3838
3802
3802
3754
3750
3729
3665
3720
3801
3736
3734
3845
3846
3777
3822
3809
3817
3834
3741
3695
3673
3815
3843
3747
3786
3739
3852
3781
3782
3789
3788
3829
3920
3862
3769
3869
3986
3978
3904
3928
3921
4004
3970
4027
3985
4031
4047
4097
4059
4079
4126
4034
4092
4169
4152
4031
4093
3978
4024
3996
4045
4010
3936
3879
3852
3904
3865
3990
3851
3773
3738
3789
3782
3844
3723
3749
3682
3709
3650
3630
3628
3565
3569
3550
3493
3478
3327
3285
3334
3305
3235
3236
3280
3498
3535
3588
3590
3600
3607
3562
3581
3529
3368
3429
3428
3434
3504
3485
3515
3499
3369
3421
3396
3388
3463
3467
3512
3425
3437
3444
3401
3464
3389
3506
3503
3507
3485
3488
3508
3496
3484
3485
3321
3366
3380
3352
3389
3347
3400
3279
3206
3239
3231
3218
3334
3372
3399
3341
3334
3263
3441
3500
3595
3569
3614
3659
3581
3693
3550
3556
3484
3470
3482
3434
3371
3388
3321
3417
3306
3325
3358
3342
3309
3295
3292
3258
3285
3236
3317
3176
3172
3148
3161
3281
3422
3410
3250
3369
3361
3294
3410
3331
3351
3356
3341
3349
3316
3387
3193
3333
3332
3377
3393
3384
3293
3335
3376
3334
3293
3318
3235
3252
3291
3286
3318
3286
3304
3305
3344
3356
3325
3316
3400
3378
3393
3374
3570
3552
3571
3598
3593
3605
3586
3643
3721
3675
3727
3752
3704
3799
3668
3785
3804
3694
3836
3860
3847
3900
3900
3935
3968
3882
3890
3875
4034
4077
4031
4053
4068
4146
4116
4041
4078
3979
4040
3980
4043
3990
4070
3971
4039
4066
4057
4018
4008
3961
4033
4003
3996
4029
4022
4053
3931
3990
4039
3933
4027
4064
4004
4054
3953
3962
4082
4084
4061
4041
4043
4076
4132
4018
4019
3929
3941
3797
3778
3826
3755
3813
3800
3814
3745
3746
3783
3811
3868
3814
3838
3781
3801
3752
3747
3766
3800
3818
3807
3809
3765
3736
3896
3845
3868
3834
3734
3743
3736
3701
3319
3354
3317
3294
3283
3280
3308
3300
3274
3334
3326
3248
3585
3625
3651
3655
3640
3686
3731
3701
3742
3795
3804
3807
3800
3840
3776
3759
3802
3771
3725
3832
3802
3826
3822
3804
3759
3747
3924
3961
3896
3805
3861
3845
3865
3872
3997
3900
3904
3800
3816
3863
3861
3840
3840
3659
3755
3703
3712
3673
3686
3579
3599
3637
3688
3733
3669
3595
3615
3585
3639
3438
3524
3542
3528
3492
3500
3518
3462
3536
3545
3521
3523
3532
3539
3567
3552
3470
3500
3480
3443
3516
3502
3503
3505
3466
3424
3469
3487
3453
3469
3473
3396
3395
3372
3372
3282
3251
2970
2990
2985
2977
2981
2970
2970
2981
2992
3166
3175
3181
3188
3193
3197
3221
3302
3321
3332
3308
3347
3353
3337
3325
3312
3320
3263
3316
3317
3327
3278
3308
3326
3316
3215
3227
3262
3220
3237
3229
3241
3269
3250
3204
3120
3125
3227
3208
3117
3191
3179
3232
3227
3244
3169
3126
3140
3057
3074
3099
3009
3067
3037
2994
2969
2971
3041
3047
3073
3041
3029
3025
3047
2995
3008
2943
3011
2952
2954
2968
2852
2830
2742
2745
2732
2785
2786
2726
2640
2692
2680
2744
2699
2819
2834
2824
2862
2832
2835
2787
2836
2877
2770
2741
2739
2756
2744
2704
2714
2679
2707
2668
2677
2687
2675
2691
2679
2668
2671
2656
2673
2724
2686
2663
2666
2743
2745
2733
2749
2780
2813
2836
2831
2762
2756
2883
2903
2895
2929
2914
2938
2946
2972
3017
3032
3041
3034
3086
3093
3064
3047
3064
3063
3062
3052
3166
3183
3199
3167
3182
3189
3170
3125
3178
3123
3148
3063
3044
3007
3033
3033
3028
3045
3049
3058
3058
3029
2978
2982
2976
3012
3028
3001
3057
3036
3023
3019
3016
3003
3071
3030
3110
3052
3118
3175
3179
3119
3131
3069
3044
3072
3042
2952
3043
3028
3124
3001
3082
3121
3103
3117
3128
3025
3091
3105
3148
3024
3081
2941
2953
2992
3022
2948
3000
2900
2968
2951
2977
3028
2989
2942
3056
3115
3094
3090
3063
3035
3057
3066
2993
2958
2896
2923
2804
2845
2833
2763
2739
2760
2757
2741
2762
2765
2743
2806
2795
2754
2767
2726
2771
2963
2985
3062
3073
3081
3081
3145
3158
3151
3160
3134
3111
3117
3156
3143
3246
3318
3334
3260
3298
3374
3396
3283
3370
3344
3312
3310
3280
3218
3226
3165
3105
3231
3177
3178
3170
3129
3220
3192
3199
3261
3237
3243
3315
3296
3218
3170
3112
3161
3149
3047
3095
3049
3118
3163
3185
3203
3234
3225
3217
3209
3180
3185
3232
3202
3212
3239
3243
3229
3267
3223
3169
3124
3218
3304
3182
3234
3292
3278
3239
3207
3192
3135
3064
3127
3111
3106
3096
3132
3104
3126
3141
3140
3089
3055
3059
3102
3092
3038
2992
3031
2986
3070
3033
3042
2984
2940
2934
3022
2971
2981
3042
3108
3106
3142
3135
3053
3123
3069
3019
3064
2996
3034
2970
3002
3022
3054
3008
2960
2942
2997
3010
3028
3078
3065
3226
3215
3169
3209
3189
3378
3362
3397
3175
3262
3343
3295
3277
3304
3124
3139
3150
3050
3130
3187
3188
3416
3363
3376
3407
3333
3334
3401
3388
3317
3216
3159
3145
3194
3145
3149
3129
3125
3108
3107
3030
3173
3139
3163
3165
3201
3243
3268
3297
3326
3284
3158
3305
3283
3309
3193
3212
3263
3289
3282
3313
3346
3370
3401
3406
3424
3409
3411
3396
3356
3403
3355
3363
3405
3427
3417
3369
3369
3360
3465
3480
3407
3393
3473
3481
3412
3432
3402
3400
3357
3270
3309
3335
3342
3396
3356
3342
3362
3335
3334
3334
3294
3343
3336
3339
3361
3352
3343
3362
3306
3421
3539
3554
3494
3523
3449
3548
3562
3596
3604
3623
3540
3600
3597
3626
3603
3645
3570
3558
3613
3605
3562
3641
3626
3643
3658
3622
3683
3753
3847
3782
3774
3796
3827
3790
3860
3743
3804
3744
3679
3615
3598
3616
3616
3579
3494
3500
3526
3457
3467
3459
3459
3438
3448
3423
3456
3438
3446
3439
3428
3445
3245
3124
3284
3353
3371
3367
3418
3464
3392
3440
3425
3393
3370
3377
3460
3397
3289
3358
3386
3370
3442
3469
3465
3462
3452
3346
3488
3530
3494
3498
3478
3535
3559
3573
3530
3489
3508
3502
3522
3513
3457
3407
3425
3332
3540
3577
3519
3489
3456
3449
3466
3470
3480
3482
3470
3423
3469
3476
3373
3375
3394
3385
3441
3537
3497
3553
3548
3543
3540
3553
3504
3534
3560
3496
3628
3644
3579
3686
3865
3795
3898
3907
3823
3843
3911
3877
3891
3927
3712
3777
3768
3753
3798
3937
3938
3856
3920
3854
3824
3865
3873
3869
3840
3750
3833
3808
3821
3739
3833
3785
3744
3762
3805
3744
3730
3730
3705
3718
3692
3646
3635
3579
3571
3662
3690
3683
3711
3689
3754
3737
3716
3730
3714
3707
3716
3673
3651
3668
3677
3748
3764
3808
3857
3856
3843
3815
3783
3807
3820
3788
3764
3853
3884
3892
3917
3904
3881
3833
3784
3744
3732
3855
3898
3856
3845
3886
3894
3920
3950
3916
3886
3851
3812
3898
3901
3924
3791
3855
3856
3864
3780
3742
3755
3790
3789
3837
3746
3662
3703
3728
3719
3751
3837
3689
3757
3700
3775
3660
3721
3781
3733
3694
3670
3717
3859
3830
3821
3819
3785
3849
3833
3792
3794
3860
3901
3883
3821
3848
3851
3909
3906
3802
3754
3682
3724
3781
3756
3689
3545
3337
3351
3357
3361
3401
3358
3379
3341
3333
3288
3299
3356
3380
3381
3308
3327
3373
3400
3394
3398
3429
3455
3408
3485
3563
3425
3416
3448
3584
3572
3531
3546
3552
3548
3542
3574
3556
3520
3537
3555
3544
3515
3485
3465
3504
3516
3507
3489
3523
3498
3517
3484
3529
3552
3583
3534
3576
3530
3539
3622
3586
3517
3493
3539
3546
3566
3589
3634
3599
3547
3536
3467
3305
3341
3288
3314
3340
3352
3368
3315
3368
3327
3323
3316
3313
3284
3301
3310
3359
3415
3415
3399
3469
3426
3422
3414
3322
3414
3429
3678
3682
3636
3602
3621
3861
3846
3794
3810
3723
3814
3783
3825
3833
3741
3683
3662
3800
3847
3776
3818
3825
3810
3804
3837
3865
3802
3785
3779
3754
3721
3732
3730
3738
3712
3591
3608
3617
3665
3748
3715
3681
3657
3723
3688
3720
3705
3706
3666
3664
3665
3696
3668
3703
3626
3630
3667
3661
3684
3707
3683
3790
3797
3857
3783
3806
3783
3822
3754
3660
3756
3923
3932
3923
3959
3865
3848
3864
3820
3867
3914
3815
3814
3849
3926
3905
3837
3870
3867
3901
3934
3906
3947
3919
3975
3958
3965
3945
3944
3914
3980
4038
4036
4021
3969
3968
3958
4034
3983
3970
3965
3965
3980
3987
3970
3994
3942
3871
3938
3917
3949
3954
3914
3925
3860
3887
3874
3887
3870
3873
3931
3962
3989
3960
3989
3994
3919
3948
3940
3841
3774
3934
3925
3916
3967
3968
3981
4000
3985
4021
3692
3709
3695
3728
3750
3600
3546
3576
3626
3677
3675
3648
3678
3656
3698
3744
3766
3744
3671
3650
3601
3693
3738
3693
3574
3636
3625
3643
3638
3672
3644
3658
3653
3676
3656
3658
3657
3633
3570
3538
3535
3558
3574
3592
3557
3570
3546
3594
3538
3565
3622
3529
3532
3516
3637
3632
3619
3725
3731
3831
3804
3778
3769
3544
3638
3622
3592
3518
3519
3588
3782
3666
3709
3639
3614
3585
3540
3638
3609
3601
3606
3584
3582
3605
3549
3576
3602
3608
3588
3540
3443
3461
3471
3541
3502
3399
3366
3345
3313
3288
3571
3558
3624
3707
3739
3767
3793
3710
3576
3566
3612
3602
3588
3675
3647
3687
3684
3662
3654
3594
3550
3539
3526
3572
3631
3662
3626
3638
3686
3624
3556
3610
3605
3607
3508
3552
3534
3579
3645
3600
3629
3511
3492
3449
3339
3615
3621
3542
3598
3606
3637
3698
3700
3694
3504
3475
3628
3623
3594
3540
3545
3538
3574
3612
3604
3567
3562
3533
3522
3424
3473
3408
3415
3462
3441
3430
3432
3515
3507
3449
3494
3490
3509
3462
3508
3605
3538
3550
3547
3522
3561
3593
3596
3585
3548
3562
3631
3599
3722
3722
3614
3687
3710
3703
3477
3545
3493
3420
3529
3391
3337
3275
3092
3257
3283
3268
3322
3580
3611
3538
3390
3366
3339
3370
3398
3319
3354
3409
3372
3304
3371
3378
3408
3371
3282
3278
3298
3327
3323
3302
3299
3257
3181
3317
3467
3574
3578
3608
3529
3486
3519
3541
3482
3378
3220
3379
3468
3449
3320
3417
3394
3404
3454
3434
3400
3336
3455
3449
3389
3427
3465
3496
3519
3545
3482
3591
3558
3715
3719
3706
3658
3703
3686
3577
3602
3601
3589
3550
3579
3588
3499
3839
3931
3914
3950
3824
3813
3884
3894
3858
3914
3823
3791
3736
3802
3738
3763
3747
3782
3732
3760
3826
3705
3758
3684
3743
3837
3875
3872
3864
3898
3890
3886
3984
3980
3976
3960
4022
3980
3875
3920
3909
3929
4038
4097
4108
4057
4119
4097
4205
4210
4144
4083
4086
4193
4167
4126
4097
4020
4053
4024
4006
3997
3947
3862
3915
4016
4048
4093
4108
4066
3975
3977
3964
4005
3925
3988
3929
3879
3890
3948
4039
4042
3924
4011
4012
3966
4003
3957
3900
3964
3916
3975
3973
3795
3893
3926
3963
3981
4025
3863
3909
3694
3710
3831
3838
3799
3782
3750
3721
3821
3783
3875
3765
3796
3733
3759
3828
3769
3707
3673
3752
3725
3607
3874
3877
3817
3779
3880
3959
3896
3881
3905
3595
3670
3799
3738
3575
3459
3537
3501
3529
3525
3714
3660
3780
3757
3845
3781
3916
3906
3888
3757
3710
3633
3750
3779
3717
3687
3669
3714
3714
3695
3761
3725
3744
3804
3914
3896
3786
3812
3791
3848
3871
3884
3859
3743
3742
3727
3703
3607
3672
3679
3649
3648
3668
3536
3369
3384
3365
3402
3406
3399
3718
3786
3809
3798
3825
3824
3777
3728
3721
3740
3754
3745
3729
3765
3785
3874
3851
3851
3866
3864
3834
3797
3813
3712
3726
3817
3872
3863
3865
3881
3861
3876
3913
3868
3818
3841
3833
3823
3802
3843
3863
3839
3783
3814
3776
3719
3704
3521
3508
3524
3534
3705
3892
3897
3870
3858
3889
3940
3948
3983
4030
3965
3961
4082
4033
4132
4141
4137
4048
3973
3941
3911
4009
4033
4104
4090
4134
4100
4015
4035
4038
4012
3991
4026
3951
3851
3787
4065
4066
4027
4016
3867
3779
3744
3717
3746
3784
3874
3808
3834
3849
3827
3799
3621
3642
3720
3673
3757
3659
3707
3734
3748
3663
3663
3632
3712
3710
3668
3683
3648
3698
3756
3777
3741
3654
3604
3693
3699
3742
3730
3794
3782
3795
3739
3607
3684
3754
3660
3654
3828
3837
3859
3921
3875
3879
3761
3726
3632
3767
3727
3711
3607
3619
3651
3686
3681
3667
3723
3737
3723
3735
3724
3823
3806
3779
3737
3801
3902
3909
3794
3845
3883
3905
3877
3922
3912
3836
3812
3951
3971
3902
3917
3807
3993
4003
4049
3987
4114
4154
4108
4117
4129
4169
4080
4130
4168
4147
4191
4080
4031
4133
4088
4114
4118
4077
4072
4101
4090
4113
4003
4049
3986
4097
4069
4016
3919
3869
3927
3844
3875
3878
3836
3690
3618
3699
3844
3913
3906
3878
3896
3840
3787
3838
3662
3736
3736
3728
3717
3821
3808
3709
3791
3825
3848
3895
3853
3891
3832
3834
3848
3806
3871
3886
3851
3933
3862
4007
3989
3952
3954
4015
3998
3886
3897
4018
4015
4016
3855
3871
3860
3885
3929
3912
3894
3912
3796
3828
3992
3996
3931
3863
3796
3874
3856
3825
3761
3765
3755
3710
3698
3693
3665
3664
3684
3696
3705
3709
3791
3787
3800
3792
3743
3713
3888
3878
3885
3826
3780
3822
3867
3838
3759
3684
3673
3510
3626
3704
3683
3738
3726
3710
3712
3710
3614
3704
3720
3754
3662
3624
3541
3706
3724
3759
3764
3866
3824
3739
3724
3733
3698
3771
3795
3693
3576
3596
3629
3633
3625
3625
3605
3617
3610
3599
3653
3724
3675
3794
3747
3786
3779
3769
3786
3747
3749
3710
3822
3815
3819
3816
3826
3695
3652
3687
3743
3809
3763
3807
3915
3933
3921
3948
3976
3989
3982
3925
4008
4055
3908
4001
4051
4109
4061
4032
4029
4020
4091
4030
4031
4076
4097
4087
4082
4065
4043
4041
4015
3927
3969
3955
3974
3930
3875
3803
3873
3926
3886
3884
3877
3852
3903
3896
3860
3896
3853
3721
3915
3858
3773
3701
3724
3721
3778
3767
3775
3805
3751
3856
3868
3825
3842
3897
3834
3934
3977
3993
3998
4033
3982
3952
4077
3961
4004
4033
3908
3928
3997
3984
3928
3904
3959
3964
4049
4076
3992
3995
4002
4034
4058
3979
3944
4060
4087
3995
3989
3859
4107
4157
4129
4073
4051
4133
4071
4163
4092
4092
4097
4025
4055
4068
4120
4123
4044
3954
4027
4030
3971
3962
4040
4092
3936
4015
4031
4049
3986
3991
3929
3894
3975
4004
3964
4010
3985
3998
3968
3929
3927
3894
3886
3975
3919
3964
4008
3978
3917
4005
3999
3955
3897
3823
3806
3922
3954
3836
3817
3813
3820
3869
3807
3775
3836
3789
3772
3770
3749
3744
3780
3782
3713
3727
3672
3757
3837
3833
3850
3692
3728
3785
3812
3818
3743
3814
3783
3833
3846
3806
3876
3900
3919
3900
3856
3836
3747
3906
3965
3895
3989
4007
4051
4031
3910
3924
3889
3879
4128
4123
4161
4118
4174
4090
4066
4113
4102
4132
4122
4103
4107
4059
4069
3994
4046
4046
3993
4111
4156
4170
4171
4258
4182
4222
4228
4219
4308
4320
4273
4253
4158
4337
4300
4327
4280
4203
4195
4139
4199
4198
4037
4073
4087
4042
4050
4025
4066
4011
3976
3966
3969
3952
3988
3936
3779
3852
3952
3973
3961
3984
3965
3954
3932
3907
3950
3885
3824
3766
3877
3908
3849
3815
3802
3826
3833
3824
3774
3792
3761
3811
3791
3783
3869
3839
3929
3931
3930
3929
3881
3874
3950
3917
3954
3918
3911
3924
3951
3932
3913
3926
3940
3965
3920
3959
3869
3911
3886
4006
3973
4053
3984
3951
3964
3985
3990
3989
3946
3912
3860
3884
4005
3934
3935
3867
3919
4011
4026
4002
4029
4028
3955
4042
4067
4068
4103
4105
4047
4117
4078
4087
4102
4089
4067
4028
4002
3986
3919
3950
3910
3983
4013
3909
3976
3935
3916
3988
4125
4145
4193
4177
4163
4191
4178
4128
4081
4066
4049
3890
3865
3900
3846
3830
3924
4186
4277
4195
4197
4218
4245
4232
4356
4100
4201
4183
4154
4201
4163
4186
4163
4184
4239
4201
4168
4215
4192
4220
4224
4248
4252
4240
4227
4175
4196
4237
4234
4254
4165
4184
4152
4229
4226
4247
4260
4357
4382
4438
4486
4437
4467
4439
4492
4477
4468
4545
4528
4628
4683
4630
4548
4628
4666
4656
4582
4534
4540
4509
4513
4414
4458
4460
4464
4476
4368
4233
4318
4380
4316
4367
4369
4374
4351
4323
4288
4306
4296
4296
4261
4287
4212
4267
4267
4323
4281
4252
4304
4295
4341
4347
4343
4311
4362
4355
4422
4378
4364
4339
4371
4314
4420
4330
4298
4278
4342
4425
4415
4418
4395
4418
4416
4322
4410
4346
4311
4305
4354
4401
4463
4439
4374
4410
4404
4352
4423
4318
4461
4311
4179
4343
4375
4386
4435
4403
4408
4356
4543
4481
4485
4485
4538
4636
4660
4669
4578
4508
4476
4446
4482
4480
4339
4376
4290
4367
4303
4196
4269
4200
4206
4243
4219
4394
4355
4372
4355
4259
4301
4297
4238
4283
4182
4237
4245
4235
4282
4276
4214
4618
4633
4637
4635
4548
4615
4572
4452
4468
4378
4350
4246
4324
4258
4252
4297
4329
4370
4246
4243
4169
4060
4156
4089
4113
4184
4179
4232
4204
4149
4098
4153
4105
4261
4320
4358
4338
4319
4358
4324
4438
4487
4355
4455
4426
4550
4542
4580
4500
4604
4633
4600
4628
4768
4696
4678
4624
4631
4822
4807
4832
4779
4760
4831
4823
4871
4908
4833
4892
4813
4841
4741
4766
4910
4885
4794
4962
4911
4856
4889
4866
4860
4918
4908
4885
4877
4858
4835
4916
4842
4803
4691
4743
4759
4679
4673
4720
4677
4705
4674
4661
4627
4519
4554
4345
4479
4464
4600
4601
4532
4523
4535
4507
4479
4360
4310
4321
4340
4309
4361
4334
4258
4243
4293
4388
4351
4097
4355
4306
4295
4237
4307
4317
4363
4373
4425
4447
4463
4503
4486
4501
4589
4524
4645
4651
4677
4700
4639
4702
4661
4502
4506
4540
4548
4534
4382
4490
4502
4491
4343
4491
4514
4445
4473
4465
4448
4594
4585
4546
4608
4680
4634
4738
4688
4689
4557
4488
4468
4490
4525
4483
4343
4244
4284
4308
4285
4513
4606
4605
4659
4628
4561
4596
4538
4671
4652
4664
4684
4620
4667
4647
4545
4559
4429
4557
4527
4533
4505
4419
4374
4438
4407
4380
4248
4314
4234
4223
4246
4243
4294
4297
4220
4277
4122
4144
4105
4063
4118
4076
3961
4016
3966
3918
3873
3850
3908
3892
3847
3829
3828
3875
3885
3892
3828
3833
3842
3837
3895
3835
3797
3838
3842
3815
3755
3733
3748
3774
3705
3716
3722
3806
3792
3800
3805
3791
3836
3883
3829
3977
3994
4013
4088
4143
4087
4055
4152
4129
4215
4206
4257
4206
4190
4246
4212
4247
4173
4112
4090
4080
4192
4193
4131
4068
3966
4043
3942
3962
3963
3796
3789
3802
3784
3806
3794
3763
3735
3775
3758
3739
3749
3770
3806
3843
3727
3719
3629
3621
3674
3638
3673
3793
3788
3784
3839
3875
3744
3747
3812
3845
3891
3884
3902
3728
3811
3770
3787
3792
3802
3734
3672
3430
3545
3540
3563
3612
3722
3588
3586
3596
3541
3501
3572
3716
3706
3646
3770
3758
3766
3813
3811
3849
3792
3744
3789
3823
3845
3942
3991
3969
3829
3711
3917
3896
3890
3900
3906
3846
3944
3955
3899
3912
3859
3907
3867
4016
3921
3986
3983
3994
3897
3741
3960
4041
4007
4028
4022
3966
3986
3910
3795
3840
3872
3862
3775
3745
3813
4094
4067
4106
4201
4183
4143
4190
4199
4180
3998
4138
4115
3981
3955
3911
3914
3982
3980
3962
3841
3944
3861
3857
3877
3888
3866
3860
3839
3783
3783
3765
3892
3909
3798
3807
3786
3825
3828
3786
3709
3772
3797
3794
3888
3911
3902
3898
3842
3736
3879
3862
3831
3705
3775
3785
3758
3780
3781
3758
3778
3685
3694
3704
3817
3816
3776
3762
3630
3459
3420
3442
3428
3384
3432
3356
3567
3549
3549
3640
3627
3629
3547
3488
3466
3553
3542
3545
3557
3515
3483
3650
3624
3673
3682
3654
3660
3565
3551
3451
3212
3342
3642
3631
3624
3475
3399
3427
3445
3419
3455
3351
3354
3312
3382
3370
3390
3359
3375
3371
3404
3352
3382
3346
3355
3518
3509
3525
3379
3427
3376
3279
3243
3233
3191
3328
3276
3386
3482
3535
3519
3709
3644
3591
3724
3732
3702
3708
3684
3659
3490
3595
3640
3662
3555
3585
3574
3550
3500
3605
3580
3541
3630
3633
3603
3597
3677
3522
3579
3569
3476
3567
3523
3738
3745
3742
3708
3645
3624
3713
3765
3706
3620
3638
3628
3640
3633
3676
3655
3694
3684
3679
3662
3675
3693
3688
3718
3715
3748
3748
3764
3710
3745
3775
3799
3884
3902
3894
3826
3840
3888
3921
3864
3868
3743
3797
3742
3755
3718
3732
3907
3917
3914
3905
3876
3877
3870
3899
3888
3799
3821
3817
3864
3868
3882
3927
3897
3871
3867
3820
3872
3871
3831
3856
3836
3814
3757
3714
3702
3649
3648
3654
3650
3670
3630
3609
3618
3625
3648
3609
3699
3705
3671
3682
3707
3786
3811
3801
3860
3844
3891
3939
3991
4003
4030
3978
3753
3813
3861
3824
3776
3911
4001
3977
3945
3941
4001
3916
3955
3913
3975
3810
3864
3935
4034
4030
4055
4018
4003
4028
3990
3984
3980
3972
4015
4031
3996
3976
3952
3949
3903
3861
3808
3988
4011
3958
3926
4011
3942
3908
3934
3939
3948
3796
3831
3795
3769
3730
3894
3966
3972
3951
3906
3973
3981
4041
4041
4067
4049
4076
4010
4074
4181
4103
4120
4174
4090
4134
4077
4122
4111
4116
4156
4112
4057
3982
3990
3943
3999
3987
4003
3990
3975
4021
3999
3978
3973
3970
3803
3790
3783
3891
3899
3929
3926
3924
3915
3882
3979
3965
3964
3874
3946
4000
3909
3853
3970
3966
3993
3962
3911
3819
3801
3813
3931
3971
3985
3965
3981
3980
3977
4041
4014
4037
4005
4010
4122
4117
4131
4121
4045
4147
4213
4233
4245
4063
4077
4002
4006
3961
3717
3739
3801
3803
3791
3737
3591
3748
3735
3755
3751
3805
3725
3662
3658
3542
3582
3708
3702
3698
3707
3680
3700
3617
3561
3586
3543
3535
3545
3540
3531
3516
3500
3449
3393
3488
3430
3494
3554
3512
3383
3468
3461
3438
3479
3489
3415
3326
3518
3631
3608
3571
3502
3623
3662
3732
3746
3632
3408
3328
3165
3204
3196
3167
3161
3226
3210
3232
3549
3537
3563
3549
3530
3594
3538
3585
3552
3572
3563
3533
3575
3564
3569
3519
3478
3517
3552
3569
3569
3554
3556
3571
3569
3624
3633
3593
3613
3685
3748
3715
3490
3559
3581
3582
3614
3588
3773
3759
3787
3763
3790
3791
3697
3756
3773
3729
3774
3527
3785
3792
3842
3865
3781
3836
3833
3606
3286
3337
3338
3329
3360
3379
3397
3379
3464
3417
3392
3416
3390
3578
3600
3594
3593
3562
3522
3477
3650
3747
3685
3736
3703
3736
3733
3720
3737
3740
3764
3708
3793
3699
3870
3871
3846
3919
3896
3902
3944
3781
3744
3733
3785
3732
3720
3732
3725
3709
3705
3534
3709
3743
3735
3717
3751
3772
3782
3794
3857
3769
3777
3784
3582
3494
3574
3639
3553
3698
3718
3740
3680
3703
3727
3653
3669
3659
3703
3704
3706
3629
3644
3528
3400
3244
3516
3354
3486
3550
3548
3539
3578
3528
3619
3594
3606
3486
3500
3514
3555
3666
3601
3639
3619
3636
3569
3518
3778
3750
3680
3779
3840
3809
3864
3810
3817
3813
3732
3741
3821
3857
3858
3949
3825
3938
3922
3703
3780
3790
3870
3932
3885
3916
3990
3960
3917
3849
3878
3877
3453
3459
3452
3420
3438
3435
3329
3433
3412
3421
3653
3713
3754
3770
3781
3806
3829
3737
3604
3707
3689
3648
3802
3861
3861
3852
3864
3814
3808
3805
3833
3811
3729
3693
3759
3823
3821
3765
3815
3797
3785
3837
3723
3783
3665
3612
3609
3627
3647
3639
3636
3631
3726
3781
3808
3701
3768
3865
3895
3750
3655
3687
3603
3398
3854
4013
4041
4042
4022
4015
4037
4045
4109
4063
4030
4001
3999
4000
3832
3915
3976
4002
3886
3898
3879
3931
3906
3649
3876
3950
3996
4043
4023
4025
4010
4085
3960
4086
4053
3934
3919
4051
4043
4009
3958
3891
4020
3984
3981
3920
3938
3979
3979
3994
3972
3972
3990
3881
3129
3809
3853
3838
3715
3641
3598
3709
3647
3711
3941
3886
3941
3809
3839
3834
3906
3872
3877
3790
3741
3700
3762
3771
3786
3671
3755
3733
3829
3729
3840
3840
3528
3766
3875
3821
3898
3907
3936
3927
3844
3895
3885
3811
3888
3810
3760
3773
3757
3627
3639
3605
3571
3610
3595
3562
3545
3939
3855
3954
3928
3894
3920
3900
3855
3808
3850
3826
3874
3884
3870
3909
3867
3842
3888
3918
3925
3971
3967
4001
4026
3968
3791
3798
3860
3919
3956
4033
3948
3959
3927
3820
3932
3939
3987
3955
3825
3825
3869
3854
3874
3886
3749
3790
3782
3864
3846
3814
3827
3762
3739
3744
3774
3817
3795
3861
3779
3806
3795
3737
3774
3832
3871
3929
3906
3917
3856
3821
3857
3890
3916
3922
3883
3847
3915
3905
3912
3945
3876
3850
3846
3786
3799
3684
3646
3746
3704
3699
3670
3691
3665
3697
3752
3801
3690
3716
3703
3543
3532
3567
3748
3764
3747
3857
3946
3858
3738
3730
3500
3685
3605
3781
3752
3839
3761
3855
3911
3883
3735
3728
3820
3788
3787
3807
3818
3793
3796
3781
3758
3719
3772
3797
3884
3853
3847
3884
3875
3836
3866
3745
3748
3732
3690
3624
3680
3685
3779
3801
3792
3844
3684
3814
3855
3874
3816
3839
3968
3969
3895
3890
3989
3950
4021
3943
3991
4015
3971
3942
3933
3889
3885
3804
3912
4027
3991
4025
4048
3908
3912
3893
3961
3952
3827
3784
3716
3817
3819
3796
3757
3742
3818
3567
3836
3838
3770
3801
3868
3873
3912
3925
3911
3936
3935
3873
4008
4032
4103
4089
4020
4016
4077
4075
4053
4059
4169
4211
4170
4150
4180
4198
4275
4192
4058
4142
4224
4266
4220
4291
4210
4187
4228
4340
4292
4137
4236
4247
4184
4035
4167
4198
4295
4325
4274
4252
4357
4404
4260
4232
4271
4126
4214
4167
4117
4096
4096
4104
4157
4193
4162
4078
4114
4117
4128
4087
4086
4058
4011
4040
4031
3957
3959
4102
4005
4057
4065
4121
4148
4092
4211
4172
4095
4138
4011
3980
4000
4024
3972
4060
4027
4042
3817
4134
4159
4240
4203
4212
4012
4022
4163
4111
4101
4155
4189
4145
4166
4245
4089
4093
3821
3785
3780
3849
3780
3826
3832
4028
4003
3998
3962
4016
4057
4046
4056
3956
3969
3958
3911
3958
3854
3732
3899
3923
4009
3986
4017
3931
3947
3950
3966
3850
3918
3902
3921
3919
3878
3978
3908
3962
3957
3959
3928
3920
3824
3725
3790
3963
3942
3768
3872
3897
3851
3947
4014
4011
3887
3858
3831
3870
3820
3776
3736
3821
3822
3694
3763
3879
3876
3879
3950
3922
3872
3861
3828
3808
3957
4052
4070
4014
4034
4025
4111
4055
3976
4004
3857
3997
3934
3928
3902
3877
3536
3904
3912
3998
4000
3954
3953
3956
3984
3947
3831
3819
3812
3818
3940
3930
3932
3934
3909
3844
3841
3863
3760
3810
3795
3815
3693
3783
3737
3583
3768
3752
3756
3840
3801
3846
3813
3710
3469
3566
3764
3819
3793
3714
3692
3775
3785
3682
3723
3805
3792
3795
3803
3836
3768
3800
3809
3737
3778
3743
3707
3789
3796
3799
3778
3791
3838
3897
3901
3898
4003
3959
3938
4003
3869
3984
3944
3954
3749
3747
3804
3808
3767
3793
3762
3788
3717
3667
3641
3666
3615
3601
3857
3859
3911
3828
3823
3874
3830
3817
3710
3875
3893
3801
3882
3802
3887
3815
3769
3782
3774
3606
3489
3486
3483
3438
3739
3792
3811
3894
3764
3671
3719
3697
3732
3626
3581
3541
3562
3613
3662
3736
3683
3727
3647
3640
3671
3659
3676
3671
3579
3544
3555
3553
3579
3591
3591
3583
3581
3607
3577
3475
3478
3483
3477
3760
3832
3861
3813
3848
3891
3882
3843
3875
3901
3896
3725
3854
3899
3937
3930
3892
3874
3857
3778
3689
3639
3699
3715
3718
3723
3738
3855
3912
3834
3902
3882
3919
3950
3978
3923
3898
3929
3958
3881
3945
3919
3842
3867
3893
3790
3872
3856
3915
3938
3937
4133
4152
4139
4136
4054
4096
4116
3999
3973
3962
4032
4028
4018
3927
3855
3857
3877
3909
3919
3944
3865
3910
3841
3805
3821
3814
3831
3938
3932
3928
3914
3936
3952
3903
3891
3832
3861
3873
3797
3819
3804
3715
3802
3765
3802
3787
3739
3603
3567
3654
3613
3716
3747
3771
3769
3660
3708
3687
3665
3713
3641
3617
3621
3554
3542
3543
3479
3445
3523
3495
3459
3495
3471
3464
3532
3384
3469
3394
3494
3504
3547
3546
3585
3613
3576
3635
3590
3657
3641
3660
3743
3839
3821
3869
3681
3666
3686
3712
3685
3503
3465
3354
3371
3444
3572
3621
3636
3581
3637
3603
3610
3618
3626
3587
3757
3828
3915
3883
3856
3859
3923
4019
4029
3982
3957
3901
3967
3943
3918
4093
4082
4103
4081
4062
3946
4012
4047
4069
4072
3892
3925
3954
3981
3986
3970
3898
3820
3813
3888
3936
3758
3791
3714
3811
3620
3795
3752
3869
3847
3796
3778
3835
3811
3821
3847
3818
3806
3871
3841
3866
3849
3788
3939
3930
3894
3913
3871
3825
3865
3899
3907
3915
3882
3892
3883
3832
3852
3864
4049
4028
4112
4112
4048
4113
4074
4106
4044
3953
3979
3951
3939
4069
4074
4106
4143
4141
3991
4125
4076
4158
4151
4149
4208
4175
4223
4237
4193
4211
4241
4246
4270
4331
4279
4220
4286
4186
4237
4244
4147
4194
4223
4221
4189
4210
4137
4017
4067
4058
4078
4141
4071
3941
3969
4105
4130
4067
4099
4119
4015
4016
4055
4012
3929
4029
4116
4075
4079
4031
3999
3929
3902
3880
4007
4033
3986
3928
3907
3976
3987
3874
3902
3796
3833
3817
3845
3895
3785
3765
3831
3738
3840
3809
3808
3832
3830
3794
3748
3822
3831
3838
3868
3809
3883
3856
3819
3804
3922
3909
3891
3924
3921
3906
3908
3940
4014
3924
3736
3861
3839
4021
4126
4068
4145
4192
4190
4233
4090
4046
4105
4054
4100
4099
4005
4025
3972
3969
3962
3937
3930
3983
4033
4004
3960
3987
4087
4122
4089
4221
4061
4069
3921
3905
3977
4007
4072
4019
4028
4025
4093
4000
4053
4018
4035
3964
4095
4048
4140
4094
4197
4155
4223
4141
4066
4198
4065
4167
4125
4194
4233
4133
4184
4165
3900
3958
3955
4012
3994
4058
4048
4095
4079
3962
4003
3849
3902
3989
4078
4038
3817
3918
3913
3904
3967
3869
3825
3861
3962
3911
3784
3791
3883
3915
3824
3859
3850
3869
3829
3873
3771
3837
3787
3925
3873
3882
3907
3839
3760
3765
3815
3904
3886
3962
4015
3948
4041
3918
3995
4026
3896
3991
3933
3833
3787
3821
3860
3736
3783
3836
3756
3793
3807
3739
3665
3652
3742
3740
3757
3697
3746
3707
3663
3858
3887
3816
3775
3714
3493
3762
3706
3511
3528
3516
3445
3485
3491
3457
3407
3436
3542
3647
3558
3616
3574
3562
3565
3501
3544
3570
3607
3599
3567
3477
3528
3443
3563
3507
3313
3426
3446
3439
3376
3206
3425
3405
3393
3428
3373
3338
3207
3186
3296
3475
3437
3418
3391
3494
3431
3448
3385
3380
3383
3410
3239
3297
3281
3345
3293
3337
3432
3446
3439
3480
3447
3475
3444
3352
3402
3388
3411
3457
3436
3445
3463
3429
3412
3443
3432
3458
3426
3422
3448
3406
3405
3394
3408
3422
3356
3368
3382
3403
3396
3319
3230
3368
3346
3364
3379
3318
3382
3370
3239
3191
3212
3294
3316
3325
3349
3324
3227
3244
3229
3257
3194
3252
3254
3213
3288
3304
3297
3267
3261
3254
3222
3211
3204
3210
3269
3295
3319
3329
3347
3401
3391
3377
3380
3420
3416
3430
3381
3434
3336
3407
3421
3446
3516
3499
3480
3399
3396
3419
3338
3373
3378
3348
3007
2996
2947
3017
3296
3329
3295
3422
3468
3438
3449
3479
3546
3527
3547
3395
3578
3619
3620
3486
3574
3538
3634
3637
3602
3562
3621
3714
3722
3660
3730
3715
3746
3744
3645
3548
3540
3531
3527
3575
3541
3440
3417
3408
3389
3437
3390
3453
3426
3451
3474
3467
3485
3427
3335
3327
3273
3296
3278
3291
3297
3294
3227
3319
3266
3266
3230
3245
3263
3319
3345
3337
3327
3322
3301
3326
3281
3311
3313
3278
3251
3336
3347
3383
3355
3411
3408
3444
3370
3303
3404
3389
3475
3443
3397
3443
3440
3406
3183
3230
3181
3138
3182
3370
3363
3397
3360
3493
3550
3505
3506
3509
3457
3534
3565
3606
3648
3693
3656
3660
3690
3683
3631
3631
3561
3585
3663
3557
3788
3793
3722
3761
3740
3690
3685
3611
3708
3708
3732
3620
3675
3683
3739
3690
3334
3299
2816
2757
2956
3095
2788
3345
3059
3352
2928
3258
1661
3412
3497
3092
3254
3316
3290
3192
3416
3549
3385
3443
3240
3422
3461
3243
3053
2922
3192
3117
3066
3212
3398
3411
3143
3288
3287
3355
3348
3353
3435
3327
3427
3442
3533
3473
3386
3201
3440
3338
3276
3353
3517
3417
3632
3770
3620
3727
3645
3615
3676
3724
3694
3769
3770
3693
3742
3764
3712
3729
3779
3743
3835
3792
3747
3806
3762
3764
3744
3751
3761
3780
3688
3567
3784
3708
3541
3735
3860
3669
3768
3640
3657
3568
3582
3652
3634
3618
3542
3673
3606
3536
3555
3527
3549
3646
3750
3657
3633
3770
3617
3747
3793
3782
3597
3553
3635
3723
3615
3563
3594
3613
3580
3771
3807
3749
3758
3783
3647
3795
3700
3544
3670
3621
3682
3651
3721
3796
3812
3755
3516
3492
3520
3570
3591
3611
3653
3623
3623
3576
3537
3527
3505
3410
3415
3410
3392
3448
3445
3422
3432
3446
3296
3427
3469
3526
3490
3428
3425
3375
3434
3402
3362
3394
3361
3411
3418
3379
3395
3285
3359
3413
3363
3422
3442
3344
3371
3401
3452
3600
3576
3592
3523
3491
3497
3513
3417
3499
3504
3522
3494
3497
3400
3424
3390
3267
3265
3243
3254
3249
3094
3092
3100
3099
3069
3108
3221
3218
3259
3230
3178
3186
3215
3187
3206
3262
3217
3247
3267
3263
3272
3283
3193
3181
3239
3314
3271
3165
3161
3202
3242
3190
3219
3200
3080
3283
3315
3328
3307
3298
3248
3332
3311
3273
3115
3120
3134
3124
3164
3138
3116
3121
3033
3251
3269
3271
3311
3322
3352
3255
3265
3179
3250
3336
3212
3241
3192
3236
3312
3311
3254
3231
3029
2988
2964
3088
3105
3122
3174
3229
3275
3270
3278
3275
3269
3354
3308
3357
3359
3389
3404
3405
3378
3438
3437
3383
3381
3377
3403
3435
3511
3503
3402
3447
3487
3472
3417
3442
3487
3497
3591
3565
3466
3508
3589
3587
3550
3585
3263
3222
3271
3221
3285
3314
3325
3262
3252
3213
3164
3149
3156
3159
3159
3169
3572
3542
3558
3589
3773
3773
3726
3762
3760
3874
3905
4012
4039
4005
3981
3960
4044
4079
4056
3996
3901
4037
4065
4046
4058
4060
4099
4000
4040
4069
4000
4049
4099
4035
4055
4037
4052
4118
4147
4153
4152
4108
4077
4002
4115
4084
4126
4134
4100
4083
4082
3963
3947
3933
3969
3966
3919
3820
3840
3810
3832
3815
3815
3820
3786
3778
3698
3726
3615
3620
3619
3693
3610
3604
3602
3569
3719
3752
3675
3593
3599
3679
3656
3529
3553
3543
3540
3541
3546
3533
3484
3527
3621
3640
3539
3345
3411
3389
3394
3437
3488
3476
3423
3504
3445
3328
3274
3207
3253
3371
3456
3409
3471
3442
3400
3429
3301
3349
3375
3351
3460
3425
3554
3488
3509
3511
3399
3389
3333
3294
3262
3246
3133
3235
3254
3173
3093
3247
3273
3211
3148
3144
3062
3051
3032
3173
3177
3122
3107
3104
3189
3177
3173
3145
2759
2626
2646
2638
2566
2578
2546
2575
2797
2820
2855
2864
2905
2906
2884
2855
2882
2870
2865
2796
2819
2857
2880
2976
2900
2874
3035
3057
3084
3090
3093
3129
3086
3106
3050
3065
3044
3035
3123
3125
3118
3098
3031
3123
3141
3131
3127
3077
3137
3128
3125
3078
3173
3115
3156
3132
3125
3169
3147
3241
3271
3271
3298
3388
3316
3380
3306
3307
3352
3373
3427
3433
3345
3262
3231
3366
3405
3392
3356
3411
3463
3436
3402
3523
3501
3502
3488
3488
3354
3244
3217
3192
3089
3132
3156
3166
3161
3155
3150
3303
3261
3283
3325
3298
3255
3283
3259
3263
3219
3281
3263
3258
3279
3227
3233
3251
3166
3204
3156
3201
3200
3196
3270
3286
3282
3305
3306
3284
3249
3377
3391
3323
3381
3304
3319
3458
3403
3446
3452
3331
3387
3389
3406
3435
3407
3403
3353
3345
3294
3313
3340
3310
3314
3379
3457
3444
3416
3428
3384
3342
3338
3415
3449
3465
3433
3447
3451
3448
3492
3545
3556
3430
3438
3368
3311
3288
3318
3341
3325
3338
3461
3412
3368
3343
3411
3404
3412
3448
3340
3274
3390
3383
3419
3367
3291
3305
3364
3356
3503
3446
3440
3437
3424
3442
3435
3421
3400
3276
3309
3318
3104
3196
3243
3190
3189
3169
3187
3071
3118
3133
3095
3064
3070
2871
2830
2861
2807
2842
2841
2810
2929
3017
3033
3026
3081
3073
3130
3139
3280
3263
3281
3240
3122
3257
3201
3225
3236
3202
3226
3312
3313
3294
3291
3318
3320
3248
3234
3261
3250
3220
3394
3406
3392
3420
3513
3495
3541
3475
3468
3595
3706
3710
3605
3506
3487
3546
3637
3656
3555
3469
3444
3508
3486
3493
3495
3347
3275
3227
3283
3228
3363
3433
3405
3369
3597
3635
3658
3617
3495
3719
3694
3735
3780
3729
3591
3644
3652
3640
3842
3866
3827
3804
3840
3844
3827
3826
3797
3873
3822
3838
3827
3925
3878
3927
3990
4068
4063
4136
4102
4084
4012
3944
3991
4001
3989
3968
3891
3796
3882
3905
3928
3964
3964
3955
3982
3981
3959
3942
3835
3869
3837
3829
3903
3880
3878
3856
3843
3857
3860
3921
3911
3886
3906
3923
3935
3935
3901
3890
3841
3842
3885
3858
3867
3806
3878
3902
3840
3856
3908
3940
3896
3927
3909
3877
3862
3695
3713
3756
3658
3686
3632
3602
3517
3494
3501
3485
3526
3502
3470
3500
3483
3396
3457
3411
3396
3400
2451
2442
2454
2458
2465
2454
2463
2392
2348
2317
2259
2267
2222
2245
2131
2102
2102
2095
2090
2080
2097
2095
2137
2147
2182
2165
2143
2173
2173
2184
2191
2949
2873
2964
3017
2956
3019
3047
3064
3105
3098
3090
3188
3144
3175
3163
3115
3136
3133
3165
3136
2980
3110
3145
3153
3197
3159
3191
3153
3174
3238
3165
3093
3105
3083
3059
3072
2958
2950
2850
2868
2894
2840
2827
2849
2799
2893
2849
2848
2853
2844
2875
2868
2821
2858
2776
2716
2831
2846
2831
2842
2853
2832
2796
2914
2955
2908
2947
2937
2948
2923
3013
3006
2984
2961
2962
2940
2930
2963
3024
3041
3027
3020
3010
3054
3034
3031
3020
3061
3047
3077
3116
3081
2970
3044
3062
3088
3147
3275
3290
3286
3285
3294
3268
3259
3289
3143
3290
3409
3339
3369
3383
3353
3342
3330
3348
3371
3355
3345
3375
3403
3392
3407
3377
3462
3495
3503
3435
3383
3465
3654
3692
3687
3630
3616
3654
3661
3680
3699
3692
3651
3529
3576
3624
3646
3655
3625
3665
3675
3653
3703
3685
3735
3725
3647
3777
3749
3690
3707
3678
3687
3690
3655
3499
3601
3606
3639
3618
3608
3606
3572
3582
3512
3543
3558
3481
3509
3511
3472
3548
3424
3412
3445
3393
3447
3469
3510
3478
3472
3408
3451
3499
3485
3472
3348
3401
3452
3424
3480
3464
3493
3461
3493
3470
3368
3350
3457
3471
3517
3533
3528
3549
3595
3484
3502
3468
3478
3510
3540
3567
3551
3432
3467
3448
3380
3487
3439
3473
3382
3401
3445
3438
3486
3507
3445
3442
3397
3469
3515
3641
3632
3585
3463
3480
3491
3296
3237
3226
3251
3257
3223
3461
3529
3526
3532
3477
3416
3488
3431
3458
3523
3491
3501
3479
3553
3483
3533
3537
3521
3534
3562
3619
3744
3716
3598
3550
3543
3563
3672
3667
3455
3420
3461
3458
3397
3416
3411
3381
3398
3378
3378
3344
3235
3238
3220
3243
3298
3349
3244
3299
3311
3297
3250
3234
3231
3284
3094
3175
3200
3189
3252
3260
3324
3354
3307
3282
3331
3407
3414
3382
3374
3385
3357
3324
3276
3262
3231
3172
3175
3294
3484
3506
3495
3502
3429
3119
3257
3289
3336
3295
3305
3267
3234
3257
3244
3259
3217
3208
3078
3132
3091
3067
3138
3145
3061
3303
3353
3378
3271
3333
3380
3372
3289
3252
3383
3363
3313
3308
3405
3405
3452
3363
3393
3391
3487
3379
3498
3465
3571
3507
3564
3520
3548
3557
3595
3429
3543
3565
3578
3454
3471
3405
3460
3415
3443
3410
3473
3413
3465
3516
3542
3562
3553
3487
3475
3399
3390
3380
3388
3253
3392
3443
3422
3365
3337
3411
3428
3450
3451
3417
3356
3289
3242
3161
3213
3325
3335
3310
3230
3190
3220
3187
3258
3288
3318
3325
3320
3363
3325
3325
3360
3389
3399
3431
3491
3552
3606
3552
3502
3500
3539
3590
3635
3602
3569
3599
3518
3605
3602
3608
3628
3596
3587
3555
3587
3553
3568
3532
3614
3574
3607
3616
3575
3577
3545
3396
3464
3380
3363
3457
3435
3335
3301
3349
3294
2992
2997
3006
2952
2978
2913
2951
2936
2954
2913
2938
2934
2997
3391
3321
3441
3438
3452
3479
3524
3549
3607
3626
3565
3593
3632
3669
3642
3494
3456
3477
3548
3563
3479
3462
3302
3388
3472
3497
3424
3549
3525
3531
3447
3501
3453
3454
3344
3258
3017
3039
3070
3067
3048
3094
3100
2936
3184
3370
3394
3308
3274
3149
3299
3421
3379
3404
3385
3434
3414
3419
3368
3460
3430
3390
3364
3309
3415
3365
3217
3347
3341
3415
3388
3301
3328
3316
3263
3132
3363
3336
3475
3441
3404
3429
3357
3430
3312
3253
3318
3240
3251
3367
3472
3454
3596
3575
3560
3445
3405
3441
3432
3382
3380
3339
3345
3412
3342
3337
3311
3325
3349
3353
3345
3374
3351
3337
3340
3329
3288
3267
3242
3160
3095
3111
3097
3124
3146
3374
3361
3338
3342
3453
3463
3456
3437
3512
3600
3618
3619
3599
3557
3522
3564
3574
3490
3521
3542
3537
3581
3549
3497
3555
3601
3605
3639
3599
3583
3543
3540
3498
3503
3456
3530
3503
3575
3552
3627
3583
3635
3641
3666
3625
3663
3596
3569
3659
3480
3574
3581
3732
3793
3780
3774
3748
3816
3827
3766
3811
3800
3772
3781
3728
3745
3638
3579
3509
3533
3434
3525
3700
3716
3642
3660
3540
3505
3707
3651
3497
3653
3679
3639
3568
3603
3636
3622
3583
3595
3598
3522
3660
3708
3721
3760
3769
3739
3700
3640
3595
3580
3587
3610
3654
3683
3729
3649
3681
3683
3533
3502
3512
3453
3508
3513
3414
3500
3477
3454
3459
3498
3543
3592
3590
3660
3715
3749
3738
3724
3744
3705
3711
3591
3648
3798
3790
3732
3721
3849
3860
3842
3869
3815
3796
3836
3843
3727
3437
3513
3505
3477
3665
3731
3711
3654
3699
3617
3732
3714
3649
3645
3684
3592
3687
3627
3537
3613
3699
3690
3666
3654
3603
3608
3644
3619
3586
3571
3579
3730
3757
3842
3790
3683
3687
3741
3789
3778
3715
3732
3754
3688
3738
3726
3706
3722
3734
3758
3768
3730
3696
3824
3655
3676
3561
3664
3662
3628
3432
3478
3485
3575
3552
3588
3558
3677
3831
3676
3780
3777
3791
3858
3834
3797
3830
3709
3669
3743
3787
3813
3847
3844
3920
3928
3920
3938
3995
4030
3932
3985
3926
3788
3716
3938
3983
3927
3995
4035
4034
4010
3996
3975
3998
3920
3845
3935
3970
3952
3915
3882
3982
4015
3997
4077
4141
3987
4110
4175
4184
4128
4118
4084
4104
4022
4035
4060
4040
4078
4036
4044
3981
3990
4078
4026
4025
3981
3839
3878
3945
3864
3845
3826
3921
3783
3772
3799
3797
3857
3811
3781
3741
3673
3665
3710
3709
3661
3772
3683
3738
3723
3689
3718
3715
3676
3715
3768
3744
3645
3711
3669
3841
3842
3835
3847
3786
3790
3723
3843
3764
3621
3542
3547
3506
3589
3553
3535
3500
3555
3537
3526
3552
3584
3531
3531
3534
3538
3512
3453
3452
3567
3508
3429
3566
3533
3520
3464
3505
3531
3642
3681
3632
3653
3662
3701
3676
3589
3482
3532
3618
3639
3537
3534
3521
3506
3691
3698
3783
3723
3767
3909
3862
3965
3810
3871
3907
3781
3782
3678
3578
3573
3477
3523
3634
3676
3681
3600
3616
3651
3714
3748
3741
3745
3709
3760
3701
3775
3697
3785
3798
3753
3669
3760
3699
3748
3737
3606
3711
3679
3704
3623
3641
3586
3691
3683
3691
3613
3674
3658
3676
3614
3564
3587
3616
3636
3798
3801
3756
3809
3851
3894
3842
3887
3907
3883
3959
3921
3923
3943
3937
3938
3922
3883
3928
3980
3982
3992
3951
3913
3900
3937
3946
3950
4050
4067
4084
4005
4013
4097
4102
3748
3858
3892
3525
3955
3084
3835
3977
2947
2648
3817
3842
3543
3897
3967
3894
4002
3989
4021
3920
4011
4052
4020
3966
4046
3980
4023
3934
4017
3998
3903
3889
3917
3921
3937
3946
3947
3856
3929
3870
3759
3924
3911
3864
3821
3773
3703
3688
3673
3716
3776
3927
3887
3839
3684
3786
3757
3701
3629
3558
3318
3407
3409
3381
3432
3434
3363
3390
3327
3355
3359
3330
3316
3302
3265
3247
3248
3254
3249
3221
3221
3188
3395
3418
3432
3438
3406
3458
3377
3407
3332
3255
3298
3338
3491
3507
3514
3471
3532
3545
3540
3419
3333
3372
3476
3513
3525
3518
3479
3455
3324
3286
3207
3169
3174
3380
3422
3410
3438
3523
3571
3548
3529
3526
3515
3562
3484
3533
3572
3592
3582
3543
3583
3569
3608
3632
3566
3585
3506
3635
3638
3651
3613
3557
3559
3593
3575
3549
3414
3321
3368
3392
3485
3484
3536
3547
3593
3567
3487
3522
3459
3535
3465
3502
3526
3553
3517
3480
3502
3372
3492
3467
3476
3410
3371
3425
3490
3581
3524
3478
3472
3538
3495
3584
3553
3533
3601
3546
3503
3558
3602
3466
3615
3616
3588
3602
3575
3618
3605
3612
3604
3517
3495
3401
3408
3492
3478
3466
3457
3447
3465
3246
3399
3394
3347
3405
3447
3411
3424
3446
3422
3447
3397
3586
3589
3563
3438
3636
3625
3600
3445
3382
3384
3472
3505
3521
3506
3511
3504
3545
3580
3528
3511
3445
3422
3423
3357
3372
3373
3385
3385
3425
3368
3240
3267
3311
3331
3328
3326
3313
3386
3468
3453
3395
3378
3447
3445
3511
3482
3287
3248
3162
3259
2983
2927
2921
2902
2980
2977
2957
3229
3249
3273
3295
3209
3197
3194
3249
3235
3263
3318
3235
3239
3304
3236
3329
3386
3332
3394
3161
3154
3193
3238
3213
3245
3251
3217
3240
3342
3367
3312
3335
3340
3333
3347
3346
3384
3401
3323
3314
3320
3340
3532
3589
3599
3593
3562
3528
3398
3531
3542
3438
3409
3320
3475
3462
3471
3456
3327
3306
3279
3318
3336
3350
3322
3278
3345
3317
3319
3363
3414
3420
3393
3369
3335
3365
3397
3402
3337
3377
3355
3346
3352
3379
3338
3289
3309
3370
3284
3139
3121
3124
3075
3108
3194
3177
3145
3146
3199
3252
3249
3178
3191
3244
3214
3214
3277
3259
3134
3163
3192
3217
3224
3176
3204
3250
3277
3273
3278
3338
3354
3296
3282
3278
3287
3369
3337
3315
3345
3392
3257
3160
3208
3201
3182
3183
3182
3138
3118
3257
3118
3151
3095
3140
3170
3162
3125
3121
3111
3113
3106
3068
3043
3147
3132
3101
3065
3152
3005
3067
3055
3056
3078
3036
2959
3067
3091
3143
3128
3230
3271
3232
3197
3186
3201
3248
3159
3264
3115
3091
3142
3136
3202
3115
3197
3289
3216
3302
3220
3234
3232
3195
3228
3161
3195
3277
3137
3162
3133
3150
3037
3086
3138
3118
3135
3081
3120
3106
3066
3142
3092
3191
3193
3221
3184
3155
3060
3212
3252
3223
3154
3142
3169
3110
3109
3329
3340
3374
3352
3365
3364
3418
3392
3428
3409
3411
3420
3462
3465
3503
3498
3593
3546
3572
3597
3664
3705
3657
3557
3448
3737
3801
3762
3683
3729
3710
3646
3671
3715
3839
3864
3852
3785
3816
3857
3740
3799
3768
3732
3831
3777
3769
3765
3845
3810
3721
3691
3708
3628
3676
3727
3658
3655
3686
3675
3725
3751
3718
3723
3668
3621
3577
3593
3645
3624
3594
3597
3575
3492
3516
3533
3541
3516
3458
3412
3438
3488
3487
3401
3497
3433
3418
3338
3287
2987
3004
2943
3007
3031
2999
2997
2999
2992
3023
3243
3268
3296
3321
3393
3354
3232
3289
3388
3350
3327
3286
3398
3337
3329
3331
3309
3325
3314
3351
3312
3150
3128
3120
3126
3143
3139
3144
3115
3098
3136
3134
3126
3267
3271
3243
3225
3173
3197
3280
3130
3082
3057
3159
3183
3174
3260
3298
3105
3044
3051
3029
3127
3151
3171
3180
3071
3178
3197
3112
3212
3253
3206
3244
3129
3037
3076
3257
3315
3333
3210
3119
3127
3064
3149
3179
3024
2908
2933
3011
3006
3035
3097
3077
3073
3161
3133
3080
3020
3069
3142
3176
3126
3093
3066
3168
3082
3100
3119
3087
3188
3229
3276
3330
3287
3244
3206
3140
3167
3235
3260
3167
3213
3158
3257
3262
3236
3265
3258
3207
3210
3326
3306
3252
3273
3194
3206
3271
3243
3289
3289
3287
3346
3287
3269
3282
3330
3256
3279
3401
3477
3366
3502
3553
3508
3507
3414
3521
3612
3553
3585
3496
3519
3518
3496
3476
3479
3470
3471
3474
3573
3565
3430
3470
3478
3506
3510
3418
3414
3474
3508
3533
3539
3518
3429
3467
3386
3502
3472
3488
3433
3492
3554
3420
3447
3410
3362
3349
3353
3366
3385
3360
3331
3346
3337
3332
3087
2820
2821
2830
2877
2907
2913
2831
2911
2937
2970
2944
3244
3287
3355
3370
3324
3374
3348
3362
3376
3300
3312
3258
3283
3305
3232
3284
3272
3285
3354
3335
3359
3330
3310
3293
3290
3207
3089
3178
3215
3203
3209
3249
3142
3128
3118
3049
3069
3029
3017
3078
3106
2905
3031
3049
2976
3055
3050
3082
3130
3151
3118
3066
3106
3069
3123
3080
3121
3117
3100
3101
3099
3090
3010
3055
3107
3088
3074
3008
3109
3019
3001
3072
3103
3106
3101
3085
3057
2999
3178
3091
3182
3113
3046
3058
3017
3003
2985
2863
2832
2840
2883
2915
2929
2947
2933
2897
2874
2923
2930
2889
2895
2902
2915
2901
2914
2901
2900
2885
2878
2881
2770
2845
2844
2793
2797
2817
2851
2866
2873
2835
2815
2844
2845
2909
2863
2870
2784
2826
2873
2844
2864
2868
2898
2853
2930
2985
3051
3042
3033
3011
3038
3092
3074
3051
2825
2790
2786
2667
2668
2642
2652
2597
2772
2785
2818
2769
2800
2723
2732
2804
2826
2800
2793
2806
2819
2847
2746
2820
2784
2827
2836
2878
2852
2850
2853
2873
2848
2745
2777
2835
2842
2817
2852
2869
2826
2820
2753
2723
2853
2829
2866
2824
2871
2867
2851
2814
2785
2792
2744
2694
2744
2751
2774
2758
2762
2773
2754
2841
2865
2828
2810
2821
2852
2850
2858
2867
2842
2820
2847
2755
2773
2777
2817
2753
2792
2829
2799
2778
2658
2693
2655
2712
2641
2563
2642
2651
2635
2644
2659
2636
2568
2598
2617
2620
2627
2624
2647
2594
2592
2577
2636
2574
2548
2617
2536
2617
2610
2687
2729
2867
2684
2503
2812
2959
2797
2921
2885
2981
2803
2892
2799
3005
2790
2938
3000
2951
2789
2915
2933
2828
3076
3059
2808
2941
2819
2720
2810
2639
2918
2929
2881
2683
2907
2846
2858
2789
2720
2734
2848
2852
2884
2925
2902
2844
2899
2821
2882
2812
2735
2701
2767
2825
2830
2870
2774
2717
2730
2728
2797
2822
2701
2722
2814
2780
2789
2765
2682
2779
2826
2800
2927
2905
2910
2864
2815
2969
2966
2964
2819
2880
2929
2895
2845
2975
2918
2965
2705
3004
2964
3033
2946
2833
2854
2844
2872
2881
2863
2752
2873
2802
2914
2949
2945
3005
2808
2935
3005
3018
2993
2953
2945
2965
2910
2854
2934
2820
2893
2876
2904
2887
2850
2808
2838
2844
2806
2846
2166
1877
1900
1839
1893
1842
1831
1865
1934
1903
1996
1738
1901
1988
1949
1962
2026
2022
1982
1953
2547
2538
2556
2565
2472
2349
2526
2417
2497
2548
2511
2437
2622
2517
2590
2700
2574
2700
2463
2519
2583
2637
2576
2525
2615
2606
2556
2464
2463
2284
2458
2471
2495
2577
2596
2615
2779
2598
2777
2771
2640
2764
2767
2542
2590
2732
2683
2728
2814
2787
2843
2835
2539
2689
2663
2549
2679
2634
2560
2645
2645
2596
2770
2815
2802
2969
2963
3119
3042
3042
3022
3209
3239
3162
3158
3107
3155
3299
3289
3239
3253
3166
3267
3299
3287
3358
3289
3218
3307
3335
3277
3428
3456
3368
3206
3339
3430
3401
3344
3342
3342
3267
3222
3273
3071
3268
3338
3302
3291
3293
3276
3403
3440
3393
3503
3591
3548
3548
3525
3523
3519
3606
3453
3495
3479
3503
3522
3578
3629
3642
3631
3625
3618
3628
3608
3649
3690
3617
3635
3413
3556
3717
3761
3742
3686
3550
3500
3483
3407
3477
3523
3497
3458
3514
3420
3396
3448
3261
3234
3234
3204
3256
3206
3150
3213
3236
3142
3189
3472
3600
3717
3738
3779
3743
3695
3708
3730
3792
3759
3726
3738
3629
3728
3781
3546
3654
3699
3729
3770
3760
3596
3427
3514
3479
3450
3505
3462
3505
3474
3532
3607
3531
3613
3580
3609
3561
3511
3419
3593
3710
3659
3651
3651
3816
3840
3790
3753
3607
3676
3655
3592
3585
3504
3486
3464
3513
3472
3436
3448
3487
3519
3511
3544
3533
3537
3603
3565
3584
3618
3648
3601
3554
3526
3489
3477
3492
3486
3529
3448
3494
3484
3575
3586
3529
3566
3559
3526
3523
3532
3479
3512
3559
3531
3557
3537
3477
3527
3559
3428
3693
3614
3749
3738
3761
3713
3685
3639
3713
3666
3621
3593
3573
3759
3873
3927
3832
3843
3892
3900
3865
3598
3642
3693
3690
3693
3725
3637
3770
3734
3757
3798
3743
3717
3693
3503
3508
3457
3487
3463
3689
3677
3721
3740
3762
3682
3621
3642
3692
3630
3655
3664
3607
3649
3678
3811
3776
3723
3712
3703
3690
3658
3681
3639
3633
3495
3500
3623
3695
3714
3814
3799
3705
3654
3704
3796
3757
3800
3824
3753
3814
3803
3777
3788
3848
3841
3725
3699
3564
3581
3562
3561
3672
3852
3837
3802
3725
3727
3739
3778
3812
3819
3646
3779
3872
3927
3927
3871
3922
3918
3978
3829
3904
3819
3901
3920
3637
3765
3770
3776
3795
3703
3797
3774
3770
3667
3707
3675
3783
3737
3738
3678
3588
3661
3694
3667
3699
3707
3691
3633
3681
3601
3704
3609
3438
3537
3435
3473
3368
3452
3412
3272
3173
2879
3247
2904
3366
2854
3097
3106
2576
1909
1987
2121
2202
2275
2382
2431
2414
2329
2308
1273
2800
2811
2845
2848
2845
2871
2887
2906
2373
2548
2329
2727
2880
2916
2915
3039
2552
3043
2622
2878
2754
3099
3254
3130
3293
3353
3389
3343
2878
3207
3182
3306
3100
3409
3334
3570
3273
3503
3584
3322
3579
3475
3528
3389
3165
3275
3221
3362
3179
3464
3313
3414
3317
3407
3462
3429
3489
3236
3500
3507
3533
3515
3787
3701
3659
3781
3660
3719
3654
3884
3714
3793
3745
3743
3755
3742
3781
3780
3654
3864
3853
3896
3772
3737
3782
3785
3732
3642
3597
3573
3451
3549
3528
3516
3495
3517
3487
3470
3291
3271
3300
3272
3972
4014
4031
4059
4143
4123
4127
4207
4223
4354
4373
4282
4310
4308
4365
4391
4279
4372
4357
4516
4565
4569
4591
4702
4699
4701
4735
4659
4729
4690
4698
4680
4708
4658
4766
4767
4676
4730
4770
4643
4594
4403
4439
4432
4501
4572
4634
4627
4597
4569
4587
4670
4608
4679
4718
4677
4635
4485
4513
4541
4487
4608
4584
4596
4515
4761
4866
4815
4821
4621
4703
4719
4705
4670
4697
4706
4769
4784
4749
4737
4688
4589
4573
4599
4654
4688
4638
4665
4606
4635
4691
4756
4729
4679
4718
4681
4675
4752
4728
4704
4738
4696
4597
4694
4700
4664
4701
4674
4638
4587
4550
4429
4506
4498
4478
4456
4457
4440
4531
4448
4467
4393
4368
4377
4353
4365
4354
4164
4055
4311
4332
4244
4232
4215
4292
4360
4067
4325
4329
4342
4303
4313
4335
4312
4276
4311
4117
4139
4171
4241
4324
4307
4333
4309
4361
4355
4360
4128
4316
4311
4339
4309
4279
4304
4289
4324
4297
3972
3871
3909
3997
3972
4020
4037
4040
4113
4045
3921
4007
4164
4209
4195
4187
4200
4114
4124
4106
4189
4161
4120
4104
4231
4348
4367
4369
4386
4409
4442
4384
4431
4391
4349
4453
4383
4387
4354
4288
4313
4278
4246
4195
4303
4383
4345
4302
4247
4356
4340
4344
4336
4348
4369
4383
4386
4413
4226
4151
4203
4165
4228
4302
4107
4283
4299
4270
4197
3918
3982
3982
3934
3820
3929
3954
3922
3901
3033
3030
3017
3024
3020
2984
2979
3062
3040
3061
3066
3007
3057
3097
3124
3103
3089
3069
3159
3185
3231
3197
3256
3844
3939
3930
3764
3970
4001
3997
4033
4030
4084
4028
4056
3978
3985
3894
4118
4050
3960
3909
3990
3973
3948
3987
3898
3898
3936
4007
3998
3972
3975
3926
3884
3761
3848
3909
3926
3960
3976
3950
4023
3960
3928
3929
3953
3948
3916
4004
3994
3919
4055
4039
4056
4002
4065
4121
4056
4083
4046
4013
3972
3956
3960
4009
3994
4103
4033
4055
4080
3971
3985
4059
3832
3953
3892
3587
3368
3345
3330
3442
3445
3472
3759
3878
3888
3811
3897
3816
4017
4002
3978
3980
3955
3958
3826
3796
3860
3844
3831
3840
3811
3784
3588
3667
3817
3812
3820
3803
3832
3814
3713
3721
3699
3818
3801
3841
3795
3787
3741
3627
3736
3627
3688
3647
3570
3465
3515
3449
3505
3462
3487
3474
3451
3455
3443
3460
3362
3380
3391
3417
3469
3448
3473
3487
3426
3418
3465
3466
3374
3392
3386
3446
3466
3449
3512
3565
3566
3550
3516
3533
3431
3525
3531
3604
3567
3447
3454
3634
3612
3547
3592
3526
3592
3631
3642
3663
3647
3602
3534
3624
3519
3552
3536
3501
3589
3689
3720
3706
3681
3704
3677
3639
3748
3687
3685
3706
3694
3716
3583
3666
3558
3583
3696
3653
3720
3655
3729
3721
3697
3693
3653
714
563
447
366
23
21
122
2904
2912
3172
3247
3302
3339
3366
3409
3456
3454
3433
3540
3491
3504
3423
3334
3362
3399
3409
3424
3541
3593
3540
3621
3605
3660
3647
3631
3682
3661
3638
3686
3695
3704
3719
3618
3667
3631
3633
3633
3601
3598
3531
3604
3583
3621
3609
3657
3646
3648
3619
3535
3662
3630
3649
3557
3531
3594
3532
3567
3561
3570
3564
3654
3636
3622
3647
3625
3639
3495
3586
3675
3602
3624
3649
3652
3692
3707
3734
3881
3840
3812
3847
3791
3780
3782
3856
3814
3826
3857
3850
3873
3681
3608
3866
3851
3889
3740
3850
3846
3859
3888
3846
3870
3881
3943
3910
3888
3807
3828
3815
3839
3964
3929
3935
3935
3894
3844
3813
3821
3800
3825
3822
3838
3777
3706
3689
3733
3730
3724
3720
3767
3743
3695
3681
3642
3620
3591
3609
3562
3533
3524
3516
3479
3445
3423
3425
3375
3384
3423
3391
3374
3414
3389
3370
3347
3378
3244
3348
3315
3422
3356
3369
3343
3329
3317
3306
3242
3271
3172
3127
3111
3087
3082
3057
3064
3071
3058
3049
3064
3047
2999
3017
3018
2991
3015
3028
3034
3080
3086
3062
3060
3008
3008
2997
3036
2979
2897
2878
2872
2898
2878
2913
2893
2920
2927
2915
2873
2852
2902
2917
2902
2900
2875
2894
2881
2878
2890
2878
2892
2971
2955
2971
2870
2864
2839
2870
2849
2764
2606
2664
2680
2685
2745
2703
2700
2672
2612
2581
2553
2549
2559
2536
2520
2503
2480
2435
2485
2487
2484
2447
2481
2531
2499
2541
2494
2488
2494
2438
2475
2390
2319
2237
2236
2257
2239
2197
2190
2191
2260
2256
2227
2295
2229
2283
2290
2244
2268
2279
2262
2224
2220
2235
2200
2124
2202
2202
2178
2139
2158
2165
2170
2139
2171
2163
2121
2100
2136
2128
2126
2169
2199
2182
2183
2187
2160
2104
2003
1980
2030
2037
2043
2056
2033
1997
2101
2118
2094
2094
2143
2153
2097
2155
2168
2165
2164
2136
2158
2121
2129
2048
2067
1997
1970
2026
2157
2186
2241
2264
2200
2250
2218
2228
2233
2206
2154
2089
2117
2129
2138
2131
2149
2112
2161
2053
2141
2131
2075
2114
2110
2102
2044
2111
2094
2086
2048
2080
1936
2107
2097
2006
1976
1950
2039
2066
1970
2033
2036
2033
2003
1964
1964
2008
1958
1965
2011
2014
1995
2021
2009
2022
1975
1999
1974
1951
1908
1953
1983
1986
1953
1945
1892
1807
1809
1802
1835
1862
1859
1826
1862
1850
1813
1859
1845
1793
1842
1793
1782
1763
1796
1798
1735
1724
1715
1751
1749
1723
1716
1719
1652
1673
1791
1779
1793
1816
1825
1874
1863
1816
1821
1812
1770
1810
1807
1829
1828
1876
1864
1871
1892
1840
1844
1849
1844
1796
1819
1825
1821
1838
1830
1852
1864
1865
1863
1819
1804
1501
1354
1378
1367
1383
1383
1396
1412
1520
1543
1527
1505
1575
1560
1578
1567
1573
1570
1628
1642
1680
1685
1707
1721
1725
1743
1792
1907
1914
1903
1937
1958
1983
1976
1993
1946
1965
1941
1960
1941
1950
1982
1987
1976
1995
1907
1959
1963
1925
1930
1918
1922
1923
1967
1961
1930
1919
1866
1829
1870
1905
1884
1859
1841
1836
1858
1860
1850
1854
1771
1769
1807
1766
1736
1810
1830
1823
1815
1798
1757
1728
1793
1812
1771
1812
1817
1815
1805
1821
1706
1780
1864
1819
1833
2002
2013
1996
1957
1997
2065
1999
2077
2050
2105
2103
2057
2154
2041
2163
2162
2171
2161
2140
2093
2074
2141
2090
2093
2033
2064
1983
1971
1989
1958
2008
2030
1995
2008
1924
1979
1872
1881
1916
1851
1832
1691
1717
1730
171
165
159
126
65
74
22
24
1770
1881
1935
1986
1964
1957
1988
1946
1953
1939
1870
1925
1919
1950
1960
1933
1931
1925
1901
1888
1762
1816
1795
1812
1549
1542
1476
1523
1572
1544
1545
1538
1489
1476
1526
1500
1493
1483
1422
1500
1483
1460
1442
1470
1412
1454
1469
1448
1424
1476
1411
1458
1465
1452
1448
1416
11
11
10
2
0
